jMRUI Data Textfile

Filename: Asc.txt

PointsInDataset: 2048      
DatasetsInFile: 1         
SamplingInterval: 2.5E-1    
ZeroOrderPhase: 0E0       
BeginTime: 0E0       
TransmitterFrequency: 1.2322E8  
MagneticField: 2.9E0     
TypeOfNucleus: 0E0       
NameOfPatient: Asc
DateOfExperiment: 
Spectrometer: 
AdditionalInfo: Asc
SignalNames: Asc.txt;


Signal and FFT
sig(real)	sig(imag)	fft(real)	fft(imag)
Signal 1 out of 1 in file
3.8364500	0.0081750
3.7527300	-0.5353910
3.5509400	-1.0048600
3.2989800	-1.3746700
3.0532500	-1.6756700
2.8200700	-1.9638700
2.5563200	-2.2710500
2.2085400	-2.5749200
1.7606200	-2.8113900
1.2537000	-2.9197800
0.7632050	-2.8866200
0.3501640	-2.7551700
0.0234758	-2.5933700
-0.2585900	-2.4446700
-0.5491940	-2.2988400
-0.8659770	-2.1046500
-1.1720800	-1.8145300
-1.3995400	-1.4272000
-1.4973800	-0.9957540
-1.4680400	-0.5950370
-1.3646000	-0.2728590
-1.2511900	-0.0217106
-1.1563800	0.2079000
-1.0548800	0.4629250
-0.8911640	0.7460410
-0.6267850	1.0084200
-0.2754470	1.1825200
0.1008870	1.2300400
0.4319990	1.1689000
0.6853920	1.0588300
0.8836720	0.9567020
1.0805100	0.8753060
1.3137000	0.7767870
1.5710100	0.6053600
1.7948800	0.3343610
1.9222800	-0.0081698
1.9296800	-0.3548370
1.8491700	-0.6436480
1.7435900	-0.8584370
1.6596500	-1.0346300
1.5944900	-1.2262700
1.5008700	-1.4596100
1.3267200	-1.7084500
1.0590700	-1.9100900
0.7388050	-2.0097000
0.4351100	-1.9996200
0.1988080	-1.9239100
0.0297649	-1.8448700
-0.1172280	-1.7968500
-0.2928510	-1.7624200
-0.5101470	-1.6885700
-0.7306660	-1.5306200
-0.8903680	-1.2903000
-0.9456730	-1.0191200
-0.9048440	-0.7844370
-0.8210580	-0.6237200
-0.7525140	-0.5215980
-0.7198280	-0.4266500
-0.6928650	-0.2950490
-0.6167810	-0.1277700
-0.4573580	0.0268488
-0.2311320	0.1071580
0.0025466	0.0830580
0.1815800	-0.0222154
0.2830900	-0.1497740
0.3357090	-0.2487350
0.3931760	-0.3128050
0.4894620	-0.3822290
0.6095600	-0.5098230
0.6980990	-0.7170140
0.6992270	-0.9732930
0.5976020	-1.2147000
0.4295080	-1.3873800
0.2558080	-1.4834100
0.1172840	-1.5419500
0.0061274	-1.6151200
-0.1249840	-1.7246900
-0.3233020	-1.8424400
-0.5960740	-1.9091400
-0.9005840	-1.8776400
-1.1717600	-1.7476300
-1.3665100	-1.5657000
-1.4913800	-1.3908700
-1.5928100	-1.2516200
-1.7176600	-1.1270200
-1.8740300	-0.9659500
-2.0221400	-0.7296890
-2.1022300	-0.4255370
-2.0781800	-0.1058340
-1.9640800	0.1668420
-1.8135500	0.3620670
-1.6801000	0.4996260
-1.5785400	0.6297990
-1.4765100	0.7910570
-1.3224400	0.9773410
-1.0884700	1.1397600
-0.7958340	1.2213700
-0.5033120	1.1987900
-0.2675450	1.0990700
-0.1051090	0.9792940
0.0151180	0.8843380
0.1437620	0.8148320
0.3085000	0.7293930
0.4896150	0.5792930
0.6320850	0.3491320
0.6850420	0.0726150
0.6387360	-0.1885390
0.5311080	-0.3866340
0.4190970	-0.5192830
0.3364920	-0.6264490
0.2701860	-0.7557360
0.1726740	-0.9223960
0.0011585	-1.0944200
-0.2465050	-1.2140100
-0.5262930	-1.2391700
-0.7771300	-1.1739200
-0.9626590	-1.0644300
-1.0941600	-0.9640680
-1.2174800	-0.8938270
-1.3741500	-0.8281680
-1.5661900	-0.7166910
-1.7514200	-0.5251620
-1.8727400	-0.2646730
-1.8992100	0.0131647
-1.8479700	0.2513830
-1.7703800	0.4266090
-1.7130900	0.5624700
-1.6835000	0.7075330
-1.6456700	0.8946670
-1.5496200	1.1127500
-1.3717300	1.3121300
-1.1355200	1.4397800
-0.8970380	1.4773800
-0.7060360	1.4537500
-0.5720690	1.4222200
-0.4611600	1.4201800
-0.3252750	1.4414700
-0.1421270	1.4424200
0.0649173	1.3767300
0.2419120	1.2327700
0.3429470	1.0449200
0.3630970	0.8704230
0.3408410	0.7492310
0.3282500	0.6771330
0.3515760	0.6124020
0.3920660	0.5106580
0.4014030	0.3614400
0.3399420	0.1987250
0.2086980	0.0774551
0.0508379	0.0338473
-0.0784387	0.0595183
-0.1508490	0.1088940
-0.1834230	0.1341950
-0.2226020	0.1214490
-0.3062530	0.1003280
-0.4324810	0.1204760
-0.5588840	0.2123900
-0.6327670	0.3625340
-0.6294500	0.5215350
-0.5696990	0.6392300
-0.5032090	0.7000780
-0.4707310	0.7322310
-0.4735440	0.7835810
-0.4733160	0.8830780
-0.4223230	1.0166900
-0.3010360	1.1362000
-0.1345770	1.1941500
0.0243975	1.1784400
0.1334140	1.1205200
0.1899890	1.0710400
0.2310960	1.0614200
0.3028560	1.0805800
0.4235470	1.0842000
0.5679740	1.0294500
0.6850200	0.9088100
0.7350400	0.7573190
0.7188060	0.6278070
0.6761640	0.5528970
0.6555260	0.5224380
0.6773540	0.4933530
0.7192540	0.4242570
0.7338510	0.3085560
0.6858020	0.1809290
0.5798480	0.0923401
0.4586710	0.0725299
0.3722210	0.1083580
0.3417270	0.1543040
0.3455610	0.1670870
0.3375170	0.1381480
0.2835140	0.0994641
0.1888770	0.0984103
0.0955350	0.1608020
0.0513158	0.2701450
0.0746167	0.3787850
0.1411470	0.4424660
0.2026960	0.4521650
0.2236250	0.4391810
0.2074570	0.4497790
0.1934980	0.5086980
0.2261730	0.5992030
0.3203770	0.6747410
0.4490950	0.6933300
0.5626290	0.6486240
0.6248320	0.5741940
0.6389630	0.5178740
0.6436770	0.5056640
0.6823380	0.5225000
0.7689690	0.5243600
0.8766390	0.4724280
0.9570320	0.3633780
0.9763140	0.2328650
0.9401620	0.1296130
0.8890560	0.0797581
0.8675000	0.0683833
0.8905080	0.0521206
0.9327050	-0.0068475
0.9481710	-0.1111950
0.9059250	-0.2256580
0.8141170	-0.3030940
0.7146590	-0.3196110
0.6523990	-0.2921920
0.6421900	-0.2655450
0.6587360	-0.2782140
0.6567770	-0.3336260
0.6062320	-0.3979440
0.5156540	-0.4262330
0.4262790	-0.3970510
0.3812490	-0.3292520
0.3933370	-0.2683200
0.4355970	-0.2526450
0.4619190	-0.2852560
0.4418770	-0.3323550
0.3834780	-0.3496460
0.3266760	-0.3164370
0.3126510	-0.2517030
0.3522040	-0.1999910
0.4171660	-0.1979280
0.4612860	-0.2467040
0.4547310	-0.3113190
0.4060890	-0.3470960
0.3553010	-0.3333290
0.3429700	-0.2886180
0.3793470	-0.2563810
0.4364460	-0.2715940
0.4691820	-0.3340020
0.4494680	-0.4080470
0.3874330	-0.4495040
0.3237570	-0.4386240
0.2989950	-0.3947150
0.3231450	-0.3612060
0.3684490	-0.3725920
0.3907810	-0.4283150
0.3633440	-0.4932970
0.2971370	-0.5246590
0.2327510	-0.5043070
0.2097580	-0.4527360
0.2369100	-0.4136530
0.2856680	-0.4211250
0.3118650	-0.4741210
0.2890540	-0.5376690
0.2282700	-0.5696400
0.1693360	-0.5528170
0.1503710	-0.5079680
0.1786420	-0.4780870
0.2248170	-0.4957990
0.2449000	-0.5586170
0.2132030	-0.6307480
0.1414040	-0.6699850
0.0693485	-0.6592890
0.0346504	-0.6191820
0.0441619	-0.5916420
0.0688888	-0.6078040
0.0661297	-0.6639380
0.0120182	-0.7238810
-0.0801722	-0.7460130
-0.1697610	-0.7143340
-0.2189950	-0.6501420
-0.2210000	-0.5955710
-0.2042360	-0.5815410
-0.2101950	-0.6044060
-0.2612940	-0.6289450
-0.3433160	-0.6153520
-0.4156450	-0.5497390
-0.4414960	-0.4550730
-0.4152500	-0.3743240
-0.3662520	-0.3386320
-0.3362990	-0.3445940
-0.3479260	-0.3577860
-0.3875210	-0.3397450
-0.4159830	-0.2779080
-0.3987790	-0.1958290
-0.3326060	-0.1359810
-0.2484950	-0.1282010
-0.1890610	-0.1676590
-0.1771580	-0.2189530
-0.1996440	-0.2431360
-0.2184390	-0.2271530
-0.2004010	-0.1934240
-0.1433440	-0.1823760
-0.0784803	-0.2212420
-0.0475057	-0.3027590
-0.0716817	-0.3898750
-0.1363010	-0.4428380
-0.2022060	-0.4481620
-0.2355550	-0.4275770
-0.2332540	-0.4203260
-0.2248490	-0.4522840
-0.2495190	-0.5153680
-0.3256510	-0.5727740
-0.4360660	-0.5860770
-0.5400190	-0.5436300
-0.6028710	-0.4688430
-0.6209640	-0.4021500
-0.6229610	-0.3703960
-0.6467480	-0.3668460
-0.7094860	-0.3568840
-0.7935250	-0.3050100
-0.8588230	-0.2026320
-0.8724360	-0.0756137
-0.8327530	0.0341065
-0.7702130	0.0988750
-0.7240350	0.1247230
-0.7126560	0.1452130
-0.7202450	0.1945240
-0.7094300	0.2802270
-0.6505280	0.3763980
-0.5450810	0.4422480
-0.4259060	0.4521500
-0.3336420	0.4143480
-0.2875620	0.3642740
-0.2726770	0.3376140
-0.2527940	0.3435640
-0.1995010	0.3584920
-0.1150710	0.3447230
-0.0319379	0.2801420
0.0108490	0.1761670
-0.0036653	0.0704983
-0.0581414	0.0001599
-0.1144120	-0.0247734
-0.1423360	-0.0269595
-0.1421750	-0.0428296
-0.1435910	-0.0933590
-0.1821310	-0.1667580
-0.2710590	-0.2261860
-0.3898990	-0.2366240
-0.4983390	-0.1905690
-0.5649620	-0.1131580
-0.5890820	-0.0429288
-0.5992720	-0.0028595
-0.6298240	0.0163939
-0.6930680	0.0484333
-0.7685690	0.1244280
-0.8173560	0.2480740
-0.8103970	0.3911670
-0.7497970	0.5131390
-0.6667290	0.5897550
-0.5977600	0.6293160
-0.5575540	0.6642260
-0.5285840	0.7244350
-0.4755750	0.8129680
-0.3736380	0.9021020
-0.2287560	0.9530610
-0.0750833	0.9443270
0.0488612	0.8871660
0.1271240	0.8166940
0.1760590	0.7653460
0.2296410	0.7388500
0.3116130	0.7128650
0.4156240	0.6527410
0.5084280	0.5413410
0.5537070	0.3938310
0.5384840	0.2482320
0.4821980	0.1388910
0.4216500	0.0729144
0.3832990	0.0272979
0.3638880	-0.0312204
0.3340250	-0.1187380
0.2618900	-0.2200330
0.1390650	-0.2984000
-0.0111226	-0.3220240
-0.1490390	-0.2869580
-0.2463030	-0.2193650
-0.3046500	-0.1554320
-0.3519600	-0.1142230
-0.4185850	-0.0840126
-0.5120420	-0.0323781
-0.6092570	0.0676823
-0.6722660	0.2154540
-0.6754730	0.3809300
-0.6238680	0.5251440
-0.5485110	0.6270510
-0.4827730	0.6966800
-0.4373890	0.7647500
-0.3931650	0.8567460
-0.3168000	0.9712040
-0.1877320	1.0786700
-0.0156466	1.1421300
0.1646290	1.1434800
0.3169840	1.0960200
0.4286100	1.0336200
0.5168020	0.9848670
0.6129840	0.9517480
0.7361820	0.9090320
0.8761310	0.8246660
0.9988270	0.6857040
1.0703300	0.5100860
1.0808300	0.3353380
1.0508300	0.1927440
1.0148400	0.0864860
0.9950290	-0.0065815
0.9848220	-0.1164970
0.9547070	-0.2547030
0.8758900	-0.4028800
0.7437310	-0.5245670
0.5832330	-0.5908000
0.4324000	-0.6003800
0.3160750	-0.5795310
0.2299520	-0.5612910
0.1467670	-0.5603070
0.0398058	-0.5621210
-0.0941735	-0.5349720
-0.2300260	-0.4551190
-0.3310430	-0.3264290
-0.3748040	-0.1794080
-0.3685300	-0.0503908
-0.3424180	0.0433789
-0.3261000	0.1140090
-0.3260810	0.1909290
-0.3212420	0.2958280
-0.2797080	0.4236350
-0.1842610	0.5439840
-0.0469860	0.6220740
0.0979176	0.6431540
0.2177460	0.6221640
0.3034770	0.5913380
0.3738540	0.5752380
0.4584120	0.5721480
0.5724480	0.5558800
0.7029500	0.4965500
0.8161950	0.3845090
0.8812530	0.2393000
0.8916600	0.0968445
0.8689200	-0.0154473
0.8452900	-0.0968634
0.8389560	-0.1712240
0.8404010	-0.2661490
0.8202400	-0.3895850
0.7525040	-0.5214230
0.6356830	-0.6265850
0.4955920	-0.6796810
0.3678670	-0.6826270
0.2733410	-0.6619640
0.2048490	-0.6480160
0.1353310	-0.6517190
0.0409413	-0.6566530
-0.0784271	-0.6322530
-0.1968070	-0.5581150
-0.2797910	-0.4409390
-0.3088090	-0.3112920
-0.2937290	-0.2026090
-0.2643410	-0.1283200
-0.2472560	-0.0743077
-0.2457540	-0.0122708
-0.2378110	0.0762596
-0.1937270	0.1835330
-0.0999367	0.2792650
0.0290658	0.3316280
0.1597140	0.3296770
0.2624830	0.2903190
0.3316760	0.2446350
0.3870240	0.2140020
0.4560200	0.1941040
0.5505050	0.1589040
0.6553050	0.0814931
0.7375570	-0.0440431
0.7696790	-0.1963060
0.7486440	-0.3406190
0.6970470	-0.4527930
0.6452500	-0.5347190
0.6082070	-0.6100890
0.5744960	-0.7036470
0.5158310	-0.8197900
0.4097600	-0.9367870
0.2583160	-1.0210300
0.0884852	-1.0505300
-0.0658767	-1.0299800
-0.1870110	-0.9859670
-0.2838130	-0.9462170
-0.3821200	-0.9184710
-0.5022310	-0.8850910
-0.6407780	-0.8173640
-0.7707410	-0.6986220
-0.8596120	-0.5386160
-0.8919940	-0.3682700
-0.8796060	-0.2187560
-0.8511990	-0.1007030
-0.8301410	0.0008308
-0.8166440	0.1119660
-0.7880960	0.2472110
-0.7171590	0.3956330
-0.5938740	0.5265070
-0.4350120	0.6101890
-0.2735780	0.6384610
-0.1364020	0.6290310
-0.0267199	0.6108900
0.0751792	0.6016800
0.1938890	0.5942610
0.3371990	0.5625760
0.4872910	0.4823390
0.6115290	0.3508100
0.6846960	0.1906760
0.7059140	0.0350990
0.6975280	-0.0947848
0.6869120	-0.2029370
0.6850320	-0.3123110
0.6780240	-0.4443170
0.6381070	-0.5995460
0.5455080	-0.7543890
0.4047700	-0.8761750
0.2430760	-0.9453840
0.0918645	-0.9682080
-0.0343811	-0.9700460
-0.1461990	-0.9749730
-0.2681030	-0.9867740
-0.4169200	-0.9859100
-0.5860230	-0.9446640
-0.7474490	-0.8489380
-0.8703350	-0.7101860
-0.9417670	-0.5584370
-0.9743330	-0.4216930
-0.9947890	-0.3072560
-1.0225000	-0.1990180
-1.0540500	-0.0726226
-1.0656100	0.0830955
-1.0312900	0.2547320
-0.9434600	0.4116460
-0.8197390	0.5264880
-0.6912390	0.5934510
-0.5810870	0.6305050
-0.4893420	0.6640560
-0.3956520	0.7077150
-0.2774890	0.7512960
-0.1300530	0.7683320
0.0273156	0.7363900
0.1630930	0.6547550
0.2548950	0.5461020
0.3040870	0.4408940
0.3327200	0.3563120
0.3652290	0.2855830
0.4088190	0.2056880
0.4474090	0.0974666
0.4536770	-0.0371975
0.4100540	-0.1741840
0.3227420	-0.2828720
0.2181550	-0.3469340
0.1244820	-0.3745210
0.0523047	-0.3902410
-0.0111297	-0.4150970
-0.0897810	-0.4496440
-0.1981250	-0.4731070
-0.3276620	-0.4590980
-0.4508810	-0.3959830
-0.5397150	-0.2964830
-0.5845580	-0.1892360
-0.5995340	-0.0987229
-0.6101470	-0.0287152
-0.6327360	0.0383235
-0.6613520	0.1255440
-0.6719650	0.2417260
-0.6407830	0.3722080
-0.5627730	0.4876300
-0.4563740	0.5639120
-0.3508280	0.5983870
-0.2657350	0.6099830
-0.1982500	0.6234110
-0.1275070	0.6494140
-0.0328085	0.6760630
0.0882972	0.6776490
0.2158050	0.6344180
0.3201200	0.5481670
0.3822930	0.4419060
0.4063890	0.3438560
0.4146980	0.2678790
0.4295430	0.2050900
0.4555000	0.1328980
0.4755210	0.0344993
0.4638470	-0.0860132
0.4059090	-0.2044220
0.3101240	-0.2924810
0.2026740	-0.3371840
0.1092250	-0.3487080
0.0374032	-0.3511070
-0.0267908	-0.3629040
-0.1060240	-0.3823270
-0.2120540	-0.3883530
-0.3344400	-0.3567510
-0.4461150	-0.2789230
-0.5216470	-0.1692900
-0.5544010	-0.0556369
-0.5596970	0.0402703
-0.5616860	0.1171590
-0.5739530	0.1929540
-0.5885770	0.2887990
-0.5819140	0.4106140
-0.5326860	0.5421980
-0.4386550	0.6551520
-0.3192630	0.7281250
-0.2022580	0.7608870
-0.1044130	0.7726560
-0.0208975	0.7860630
0.0687607	0.8089480
0.1827540	0.8278200
0.3207700	0.8178780
0.4618060	0.7620020
0.5777050	0.6642960
0.6522060	0.5479510
0.6911550	0.4390670
0.7162440	0.3486510
0.7471210	0.2663660
0.7854740	0.1706590
0.8131520	0.0474752
0.8057140	-0.0966671
0.7511230	-0.2372110
0.6594260	-0.3477950
0.5561040	-0.4179480
0.4641450	-0.4589310
0.3883870	-0.4934040
0.3138960	-0.5368260
0.2195190	-0.5847360
0.0962316	-0.6155270
-0.0436639	-0.6065890
-0.1735060	-0.5515830
-0.2701420	-0.4657720
-0.3292430	-0.3753810
-0.3665340	-0.2990740
-0.4041390	-0.2355120
-0.4524400	-0.1663380
-0.5012270	-0.0722244
-0.5268360	0.0502619
-0.5098320	0.1837960
-0.4498460	0.3011480
-0.3663460	0.3835640
-0.2847790	0.4328200
-0.2185780	0.4679210
-0.1606150	0.5090390
-0.0904707	0.5609230
0.0080742	0.6083700
0.1326500	0.6271560
0.2619470	0.6021420
0.3696950	0.5388360
0.4424180	0.4596880
0.4875970	0.3879330
0.5261600	0.3312250
0.5750670	0.2773820
0.6332510	0.2053750
0.6815490	0.1031550
0.6966710	-0.0212500
0.6686050	-0.1437990
0.6082940	-0.2406050
0.5397940	-0.3040040
0.4828810	-0.3464460
0.4392460	-0.3893470
0.3926770	-0.4454350
0.3229890	-0.5079960
0.2230810	-0.5551630
0.1061510	-0.5659780
-0.0024117	-0.5360560
-0.0823423	-0.4810130
-0.1319600	-0.4250860
-0.1676610	-0.3835860
-0.2099320	-0.3524340
-0.2665290	-0.3126320
-0.3256100	-0.2462020
-0.3639910	-0.1514480
-0.3642630	-0.0459544
-0.3278120	0.0449675
-0.2739050	0.1056580
-0.2255630	0.1402100
-0.1929340	0.1677360
-0.1667050	0.2064600
-0.1264780	0.2587540
-0.0576717	0.3084570
0.0358863	0.3324870
0.1332530	0.3179490
0.2105710	0.2717830
0.2574520	0.2156810
0.2832100	0.1701590
0.3082950	0.1398310
0.3475110	0.1109870
0.3977590	0.0632476
0.4395990	-0.0136211
0.4514200	-0.1104980
0.4254850	-0.2042890
0.3737220	-0.2738430
0.3189030	-0.3143770
0.2779190	-0.3395630
0.2498070	-0.3697730
0.2175290	-0.4154690
0.1620900	-0.4683290
0.0782393	-0.5068380
-0.0201667	-0.5120840
-0.1092060	-0.4817990
-0.1715000	-0.4320330
-0.2078650	-0.3852430
-0.2352400	-0.3538190
-0.2725580	-0.3315070
-0.3253150	-0.2991620
-0.3805310	-0.2403990
-0.4159220	-0.1552500
-0.4163080	-0.0614529
-0.3848500	0.0175929
-0.3406310	0.0691104
-0.3044550	0.0991795
-0.2836240	0.1267660
-0.2671880	0.1681450
-0.2352000	0.2235540
-0.1749090	0.2762030
-0.0915849	0.3043610
-0.0057722	0.2973670
0.0609501	0.2634510
0.1009390	0.2234840
0.1249100	0.1954220
0.1525360	0.1812200
0.1964160	0.1660930
0.2515850	0.1306100
0.2985030	0.0664213
0.3172550	-0.0163320
0.3021910	-0.0955247
0.2659560	-0.1525530
0.2298960	-0.1851220
0.2081260	-0.2076930
0.1973320	-0.2393290
0.1799600	-0.2881990
0.1383440	-0.3445030
0.0690046	-0.3871620
-0.0137034	-0.3991940
-0.0873683	-0.3801360
-0.1373110	-0.3461450
-0.1664730	-0.3177310
-0.1919790	-0.3044440
-0.2310420	-0.2980850
-0.2869470	-0.2795400
-0.3457220	-0.2340000
-0.3860190	-0.1630160
-0.3947030	-0.0842459
-0.3763570	-0.0191053
-0.3495580	0.0223444
-0.3327620	0.0478647
-0.3305190	0.0760340
-0.3304240	0.1211390
-0.3130630	0.1814410
-0.2673740	0.2397050
-0.1997740	0.2755750
-0.1301360	0.2804210
-0.0776862	0.2634380
-0.0474687	0.2444140
-0.0275949	0.2386950
0.0007145	0.2457230
0.0479539	0.2498000
0.1075430	0.2324590
0.1600690	0.1870180
0.1873420	0.1243060
0.1856110	0.0652181
0.1679730	0.0257599
0.1541930	0.0058752
0.1556700	-0.0095289
0.1669430	-0.0382022
0.1701140	-0.0862399
0.1488150	-0.1426910
0.1010980	-0.1871590
0.0414901	-0.2046240
-0.0093149	-0.1962770
-0.0393357	-0.1781950
-0.0534995	-0.1689110
-0.0690103	-0.1753060
-0.1014550	-0.1875090
-0.1522060	-0.1866160
-0.2066660	-0.1593470
-0.2446670	-0.1085310
-0.2551420	-0.0514776
-0.2439800	-0.0074926
-0.2291510	0.0160066
-0.2268520	0.0283019
-0.2391570	0.0475205
-0.2525280	0.0861187
-0.2482620	0.1407230
-0.2169360	0.1940140
-0.1659000	0.2272210
-0.1141650	0.2337460
-0.0785800	0.2236460
-0.0617397	0.2156130
-0.0507665	0.2225700
-0.0278124	0.2417880
0.0157062	0.2570020
0.0719406	0.2508670
0.1219250	0.2183140
0.1493330	0.1706790
0.1522720	0.1275220
0.1442010	0.1023240
0.1433490	0.0928961
0.1586490	0.0837108
0.1828700	0.0583439
0.1980930	0.0125614
0.1893680	-0.0418578
0.1561930	-0.0854474
0.1131260	-0.1052090
0.0791060	-0.1038930
0.0635686	-0.0974163
0.0598592	-0.1024160
0.0508795	-0.1233920
0.0226473	-0.1491690
-0.0245277	-0.1613180
-0.0757098	-0.1481460
-0.1120830	-0.1136420
-0.1246280	-0.0746397
-0.1204050	-0.0483567
-0.1167110	-0.0397654
-0.1275990	-0.0383242
-0.1529680	-0.0265017
-0.1784810	0.0064037
-0.1863380	0.0556305
-0.1687340	0.1040330
-0.1338020	0.1345250
-0.0995814	0.1424630
-0.0806012	0.1386210
-0.0772287	0.1405510
-0.0758293	0.1589080
-0.0595659	0.1891040
-0.0216269	0.2145900
0.0291404	0.2192610
0.0744396	0.1995700
0.0998616	0.1671910
0.1052550	0.1402590
0.1043090	0.1298230
0.1137190	0.1317840
0.1401580	0.1303680
0.1749310	0.1104760
0.2003390	0.0695381
0.2028950	0.0198748
0.1834080	-0.0201717
0.1562900	-0.0396322
0.1386720	-0.0426913
0.1375710	-0.0450030
0.1448170	-0.0613766
0.1435480	-0.0941803
0.1213150	-0.1312390
0.0798574	-0.1547940
0.0341628	-0.1547230
0.0015371	-0.1360150
-0.0110255	-0.1148700
-0.0116329	-0.1064100
-0.0168586	-0.1133190
-0.0387454	-0.1239930
-0.0753060	-0.1215680
-0.1117020	-0.0969585
-0.1311870	-0.0560264
-0.1275130	-0.0154722
-0.1094270	0.0094227
-0.0938818	0.0159167
-0.0931335	0.0153994
-0.1055050	0.0242919
-0.1167810	0.0511803
-0.1111530	0.0899353
-0.0833888	0.1240100
-0.0430347	0.1386440
-0.0074746	0.1317240
0.0108714	0.1151100
0.0135230	0.1054490
0.0143259	0.1114680
0.0285125	0.1273650
0.0607487	0.1372730
0.1012190	0.1273920
0.1326960	0.0965854
0.1432250	0.0574304
0.1348220	0.0269504
0.1216340	0.0140646
0.1189910	0.0132435
0.1316550	0.0091391
0.1501710	-0.0113560
0.1580470	-0.0487729
0.1442950	-0.0902752
0.1118520	-0.1189910
0.0755029	-0.1263930
0.0509133	-0.1183630
0.0430912	-0.1103930
0.0429844	-0.1155780
0.0347602	-0.1345330
0.0082169	-0.1548290
-0.0330853	-0.1603750
-0.0741180	-0.1436030
-0.0993490	-0.1112470
-0.1040710	-0.0793594
-0.0975395	-0.0613614
-0.0955819	-0.0581853
-0.1083120	-0.0579427
-0.1322600	-0.0453344
-0.1528630	-0.0136447
-0.1554030	0.0297660
-0.1361080	0.0686167
-0.1050100	0.0895880
-0.0784349	0.0919402
-0.0668307	0.0876127
-0.0671431	0.0917716
-0.0654880	0.1109940
-0.0480563	0.1380400
-0.0119719	0.1571520
0.0321185	0.1558490
0.0676681	0.1342840
0.0842822	0.1050990
0.0850866	0.0839108
0.0838685	0.0776666
0.0941980	0.0796553
0.1187910	0.0749365
0.1471660	0.0520325
0.1633590	0.0120179
0.1578200	-0.0318713
0.1345170	-0.0637954
0.1078650	-0.0767937
0.0918630	-0.0775183
0.0896554	-0.0806752
0.0914179	-0.0974222
0.0821312	-0.1265280
0.0533258	-0.1549830
0.0098953	-0.1675770
-0.0331685	-0.1581900
-0.0616330	-0.1342540
-0.0722543	-0.1110420
-0.0746631	-0.1001400
-0.0835208	-0.1008280
-0.1069230	-0.1008850
-0.1398470	-0.0861671
-0.1675910	-0.0516864
-0.1765930	-0.0057946
-0.1644270	0.0356777
-0.1414390	0.0608806
-0.1228110	0.0703345
-0.1170900	0.0759325
-0.1198650	0.0913555
-0.1173600	0.1211910
-0.0971790	0.1570030
-0.0580623	0.1833170
-0.0112582	0.1889790
0.0275064	0.1752920
0.0493729	0.1548010
0.0584412	0.1416770
0.0680320	0.1410050
0.0899949	0.1450780
0.1251880	0.1394740
0.1623380	0.1142900
0.1861350	0.0720074
0.1884270	0.0260492
0.1740510	-0.0088698
0.1569190	-0.0272899
0.1493620	-0.0364908
0.1528020	-0.0503197
0.1568190	-0.0780781
0.1472760	-0.1169040
0.1173310	-0.1534180
0.0729957	-0.1733770
0.0290339	-0.1720200
-0.0016701	-0.1573120
-0.0172408	-0.1436420
-0.0275525	-0.1408030
-0.0460681	-0.1465840
-0.0789953	-0.1485850
-0.1199870	-0.1338390
-0.1543920	-0.0989339
-0.1698390	-0.0529896
-0.1651340	-0.0112237
-0.1507780	0.0159931
-0.1407400	0.0303297
-0.1417490	0.0435246
-0.1482110	0.0677918
-0.1465780	0.1059020
-0.1258370	0.1484570
-0.0861611	0.1804260
-0.0391752	0.1919750
0.0003414	0.1854210
0.0250413	0.1730730
0.0398819	0.1676290
0.0576426	0.1724330
0.0885237	0.1789490
0.1317320	0.1733610
0.1754330	0.1472560
0.2050960	0.1043130
0.2139200	0.0579291
0.2074670	0.0216022
0.1990340	-0.0006553
0.1993000	-0.0166418
0.2081110	-0.0393138
0.2146070	-0.0762377
0.2055680	-0.1231540
0.1756530	-0.1665320
0.1317600	-0.1931750
0.0882338	-0.1996100
0.0565525	-0.1941870
0.0372932	-0.1903360
0.0204267	-0.1961140
-0.0063306	-0.2079790
-0.0474686	-0.2134820
-0.0955667	-0.2008160
-0.1362240	-0.1679790
-0.1583020	-0.1246180
-0.1617440	-0.0851674
-0.1570760	-0.0584932
-0.1570180	-0.0418525
-0.1665820	-0.0237164
-0.1791530	0.0067371
-0.1815110	0.0506773
-0.1639640	0.0980090
-0.1279120	0.1343150
-0.0851254	0.1510960
-0.0492961	0.1515810
-0.0262611	0.1477440
-0.0102760	0.1508250
0.0108832	0.1625580
0.0458971	0.1737500
0.0925759	0.1712520
0.1387840	0.1480420
0.1709170	0.1087760
0.1835140	0.0666120
0.1827660	0.0337319
0.1812910	0.0127284
0.1881870	-0.0046525
0.2018920	-0.0305034
0.2112650	-0.0708318
0.2040410	-0.1202560
0.1762480	-0.1653400
0.1354540	-0.1940460
0.0954037	-0.2041550
0.0661180	-0.2043190
0.0469313	-0.2069880
0.0277127	-0.2186010
-0.0027040	-0.2344760
-0.0472996	-0.2422630
-0.0978570	-0.2313190
-0.1404390	-0.2008990
-0.1652110	-0.1609740
-0.1731950	-0.1250650
-0.1748720	-0.1005280
-0.1817390	-0.0836264
-0.1972370	-0.0630831
-0.2139310	-0.0293757
-0.2190530	0.0172894
-0.2041960	0.0663783
-0.1718240	0.1042570
-0.1336720	0.1237820
-0.1022600	0.1290140
-0.0819584	0.1315340
-0.0663295	0.1411800
-0.0437310	0.1582520
-0.0068846	0.1730830
0.0408521	0.1732770
0.0872710	0.1531300
0.1198040	0.1181000
0.1343000	0.0809537
0.1374800	0.0525186
0.1412430	0.0340460
0.1531820	0.0169252
0.1705040	-0.0100688
0.1819470	-0.0515230
0.1762340	-0.1011550
0.1506470	-0.1458070
0.1132430	-0.1746520
0.0770425	-0.1866440
0.0506099	-0.1906250
0.0321362	-0.1980340
0.0114778	-0.2137840
-0.0214393	-0.2322180
-0.0682436	-0.2411980
-0.1201270	-0.2312170
-0.1637510	-0.2026330
-0.1905770	-0.1655540
-0.2025850	-0.1324840
-0.2100900	-0.1092970
-0.2233430	-0.0913671
-0.2443170	-0.0677282
-0.2648900	-0.0300957
-0.2727990	0.0201249
-0.2608340	0.0721492
-0.2323250	0.1132140
-0.1987770	0.1374730
-0.1714510	0.1496740
-0.1532880	0.1608880
-0.1372420	0.1795470
-0.1122690	0.2046140
-0.0723788	0.2260460
-0.0218983	0.2321910
0.0270686	0.2185130
0.0630424	0.1910400
0.0830953	0.1619440
0.0943292	0.1406260
0.1078300	0.1270260
0.1297120	0.1122230
0.1560470	0.0858161
0.1755190	0.0444676
0.1777760	-0.0048674
0.1611540	-0.0494835
0.1339470	-0.0797943
0.1082590	-0.0958364
0.0911338	-0.1065180
0.0796377	-0.1222230
0.0636146	-0.1464040
0.0339725	-0.1725370
-0.0097910	-0.1887410
-0.0585340	-0.1865480
-0.0996858	-0.1671960
-0.1260310	-0.1406830
-0.1404340	-0.1183330
-0.1529680	-0.1044950
-0.1726620	-0.0936604
-0.2001360	-0.0751351
-0.2267140	-0.0417037
-0.2406760	0.0042978
-0.2358980	0.0521049
-0.2163610	0.0899905
-0.1931280	0.1134310
-0.1760900	0.1278170
-0.1667470	0.1436950
-0.1574580	0.1681860
-0.1377020	0.1990890
-0.1025770	0.2261450
-0.0570866	0.2384890
-0.0129706	0.2326450
0.0195267	0.2150280
0.0387236	0.1970740
0.0520889	0.1867040
0.0699451	0.1825880
0.0970871	0.1755200
0.1286780	0.1558350
0.1535250	0.1212300
0.1622480	0.0790521
0.1541580	0.0413264
0.1376510	0.0162866
0.1238480	0.0028026
0.1183010	-0.0081102
0.1170480	-0.0258819
0.1099660	-0.0527175
0.0888620	-0.0814827
0.0541564	-0.1007390
0.0150832	-0.1031120
-0.0167272	-0.0906611
-0.0354388	-0.0732074
-0.0447888	-0.0609060
-0.0546329	-0.0566964
-0.0729097	-0.0543347
-0.0991299	-0.0434702
-0.1243270	-0.0178947
-0.1374950	0.0192954
-0.1336450	0.0575334
-0.1173750	0.0862206
-0.0992989	0.1021450
-0.0880268	0.1112890
-0.0838030	0.1236980
-0.0785812	0.1453220
-0.0624618	0.1730380
-0.0315914	0.1966040
0.0084658	0.2060790
0.0464352	0.1990730
0.0733071	0.1823650
0.0885561	0.1666860
0.0999238	0.1586320
0.1169680	0.1558290
0.1432940	0.1489990
0.1733590	0.1293190
0.1962690	0.0955030
0.2036920	0.0552238
0.1958880	0.0198091
0.1813290	-0.0037705
0.1702030	-0.0175771
0.1667500	-0.0305340
0.1662140	-0.0510900
0.1587070	-0.0802991
0.1370250	-0.1105620
0.1024970	-0.1309770
0.0644201	-0.1352530
0.0335328	-0.1261910
0.0144504	-0.1133750
0.0027749	-0.1058440
-0.0109681	-0.1052920
-0.0335830	-0.1049520
-0.0635314	-0.0949688
-0.0916348	-0.0701839
-0.1076130	-0.0344214
-0.1075120	0.0019637
-0.0964065	0.0294142
-0.0843680	0.0458358
-0.0787572	0.0575772
-0.0786967	0.0740193
-0.0758866	0.0999023
-0.0611266	0.1312150
-0.0315867	0.1577600
0.0066811	0.1704510
0.0428866	0.1678150
0.0691604	0.1568090
0.0859400	0.1473410
0.1010350	0.1446870
0.1231160	0.1455220
0.1545800	0.1405710
0.1892120	0.1218480
0.2164070	0.0889808
0.2287570	0.0498471
0.2272630	0.0150356
0.2202610	-0.0096672
0.2168860	-0.0270929
0.2200530	-0.0459537
0.2242620	-0.0736570
0.2198620	-0.1101360
0.2005480	-0.1473760
0.1683800	-0.1749860
0.1325580	-0.1876130
0.1028560	-0.1885790
0.0827194	-0.1870330
0.0671966	-0.1907880
0.0472676	-0.2002870
0.0172408	-0.2082510
-0.0203901	-0.2052640
-0.0563146	-0.1870550
-0.0809585	-0.1579480
-0.0912653	-0.1278900
-0.0925914	-0.1053050
-0.0943073	-0.0911818
-0.1024600	-0.0788508
-0.1150600	-0.0595792
-0.1235510	-0.0297286
-0.1193370	0.0059649
-0.1004050	0.0374671
-0.0730418	0.0565506
-0.0473484	0.0625566
-0.0299549	0.0624735
-0.0194444	0.0653037
-0.0079215	0.0750021
0.0124916	0.0873389
0.0431752	0.0930493
0.0774628	0.0848706
0.1051930	0.0631321
0.1199170	0.0356731
0.1233200	0.0121606
0.1235290	-0.0028856
0.1286250	-0.0130950
0.1402790	-0.0270294
0.1523410	-0.0512123
0.1554280	-0.0847019
0.1440300	-0.1193200
0.1207530	-0.1453640
0.0944914	-0.1584720
0.0739331	-0.1624760
0.0613054	-0.1660910
0.0510879	-0.1759890
0.0346339	-0.1915110
0.0071763	-0.2050100
-0.0281012	-0.2075630
-0.0620103	-0.1957110
-0.0858462	-0.1741310
-0.0975109	-0.1522260
-0.1026580	-0.1372270
-0.1100170	-0.1290320
-0.1244690	-0.1206560
-0.1431140	-0.1039360
-0.1573160	-0.0761437
-0.1591440	-0.0424889
-0.1473560	-0.0126213
-0.1283720	0.0062189
-0.1115360	0.0142265
-0.1022570	0.0184520
-0.0982020	0.0270836
-0.0914276	0.0429424
-0.0747793	0.0611186
-0.0477190	0.0725311
-0.0171500	0.0707046
0.0073763	0.0566323
0.0204457	0.0380545
0.0244332	0.0237128
0.0272848	0.0169367
0.0361344	0.0134070
0.0516074	0.0047667
0.0671224	-0.0146807
0.0737130	-0.0432689
0.0667088	-0.0728256
0.0492225	-0.0944346
0.0298169	-0.1047450
0.0161317	-0.1080670
0.0092980	-0.1126960
0.0033561	-0.1242750
-0.0099079	-0.1412310
-0.0343889	-0.1557390
-0.0663397	-0.1594760
-0.0968118	-0.1498040
-0.1180090	-0.1317070
-0.1287510	-0.1140300
-0.1349290	-0.1028880
-0.1446360	-0.0972250
-0.1616910	-0.0898729
-0.1824520	-0.0732861
-0.1983420	-0.0455902
-0.2021590	-0.0123608
-0.1933920	0.0172098
-0.1785350	0.0368542
-0.1661750	0.0475379
-0.1605820	0.0562951
-0.1586520	0.0705016
-0.1525020	0.0919408
-0.1357210	0.1151610
-0.1085420	0.1313600
-0.0780082	0.1348500
-0.0530212	0.1272170
-0.0380128	0.1160290
-0.0300216	0.1091020
-0.0213613	0.1086640
-0.0058330	0.1098320
0.0162372	0.1045280
0.0379508	0.0878639
0.0508093	0.0621368
0.0509383	0.0354212
0.0418589	0.0158270
0.0317261	0.0057658
0.0271413	0.0005506
0.0282281	-0.0076380
0.0286888	-0.0234479
0.0207793	-0.0444961
0.0014190	-0.0628782
-0.0251943	-0.0708937
-0.0504399	-0.0666566
-0.0674345	-0.0553526
-0.0758389	-0.0452118
-0.0816941	-0.0412608
-0.0924363	-0.0415847
-0.1108880	-0.0389177
-0.1327850	-0.0263369
-0.1497000	-0.0027381
-0.1551610	0.0260545
-0.1493150	0.0513783
-0.1386430	0.0679231
-0.1309450	0.0773457
-0.1294170	0.0865957
-0.1302910	0.1022460
-0.1258210	0.1251380
-0.1103290	0.1494050
-0.0847293	0.1666030
-0.0561033	0.1718240
-0.0326621	0.1671690
-0.0179008	0.1599730
-0.0083621	0.1571410
0.0033244	0.1598970
0.0224534	0.1629120
0.0478554	0.1584660
0.0724326	0.1424590
0.0882107	0.1177380
0.0920812	0.0922093
0.0879006	0.0731806
0.0833769	0.0622072
0.0841201	0.0543324
0.0893671	0.0422666
0.0926104	0.0223194
0.0866390	-0.0024182
0.0691635	-0.0240515
0.0447665	-0.0355195
0.0217075	-0.0356283
0.0060075	-0.0296861
-0.0027167	-0.0252815
-0.0105339	-0.0264181
-0.0241670	-0.0304496
-0.0454781	-0.0301263
-0.0696552	-0.0191897
-0.0884714	0.0027287
-0.0961492	0.0296109
-0.0933982	0.0533242
-0.0865890	0.0694275
-0.0827125	0.0801240
-0.0839542	0.0921495
-0.0859933	0.1112210
-0.0813029	0.1372630
-0.0649411	0.1640420
-0.0384443	0.1834660
-0.0088811	0.1913190
0.0162083	0.1900830
0.0341570	0.1867430
0.0487673	0.1872580
0.0669735	0.1918940
0.0931244	0.1949560
0.1252270	0.1891000
0.1560010	0.1709690
0.1779430	0.1438650
0.1885730	0.1154610
0.1919130	0.0922808
0.1950890	0.0751293
0.2026700	0.0589100
0.2130220	0.0369499
0.2194460	0.0065286
0.2152230	-0.0285827
0.1987360	-0.0604976
0.1748110	-0.0827082
0.1512510	-0.0945457
0.1332120	-0.1012520
0.1196580	-0.1096360
0.1045720	-0.1226140
0.0819678	-0.1367940
0.0509039	-0.1449020
0.0166796	-0.1412290
-0.0126815	-0.1259580
-0.0320081	-0.1051050
-0.0424060	-0.0861408
-0.0499635	-0.0725925
-0.0607425	-0.0617228
-0.0758664	-0.0470090
-0.0904270	-0.0235286
-0.0970332	0.0078464
-0.0913085	0.0406248
-0.0751774	0.0671109
-0.0554632	0.0837211
-0.0388700	0.0931947
-0.0271499	0.1020500
-0.0161014	0.1152380
0.0008633	0.1320560
0.0273056	0.1464170
0.0606130	0.1512620
0.0935025	0.1437820
0.1190380	0.1274870
0.1353730	0.1095800
0.1466430	0.0956308
0.1593690	0.0855805
0.1771050	0.0740861
0.1974040	0.0549257
0.2134000	0.0261071
0.2187910	-0.0081956
0.2124680	-0.0403455
0.1992790	-0.0645417
0.1863740	-0.0807133
0.1779030	-0.0940829
0.1720720	-0.1107570
0.1627840	-0.1327050
0.1445820	-0.1559300
0.1171500	-0.1732250
0.0859574	-0.1794150
0.0585484	-0.1751230
0.0392939	-0.1662200
0.0265575	-0.1593920
0.0143992	-0.1571810
-0.0024995	-0.1562510
-0.0244358	-0.1501760
-0.0461479	-0.1346100
-0.0605426	-0.1109280
-0.0638647	-0.0855594
-0.0584006	-0.0655336
-0.0506822	-0.0535982
-0.0465647	-0.0465864
-0.0469071	-0.0382480
-0.0471169	-0.0243745
-0.0408823	-0.0063239
-0.0252515	0.0097264
-0.0032008	0.0172277
0.0182509	0.0140437
0.0329574	0.0039548
0.0398748	-0.0062400
0.0434255	-0.0118195
0.0497456	-0.0135760
0.0616795	-0.0170025
0.0763215	-0.0278670
0.0869660	-0.0475388
0.0879867	-0.0716129
0.0789526	-0.0928742
0.0648755	-0.1063590
0.0524164	-0.1126930
0.0449312	-0.1172030
0.0401025	-0.1254990
0.0319347	-0.1388890
0.0155833	-0.1531090
-0.0086516	-0.1613280
-0.0351953	-0.1591440
-0.0570303	-0.1478030
-0.0705933	-0.1332100
-0.0780454	-0.1214950
-0.0852200	-0.1144990
-0.0968277	-0.1085900
-0.1125650	-0.0976799
-0.1270750	-0.0781551
-0.1337930	-0.0519621
-0.1297570	-0.0255184
-0.1177570	-0.0052690
-0.1042020	0.0067533
-0.0943378	0.0140215
-0.0884336	0.0224591
-0.0818181	0.0355726
-0.0687146	0.0514700
-0.0469587	0.0640257
-0.0200172	0.0673065
0.0052231	0.0599105
0.0232220	0.0459434
0.0335121	0.0319080
0.0405838	0.0218712
0.0500416	0.0145679
0.0639644	0.0046190
0.0789927	-0.0130751
0.0885914	-0.0391084
0.0877743	-0.0687138
0.0767177	-0.0949293
0.0605398	-0.1133910
0.0454277	-0.1251400
0.0340522	-0.1353360
0.0237372	-0.1488890
0.0087553	-0.1663230
-0.0150069	-0.1830170
-0.0465571	-0.1924030
-0.0801274	-0.1906880
-0.1090760	-0.1795470
-0.1304140	-0.1647530
-0.1465480	-0.1517940
-0.1629390	-0.1418160
-0.1834850	-0.1309320
-0.2071290	-0.1134310
-0.2282750	-0.0864217
-0.2406920	-0.0523923
-0.2419550	-0.0177521
-0.2350730	0.0115503
-0.2260830	0.0340199
-0.2194540	0.0532159
-0.2147680	0.0745321
-0.2072020	0.1006180
-0.1914150	0.1289200
-0.1658860	0.1532120
-0.1344210	0.1679510
-0.1036770	0.1721740
-0.0785853	0.1699890
-0.0591177	0.1673200
-0.0408315	0.1673620
-0.0187489	0.1682130
0.0083852	0.1644360
0.0367017	0.1513860
0.0597261	0.1289840
0.0729128	0.1020990
0.0767698	0.0772457
0.0762241	0.0580853
0.0767254	0.0431329
0.0800481	0.0273792
0.0829679	0.0065746
0.0798035	-0.0190855
0.0668861	-0.0446732
0.0455649	-0.0638566
0.0214739	-0.0733286
0.0006152	-0.0749939
-0.0147799	-0.0742750
-0.0274948	-0.0758368
-0.0427575	-0.0799741
-0.0638264	-0.0823922
-0.0890869	-0.0775368
-0.1128640	-0.0629380
-0.1293380	-0.0412789
-0.1365970	-0.0186212
-0.1377850	-0.0001349
-0.1384760	0.0134430
-0.1422960	0.0259573
-0.1480950	0.0425003
-0.1508180	0.0651402
-0.1453940	0.0909571
-0.1306970	0.1138770
-0.1105710	0.1289140
-0.0911572	0.1356250
-0.0765345	0.1381580
-0.0659760	0.1418980
-0.0548732	0.1492460
-0.0386084	0.1577310
-0.0164256	0.1618870
0.0076385	0.1574470
0.0274701	0.1446860
0.0391856	0.1283780
0.0437795	0.1143980
0.0461234	0.1055540
0.0510907	0.0997763
0.0597521	0.0920329
0.0685201	0.0784843
0.0718808	0.0597292
0.0666356	0.0406730
0.0544379	0.0271201
0.0407056	0.0216667
0.0307387	0.0219928
0.0259762	0.0228305
0.0232139	0.0201017
0.0173550	0.0140871
0.0055920	0.0092300
-0.0101573	0.0107346
-0.0244068	0.0205411
-0.0319758	0.0357276
-0.0316516	0.0505441
-0.0268803	0.0605355
-0.0229796	0.0656389
-0.0229974	0.0699238
-0.0253554	0.0781942
-0.0250548	0.0920398
-0.0175223	0.1083360
-0.0021775	0.1213260
0.0169789	0.1267170
0.0341958	0.1246830
0.0460781	0.1195280
0.0538678	0.1162740
0.0621890	0.1167650
0.0752279	0.1182510
0.0932534	0.1154950
0.1121180	0.1048210
0.1261190	0.0870151
0.1320500	0.0668997
0.1313930	0.0498964
0.1289980	0.0381875
0.1292690	0.0293668
0.1327550	0.0185840
0.1357200	0.0025409
0.1330130	-0.0176980
0.1220530	-0.0372125
0.1049150	-0.0506663
0.0869358	-0.0560799
0.0729021	-0.0560893
0.0637042	-0.0557563
0.0559734	-0.0585996
0.0449603	-0.0638605
0.0284580	-0.0670665
0.0087890	-0.0634596
-0.0086482	-0.0516849
-0.0191744	-0.0349490
-0.0220986	-0.0187746
-0.0209978	-0.0070545
-0.0208134	0.0006132
-0.0239750	0.0083062
-0.0284892	0.0203625
-0.0294354	0.0377699
-0.0227269	0.0570995
-0.0082864	0.0727933
0.0097672	0.0810733
0.0260556	0.0825222
0.0377775	0.0813947
0.0465488	0.0821986
0.0568676	0.0861443
0.0723863	0.0901515
0.0928245	0.0891596
0.1138650	0.0799835
0.1301120	0.0637959
0.1388730	0.0453583
0.1419160	0.0295912
0.1438780	0.0180765
0.1485570	0.0081326
0.1558950	-0.0048559
0.1619370	-0.0236340
0.1617920	-0.0466870
0.1533460	-0.0690792
0.1389190	-0.0858837
0.1236150	-0.0956133
0.1116180	-0.1010640
0.1032410	-0.1069530
0.0949452	-0.1161480
0.0822964	-0.1273560
0.0636158	-0.1360090
0.0415410	-0.1376830
0.0213234	-0.1314400
0.0071466	-0.1205810
-0.0007516	-0.1102420
-0.0059884	-0.1036510
-0.0130622	-0.0998834
-0.0237587	-0.0947964
-0.0356625	-0.0844234
-0.0438951	-0.0682411
-0.0447590	-0.0498355
-0.0385266	-0.0344604
-0.0292666	-0.0253363
-0.0218476	-0.0214843
-0.0183890	-0.0187197
-0.0168391	-0.0130370
-0.0127449	-0.0038150
-0.0028562	0.0055877
0.0121724	0.0102907
0.0280300	0.0075380
0.0397608	-0.0012274
0.0452577	-0.0114254
0.0466066	-0.0187263
0.0482752	-0.0221983
0.0535346	-0.0248412
0.0618291	-0.0311157
0.0690849	-0.0433531
0.0707175	-0.0597691
0.0650584	-0.0755879
0.0546082	-0.0864220
0.0441757	-0.0913548
0.0373165	-0.0934017
0.0337680	-0.0970164
0.0298102	-0.1045430
0.0212675	-0.1143060
0.0068659	-0.1217780
-0.0105996	-0.1229380
-0.0261701	-0.1172780
-0.0362580	-0.1081770
-0.0411400	-0.1003810
-0.0445332	-0.0964862
-0.0505906	-0.0950978
-0.0606000	-0.0920378
-0.0718884	-0.0836793
-0.0797572	-0.0698717
-0.0809769	-0.0542407
-0.0761964	-0.0416388
-0.0694485	-0.0346756
-0.0651328	-0.0319483
-0.0647651	-0.0292991
-0.0659464	-0.0231343
-0.0643226	-0.0132828
-0.0570368	-0.0032315
-0.0450565	0.0024357
-0.0326114	0.0014526
-0.0241723	-0.0044445
-0.0212558	-0.0108311
-0.0214663	-0.0139042
-0.0204865	-0.0132824
-0.0154986	-0.0121820
-0.0074384	-0.0148494
-0.0003803	-0.0232026
0.0014769	-0.0352298
-0.0030613	-0.0463545
-0.0113085	-0.0527321
-0.0187264	-0.0539835
-0.0223196	-0.0533067
-0.0228250	-0.0548945
-0.0240480	-0.0606248
-0.0298591	-0.0685300
-0.0411341	-0.0742029
-0.0549540	-0.0740671
-0.0666698	-0.0680367
-0.0732644	-0.0595551
-0.0754724	-0.0529928
-0.0770617	-0.0503793
-0.0818350	-0.0499389
-0.0906283	-0.0475314
-0.1005800	-0.0398945
-0.1072180	-0.0272280
-0.1077830	-0.0131642
-0.1032640	-0.0021495
-0.0976273	0.0037771
-0.0948123	0.0063773
-0.0957853	0.0097329
-0.0978711	0.0170257
-0.0968601	0.0280197
-0.0902851	0.0391513
-0.0793854	0.0461530
-0.0682718	0.0472208
-0.0609297	0.0443298
-0.0583305	0.0417097
-0.0578288	0.0426411
-0.0552934	0.0470006
-0.0483465	0.0514055
-0.0382571	0.0518406
-0.0290579	0.0467686
-0.0245603	0.0383706
-0.0255293	0.0309795
-0.0291537	0.0278979
-0.0312029	0.0290079
-0.0292334	0.0309745
-0.0244160	0.0298779
-0.0206085	0.0242735
-0.0213852	0.0163630
-0.0272772	0.0103938
-0.0353118	0.0095049
-0.0411948	0.0134067
-0.0424790	0.0186469
-0.0403240	0.0212516
-0.0385219	0.0197376
-0.0405383	0.0162189
-0.0468135	0.0147748
-0.0543654	0.0183265
-0.0589899	0.0263877
-0.0583874	0.0353893
-0.0538499	0.0413281
-0.0492387	0.0427287
-0.0480342	0.0416830
-0.0506940	0.0421870
-0.0543172	0.0470442
-0.0548594	0.0556831
-0.0502150	0.0645366
-0.0418339	0.0696917
-0.0336514	0.0697983
-0.0291494	0.0670387
-0.0287742	0.0654318
-0.0296613	0.0677619
-0.0278669	0.0734598
-0.0214081	0.0790351
-0.0118119	0.0807236
-0.0030019	0.0773424
0.0016251	0.0711909
0.0017195	0.0663232
0.0001920	0.0655049
0.0009661	0.0681589
0.0059773	0.0708486
0.0136917	0.0699258
0.0202579	0.0643315
0.0224145	0.0564326
0.0199487	0.0502648
0.0158478	0.0485202
0.0140372	0.0505582
0.0164215	0.0529410
0.0214679	0.0520799
0.0253986	0.0469843
0.0250807	0.0400339
0.0204237	0.0351964
0.0144723	0.0350448
0.0111313	0.0388345
0.0122493	0.0430893
0.0162678	0.0442451
0.0194517	0.0413468
0.0187615	0.0367573
0.0141902	0.0343505
0.0087981	0.0365609
0.0064267	0.0425254
0.0088251	0.0487185
0.0143648	0.0515937
0.0193064	0.0502275
0.0206541	0.0469676
0.0184322	0.0456027
0.0156643	0.0484455
0.0160779	0.0545394
0.0212758	0.0603422
0.0295154	0.0623636
0.0370135	0.0597563
0.0407818	0.0549045
0.0408457	0.0515712
0.0401699	0.0520142
0.0423570	0.0552568
0.0488645	0.0578164
0.0578502	0.0563354
0.0655129	0.0501183
0.0689096	0.0416580
0.0681158	0.0347605
0.0660991	0.0316923
0.0664114	0.0315116
0.0704517	0.0308388
0.0763739	0.0264777
0.0804600	0.0178956
0.0799160	0.0076886
0.0749706	-0.0003171
0.0686955	-0.0038851
0.0646884	-0.0039790
0.0643792	-0.0039491
0.0659956	-0.0069223
0.0659658	-0.0133752
0.0616875	-0.0207280
0.0535648	-0.0252610
0.0447732	-0.0248989
0.0389348	-0.0207577
0.0374669	-0.0162872
0.0386055	-0.0146678
0.0388361	-0.0164338
0.0356383	-0.0191203
0.0294623	-0.0191929
0.0234442	-0.0147931
0.0210779	-0.0072188
0.0236105	-0.0000228
0.0291286	0.0035842
0.0340198	0.0030603
0.0356973	0.0008330
0.0345223	0.0003557
0.0334742	0.0034007
0.0358256	0.0086397
0.0425884	0.0125849
0.0516640	0.0121738
0.0593381	0.0070407
0.0629849	-0.0002401
0.0629352	-0.0061149
0.0621027	-0.0087266
0.0636614	-0.0092779
0.0685392	-0.0110580
0.0746279	-0.0168761
0.0783043	-0.0268483
0.0771077	-0.0382146
0.0715491	-0.0473182
0.0646873	-0.0522495
0.0598032	-0.0541554
0.0579348	-0.0562329
0.0571392	-0.0611793
0.0540330	-0.0690348
0.0464374	-0.0770529
0.0351232	-0.0816923
0.0233358	-0.0812219
0.0144641	-0.0769697
0.0096166	-0.0722775
0.0069347	-0.0699609
0.0031527	-0.0702006
-0.0037880	-0.0704572
-0.0130525	-0.0674686
-0.0214324	-0.0598094
-0.0256749	-0.0490752
-0.0248586	-0.0387963
-0.0210212	-0.0319060
-0.0175746	-0.0286786
-0.0167116	-0.0266899
-0.0177715	-0.0228185
-0.0177958	-0.0157644
-0.0138465	-0.0071732
-0.0053274	-0.0005162
0.0054500	0.0014250
0.0148817	-0.0014344
0.0206419	-0.0064945
0.0232694	-0.0104858
0.0255759	-0.0119538
0.0303370	-0.0123339
0.0380215	-0.0148066
0.0462826	-0.0218074
0.0515930	-0.0330806
0.0517877	-0.0457484
0.0475918	-0.0563412
0.0419858	-0.0632516
0.0378974	-0.0677607
0.0359720	-0.0728691
0.0341091	-0.0808309
0.0291095	-0.0912631
0.0191791	-0.1012650
0.0053938	-0.1074560
-0.0089845	-0.1083910
-0.0208178	-0.1055270
-0.0292831	-0.1020240
-0.0362915	-0.1002920
-0.0448310	-0.1001470
-0.0564974	-0.0989684
-0.0700892	-0.0937333
-0.0823318	-0.0833840
-0.0901819	-0.0697325
-0.0929705	-0.0562217
-0.0927696	-0.0454836
-0.0927142	-0.0375380
-0.0945593	-0.0299874
-0.0973223	-0.0200490
-0.0980361	-0.0068744
-0.0940366	0.0076026
-0.0850497	0.0199346
-0.0734974	0.0275836
-0.0627959	0.0306704
-0.0549327	0.0317329
-0.0491543	0.0336880
-0.0427466	0.0375461
-0.0333051	0.0416102
-0.0207692	0.0427609
-0.0076748	0.0388506
0.0025655	0.0303908
0.0080542	0.0202584
0.0096682	0.0116450
0.0102417	0.0058021
0.0123018	0.0012822
0.0160759	-0.0047595
0.0192807	-0.0142010
0.0188461	-0.0263226
0.0132663	-0.0381481
0.0037967	-0.0464987
-0.0064069	-0.0502088
-0.0145522	-0.0508330
-0.0201654	-0.0513189
-0.0252653	-0.0536609
-0.0326357	-0.0573152
-0.0435141	-0.0595736
-0.0564535	-0.0576096
-0.0682195	-0.0506440
-0.0760451	-0.0405912
-0.0795402	-0.0307001
-0.0808187	-0.0232199
-0.0827567	-0.0178558
-0.0867106	-0.0121730
-0.0914239	-0.0036334
-0.0939477	0.0082876
-0.0918745	0.0215099
-0.0851915	0.0327333
-0.0763514	0.0397502
-0.0685115	0.0429411
-0.0632739	0.0448303
-0.0596329	0.0480484
-0.0549165	0.0532511
-0.0469984	0.0585717
-0.0360968	0.0610164
-0.0247958	0.0587445
-0.0162718	0.0525042
-0.0120653	0.0451398
-0.0110777	0.0395473
-0.0105444	0.0366233
-0.0082348	0.0347549
-0.0042114	0.0312258
-0.0008135	0.0244619
-0.0008851	0.0154121
-0.0055893	0.0070130
-0.0134663	0.0021449
-0.0214434	0.0016206
-0.0270325	0.0037227
-0.0300519	0.0056294
-0.0325797	0.0056396
-0.0371825	0.0045100
-0.0447736	0.0048923
-0.0537256	0.0093030
-0.0609127	0.0181629
-0.0638950	0.0293926
-0.0625961	0.0398652
-0.0592130	0.0476174
-0.0564370	0.0531485
-0.0553412	0.0588344
-0.0545350	0.0669111
-0.0512237	0.0775650
-0.0433665	0.0885793
-0.0312977	0.0968076
-0.0175843	0.1003610
-0.0052309	0.0998598
0.0044099	0.0978124
0.0124468	0.0966019
0.0213761	0.0966122
0.0329504	0.0959116
0.0466113	0.0917321
0.0596777	0.0826191
0.0691490	0.0696240
0.0737621	0.0556388
0.0747540	0.0433779
0.0747625	0.0335323
0.0757086	0.0244864
0.0772686	0.0137993
0.0770929	0.0003171
0.0726021	-0.0146891
0.0629979	-0.0282270
0.0499670	-0.0375978
0.0365467	-0.0422023
0.0250127	-0.0437812
0.0153835	-0.0449192
0.0056647	-0.0469555
-0.0063648	-0.0488861
-0.0211868	-0.0480895
-0.0368951	-0.0423217
-0.0503571	-0.0314696
-0.0593116	-0.0177362
-0.0638220	-0.0041203
-0.0659947	0.0076591
-0.0681892	0.0182271
-0.0710839	0.0298111
-0.0730643	0.0442669
-0.0713966	0.0613772
-0.0642953	0.0787164
-0.0523190	0.0931885
-0.0380401	0.1030790
-0.0242418	0.1090730
-0.0120044	0.1134910
-0.0001253	0.1183150
0.0137018	0.1235280
0.0308513	0.1270140
0.0504254	0.1260900
0.0696271	0.1195220
0.0855708	0.1084880
0.0971632	0.0957640
0.1056430	0.0837598
0.1133820	0.0728760
0.1218690	0.0614307
0.1304060	0.0471917
0.1365110	0.0293475
0.1377150	0.0094144
0.1333980	-0.0096095
0.1252700	-0.0252085
