jMRUI Data Textfile

Filename: Cr.txt

PointsInDataset: 2048      
DatasetsInFile: 1         
SamplingInterval: 2.5E-1    
ZeroOrderPhase: 0E0       
BeginTime: 0E0       
TransmitterFrequency: 1.2322E8  
MagneticField: 2.9E0     
TypeOfNucleus: 0E0       
NameOfPatient: Cr
DateOfExperiment: 
Spectrometer: 
AdditionalInfo: Cr
SignalNames: Cr.txt;


Signal and FFT
sig(real)	sig(imag)	fft(real)	fft(imag)
Signal 1 out of 1 in file
5.1000000	-0.0000000
4.8865300	-1.2907900
4.3068800	-2.4215400
3.4698800	-3.2910100
2.4947700	-3.8712800
1.4661900	-4.1825500
0.4268550	-4.2474400
-0.5921420	-4.0621700
-1.5322700	-3.6071300
-2.2952800	-2.8876500
-2.7721400	-1.9713100
-2.8953300	-0.9893550
-2.6774000	-0.0958681
-2.2076700	0.5900750
-1.6085200	1.0212500
-0.9817600	1.2155000
-0.3815440	1.2146600
0.1711530	1.0427800
0.6491590	0.6960670
0.9904190	0.1710420
1.1066700	-0.4934210
0.9266880	-1.1960100
0.4437980	-1.7952800
-0.2677610	-2.1629200
-1.0809000	-2.2333300
-1.8696800	-2.0168700
-2.5526300	-1.5707700
-3.0977200	-0.9521660
-3.4912100	-0.1893900
-3.6994800	0.7080300
-3.6577300	1.7112100
-3.2978600	2.7388400
-2.5965000	3.6593500
-1.6075200	4.3324300
-0.4531930	4.6638100
0.7220660	4.6369100
1.8045700	4.3013600
2.7360400	3.7294000
3.4973600	2.9739600
4.0692300	2.0588300
4.4047600	1.0055200
4.4382800	-0.1280420
4.1261900	-1.2312200
3.4892900	-2.1649100
2.6236300	-2.8132600
1.6689000	-3.1287700
0.7542510	-3.1402900
-0.0424281	-2.9206100
-0.6967160	-2.5387200
-1.2051600	-2.0318600
-1.5476600	-1.4157900
-1.6768800	-0.7211770
-1.5449800	-0.0236897
-1.1478700	0.5605880
-0.5523820	0.9160400
0.1167430	0.9784800
0.7243000	0.7612430
1.1753100	0.3389410
1.4360800	-0.1981590
1.5150700	-0.7857210
1.4227600	-1.3942200
1.1445000	-2.0025700
0.6489260	-2.5614500
-0.0740836	-2.9795800
-0.9759660	-3.1483700
-1.9436300	-2.9908300
-2.8336800	-2.5012400
-3.5256300	-1.7475600
-3.9593200	-0.8354060
-4.1334200	0.1404510
-4.0709500	1.1230700
-3.7815400	2.0827200
-3.2509400	2.9816900
-2.4661400	3.7467800
-1.4557100	4.2753300
-0.3119470	4.4749300
0.8258600	4.3100700
1.8193700	3.8226800
2.5792800	3.1113900
3.0824500	2.2843600
3.3499100	1.4184300
3.4059300	0.5516170
3.2512900	-0.2904710
2.8715100	-1.0596300
2.2724100	-1.6731700
1.5134300	-2.0385400
0.7095560	-2.0992500
-0.0042669	-1.8693900
-0.5245080	-1.4310800
-0.8122500	-0.8958320
-0.8876850	-0.3564530
-0.7935370	0.1380320
-0.5571600	0.5702320
-0.1803800	0.9194770
0.3365240	1.1355400
0.9576230	1.1452000
1.5930000	0.8898460
2.1177800	0.3674760
2.4191200	-0.3523190
2.4404800	-1.1529300
2.1938900	-1.9189000
1.7344600	-2.5750900
1.1181200	-3.0920900
0.3750750	-3.4588500
-0.4824550	-3.6484100
-1.4268800	-3.6068000
-2.3855900	-3.2767500
-3.2421400	-2.6399200
-3.8724400	-1.7460200
-4.1934000	-0.7054580
-4.1915000	0.3515730
-3.9129800	1.3224600
-3.4251100	2.1549700
-2.7781300	2.8333600
-1.9954300	3.3433800
-1.0965500	3.6470800
-0.1316330	3.6894700
0.8034890	3.4340600
1.5879400	2.9004400
2.1213300	2.1743300
2.3639300	1.3800600
2.3443700	0.6323050
2.1308900	-0.0006705
1.7885600	-0.4996610
1.3533900	-0.8658460
0.8405220	-1.0867700
0.2761670	-1.1258300
-0.2752270	-0.9449670
-0.7141150	-0.5435440
-0.9414470	0.0171687
-0.9037830	0.6250960
-0.6168130	1.1592100
-0.1512860	1.5349300
0.4076830	1.7235000
0.9983590	1.7354800
1.5913200	1.5848000
2.1667000	1.2637400
2.6815400	0.7492290
3.0568000	0.0358549
3.1983400	-0.8308780
3.0400000	-1.7488500
2.5789100	-2.5892400
1.8781500	-3.2438800
1.0348100	-3.6589800
0.1365640	-3.8344400
-0.7633540	-3.7933300
-1.6374800	-3.5477200
-2.4531200	-3.0882400
-3.1473400	-2.4055200
-3.6313900	-1.5257200
-3.8252200	-0.5306020
-3.6988600	0.4567260
-3.2909400	1.3140400
-2.6907400	1.9629700
-1.9961400	2.3848600
-1.2766100	2.6014500
-0.5657340	2.6382600
0.1158310	2.4998800
0.7289730	2.1762200
1.2046300	1.6734800
1.4647400	1.0439200
1.4625500	0.3882340
1.2133900	-0.1755540
0.7928590	-0.5575810
0.3026620	-0.7260830
-0.1725640	-0.7029380
-0.5883240	-0.5311330
-0.9301680	-0.2403740
-1.1827100	0.1630350
-1.3055900	0.6757570
-1.2382700	1.2645700
-0.9327070	1.8496000
-0.3904790	2.3205400
0.3235260	2.5780600
1.1026100	2.5732700
1.8411700	2.3192000
2.4701500	1.8682800
2.9625900	1.2745100
3.3097600	0.5688540
3.4902200	-0.2348170
3.4591000	-1.1106200
3.1682300	-1.9940600
2.6032000	-2.7823900
1.8095100	-3.3661400
0.8863890	-3.6722700
-0.0492281	-3.6899200
-0.9052050	-3.4620900
-1.6351200	-3.0511900
-2.2264700	-2.5045500
-2.6695500	-1.8447000
-2.9341800	-1.0891300
-2.9747400	-0.2808840
-2.7609600	0.4974670
-2.3112700	1.1413200
-1.7021900	1.5641000
-1.0442300	1.7330700
-0.4391100	1.6765300
0.0535257	1.4585400
0.4189870	1.1404000
0.6622660	0.7568980
0.7772720	0.3225640
0.7364970	-0.1401500
0.5102250	-0.5764020
0.1007170	-0.9009240
-0.4358330	-1.0289600
-0.9986470	-0.9161790
-1.4793200	-0.5798780
-1.8024100	-0.0867878
-1.9433100	0.4831930
-1.9138900	1.0712200
-1.7304600	1.6483800
-1.3906200	2.1960300
-0.8779130	2.6767600
-0.1904520	3.0221300
0.6295190	3.1505200
1.4900900	3.0049700
2.2758500	2.5846900
2.8898900	1.9477800
3.2843000	1.1830800
3.4600200	0.3711460
3.4398600	-0.4387350
3.2375800	-1.2216200
2.8476700	-1.9495600
2.2635300	-2.5688300
1.5088000	-3.0030700
0.6555490	-3.1832300
-0.1877770	-3.0841900
-0.9136020	-2.7416000
-1.4535700	-2.2361900
-1.7930900	-1.6563800
-1.9545100	-1.0648600
-1.9642600	-0.4910830
-1.8301100	0.0486733
-1.5456800	0.5231830
-1.1175300	0.8752620
-0.5916430	1.0395000
-0.0561578	0.9776020
0.3857400	0.7058900
0.6561460	0.2940160
0.7293660	-0.1652210
0.6283490	-0.5945790
0.3957610	-0.9535850
0.0627972	-1.2301700
-0.3607700	-1.4131900
-0.8692150	-1.4704400
-1.4318500	-1.3520300
-1.9777000	-1.0186800
-2.4093100	-0.4745990
-2.6391400	0.2200590
-2.6248600	0.9679710
-2.3798900	1.6728300
-1.9536700	2.2714000
-1.3976900	2.7391400
-0.7428170	3.0692700
-0.0037201	3.2450100
0.7957260	3.2291900
1.5985700	2.9812700
2.3144700	2.4899600
2.8471800	1.7965500
3.1327000	0.9899240
3.1625400	0.1746910
2.9766500	-0.5668060
2.6328000	-1.1936800
2.1753400	-1.6965100
1.6256900	-2.0695600
0.9993280	-2.2894800
0.3328690	-2.3188400
-0.3028620	-2.1328100
-0.8177260	-1.7487800
-1.1374100	-1.2350800
-1.2353600	-0.6899370
-1.1394900	-0.2034580
-0.9099170	0.1723090
-0.6044030	0.4265120
-0.2564030	0.5671710
0.1200560	0.5933900
0.5056870	0.4852750
0.8538380	0.2201600
1.0915100	-0.1973720
1.1462200	-0.7157800
0.9812880	-1.2444100
0.6149490	-1.6861300
0.1097960	-1.9735700
-0.4595290	-2.0855600
-1.0373300	-2.0347300
-1.5955400	-1.8388300
-2.1168200	-1.4994900
-2.5686300	-1.0054400
-2.8917500	-0.3573120
-3.0154400	0.4060300
-2.8906000	1.2021900
-2.5178900	1.9280500
-1.9505300	2.4970800
-1.2694300	2.8667600
-0.5481840	3.0389800
0.1680160	3.0361200
0.8568720	2.8730700
1.4948500	2.5473400
2.0365200	2.0544800
2.4165200	1.4156300
2.5756000	0.6940620
2.4929500	-0.0150374
2.2015000	-0.6173080
1.7742500	-1.0534600
1.2910200	-1.3125700
0.8082610	-1.4174600
0.3517140	-1.3951600
-0.0661332	-1.2560000
-0.4208240	-0.9968260
-0.6654260	-0.6244690
-0.7454890	-0.1794860
-0.6300460	0.2609640
-0.3360910	0.6066810
0.0721875	0.7901540
0.5101020	0.7907660
0.9071280	0.6319800
1.2263800	0.3556180
1.4577100	-0.0063924
1.5933300	-0.4417130
1.6077500	-0.9428450
1.4599400	-1.4815200
1.1178500	-1.9947000
0.5875100	-2.3962800
-0.0756518	-2.6091100
-0.7831720	-2.5964400
-1.4475200	-2.3716700
-2.0110400	-1.9810400
-2.4515700	-1.4731500
-2.7640500	-0.8781500
-2.9356400	-0.2108240
-2.9356900	0.5071510
-2.7301400	1.2258200
-2.3101800	1.8660800
-1.7130400	2.3436000
-1.0180500	2.6025600
-0.3184900	2.6365900
0.3123770	2.4828400
0.8388660	2.1947100
1.2543900	1.8135900
1.5567100	1.3597100
1.7284100	0.8466060
1.7391800	0.3052210
1.5690100	-0.2039930
1.2343500	-0.6036470
0.7962600	-0.8302600
0.3420540	-0.8626600
-0.0484392	-0.7282960
-0.3298480	-0.4835560
-0.4945010	-0.1827770
-0.5527320	0.1419150
-0.5077740	0.4769720
-0.3460180	0.8057490
-0.0506711	1.0885500
0.3718980	1.2628900
0.8744590	1.2667700
1.3754900	1.0699000
1.7879200	0.6908710
2.0515800	0.1880500
2.1481600	-0.3691740
2.0905900	-0.9284530
1.8973700	-1.4628900
1.5730900	-1.9564900
1.1104500	-2.3810600
0.5118270	-2.6854700
-0.1873580	-2.8084200
-0.9135530	-2.7075800
-1.5749200	-2.3846200
-2.0944500	-1.8880500
-2.4346500	-1.2912400
-2.5982600	-0.6610910
-2.6071200	-0.0387030
-2.4768800	0.5563060
-2.2074400	1.1044900
-1.7960000	1.5678100
-1.2613400	1.8907000
-0.6587820	2.0225900
-0.0716499	1.9465400
0.4175640	1.6930000
0.7577020	1.3280300
0.9411270	0.9236700
0.9909000	0.5307120
0.9343910	0.1716040
0.7840050	-0.1443790
0.5392690	-0.3985080
0.2072880	-0.5526200
-0.1761050	-0.5616940
-0.5433150	-0.4010070
-0.8154710	-0.0879456
-0.9340520	0.3183810
-0.8826350	0.7407010
-0.6847050	1.1146300
-0.3807920	1.4065100
-0.0029006	1.6077400
0.4348550	1.7131700
0.9237620	1.7027800
1.4378900	1.5429000
1.9213300	1.2074200
2.2980400	0.7035030
2.5000300	0.0819129
2.4953600	-0.5772390
2.2971300	-1.1946900
1.9483000	-1.7181500
1.4943700	-2.1277500
0.9642630	-2.4200300
0.3724150	-2.5854800
-0.2617960	-2.5990300
-0.8948600	-2.4321600
-1.4578500	-2.0780000
-1.8771300	-1.5700100
-2.1043000	-0.9787580
-2.1349000	-0.3871800
-2.0035100	0.1398030
-1.7594800	0.5713090
-1.4413700	0.9033210
-1.0681600	1.1366200
-0.6516300	1.2589100
-0.2177660	1.2460800
0.1820570	1.0823100
0.4816310	0.7832360
0.6269580	0.4034890
0.6015180	0.0207219
0.4321440	-0.2943230
0.1716670	-0.5020870
-0.1288680	-0.5974780
-0.4387110	-0.5924900
-0.7447780	-0.4935500
-1.0326300	-0.2921470
-1.2684800	0.0236983
-1.3988000	0.4463220
-1.3705700	0.9325260
-1.1587600	1.4090500
-0.7818440	1.7979000
-0.2939440	2.0452800
0.2407710	2.1353500
0.7734400	2.0809700
1.2786000	1.9008700
1.7416700	1.6017300
2.1383600	1.1792700
2.4246400	0.6369840
2.5474800	0.0068390
2.4703900	-0.6457830
2.1957700	-1.2393800
1.7676300	-1.7056900
1.2522700	-2.0118500
0.7102570	-2.1614200
0.1786900	-2.1756600
-0.3254310	-2.0706600
-0.7863920	-1.8482500
-1.1727300	-1.5069200
-1.4375300	-1.0632800
-1.5379300	-0.5655600
-1.4604100	-0.0865062
-1.2332300	0.3019670
-0.9161920	0.5559390
-0.5743470	0.6706160
-0.2533980	0.6691290
0.0270906	0.5788960
0.2605050	0.4139250
0.4328950	0.1759890
0.5135320	-0.1275910
0.4654340	-0.4650760
0.2691410	-0.7772010
-0.0578593	-0.9949560
-0.4612020	-1.0675700
-0.8704400	-0.9820490
-1.2268300	-0.7614730
-1.4996300	-0.4447180
-1.6815200	-0.0633136
-1.7694000	0.3675330
-1.7477100	0.8383820
-1.5888600	1.3255900
-1.2715800	1.7796700
-0.8036290	2.1335600
-0.2312240	2.3273800
0.3733740	2.3333500
0.9386740	2.1641100
1.4174800	1.8593500
1.7922100	1.4613700
2.0608400	0.9975620
2.2167300	0.4816740
2.2396200	-0.0692267
2.1057000	-0.6175330
1.8097200	-1.1034700
1.3816200	-1.4630400
0.8840530	-1.6544800
0.3905620	-1.6751100
-0.0415218	-1.5571600
-0.3856960	-1.3462200
-0.6402120	-1.0782000
-0.8084160	-0.7708580
-0.8823680	-0.4344270
-0.8433310	-0.0905980
-0.6791160	0.2171290
-0.4046350	0.4322820
-0.0688291	0.5091090
0.2591880	0.4350410
0.5166830	0.2361440
0.6691300	-0.0381739
0.7134740	-0.3400650
0.6628070	-0.6402000
0.5259220	-0.9259680
0.2983700	-1.1847900
-0.0279525	-1.3878700
-0.4445310	-1.4893900
-0.9119730	-1.4439000
-1.3645300	-1.2307500
-1.7323900	-0.8678890
-1.9675000	-0.4052300
-2.0561000	0.0981926
-2.0108000	0.5970860
-1.8501600	1.0676200
-1.5822500	1.4966900
-1.2050700	1.8635400
-0.7227070	2.1303900
-0.1637970	2.2514800
0.4138170	2.1954300
0.9380810	1.9651100
1.3487200	1.6003400
1.6171600	1.1608900
1.7477300	0.7013630
1.7610900	0.2550540
1.6735700	-0.1635280
1.4885400	-0.5420260
1.2055500	-0.8547720
0.8392310	-1.0624800
0.4315560	-1.1291000
0.0458946	-1.0441200
-0.2552030	-0.8338280
-0.4342020	-0.5524310
-0.4887200	-0.2586920
-0.4417520	0.0062312
-0.3205010	0.2252630
-0.1401530	0.3939470
0.0956904	0.5022650
0.3795510	0.5257250
0.6832560	0.4341420
0.9547940	0.2124310
1.1337400	-0.1220890
1.1759900	-0.5195200
1.0713100	-0.9157220
0.8420400	-1.2571500
0.5251230	-1.5157700
0.1511600	-1.6853100
-0.2641210	-1.7642600
-0.7109710	-1.7406800
-1.1679900	-1.5920300
-1.5915100	-1.3009400
-1.9224900	-0.8753820
-2.1082600	-0.3571640
-2.1247100	0.1887830
-1.9839000	0.6982340
-1.7223400	1.1288400
-1.3791600	1.4652200
-0.9800360	1.7066900
-0.5378020	1.8491000
-0.0672758	1.8762900
0.3992890	1.7685800
0.8103150	1.5220100
1.1104500	1.1633500
1.2638900	0.7481290
1.2695300	0.3414190
1.1574700	-0.0062900
0.9698760	-0.2724280
0.7401380	-0.4572020
0.4848920	-0.5660770
0.2130240	-0.5947900
-0.0574402	-0.5291950
-0.2897860	-0.3602380
-0.4359700	-0.1021510
-0.4573520	0.2011530
-0.3446650	0.4881100
-0.1230550	0.7030410
0.1613900	0.8157590
0.4639380	0.8247810
0.7567360	0.7438090
1.0276800	0.5833010
1.2657600	0.3419700
1.4464700	0.0147722
1.5305100	-0.3893210
1.4789400	-0.8345240
1.2746500	-1.2619400
0.9348290	-1.6091700
0.5052280	-1.8333400
0.0398938	-1.9225300
-0.4194690	-1.8889300
-0.8508220	-1.7506500
-1.2425500	-1.5166700
-1.5770900	-1.1866400
-1.8222400	-0.7649090
-1.9386400	-0.2768980
-1.8993500	0.2264460
-1.7076000	0.6816570
-1.3993500	1.0357400
-1.0283600	1.2640800
-0.6437310	1.3717000
-0.2751730	1.3786600
0.0651065	1.3014000
0.3677210	1.1444900
0.6120680	0.9083760
0.7655420	0.6059490
0.7980640	0.2736730
0.7017770	-0.0333249
0.5011650	-0.2607430
0.2454200	-0.3766230
-0.0123345	-0.3805780
-0.2349910	-0.2952620
-0.4076060	-0.1474180
-0.5274330	0.0469869
-0.5876350	0.2828980
-0.5689040	0.5527650
-0.4467500	0.8315330
-0.2096750	1.0735200
0.1254190	1.2257800
0.5128590	1.2499500
0.8943510	1.1379700
1.2211900	0.9112260
1.4678300	0.6044890
1.6289100	0.2470950
1.7041700	-0.1451780
1.6846200	-0.5626200
1.5518500	-0.9860270
1.2917100	-1.3770000
0.9120290	-1.6837100
0.4504500	-1.8599200
-0.0349229	-1.8847600
-0.4866210	-1.7696600
-0.8668600	-1.5481400
-1.1623900	-1.2562200
-1.3737400	-0.9177890
-1.4989100	-0.5446480
-1.5253200	-0.1494880
-1.4368200	0.2402500
-1.2305900	0.5803040
-0.9305380	0.8230090
-0.5858030	0.9378980
-0.2539060	0.9252640
0.0207965	0.8132620
0.2192150	0.6408970
0.3431910	0.4392350
0.3998870	0.2238570
0.3880850	0.0025186
0.2975270	-0.2098550
0.1218250	-0.3823550
-0.1254390	-0.4741880
-0.4048180	-0.4528100
-0.6614340	-0.3116570
-0.8458190	-0.0748059
-0.9315240	0.2148810
-0.9182400	0.5157230
-0.8198850	0.8013970
-0.6479880	1.0603500
-0.4036620	1.2829500
-0.0842192	1.4483200
0.3012470	1.5227900
0.7203720	1.4729500
1.1205300	1.2845700
1.4460500	0.9738950
1.6587800	0.5826370
1.7484000	0.1600410
1.7266400	-0.2557360
1.6109500	-0.6445320
1.4108600	-0.9962340
1.1272100	-1.2962000
0.7643470	-1.5171300
0.3446790	-1.6253300
-0.0871245	-1.5978100
-0.4753700	-1.4380300
-0.7736770	-1.1784500
-0.9610090	-0.8673480
-1.0430600	-0.5487870
-1.0392700	-0.2491750
-0.9660420	0.0213635
-0.8289530	0.2560270
-0.6291730	0.4385960
-0.3780890	0.5422740
-0.1073570	0.5421890
0.1351120	0.4327690
0.3022360	0.2368620
0.3668850	-0.0008605
0.3302740	-0.2323380
0.2145160	-0.4240710
0.0456663	-0.5629290
-0.1598760	-0.6474920
-0.3959600	-0.6734530
-0.6550520	-0.6257760
-0.9148520	-0.4846970
-1.1352200	-0.2416140
-1.2697200	0.0872034
-1.2849400	0.4600840
-1.1745600	0.8241750
-0.9587790	1.1352700
-0.6701130	1.3701700
-0.3363630	1.5243200
0.0270151	1.5984400
0.4106270	1.5859300
0.7974000	1.4718400
1.1537300	1.2445900
1.4342600	0.9117060
1.5985200	0.5068830
1.6285100	0.0819302
1.5350700	-0.3119340
1.3488900	-0.6411860
1.1030400	-0.8945990
0.8196080	-1.0738100
0.5093370	-1.1786900
0.1829500	-1.1997100
-0.1363990	-1.1238300
-0.4109240	-0.9492100
-0.5997820	-0.6971930
-0.6772280	-0.4112600
-0.6447780	-0.1422020
-0.5287910	0.0710682
-0.3653700	0.2124990
-0.1834200	0.2852540
0.0024519	0.2977950
0.1854340	0.2513780
0.3531930	0.1389910
0.4797620	-0.0435233
0.5305510	-0.2832270
0.4781970	-0.5446630
0.3183120	-0.7788800
0.0737717	-0.9418940
-0.2157080	-1.0104800
-0.5114320	-0.9851690
-0.7886600	-0.8797890
-1.0364500	-0.7064570
-1.2463900	-0.4680450
-1.4007300	-0.1636310
-1.4706100	0.1978450
-1.4273500	0.5872650
-1.2591200	0.9577420
-0.9810620	1.2597500
-0.6310330	1.4593900
-0.2536990	1.5478300
0.1162410	1.5363000
0.4605300	1.4415000
0.7705380	1.2732000
1.0342600	1.0331000
1.2287600	0.7254150
1.3253500	0.3697240
1.3045100	0.0050419
1.1699100	-0.3199370
0.9508360	-0.5647920
0.6906170	-0.7117340
0.4287260	-0.7670290
0.1885810	-0.7495060
-0.0215405	-0.6754330
-0.1970420	-0.5511670
-0.3254540	-0.3785060
-0.3849860	-0.1675410
-0.3552730	0.0542400
-0.2326870	0.2452200
-0.0385510	0.3646000
0.1865410	0.3894000
0.3990860	0.3220720
0.5688080	0.1840040
0.6841170	0.0003627
0.7445930	-0.2123360
0.7479130	-0.4471660
0.6825220	-0.6967080
0.5325520	-0.9411190
0.2916990	-1.1451200
-0.0245774	-1.2679900
-0.3784010	-1.2805600
-0.7219810	-1.1779100
-1.0153100	-0.9789440
-1.2374200	-0.7138410
-1.3844800	-0.4087010
-1.4579900	-0.0783810
-1.4533200	0.2682490
-1.3583800	0.6161690
-1.1637100	0.9361380
-0.8763900	1.1886000
-0.5264440	1.3382700
-0.1599070	1.3697100
0.1777410	1.2931900
0.4569260	1.1368000
0.6683070	0.9308600
0.8145210	0.6956850
0.8970190	0.4409840
0.9089540	0.1757070
0.8399420	-0.0807711
0.6890010	-0.2963620
0.4752350	-0.4362290
0.2371110	-0.4787890
0.0194591	-0.4265880
-0.1436090	-0.3043140
-0.2386610	-0.1453900
-0.2698820	0.0232922
-0.2466700	0.1880250
-0.1722370	0.3427770
-0.0422408	0.4773730
0.1456480	0.5700230
0.3791510	0.5914250
0.6263880	0.5185950
0.8436900	0.3488500
0.9919200	0.1037560
1.0506400	-0.1800310
1.0209800	-0.4667360
0.9164270	-0.7332480
0.7493020	-0.9692920
0.5237140	-1.1675600
0.2400170	-1.3130000
-0.0932141	-1.3809200
-0.4499300	-1.3467000
-0.7885050	-1.2004800
-1.0650000	-0.9562180
-1.2494200	-0.6481600
-1.3342800	-0.3166400
-1.3302900	0.0069602
-1.2533900	0.3062740
-1.1133800	0.5741030
-0.9125860	0.8008130
-0.6549570	0.9673480
-0.3575320	1.0494300
-0.0542408	1.0306100
0.2124850	0.9147360
0.4075630	0.7282510
0.5161130	0.5100320
0.5448790	0.2954210
0.5120640	0.1051450
0.4337020	-0.0541171
0.3167600	-0.1796120
0.1635650	-0.2620370
-0.0168984	-0.2838790
-0.2007460	-0.2286350
-0.3518240	-0.0942979
-0.4347870	0.0992452
-0.4301870	0.3151040
-0.3413860	0.5138900
-0.1888920	0.6682150
0.0031933	0.7678060
0.2185120	0.8129800
0.4496490	0.8029400
0.6894000	0.7289460
0.9201320	0.5783150
1.1108600	0.3465340
1.2258600	0.0481159
1.2396900	-0.2826500
1.1484900	-0.6026900
0.9698280	-0.8759260
0.7315550	-1.0834800
0.4579710	-1.2222200
0.1631320	-1.2942700
-0.1447600	-1.2966400
-0.4526410	-1.2196200
-0.7352230	-1.0555000
-0.9581650	-0.8108440
-1.0908100	-0.5123010
-1.1200500	-0.2006470
-1.0556300	0.0838724
-0.9232440	0.3153060
-0.7506500	0.4860480
-0.5565130	0.5996060
-0.3495550	0.6587790
-0.1371570	0.6589970
0.0645959	0.5922040
0.2285940	0.4581630
0.3252600	0.2740040
0.3366350	0.0737771
0.2661140	-0.1029420
0.1368070	-0.2262560
-0.0203552	-0.2849640
-0.1803620	-0.2839930
-0.3303460	-0.2333560
-0.4649240	-0.1377560
-0.5757020	0.0049973
-0.6444170	0.1957690
-0.6462490	0.4229640
-0.5618980	0.6579400
-0.3899860	0.8617430
-0.1506860	0.9995440
0.1223150	1.0533300
0.3960870	1.0246300
0.6491750	0.9264140
0.8720320	0.7709240
1.0583600	0.5630820
1.1954700	0.3041300
1.2622800	0.0021099
1.2376600	-0.3198110
1.1133700	-0.6248160
0.9022460	-0.8740530
0.6351000	-1.0411000
0.3482360	-1.1196900
0.0698952	-1.1200700
-0.1853890	-1.0573900
-0.4117680	-0.9413590
-0.6017300	-0.7747410
-0.7396330	-0.5611850
-0.8050940	-0.3154370
-0.7843900	-0.0669089
-0.6815160	0.1475390
-0.5203730	0.2975770
-0.3358520	0.3708940
-0.1595960	0.3746100
-0.0099400	0.3262790
0.1077930	0.2416100
0.1923570	0.1280230
0.2370880	-0.0117182
0.2280880	-0.1695690
0.1521320	-0.3247550
0.0085317	-0.4458570
-0.1841980	-0.5022400
-0.3925470	-0.4774500
-0.5808570	-0.3754730
-0.7243450	-0.2158030
-0.8138700	-0.0213382
-0.8502800	0.1919550
-0.8339320	0.4164270
-0.7583420	0.6451810
-0.6134170	0.8625900
-0.3960120	1.0414800
-0.1196030	1.1505300
0.1849080	1.1675300
0.4788290	1.0894900
0.7297440	0.9326320
0.9207640	0.7225130
1.0494200	0.4816030
1.1183600	0.2230330
1.1259400	-0.0457552
1.0644600	-0.3135350
0.9276780	-0.5585870
0.7216060	-0.7512410
0.4698290	-0.8649980
0.2083660	-0.8888240
-0.0272797	-0.8319810
-0.2144450	-0.7180190
-0.3470940	-0.5723220
-0.4294740	-0.4120180
-0.4654990	-0.2449250
-0.4525380	-0.0770691
-0.3845420	0.0783041
-0.2619210	0.1984010
-0.1000730	0.2582130
0.0708347	0.2429140
0.2158510	0.1565640
0.3087600	0.0207647
0.3402370	-0.1358790
0.3157080	-0.2901310
0.2455130	-0.4299190
0.1354420	-0.5504010
-0.0149993	-0.6446580
-0.2055410	-0.6973880
-0.4253040	-0.6875700
-0.6485860	-0.5989880
-0.8406670	-0.4312280
-0.9705580	-0.2030230
-1.0223700	0.0548076
-0.9978960	0.3120910
-0.9094670	0.5490420
-0.7690330	0.7568870
-0.5820040	0.9302730
-0.3501950	1.0585700
-0.0810153	1.1238600
0.2050630	1.1080300
0.4756080	1.0042100
0.6963940	0.8241120
0.8442470	0.5954030
0.9140520	0.3506510
0.9155930	0.1151560
0.8632510	-0.0982843
0.7665680	-0.2850710
0.6286140	-0.4395720
0.4527380	-0.5491340
0.2516490	-0.5968030
0.0507677	-0.5712550
-0.1179700	-0.4766110
-0.2284320	-0.3345090
-0.2705570	-0.1762810
-0.2517260	-0.0302655
-0.1888090	0.0873053
-0.0971094	0.1722410
0.0156468	0.2244960
0.1463450	0.2395660
0.2877480	0.2065850
0.4217630	0.1150720
0.5210660	-0.0346136
0.5590870	-0.2252880
0.5218920	-0.4265390
0.4138500	-0.6061070
0.2533420	-0.7415710
0.0619531	-0.8247820
-0.1449320	-0.8569580
-0.3596420	-0.8393120
-0.5756760	-0.7671620
-0.7792420	-0.6325040
-0.9465580	-0.4332250
-1.0502000	-0.1817020
-1.0707900	0.0943349
-1.0060400	0.3602580
-0.8708570	0.5870600
-0.6886020	0.7597300
-0.4799290	0.8764330
-0.2569740	0.9402590
-0.0263785	0.9506810
0.2023360	0.9017220
0.4106530	0.7883640
0.5730740	0.6160820
0.6668120	0.4056960
0.6826940	0.1889560
0.6295500	-0.0028974
0.5289740	-0.1501630
0.4041930	-0.2481940
0.2709160	-0.3018440
0.1361560	-0.3159250
0.0047861	-0.2894340
-0.1123710	-0.2180380
-0.1962350	-0.1027010
-0.2257410	0.0427000
-0.1887410	0.1914130
-0.0897814	0.3125490
0.0509855	0.3830980
0.2071450	0.3953020
0.3571460	0.3548700
0.4896740	0.2722270
0.6003560	0.1539020
0.6834870	0.0006989
0.7262610	-0.1862680
0.7108680	-0.3968660
0.6236650	-0.6080810
0.4649290	-0.7890050
0.2519300	-0.9120890
0.0127374	-0.9633180
-0.2251300	-0.9446550
-0.4435500	-0.8677260
-0.6345550	-0.7440370
-0.7936770	-0.5792380
-0.9121150	-0.3754860
-0.9746940	-0.1394920
-0.9659430	0.1107660
-0.8801710	0.3468420
-0.7280080	0.5387020
-0.5342460	0.6661270
-0.3280260	0.7250500
-0.1319310	0.7248460
0.0428581	0.6791480
0.1928730	0.5972750
0.3141200	0.4825110
0.3965530	0.3379250
0.4262130	0.1744430
0.3938770	0.0139832
0.3037710	-0.1158460
0.1755120	-0.1925940
0.0372621	-0.2081400
-0.0855820	-0.1700110
-0.1786340	-0.0943576
-0.2386280	0.0040062
-0.2664440	0.1171810
-0.2593230	0.2417880
-0.2089030	0.3712900
-0.1069840	0.4899100
0.0452832	0.5738690
0.2320050	0.6001020
0.4256270	0.5567880
0.5970000	0.4484800
0.7258570	0.2923800
0.8049280	0.1086870
0.8356890	-0.0879465
0.8199780	-0.2900070
0.7545390	-0.4914580
0.6330540	-0.6801950
0.4541680	-0.8354650
0.2291440	-0.9333100
-0.0172488	-0.9568490
-0.2541330	-0.9043670
-0.4556600	-0.7895130
-0.6085880	-0.6335830
-0.7116850	-0.4554680
-0.7684160	-0.2662870
-0.7791970	-0.0718800
-0.7395090	0.1197890
-0.6453740	0.2930610
-0.5017780	0.4261440
-0.3270670	0.4995540
-0.1491780	0.5057760
0.0044545	0.4532510
0.1167680	0.3617940
0.1843250	0.2526740
0.2124440	0.1403050
0.2066370	0.0309895
0.1672430	-0.0713626
0.0913815	-0.1579720
-0.0195222	-0.2129320
-0.1529370	-0.2185560
-0.2851140	-0.1649630
-0.3887340	-0.0570198
-0.4435760	0.0865288
-0.4431740	0.2413380
-0.3933480	0.3874600
-0.3044020	0.5143250
-0.1833150	0.6179680
-0.0318461	0.6937010
0.1482940	0.7308130
0.3477490	0.7142110
0.5459690	0.6324030
0.7154880	0.4861360
0.8318540	0.2912220
0.8827250	0.0731162
0.8701570	-0.1432020
0.8050550	-0.3412430
0.6983850	-0.5138620
0.5558540	-0.6574240
0.3797880	-0.7647460
0.1761780	-0.8230620
-0.0392879	-0.8192150
-0.2417660	-0.7485140
-0.4050080	-0.6206060
-0.5114710	-0.4576650
-0.5580430	-0.2857160
-0.5537200	-0.1248570
-0.5114210	0.0152081
-0.4402080	0.1320130
-0.3435150	0.2229740
-0.2241630	0.2802910
-0.0915292	0.2926070
0.0355182	0.2525300
0.1331520	0.1643570
0.1821300	0.0458997
0.1759800	-0.0775104
0.1222670	-0.1830910
0.0363748	-0.2580670
-0.0674403	-0.2999170
-0.1812320	-0.3102110
-0.3014420	-0.2875680
-0.4221520	-0.2256780
-0.5295920	-0.1182060
-0.6030550	0.0331242
-0.6224980	0.2136800
-0.5778710	0.3985490
-0.4737560	0.5614360
-0.3261370	0.6840560
-0.1537880	0.7599300
0.0294806	0.7907140
0.2164530	0.7786890
0.4016140	0.7217320
0.5744100	0.6148830
0.7168060	0.4573330
0.8079230	0.2592420
0.8330990	0.0426399
0.7911020	-0.1650410
0.6944070	-0.3408690
0.5623740	-0.4732500
0.4122220	-0.5615200
0.2540710	-0.6094650
0.0929896	-0.6182900
-0.0644614	-0.5847230
-0.2051530	-0.5056810
-0.3105680	-0.3857040
-0.3641470	-0.2409470
-0.3598410	-0.0959656
-0.3057280	0.0251865
-0.2200100	0.1077760
-0.1221740	0.1493920
-0.0254559	0.1556880
0.0644584	0.1326880
0.1444500	0.0818110
0.2074500	0.0013873
0.2402420	-0.1067870
0.2280160	-0.2313790
0.1627870	-0.3512910
0.0495931	-0.4423400
-0.0941915	-0.4867320
-0.2461860	-0.4790670
-0.3879800	-0.4251280
-0.5097320	-0.3349460
-0.6078550	-0.2157010
-0.6785110	-0.0698267
-0.7127610	0.1005830
-0.6978180	0.2869640
-0.6239800	0.4710330
-0.4923000	0.6284420
-0.3171640	0.7375330
-0.1215590	0.7874640
0.0719423	0.7803490
0.2484340	0.7263730
0.4015960	0.6359100
0.5285710	0.5145970
0.6236080	0.3648100
0.6760600	0.1918280
0.6747990	0.0092550
0.6160070	-0.1613020
0.5084370	-0.2969950
0.3719020	-0.3826940
0.2296130	-0.4161450
0.0994173	-0.4059880
-0.0103098	-0.3644660
-0.0979668	-0.3003560
-0.1621620	-0.2171960
-0.1970120	-0.1175950
-0.1934020	-0.0095987
-0.1455150	0.0905677
-0.0576844	0.1623620
0.0538990	0.1893210
0.1664340	0.1663540
0.2594650	0.1009560
0.3216260	0.0077087
0.3509820	-0.0997591
0.3495950	-0.2135670
0.3171520	-0.3300580
0.2490000	-0.4438740
0.1403110	-0.5429920
-0.0068059	-0.6093770
-0.1789500	-0.6255920
-0.3536560	-0.5830750
-0.5072590	-0.4863230
-0.6232980	-0.3500880
-0.6960230	-0.1917120
-0.7272150	-0.0240909
-0.7194680	0.1459640
-0.6715560	0.3134910
-0.5796110	0.4693700
-0.4432170	0.5979970
-0.2714650	0.6812470
-0.0838717	0.7064260
0.0952811	0.6727210
0.2457340	0.5915250
0.3574180	0.4804100
0.4302000	0.3550320
0.4681270	0.2245550
0.4730670	0.0933280
0.4428110	-0.0333324
0.3750530	-0.1445160
0.2739370	-0.2245830
0.1536880	-0.2595470
0.0358769	-0.2446410
-0.0584254	-0.1875940
-0.1165240	-0.1051440
-0.1368660	-0.0151511
-0.1253080	0.0702180
-0.0882126	0.1458140
-0.0278502	0.2091580
0.0564622	0.2545970
0.1626480	0.2711830
0.2804510	0.2465410
0.3911200	0.1742520
0.4732350	0.0593959
0.5111190	-0.0819894
0.5002470	-0.2293900
0.4462570	-0.3658700
0.3587830	-0.4823110
0.2450200	-0.5754830
0.1078360	-0.6422700
-0.0504612	-0.6752380
-0.2221100	-0.6635570
-0.3909080	-0.5990300
-0.5353370	-0.4828870
-0.6362640	-0.3281450
-0.6842040	-0.1554820
-0.6813050	0.0147950
-0.6370600	0.1692960
-0.5612290	0.3025050
-0.4592970	0.4122880
-0.3336080	0.4941620
-0.1887620	0.5393390
-0.0364897	0.5384770
0.1044960	0.4885210
0.2143850	0.3974210
0.2802040	0.2828790
0.3004640	0.1655780
0.2834630	0.0613461
0.2407940	-0.0226201
0.1809360	-0.0854481
0.1074920	-0.1267320
0.0228902	-0.1422050
-0.0659579	-0.1246630
-0.1451060	-0.0696320
-0.1968540	0.0185599
-0.2071300	0.1251870
-0.1719840	0.2297170
-0.0987454	0.3137700
-0.0011609	0.3672110
0.1078260	0.3885650
0.2205020	0.3802220
0.3331910	0.3426760
0.4410490	0.2725970
0.5335870	0.1663620
0.5950950	0.0263007
0.6104010	-0.1353800
0.5721900	-0.2984860
0.4847890	-0.4417730
0.3617420	-0.5504740
0.2189750	-0.6195140
0.0684277	-0.6507630
-0.0835644	-0.6470360
-0.2326110	-0.6078130
-0.3709080	-0.5301190
-0.4850330	-0.4138080
-0.5593130	-0.2669660
-0.5828130	-0.1068140
-0.5550870	0.0452240
-0.4865420	0.1713240
-0.3931170	0.2628150
-0.2890200	0.3200430
-0.1825220	0.3472670
-0.0773203	0.3469020
0.0223537	0.3176440
0.1075190	0.2578590
0.1650460	0.1713470
0.1831950	0.0706431
0.1583080	-0.0253073
0.0977711	-0.0980536
0.0169789	-0.1366710
-0.0676914	-0.1403010
-0.1450520	-0.1148870
-0.2104160	-0.0669786
-0.2618210	0.0005149
-0.2947770	0.0874894
-0.3002370	0.1916730
-0.2678720	0.3037900
-0.1925500	0.4071730
-0.0792772	0.4828460
0.0572066	0.5169830
0.1981620	0.5057780
0.3280690	0.4546460
0.4385270	0.3727400
0.5266510	0.2671200
0.5899480	0.1409020
0.6222670	-0.0035289
0.6144510	-0.1592080
0.5595710	-0.3118450
0.4589430	-0.4424860
0.3242910	-0.5342850
0.1741470	-0.5789870
0.0267106	-0.5787650
-0.1060640	-0.5424580
-0.2194330	-0.4792150
-0.3119220	-0.3943190
-0.3801640	-0.2900340
-0.4170020	-0.1703320
-0.4146630	-0.0452732
-0.3707650	0.0689988
-0.2925440	0.1553720
-0.1958150	0.2027890
-0.0990101	0.2104250
-0.0161549	0.1862430
0.0465845	0.1412120
0.0889333	0.0834938
0.1112810	0.0167264
0.1107050	-0.0568130
0.0816138	-0.1311780
0.0206606	-0.1943790
-0.0678751	-0.2311680
-0.1706030	-0.2295180
-0.2690300	-0.1864080
-0.3466360	-0.1089180
-0.3943680	-0.0099354
-0.4111090	0.0983295
-0.3994440	0.2084170
-0.3604630	0.3167030
-0.2918790	0.4188300
-0.1910150	0.5056590
-0.0602943	0.5635170
0.0892294	0.5792000
0.2394650	0.5464520
0.3714050	0.4693760
0.4718460	0.3603430
0.5363470	0.2339060
0.5668500	0.1010390
0.5663180	-0.0324421
0.5347980	-0.1627200
0.4700390	-0.2831880
0.3720880	-0.3823780
0.2480960	-0.4468040
0.1132100	-0.4670990
-0.0137275	-0.4431450
-0.1170930	-0.3844580
-0.1894840	-0.3054910
-0.2316690	-0.2191280
-0.2480690	-0.1328230
-0.2415370	-0.0496926
-0.2115390	0.0269612
-0.1570180	0.0898186
-0.0814781	0.1279230
0.0040244	0.1314830
0.0828430	0.0977826
0.1388200	0.0338658
0.1625570	-0.0461126
0.1537450	-0.1271380
0.1183070	-0.1989180
0.0628449	-0.2571750
-0.0092763	-0.3003530
-0.0973451	-0.3249140
-0.1989760	-0.3233990
-0.3057920	-0.2871930
-0.4029870	-0.2122040
-0.4737550	-0.1032770
-0.5058930	0.0261059
-0.4961940	0.1588890
-0.4497960	0.2809090
-0.3753170	0.3844770
-0.2795740	0.4670460
-0.1657870	0.5266680
-0.0363093	0.5582920
0.1026680	0.5541990
0.2386090	0.5085350
0.3548780	0.4226430
0.4367020	0.3070400
0.4769400	0.1782810
0.4777910	0.0526211
0.4474810	-0.0593264
0.3945700	-0.1535440
0.3241120	-0.2291510
0.2382660	-0.2837560
0.1404370	-0.3116240
0.0392101	-0.3063590
-0.0515357	-0.2661730
-0.1170700	-0.1976640
-0.1480220	-0.1149780
-0.1441340	-0.0345375
-0.1130320	0.0312247
-0.0650762	0.0770332
-0.0081030	0.1030890
0.0542514	0.1104050
0.1198370	0.0971570
0.1835250	0.0590984
0.2350040	-0.0061854
0.2611350	-0.0945083
0.2516320	-0.1937050
0.2042210	-0.2871250
0.1256630	-0.3599210
0.0279694	-0.4039950
-0.0774141	-0.4185100
-0.1833560	-0.4061480
-0.2863480	-0.3684190
-0.3824950	-0.3038500
-0.4638570	-0.2105000
-0.5185520	-0.0907853
-0.5350970	0.0453475
-0.5081360	0.1817510
-0.4415210	0.3014760
-0.3465060	0.3927690
-0.2363300	0.4517840
-0.1210170	0.4805250
-0.0058432	0.4820500
0.1059300	0.4568630
0.2087850	0.4033080
0.2929910	0.3215720
0.3470090	0.2179520
0.3628720	0.1057320
0.3407500	0.0014420
0.2893590	-0.0812726
0.2218100	-0.1361430
0.1497860	-0.1643030
0.0799970	-0.1702790
0.0150603	-0.1572700
-0.0425080	-0.1253830
-0.0868036	-0.0740555
-0.1087370	-0.0065351
-0.1001900	0.0674127
-0.0592361	0.1331530
0.0074316	0.1765280
0.0868077	0.1894470
0.1651360	0.1720230
0.2329510	0.1300690
0.2863390	0.0701223
0.3240680	-0.0041558
0.3433750	-0.0916042
0.3381220	-0.1897970
0.3011230	-0.2911900
0.2291240	-0.3826480
0.1267380	-0.4492950
0.0062360	-0.4803630
-0.1169170	-0.4731460
-0.2298550	-0.4324770
-0.3255880	-0.3664090
-0.4019020	-0.2814430
-0.4573320	-0.1807920
-0.4877790	-0.0667072
-0.4867620	0.0553680
-0.4493480	0.1744950
-0.3768670	0.2761330
-0.2787250	0.3473810
-0.1696770	0.3821100
-0.0641898	0.3825430
0.0283567	0.3563410
0.1046150	0.3115050
0.1642280	0.2528460
0.2056470	0.1824130
0.2243730	0.1031070
0.2152120	0.0222265
0.1768930	-0.0483338
0.1154510	-0.0959325
0.0435499	-0.1126700
-0.0241681	-0.0987600
-0.0766776	-0.0614837
-0.1094640	-0.0106077
-0.1230930	0.0463754
-0.1190490	0.1058600
-0.0963892	0.1658090
-0.0519726	0.2217880
0.0158579	0.2649230
0.1030540	0.2838850
0.1985780	0.2698700
0.2874560	0.2211910
0.3563470	0.1442410
0.3980100	0.0501502
0.4118240	-0.0504228
0.4004940	-0.1507310
0.3658180	-0.2474380
0.3069490	-0.3370890
0.2225090	-0.4128180
0.1148330	-0.4643220
-0.0071824	-0.4816280
-0.1291820	-0.4601580
-0.2361030	-0.4034990
-0.3175360	-0.3218550
-0.3701930	-0.2272300
-0.3961300	-0.1287280
-0.3984690	-0.0310881
-0.3780770	0.0629558
-0.3337990	0.1488610
-0.2659190	0.2184400
-0.1799710	0.2618810
-0.0875772	0.2724570
-0.0032064	0.2505970
0.0612572	0.2042960
0.1005500	0.1454580
0.1161070	0.0846750
0.1125070	0.0279976
0.0932051	-0.0223853
0.0588358	-0.0646087
0.0092549	-0.0939617
-0.0525178	-0.1029460
-0.1178430	-0.0848697
-0.1738440	-0.0384546
-0.2081070	0.0299695
-0.2136570	0.1084700
-0.1909170	0.1844580
-0.1455150	0.2492380
-0.0838309	0.2992260
-0.0096852	0.3334490
0.0754470	0.3497760
0.1691640	0.3431640
0.2646990	0.3076210
0.3504210	0.2405580
0.4131790	0.1463060
0.4434800	0.0359836
0.4390420	-0.0764450
0.4043830	-0.1793450
0.3469870	-0.2664090
0.2729870	-0.3357530
0.1855160	-0.3863400
0.0866701	-0.4148960
-0.0188113	-0.4160150
-0.1214380	-0.3855570
-0.2085570	-0.3248200
-0.2689510	-0.2421980
-0.2974070	-0.1508110
-0.2961700	-0.0635080
-0.2723820	0.0114606
-0.2335190	0.0713513
-0.1841490	0.1162610
-0.1262110	0.1453570
-0.0621724	0.1552050
0.0017845	0.1416530
0.0554918	0.1038780
0.0881283	0.0474153
0.0930669	-0.0163885
0.0709002	-0.0744670
0.0285540	-0.1170330
-0.0247905	-0.1402190
-0.0819989	-0.1448550
-0.1395270	-0.1327660
-0.1954440	-0.1037010
-0.2459050	-0.0554165
-0.2832720	0.0131435
-0.2977680	0.0981066
-0.2818470	0.1894850
-0.2342800	0.2738270
-0.1610540	0.3391620
-0.0724252	0.3790180
0.0217413	0.3929480
0.1151270	0.3836280
0.2046070	0.3530410
0.2871560	0.3008140
0.3568660	0.2260020
0.4048360	0.1308010
0.4224210	0.0231234
0.4057190	-0.0843186
0.3580590	-0.1781930
0.2886680	-0.2493220
0.2083980	-0.2949390
0.1254840	-0.3171510
0.0441453	-0.3191120
-0.0333722	-0.3019860
-0.1033920	-0.2650330
-0.1590880	-0.2086170
-0.1921680	-0.1375910
-0.1970060	-0.0621103
-0.1742560	0.0051844
-0.1312630	0.0539677
-0.0788420	0.0798535
-0.0266079	0.0845150
0.0199811	0.0725321
0.0590916	0.0475325
0.0893900	0.0105747
0.1071610	-0.0381403
0.1062540	-0.0957977
0.0811771	-0.1547440
0.0311757	-0.2036420
-0.0377966	-0.2315930
-0.1148140	-0.2325770
-0.1883750	-0.2072320
-0.2505070	-0.1609440
-0.2979280	-0.0998573
-0.3298810	-0.0278422
-0.3447430	0.0534280
-0.3383890	0.1416310
-0.3058150	0.2307280
-0.2449640	0.3104440
-0.1598530	0.3691770
-0.0605067	0.3985730
0.0405137	0.3967140
0.1327370	0.3678070
0.2105140	0.3187750
0.2722830	0.2553620
0.3173900	0.1805680
0.3432790	0.0963052
0.3454790	0.0066584
0.3205380	-0.0801861
0.2697130	-0.1532680
0.2004860	-0.2028770
0.1245070	-0.2246280
0.0531623	-0.2207810
-0.0063127	-0.1980040
-0.0517115	-0.1632790
-0.0835115	-0.1209410
-0.1014820	-0.0728217
-0.1030940	-0.0210217
-0.0850923	0.0292363
-0.0470367	0.0692775
0.0059867	0.0898570
0.0638014	0.0854386
0.1147380	0.0569079
0.1500990	0.0108220
0.1665590	-0.0442164
0.1651340	-0.1014460
0.1478740	-0.1574140
0.1150600	-0.2102910
0.0651623	-0.2567450
-0.0024077	-0.2901960
-0.0839886	-0.3022020
-0.1705680	-0.2862870
-0.2500860	-0.2415730
-0.3118220	-0.1736160
-0.3499990	-0.0918216
-0.3643150	-0.0052638
-0.3573840	0.0801946
-0.3312940	0.1616730
-0.2860340	0.2365550
-0.2209800	0.2997970
-0.1381610	0.3437380
-0.0445734	0.3609140
0.0485703	0.3480110
0.1295130	0.3081110
0.1902080	0.2495490
0.2283680	0.1821140
0.2461450	0.1132250
0.2467050	0.0466184
0.2314470	-0.0159047
0.1999860	-0.0714278
0.1527500	-0.1143140
0.0939931	-0.1376070
0.0325803	-0.1366450
-0.0204567	-0.1122740
-0.0561636	-0.0712513
-0.0709120	-0.0234119
-0.0665505	0.0225114
-0.0476095	0.0615846
-0.0178162	0.0922676
0.0214427	0.1136530
0.0696889	0.1228480
0.1242970	0.1148290
0.1784820	0.0851158
0.2222530	0.0333578
0.2460360	-0.0348770
0.2446210	-0.1096100
0.2187870	-0.1803570
0.1736380	-0.2398270
0.1150240	-0.2850250
0.0467745	-0.3153690
-0.0293327	-0.3296580
-0.1110990	-0.3245250
-0.1931660	-0.2957980
-0.2664890	-0.2418370
-0.3208560	-0.1663290
-0.3489330	-0.0782745
-0.3491250	0.0110718
-0.3253360	0.0923284
-0.2839530	0.1604780
-0.2303250	0.2142650
-0.1672860	0.2533780
-0.0965533	0.2758890
-0.0216140	0.2781390
0.0505128	0.2572760
0.1103730	0.2145160
0.1496060	0.1565250
0.1645600	0.0936383
0.1575080	0.0359342
0.1346770	-0.0102609
0.1025900	-0.0432061
0.0653540	-0.0636893
0.0247082	-0.0719729
-0.0175590	-0.0662910
-0.0570417	-0.0441498
-0.0863493	-0.0054309
-0.0975946	0.0451887
-0.0861681	0.0985739
-0.0531696	0.1442970
-0.0047755	0.1746170
0.0509841	0.1866660
0.1077330	0.1815780
0.1621400	0.1615350
0.2124820	0.1272110
0.2558690	0.0776390
0.2866350	0.0125804
0.2974890	-0.0645413
0.2828640	-0.1456230
0.2421500	-0.2198800
0.1804650	-0.2777300
0.1063920	-0.3140340
0.0282298	-0.3286150
-0.0486282	-0.3240040
-0.1215660	-0.3023370
-0.1883570	-0.2638750
-0.2447330	-0.2082370
-0.2841370	-0.1372670
-0.3001500	-0.0571180
-0.2899780	0.0223571
-0.2564750	0.0908287
-0.2071620	0.1412770
-0.1508570	0.1718560
-0.0942332	0.1847530
-0.0405749	0.1831240
0.0087066	0.1685610
0.0513531	0.1409730
0.0827598	0.1008440
0.0971355	0.0519102
0.0906560	0.0019045
0.0643249	-0.0395514
0.0243673	-0.0647005
-0.0202701	-0.0705608
-0.0616495	-0.0590974
-0.0953017	-0.0347454
-0.1199260	-0.0012639
-0.1349510	0.0397180
-0.1381560	0.0875075
-0.1254600	0.1396600
-0.0932150	0.1901580
-0.0413814	0.2301940
0.0248678	0.2513520
0.0964473	0.2491130
0.1638260	0.2243400
0.2203570	0.1818220
0.2633200	0.1270810
0.2922860	0.0638346
0.3063970	-0.0061118
0.3029270	-0.0807161
0.2783950	-0.1552540
0.2314950	-0.2217970
0.1655820	-0.2713830
0.0887015	-0.2975960
0.0109029	-0.2991270
-0.0594467	-0.2795990
-0.1179250	-0.2448880
-0.1635680	-0.1999590
-0.1963670	-0.1474630
-0.2149370	-0.0889260
-0.2163300	-0.0272936
-0.1982190	0.0314488
-0.1617790	0.0791830
-0.1129530	0.1087430
-0.0609064	0.1171280
-0.0145523	0.1066100
0.0205860	0.0830112
0.0431653	0.0524212
0.0542164	0.0187300
0.0543957	-0.0164092
0.0425698	-0.0514663
0.0168859	-0.0827278
-0.0225131	-0.1039030
-0.0713262	-0.1082670
-0.1213500	-0.0919927
-0.1632610	-0.0563228
-0.1901640	-0.0070435
-0.1995760	0.0483807
-0.1926920	0.1039710
-0.1717540	0.1565410
-0.1377160	0.2044810
-0.0900429	0.2452890
-0.0287510	0.2740930
0.0429947	0.2845970
0.1179380	0.2720110
0.1864620	0.2359240
0.2400280	0.1810240
0.2740800	0.1151050
0.2885550	0.0457203
0.2858880	-0.0222084
0.2682270	-0.0863399
0.2360360	-0.1448140
0.1891140	-0.1940610
0.1291190	-0.2285010
0.0614359	-0.2426420
-0.0053079	-0.2341520
-0.0620685	-0.2056800
-0.1027540	-0.1640090
-0.1259180	-0.1170790
-0.1337670	-0.0708798
-0.1294350	-0.0282908
-0.1146610	0.0096153
-0.0896018	0.0411420
-0.0547919	0.0625719
-0.0135164	0.0691199
0.0274758	0.0576857
0.0597951	0.0293962
0.0767249	-0.0100142
0.0758273	-0.0524032
0.0591305	-0.0905526
0.0309332	-0.1204070
-0.0050329	-0.1408620
-0.0469724	-0.1516030
-0.0940362	-0.1509570
-0.1439560	-0.1356200
-0.1913970	-0.1026340
-0.2285970	-0.0521816
-0.2481520	0.0109614
-0.2461380	0.0785517
-0.2234570	0.1419520
-0.1845710	0.1951260
-0.1346440	0.2356180
-0.0772344	0.2631330
-0.0141176	0.2771030
0.0528439	0.2753370
0.1195170	0.2549380
0.1789810	0.2148660
0.2234010	0.1581530
0.2471870	0.0919648
0.2492850	0.0252443
0.2330600	-0.0345768
0.2039150	-0.0836311
0.1664420	-0.1212250
0.1231110	-0.1476140
0.0752611	-0.1618840
0.0253612	-0.1617030
-0.0215136	-0.1452030
-0.0584212	-0.1135250
-0.0792487	-0.0719713
-0.0815634	-0.0286705
-0.0676264	0.0084959
-0.0428755	0.0347096
-0.0129966	0.0489597
0.0183315	0.0524577
0.0495340	0.0461645
0.0792946	0.0294618
0.1044840	0.0010281
0.1197490	-0.0387881
0.1193600	-0.0860356
0.1001380	-0.1333490
0.0634128	-0.1723920
0.0145731	-0.1970150
-0.0394736	-0.2050650
-0.0931520	-0.1977530
-0.1434460	-0.1773260
-0.1888630	-0.1449260
-0.2272510	-0.1003430
-0.2544250	-0.0437692
-0.2649540	0.0219008
-0.2547170	0.0901980
-0.2234520	0.1525750
-0.1754290	0.2014480
-0.1177000	0.2327990
-0.0571057	0.2466650
0.0018939	0.2453890
0.0572327	0.2311010
0.1073930	0.2044140
0.1494240	0.1652690
0.1786180	0.1151380
0.1903020	0.0587161
0.1825550	0.0035341
0.1578380	-0.0425157
0.1222770	-0.0741735
0.0830159	-0.0903448
0.0454299	-0.0932473
0.0120378	-0.0859715
-0.0163743	-0.0703638
-0.0385815	-0.0467919
-0.0516221	-0.0158308
-0.0515734	0.0196225
-0.0359528	0.0536744
-0.0059763	0.0790080
0.0330765	0.0898065
0.0737963	0.0840853
0.1096190	0.0638880
0.1368610	0.0333422
0.1545750	-0.0038987
0.1626460	-0.0459400
0.1598390	-0.0918282
0.1434890	-0.1394700
0.1112030	-0.1841420
0.0633176	-0.2190070
0.0042103	-0.2375550
-0.0586664	-0.2363710
-0.1175130	-0.2163660
-0.1668690	-0.1816700
-0.2045390	-0.1370830
-0.2303480	-0.0859634
-0.2439720	-0.0300180
-0.2436720	0.0290842
-0.2270480	0.0877569
-0.1932740	0.1399890
-0.1450730	0.1789590
-0.0888116	0.1998180
-0.0324217	0.2017470
0.0175201	0.1878730
0.0576569	0.1631620
0.0875400	0.1318590
0.1076530	0.0962512
0.1174840	0.0575118
0.1152340	0.0176910
0.0994360	-0.0189299
0.0712018	-0.0464374
0.0352663	-0.0596396
-0.0011560	-0.0565954
-0.0310948	-0.0395376
-0.0503460	-0.0135426
-0.0581713	0.0160870
-0.0559060	0.0458774
-0.0447364	0.0743277
-0.0244553	0.1002990
0.0058262	0.1211530
0.0456049	0.1323350
0.0912593	0.1289590
0.1361810	0.1083900
0.1729170	0.0719902
0.1959860	0.0247494
0.2035110	-0.0269699
0.1966950	-0.0779988
0.1777420	-0.1255090
0.1479130	-0.1681350
0.1072360	-0.2040360
0.0560172	-0.2296330
-0.0031239	-0.2402470
-0.0644476	-0.2323340
-0.1203840	-0.2057460
-0.1642220	-0.1643570
-0.1924380	-0.1145220
-0.2051660	-0.0624164
-0.2046540	-0.0120536
-0.1929960	0.0347675
-0.1709220	0.0768420
-0.1384760	0.1117720
-0.0969597	0.1356140
-0.0504534	0.1444240
-0.0055118	0.1366440
0.0309974	0.1145680
0.0545535	0.0837319
0.0643701	0.0505658
0.0626581	0.0198936
0.0524483	-0.0060820
0.0356613	-0.0268121
0.0128350	-0.0414616
-0.0154207	-0.0477047
-0.0465435	-0.0423515
-0.0753828	-0.0234407
-0.0955535	0.0077558
-0.1020140	0.0463836
-0.0931543	0.0857047
-0.0709923	0.1197520
-0.0394566	0.1451780
-0.0020800	0.1611660
0.0392009	0.1677500
0.0833738	0.1640460
0.1285210	0.1479130
0.1704690	0.1174150
0.2032040	0.0729870
0.2210030	0.0186167
0.2208980	-0.0389861
0.2037870	-0.0928032
0.1734720	-0.1379210
0.1343860	-0.1723920
0.0896735	-0.1961560
0.0409384	-0.2090930
-0.0103461	-0.2098500
-0.0610951	-0.1964510
-0.1061160	-0.1682460
-0.1394950	-0.1276740
-0.1570530	-0.0803707
-0.1581790	-0.0333586
-0.1457850	0.0075626
-0.1244390	0.0395001
-0.0980577	0.0622221
-0.0687619	0.0764035
-0.0375741	0.0818714
-0.0061845	0.0772871
0.0218120	0.0615308
0.0413958	0.0356849
0.0481748	0.0039870
0.0406269	-0.0271562
0.0209399	-0.0515761
-0.0061544	-0.0656015
-0.0357189	-0.0687124
-0.0644806	-0.0623189
-0.0910104	-0.0477632
-0.1143160	-0.0251583
-0.1321750	0.0060389
-0.1407110	0.0452173
-0.1357540	0.0890679
-0.1151170	0.1316690
-0.0801548	0.1663650
-0.0354623	0.1882690
0.0131277	0.1957450
0.0608518	0.1899660
0.1050830	0.1730640
0.1445900	0.1463640
0.1778110	0.1100640
0.2017030	0.0645339
0.2122460	0.0121230
0.2063960	-0.0421014
0.1840940	-0.0914610
0.1488420	-0.1300390
0.1063550	-0.1547680
0.0621848	-0.1658730
0.0199251	-0.1655070
-0.0188784	-0.1557230
-0.0533036	-0.1373320
-0.0814373	-0.1104630
-0.1000110	-0.0762637
-0.1057200	-0.0382692
-0.0973266	-0.0021726
-0.0769755	0.0260644
-0.0496741	0.0425725
-0.0212154	0.0468283
0.0040699	0.0410193
0.0242533	0.0280995
0.0389773	0.0100317
0.0477230	-0.0125114
0.0486945	-0.0388925
0.0393187	-0.0668397
0.0180680	-0.0918472
-0.0137604	-0.1083390
-0.0517122	-0.1119410
-0.0896673	-0.1013470
-0.1222070	-0.0785192
-0.1462890	-0.0471647
-0.1612090	-0.0106621
-0.1671110	0.0290576
-0.1633870	0.0709625
-0.1483290	0.1133100
