jMRUI Data Textfile

Filename: Gln.txt

PointsInDataset: 2048      
DatasetsInFile: 1         
SamplingInterval: 2.5E-1    
ZeroOrderPhase: 0E0       
BeginTime: 0E0       
TransmitterFrequency: 1.2322E8  
MagneticField: 2.9E0     
TypeOfNucleus: 0E0       
NameOfPatient: Gln
DateOfExperiment: 
Spectrometer: 
AdditionalInfo: Gln
SignalNames: Gln.txt;


Signal and FFT
sig(real)	sig(imag)	fft(real)	fft(imag)
Signal 1 out of 1 in file
3.7043000	-0.0693404
3.3105200	-1.5247700
2.3362500	-2.6271900
1.0321900	-3.1655400
-0.2993910	-3.0888800
-1.3969500	-2.4913700
-2.0937400	-1.5531800
-2.3225700	-0.4775850
-2.0920100	0.5453310
-1.4658800	1.3470300
-0.5618420	1.7833000
0.4419580	1.7550400
1.3194300	1.2480300
1.8454400	0.3667740
1.8696900	-0.6707210
1.3786600	-1.5908800
0.5077170	-2.1552300
-0.5085040	-2.2399800
-1.4232100	-1.8645600
-2.0566400	-1.1595500
-2.3305100	-0.2995010
-2.2523300	0.5575900
-1.8752000	1.2952300
-1.2681800	1.8296600
-0.5142860	2.0937000
0.2752930	2.0402700
0.9592540	1.6696400
1.3958800	1.0581100
1.4965500	0.3571510
1.2709500	-0.2506070
0.8307240	-0.6208380
0.3430140	-0.7036580
-0.0420734	-0.5529560
-0.2482180	-0.2847500
-0.2832920	-0.0127191
-0.2043460	0.1984910
-0.0673978	0.3375620
0.1016410	0.4156190
0.2989020	0.4313980
0.5118110	0.3625470
0.6973430	0.1889610
0.7921500	-0.0738020
0.7501220	-0.3625690
0.5786770	-0.5914850
0.3432620	-0.6998380
0.1320440	-0.6889580
0.0028470	-0.6199730
-0.0509132	-0.5716040
-0.0908498	-0.5863540
-0.1869680	-0.6423670
-0.3664290	-0.6701480
-0.5931820	-0.6014100
-0.7911580	-0.4150910
-0.8924390	-0.1490950
-0.8751960	0.1275260
-0.7659620	0.3584290
-0.6089930	0.5263840
-0.4301610	0.6445150
-0.2253930	0.7234380
0.0174731	0.7447060
0.2827160	0.6658210
0.5090370	0.4564300
0.6099980	0.1388740
0.5233990	-0.2002300
0.2567510	-0.4416140
-0.1040150	-0.4915210
-0.4312530	-0.3298390
-0.6154200	-0.0176704
-0.6105850	0.3385990
-0.4397420	0.6407290
-0.1631260	0.8342960
0.1623790	0.9077400
0.5021310	0.8648110
0.8310850	0.6996100
1.1070800	0.3985710
1.2598500	-0.0308679
1.2133600	-0.5298420
0.9312650	-0.9860200
0.4540850	-1.2709300
-0.1016940	-1.2982600
-0.5878050	-1.0670300
-0.8871560	-0.6617890
-0.9580480	-0.2095580
-0.8353130	0.1780610
-0.5936520	0.4421010
-0.3027260	0.5744930
-0.0050599	0.5883810
0.2734350	0.4901440
0.4976090	0.2775600
0.6110820	-0.0358270
0.5550640	-0.3939890
0.3082280	-0.6977990
-0.0821866	-0.8401710
-0.5053280	-0.7585860
-0.8308860	-0.4708560
-0.9675560	-0.0689491
-0.8999120	0.3265440
-0.6821900	0.6223510
-0.3968600	0.7842350
-0.1087000	0.8286010
0.1550500	0.7871340
0.3900440	0.6752660
0.5842640	0.4888980
0.7013530	0.2290560
0.6949660	-0.0694798
0.5448330	-0.3337160
0.2858180	-0.4817580
0.0040758	-0.4683970
-0.2021040	-0.3148460
-0.2727280	-0.0998632
-0.2143030	0.0836411
-0.0873542	0.1779320
0.0367339	0.1832840
0.1185290	0.1414590
0.1639890	0.0953091
0.2024820	0.0561111
0.2499300	0.0023425
0.2877180	-0.0917016
0.2744990	-0.2224070
0.1814640	-0.3469860
0.0226123	-0.4071010
-0.1453150	-0.3692400
-0.2556610	-0.2512160
-0.2745430	-0.1135920
-0.2222140	-0.0208033
-0.1570600	0.0004978
-0.1336190	-0.0240603
-0.1650610	-0.0392884
-0.2170680	-0.0030759
-0.2365170	0.0826463
-0.1927310	0.1749170
-0.1002460	0.2232810
-0.0067031	0.2076990
0.0439004	0.1520400
0.0438713	0.1035080
0.0252868	0.0945846
0.0319013	0.1173540
0.0815892	0.1304140
0.1488910	0.0933546
0.1820040	0.0023039
0.1421820	-0.1012940
0.0360238	-0.1565860
-0.0841411	-0.1256260
-0.1530240	-0.0211483
-0.1349650	0.1006750
-0.0457310	0.1772420
0.0615640	0.1793000
0.1349760	0.1250410
0.1576440	0.0597500
0.1524760	0.0180574
0.1557910	-0.0016590
0.1818840	-0.0313205
0.2070940	-0.1010590
0.1866090	-0.2068940
0.0915676	-0.3045690
-0.0621760	-0.3360750
-0.2167310	-0.2701900
-0.3060390	-0.1270620
-0.2972570	0.0318983
-0.2100190	0.1421350
-0.1001540	0.1748810
-0.0204144	0.1494360
0.0127041	0.1114050
0.0224340	0.0947648
0.0447788	0.0969954
0.0934382	0.0857116
0.1446200	0.0305932
0.1539700	-0.0651884
0.0927482	-0.1595370
-0.0248754	-0.1975450
-0.1452940	-0.1503210
-0.2085240	-0.0375026
-0.1872470	0.0838917
-0.1034540	0.1566520
-0.0107560	0.1597050
0.0441487	0.1174800
0.0522584	0.0765036
0.0430264	0.0677781
0.0557991	0.0837261
0.1047410	0.0868141
0.1646580	0.0425790
0.1888450	-0.0489210
0.1454230	-0.1479930
0.0442669	-0.2011850
-0.0664317	-0.1791060
-0.1320630	-0.0978375
-0.1285410	-0.0077407
-0.0769930	0.0421095
-0.0256075	0.0374459
-0.0126540	0.0055749
-0.0386245	-0.0090236
-0.0682523	0.0188026
-0.0603539	0.0742708
-0.0023294	0.1136440
0.0772939	0.0983606
0.1281450	0.0262257
0.1147720	-0.0642784
0.0432180	-0.1201770
-0.0426637	-0.1112740
-0.0924393	-0.0507396
-0.0845148	0.0161588
-0.0393947	0.0463546
-0.0013200	0.0303078
-0.0027363	-0.0031358
-0.0388714	-0.0115727
-0.0718019	0.0257984
-0.0608116	0.0898378
0.0042435	0.1342490
0.0922383	0.1200690
0.1513200	0.0458569
0.1456280	-0.0493411
0.0808561	-0.1127460
-0.0003357	-0.1145230
-0.0494615	-0.0672268
-0.0464812	-0.0139284
-0.0117386	0.0054546
0.0127986	-0.0160845
-0.0019137	-0.0492104
-0.0483649	-0.0533036
-0.0879433	-0.0104237
-0.0813200	0.0581707
-0.0204866	0.1059900
0.0622528	0.0955588
0.1156850	0.0271855
0.1058530	-0.0595828
0.0401402	-0.1132000
-0.0385825	-0.1059450
-0.0831848	-0.0518845
-0.0754485	0.0059526
-0.0366028	0.0289427
-0.0079730	0.0113256
-0.0171319	-0.0176204
-0.0557242	-0.0188328
-0.0859950	0.0236443
-0.0709944	0.0877078
-0.0052397	0.1280490
0.0778979	0.1099090
0.1282770	0.0362890
0.1144260	-0.0521149
0.0460392	-0.1045810
-0.0331757	-0.0952858
-0.0768249	-0.0397603
-0.0679323	0.0188676
-0.0281377	0.0429456
0.0021674	0.0275045
-0.0030478	0.0012743
-0.0347092	0.0013373
-0.0561666	0.0413712
-0.0331378	0.0982658
0.0370463	0.1278260
0.1196560	0.0980022
0.1653070	0.0145581
0.1446890	-0.0804791
0.0695180	-0.1368830
-0.0158157	-0.1302560
-0.0656178	-0.0770659
-0.0639105	-0.0200386
-0.0323422	0.0045273
-0.0098786	-0.0073073
-0.0204745	-0.0272546
-0.0537661	-0.0202293
-0.0735951	0.0249984
-0.0477248	0.0839207
0.0242239	0.1127830
0.1064210	0.0813062
0.1500680	-0.0030619
0.1273310	-0.0979469
0.0508192	-0.1542420
-0.0357776	-0.1490360
-0.0888121	-0.0991274
-0.0943183	-0.0456309
-0.0743777	-0.0218356
-0.0661857	-0.0288147
-0.0904286	-0.0370361
-0.1334660	-0.0122497
-0.1570690	0.0545928
-0.1283210	0.1366740
-0.0468022	0.1885060
0.0518890	0.1783470
0.1193980	0.1115460
0.1275460	0.0272155
0.0865259	-0.0293265
0.0350448	-0.0377601
0.0102333	-0.0144487
0.0202207	0.0036831
0.0400473	-0.0096890
0.0337061	-0.0481453
-0.0147946	-0.0764732
-0.0853420	-0.0578839
-0.1332880	0.0160844
-0.1204410	0.1157260
-0.0425505	0.1911280
0.0670597	0.2048460
0.1601670	0.1553290
0.2055310	0.0742606
0.2063230	0.0007617
0.1908150	-0.0473502
0.1845740	-0.0832364
0.1864750	-0.1346210
0.1677740	-0.2145510
0.0956374	-0.3027440
-0.0365730	-0.3531710
-0.1956990	-0.3236810
-0.3233580	-0.2065360
-0.3693970	-0.0375060
-0.3209570	0.1234120
-0.2071430	0.2260350
-0.0772308	0.2549120
0.0305579	0.2287540
0.1067500	0.1774460
0.1632490	0.1161890
0.2092270	0.0375349
0.2316270	-0.0728374
0.1978660	-0.2100990
0.0806259	-0.3364320
-0.1134380	-0.3932780
-0.3337700	-0.3338870
-0.5047620	-0.1543930
-0.5627530	0.0985371
-0.4873090	0.3494370
-0.3069470	0.5307530
-0.0776083	0.6104560
0.1490570	0.5943150
0.3450330	0.5058070
0.5017720	0.3625540
0.6105720	0.1688960
0.6476670	-0.0703512
0.5799510	-0.3283140
0.3898980	-0.5477620
0.1013910	-0.6580610
-0.2151510	-0.6100240
-0.4665320	-0.4064200
-0.5772980	-0.1069160
-0.5225680	0.1971970
-0.3336490	0.4230220
-0.0753965	0.5263150
0.1872220	0.5058360
0.4108650	0.3848110
0.5728290	0.1880110
0.6550320	-0.0666309
0.6321050	-0.3572180
0.4781930	-0.6407850
0.1902380	-0.8495850
-0.1902080	-0.9109970
-0.5767820	-0.7825550
-0.8660690	-0.4799160
-0.9798550	-0.0777981
-0.8972880	0.3191400
-0.6582540	0.6188110
-0.3381110	0.7728440
-0.0120045	0.7806840
0.2685920	0.6702420
0.4762820	0.4737740
0.5927950	0.2177410
0.5973410	-0.0688193
0.4722300	-0.3398130
0.2233650	-0.5301560
-0.1016430	-0.5754940
-0.4163740	-0.4446840
-0.6243880	-0.1636550
-0.6597800	0.1877060
-0.5155560	0.5069230
-0.2426920	0.7110620
0.0782994	0.7652270
0.3741550	0.6829760
0.6014490	0.5035940
0.7448870	0.2656810
0.7997590	-0.0041201
0.7575770	-0.2828860
0.6089210	-0.5361260
0.3613700	-0.7137720
0.0559623	-0.7664040
-0.2353980	-0.6732190
-0.4357640	-0.4616640
-0.4984160	-0.2021030
-0.4291030	0.0224696
-0.2803020	0.1541020
-0.1210880	0.1818510
-0.0023509	0.1357400
0.0608386	0.0596140
0.0812929	-0.0166539
0.0762845	-0.0868313
0.0487719	-0.1563180
-0.0122299	-0.2217530
-0.1140810	-0.2612750
-0.2420410	-0.2450050
-0.3573080	-0.1582540
-0.4160400	-0.0186718
-0.3968080	0.1279710
-0.3161010	0.2329300
-0.2191700	0.2738850
-0.1512020	0.2677580
-0.1284010	0.2573750
-0.1290280	0.2809890
-0.1103200	0.3458610
-0.0388766	0.4238790
0.0869541	0.4711420
0.2374630	0.4564170
0.3724340	0.3780650
0.4655390	0.2588550
0.5141240	0.1252820
0.5288040	-0.0106473
0.5137480	-0.1522530
0.4559690	-0.3016200
0.3345970	-0.4405100
0.1445740	-0.5269060
-0.0836579	-0.5140080
-0.2859760	-0.3810310
-0.3908230	-0.1546920
-0.3551340	0.0949361
-0.1875500	0.2836250
0.0554240	0.3499400
0.2967390	0.2780020
0.4712470	0.0948088
0.5437820	-0.1514440
0.5060320	-0.4140180
0.3616490	-0.6558890
0.1165620	-0.8424040
-0.2153440	-0.9312230
-0.5963310	-0.8752350
-0.9552710	-0.6432600
-1.1991600	-0.2472130
-1.2458000	0.2443200
-1.0613500	0.7199680
-0.6802880	1.0636200
-0.1949480	1.1971900
0.2797730	1.1054400
0.6463920	0.8316350
0.8487740	0.4515770
0.8724430	0.0446821
0.7302520	-0.3213530
0.4500460	-0.5900260
0.0746573	-0.7110010
-0.3298840	-0.6447640
-0.6725730	-0.3808970
-0.8544270	0.0409440
-0.8026080	0.5256090
-0.5048830	0.9439120
-0.0232288	1.1753100
0.5241210	1.1513100
1.0043000	0.8771160
1.3134300	0.4219960
1.4012600	-0.1127290
1.2694800	-0.6278060
0.9536820	-1.0451600
0.5060610	-1.3091700
-0.0099483	-1.3812100
-0.5162670	-1.2413000
-0.9213480	-0.9011520
-1.1370700	-0.4188210
-1.1092800	0.1015080
-0.8459120	0.5338490
-0.4236830	0.7720580
0.0352200	0.7684500
0.4065400	0.5486410
0.6054890	0.1953120
0.6062540	-0.1881560
0.4340750	-0.5129330
0.1413310	-0.7219060
-0.2138660	-0.7867610
-0.5749420	-0.6970090
-0.8828850	-0.4557920
-1.0743000	-0.0876274
-1.0927800	0.3506240
-0.9123350	0.7707010
-0.5584920	1.0742900
-0.1099180	1.1881500
0.3257840	1.0941500
0.6518080	0.8360290
0.8162040	0.4981170
0.8223690	0.1684200
0.7132230	-0.0925298
0.5425600	-0.2615920
0.3529710	-0.3417500
0.1716750	-0.3436270
0.0204592	-0.2760140
-0.0747478	-0.1513380
-0.0871899	0.0022034
-0.0055888	0.1368880
0.1493340	0.1990340
0.3237210	0.1545380
0.4505090	0.0097953
0.4806090	-0.1877100
0.4062190	-0.3718970
0.2613070	-0.4906120
0.0992861	-0.5281320
-0.0370161	-0.5045890
-0.1337430	-0.4551660
-0.2027730	-0.4052050
-0.2626960	-0.3584560
-0.3203850	-0.3043930
-0.3672130	-0.2356810
-0.3911610	-0.1597760
-0.3928940	-0.0944700
-0.3906710	-0.0510322
-0.4080600	-0.0195416
-0.4528400	0.0297413
-0.5037570	0.1271500
-0.5173200	0.2790130
-0.4525180	0.4556510
-0.2977990	0.6021140
-0.0820719	0.6661090
0.1379960	0.6255170
0.3060740	0.4981570
0.3914100	0.3289760
0.3962090	0.1650740
0.3436250	0.0360917
0.2585030	-0.0485728
0.1564710	-0.0881459
0.0483460	-0.0779180
-0.0469615	-0.0088058
-0.0956886	0.1190900
-0.0588968	0.2801600
0.0845176	0.4199160
0.3166580	0.4721910
0.5777030	0.3895860
0.7864890	0.1691180
0.8741610	-0.1432170
0.8116120	-0.4720170
0.6157520	-0.7439130
0.3339590	-0.9121420
0.0197965	-0.9621720
-0.2834650	-0.9006260
-0.5437550	-0.7409040
-0.7314040	-0.4986980
-0.8142380	-0.1998790
-0.7660750	0.1092370
-0.5855610	0.3632410
-0.3112540	0.4966790
-0.0184816	0.4728170
0.2052950	0.3047140
0.2950210	0.0540014
0.2332370	-0.1937100
0.0521284	-0.3631080
-0.1866820	-0.4140060
-0.4202380	-0.3451120
-0.6030950	-0.1798390
-0.7090210	0.0516969
-0.7214730	0.3207580
-0.6264630	0.5951970
-0.4174650	0.8311310
-0.1098180	0.9743230
0.2483340	0.9768810
0.5816470	0.8215960
0.8119200	0.5377570
0.8894440	0.1955920
0.8131620	-0.1201980
0.6275770	-0.3435400
0.3990170	-0.4481890
0.1865290	-0.4468080
0.0244547	-0.3725460
-0.0761998	-0.2582230
-0.1144950	-0.1271930
-0.0887176	0.0013080
0.0019143	0.1018380
0.1451050	0.1408480
0.3052470	0.0891102
0.4275830	-0.0584853
0.4587870	-0.2706960
0.3728970	-0.4867950
0.1858930	-0.6412970
-0.0513554	-0.6925710
-0.2778550	-0.6381350
-0.4494700	-0.5082970
-0.5519380	-0.3443010
-0.5943360	-0.1767800
-0.5912810	-0.0182959
-0.5490500	0.1280660
-0.4659650	0.2544130
-0.3448820	0.3421050
-0.2053450	0.3705470
-0.0828666	0.3343270
-0.0129258	0.2544960
-0.0098878	0.1731300
-0.0561907	0.1324690
-0.1107340	0.1518140
-0.1319190	0.2177600
-0.1002750	0.2944120
-0.0259024	0.3462600
0.0631332	0.3578820
0.1418510	0.3375850
0.2032100	0.3043410
0.2567400	0.2694980
0.3137540	0.2278650
0.3721310	0.1647200
0.4135790	0.0724275
0.4161160	-0.0373719
0.3721960	-0.1367190
0.2979830	-0.1983800
0.2255660	-0.2146600
0.1827660	-0.2036940
0.1748330	-0.1978180
0.1813520	-0.2218170
0.1707820	-0.2764190
0.1222290	-0.3386560
0.0389426	-0.3783960
-0.0556363	-0.3786950
-0.1354860	-0.3452580
-0.1896420	-0.2988570
-0.2267740	-0.2574900
-0.2640240	-0.2224920
-0.3095690	-0.1793830
-0.3531160	-0.1124680
-0.3722270	-0.0214098
-0.3499340	0.0737616
-0.2900620	0.1439420
-0.2180140	0.1707190
-0.1655290	0.1599660
-0.1500180	0.1388310
-0.1633770	0.1378480
-0.1783590	0.1708560
-0.1677650	0.2269980
-0.1224650	0.2800890
-0.0554526	0.3078720
0.0101944	0.3066740
0.0596006	0.2909260
0.0964134	0.2787480
0.1374610	0.2753950
0.1963120	0.2678060
0.2689440	0.2347090
0.3331790	0.1645750
0.3629520	0.0674230
0.3469840	-0.0291092
0.2977500	-0.0971450
0.2436710	-0.1268590
0.2099150	-0.1322210
0.2017180	-0.1399300
0.2022890	-0.1696820
0.1865300	-0.2202320
0.1401640	-0.2712220
0.0700607	-0.2989120
-0.0015308	-0.2936820
-0.0539654	-0.2661520
-0.0831491	-0.2376870
-0.1030560	-0.2230070
-0.1328920	-0.2185810
-0.1800940	-0.2058830
-0.2325920	-0.1670640
-0.2666980	-0.1009020
-0.2649520	-0.0264591
-0.2304400	0.0289187
-0.1864760	0.0487184
-0.1613780	0.0394010
-0.1691840	0.0264446
-0.2002520	0.0370119
-0.2284170	0.0817616
-0.2291750	0.1487810
-0.1954700	0.2134610
-0.1398460	0.2563050
-0.0822595	0.2751030
-0.0336539	0.2826230
0.0116587	0.2923790
0.0689007	0.3042360
0.1467290	0.3017390
0.2350920	0.2639110
0.3072570	0.1828850
0.3355640	0.0738429
0.3098640	-0.0309216
0.2452320	-0.1003320
0.1731430	-0.1225490
0.1222670	-0.1101240
0.1024580	-0.0891348
0.1028210	-0.0807489
0.1041220	-0.0887728
0.0952667	-0.1017190
0.0810233	-0.1066100
0.0754055	-0.1028510
0.0865005	-0.1047380
0.1053370	-0.1302270
0.1083930	-0.1845550
0.0728369	-0.2517100
-0.0064051	-0.3011540
-0.1105550	-0.3058570
-0.2068400	-0.2590490
-0.2676550	-0.1778070
-0.2856120	-0.0911231
-0.2742130	-0.0212986
-0.2545470	0.0279044
-0.2385950	0.0683838
-0.2217730	0.1133530
-0.1898610	0.1633160
-0.1342840	0.2035410
-0.0632335	0.2150950
0.0005940	0.1907990
0.0345186	0.1434860
0.0319214	0.0995978
0.0076085	0.0822974
-0.0118851	0.0963108
-0.0062079	0.1256380
0.0256767	0.1457780
0.0665741	0.1413790
0.0951907	0.1163130
0.1024910	0.0889779
0.0979915	0.0767941
0.1014650	0.0818753
0.1266120	0.0888204
0.1692820	0.0762435
0.2092580	0.0332145
0.2242970	-0.0319070
0.2057720	-0.0969311
0.1641430	-0.1414040
0.1202200	-0.1604440
0.0890421	-0.1663830
0.0687850	-0.1771000
0.0432752	-0.2001110
-0.0037234	-0.2248130
-0.0733388	-0.2291260
-0.1472760	-0.1959060
-0.1980620	-0.1269590
-0.2066820	-0.0441562
-0.1748940	0.0234030
-0.1234590	0.0569530
-0.0779124	0.0578358
-0.0525671	0.0429749
-0.0443255	0.0302838
-0.0400989	0.0255581
-0.0311545	0.0208153
-0.0225226	0.0048756
-0.0296361	-0.0227193
-0.0645012	-0.0461354
-0.1221650	-0.0414096
-0.1785250	0.0068766
-0.2023230	0.0925090
-0.1735850	0.1880870
-0.0957938	0.2593240
0.0065597	0.2835650
0.1029450	0.2600220
0.1734260	0.2054890
0.2155150	0.1399760
0.2376760	0.0736674
0.2460890	0.0048437
0.2361580	-0.0706713
0.1960230	-0.1472440
0.1195020	-0.2054240
0.0179327	-0.2208740
-0.0794305	-0.1806530
-0.1385390	-0.0949847
-0.1390710	0.0047548
-0.0858322	0.0814513
-0.0052585	0.1110930
0.0703121	0.0927233
0.1195680	0.0437288
0.1391210	-0.0147662
0.1371260	-0.0709940
0.1203790	-0.1247910
0.0861198	-0.1786810
0.0254197	-0.2264400
-0.0646418	-0.2497610
-0.1703030	-0.2272230
-0.2617170	-0.1497810
-0.3063190	-0.0312299
-0.2866850	0.0949520
-0.2107110	0.1914270
-0.1070250	0.2353680
-0.0088155	0.2274360
0.0628021	0.1862040
0.1050130	0.1332110
0.1263910	0.0800567
0.1338650	0.0265084
0.1246550	-0.0304407
0.0897116	-0.0852622
0.0256293	-0.1207080
-0.0551448	-0.1165620
-0.1251450	-0.0644596
-0.1548850	0.0224902
-0.1297120	0.1133080
-0.0588110	0.1746030
0.0301054	0.1878310
0.1068040	0.1568990
0.1541710	0.1016550
0.1731670	0.0428441
0.1749550	-0.0101560
0.1675720	-0.0603038
0.1481050	-0.1131350
0.1065200	-0.1651580
0.0377806	-0.2005980
-0.0478795	-0.1999750
-0.1256090	-0.1545290
-0.1683340	-0.0754743
-0.1626580	0.0095509
-0.1169710	0.0711586
-0.0558772	0.0941275
-0.0048664	0.0836885
0.0239321	0.0583452
0.0351862	0.0351531
0.0415299	0.0185725
0.0501249	0.0008258
0.0554150	-0.0273653
0.0437439	-0.0647781
0.0060956	-0.0964339
-0.0512649	-0.1022470
-0.1070720	-0.0714086
-0.1368640	-0.0116427
-0.1281080	0.0539438
-0.0877315	0.1005750
-0.0366449	0.1163830
0.0046279	0.1075500
0.0286495	0.0907550
0.0430248	0.0790894
0.0607871	0.0722688
0.0871227	0.0584325
0.1129860	0.0258300
0.1207430	-0.0249329
0.0976702	-0.0778809
0.0469957	-0.1106640
-0.0121087	-0.1091660
-0.0559491	-0.0769801
-0.0709419	-0.0327439
-0.0608778	0.0026526
-0.0417864	0.0194939
-0.0286570	0.0235109
-0.0242602	0.0282601
-0.0185080	0.0419125
0.0013941	0.0589339
0.0380861	0.0633065
0.0787177	0.0410275
0.1017090	-0.0075949
0.0909894	-0.0653723
0.0473466	-0.1077400
-0.0114818	-0.1176940
-0.0620354	-0.0954973
-0.0894681	-0.0564289
-0.0946844	-0.0187470
-0.0896039	0.0088156
-0.0849076	0.0306991
-0.0801976	0.0570132
-0.0644171	0.0912775
-0.0262768	0.1235150
0.0334970	0.1347190
0.0979617	0.1099240
0.1418010	0.0503167
0.1461790	-0.0248231
0.1102050	-0.0882313
0.0509352	-0.1199350
-0.0078307	-0.1171190
-0.0497192	-0.0921488
-0.0728439	-0.0611105
-0.0854296	-0.0320368
-0.0944514	-0.0017246
-0.0969262	0.0369531
-0.0811666	0.0836962
-0.0372996	0.1251250
0.0311746	0.1402550
0.1042650	0.1138970
0.1542480	0.0483849
0.1609030	-0.0351918
0.1228450	-0.1076800
0.0572451	-0.1473480
-0.0114935	-0.1497140
-0.0657674	-0.1256140
-0.1017020	-0.0900871
-0.1249790	-0.0511337
-0.1401350	-0.0068896
-0.1427120	0.0472466
-0.1210990	0.1080320
-0.0669923	0.1597320
0.0137474	0.1803040
0.0989164	0.1548620
0.1593890	0.0868630
0.1744320	-0.0013870
0.1426510	-0.0798756
0.0812464	-0.1263450
0.0145267	-0.1357980
-0.0399023	-0.1183330
-0.0777392	-0.0881517
-0.1037350	-0.0527286
-0.1213260	-0.0103597
-0.1253450	0.0427339
-0.1042490	0.1022950
-0.0504704	0.1520150
0.0292785	0.1700610
0.1124690	0.1423430
0.1704430	0.0730772
0.1834220	-0.0153223
0.1507810	-0.0935622
0.0897196	-0.1405360
0.0236809	-0.1521370
-0.0310303	-0.1385580
-0.0711931	-0.1132440
-0.1019750	-0.0824770
-0.1265620	-0.0434364
-0.1391910	0.0084172
-0.1276790	0.0693215
-0.0837836	0.1234340
-0.0132384	0.1494130
0.0629403	0.1333450
0.1179800	0.0787843
0.1337230	0.0063027
0.1100710	-0.0575995
0.0631218	-0.0947427
0.0137191	-0.1030430
-0.0251393	-0.0930832
-0.0532052	-0.0769986
-0.0774885	-0.0586153
-0.1016370	-0.0323202
-0.1191960	0.0089234
-0.1165130	0.0632754
-0.0833355	0.1161840
-0.0229296	0.1468600
0.0464644	0.1409070
0.1006820	0.1000380
0.1231980	0.0416225
0.1137590	-0.0118008
0.0861737	-0.0456567
0.0573092	-0.0599059
0.0356070	-0.0648868
0.0175056	-0.0702867
-0.0061050	-0.0760800
-0.0389737	-0.0724914
-0.0730606	-0.0489100
-0.0920077	-0.0046658
-0.0822368	0.0469921
-0.0434121	0.0852968
0.0097302	0.0944660
0.0558455	0.0733311
0.0797644	0.0351610
0.0804642	-0.0020197
0.0687646	-0.0273486
0.0569957	-0.0425389
0.0488100	-0.0571516
0.0369859	-0.0778634
0.0107915	-0.1004120
-0.0329611	-0.1107870
-0.0839849	-0.0950975
-0.1227360	-0.0507701
-0.1321420	0.0094451
-0.1084780	0.0639814
-0.0635408	0.0950104
-0.0166521	0.0981519
0.0175318	0.0826503
0.0365540	0.0624758
0.0479296	0.0454798
0.0595763	0.0289158
0.0708653	0.0044963
0.0716324	-0.0313526
0.0502021	-0.0705053
0.0043399	-0.0954830
-0.0534895	-0.0900706
-0.1011430	-0.0506969
-0.1190900	0.0097942
-0.1015180	0.0689465
-0.0585937	0.1073910
-0.0086615	0.1186060
0.0336046	0.1092900
0.0644534	0.0909758
0.0889241	0.0699381
0.1118950	0.0433352
0.1300880	0.0043820
0.1319170	-0.0479228
0.1058200	-0.1027390
0.0508668	-0.1405850
-0.0187191	-0.1443300
-0.0792616	-0.1103840
-0.1101980	-0.0519753
-0.1050480	0.0080354
-0.0733932	0.0499242
-0.0329732	0.0666684
0.0019762	0.0641611
0.0276783	0.0529519
0.0485835	0.0385402
0.0686896	0.0179053
0.0840650	-0.0152613
0.0831205	-0.0611991
0.0549450	-0.1086090
-0.0005374	-0.1382610
-0.0686667	-0.1339160
-0.1261120	-0.0929934
-0.1533000	-0.0292274
-0.1448170	0.0348534
-0.1107760	0.0805008
-0.0686363	0.1017600
-0.0317277	0.1051350
-0.0027722	0.1011040
0.0234716	0.0945832
0.0514178	0.0817808
0.0773248	0.0556160
0.0897144	0.0149947
0.0776072	-0.0299171
0.0403232	-0.0613102
-0.0089604	-0.0642794
-0.0492589	-0.0368409
-0.0636724	0.0079807
-0.0489218	0.0497612
-0.0159459	0.0727318
0.0185501	0.0738887
0.0432184	0.0618159
0.0578166	0.0478047
0.0698588	0.0364294
0.0854411	0.0228153
0.1018640	-0.0015658
0.1081150	-0.0394443
0.0930519	-0.0824179
0.0550217	-0.1143800
0.0053152	-0.1216160
-0.0376182	-0.1022240
-0.0593540	-0.0678162
-0.0581058	-0.0360601
-0.0446284	-0.0193661
-0.0336715	-0.0178348
-0.0334210	-0.0213187
-0.0406799	-0.0186428
-0.0450642	-0.0067755
-0.0386229	0.0070241
-0.0232464	0.0115537
-0.0100319	0.0014348
-0.0110107	-0.0174056
-0.0295604	-0.0309708
-0.0569123	-0.0269088
-0.0776037	-0.0034754
-0.0799690	0.0290065
-0.0639344	0.0553474
-0.0403806	0.0660270
-0.0226519	0.0632662
-0.0166464	0.0582339
-0.0169166	0.0616686
-0.0116034	0.0751198
0.0076738	0.0894718
0.0385744	0.0918400
0.0690009	0.0755645
0.0855810	0.0456810
0.0832751	0.0156851
0.0688638	-0.0020004
0.0557086	-0.0046929
0.0537658	-0.0007648
0.0623971	-0.0026970
0.0713616	-0.0172057
0.0691513	-0.0399600
0.0522659	-0.0588901
0.0283255	-0.0635466
0.0106046	-0.0533688
0.0080920	-0.0385332
0.0185828	-0.0326611
0.0300457	-0.0428167
0.0292770	-0.0642770
0.0113902	-0.0839609
-0.0169102	-0.0899002
-0.0426034	-0.0796352
-0.0560763	-0.0613035
-0.0579021	-0.0467679
-0.0575968	-0.0421545
-0.0654230	-0.0430848
-0.0836134	-0.0382596
-0.1038200	-0.0186540
-0.1128530	0.0147257
-0.1024590	0.0505247
-0.0757570	0.0745528
-0.0454478	0.0795991
-0.0250571	0.0702597
-0.0196914	0.0592214
-0.0231229	0.0578364
-0.0232262	0.0680524
-0.0115262	0.0816565
0.0104069	0.0872108
0.0324930	0.0792456
0.0443040	0.0626304
0.0435005	0.0487737
0.0379952	0.0465751
0.0400851	0.0550836
0.0569348	0.0635612
0.0846120	0.0590542
0.1102510	0.0358864
0.1208240	0.0000010
0.1120480	-0.0350746
0.0908765	-0.0576087
0.0698548	-0.0654016
0.0577249	-0.0662084
0.0533855	-0.0707498
0.0476844	-0.0837965
0.0315069	-0.1002030
0.0038275	-0.1089190
-0.0265599	-0.1018880
-0.0470843	-0.0809510
-0.0507131	-0.0573743
-0.0414868	-0.0441649
-0.0320129	-0.0468223
-0.0346698	-0.0593934
-0.0529830	-0.0687554
-0.0794802	-0.0639204
-0.1014590	-0.0434608
-0.1101990	-0.0156659
-0.1066590	0.0084269
-0.0995018	0.0236201
-0.0971773	0.0341248
-0.1003480	0.0494002
-0.1006440	0.0755278
-0.0868857	0.1088710
-0.0541314	0.1371000
-0.0086795	0.1470940
0.0349388	0.1340220
0.0629578	0.1048960
0.0709018	0.0739780
0.0655326	0.0534128
0.0590331	0.0459241
0.0599726	0.0447198
0.0678445	0.0402706
0.0750727	0.0284777
0.0745902	0.0138442
0.0668178	0.0052406
0.0603712	0.0076614
0.0656913	0.0165581
0.0863303	0.0194727
0.1145960	0.0041740
0.1351470	-0.0324980
0.1342610	-0.0815693
0.1082650	-0.1269720
0.0652303	-0.1551150
0.0189896	-0.1621950
-0.0199070	-0.1542850
-0.0496174	-0.1407280
-0.0751513	-0.1262730
-0.1012380	-0.1081220
-0.1259530	-0.0800240
-0.1404690	-0.0399690
-0.1354290	0.0049234
-0.1091710	0.0406567
-0.0713305	0.0546599
-0.0386031	0.0442980
-0.0252421	0.0193436
-0.0347971	-0.0035737
-0.0587859	-0.0107465
-0.0829705	0.0013662
-0.0964831	0.0261800
-0.0972353	0.0536108
-0.0901370	0.0778310
-0.0802347	0.1001770
-0.0666940	0.1252640
-0.0427171	0.1538140
-0.0016834	0.1783620
0.0552622	0.1858710
0.1163700	0.1658950
0.1640300	0.1184990
0.1843020	0.0559720
0.1747390	-0.0032670
0.1451330	-0.0445771
0.1107950	-0.0641002
0.0833105	-0.0683713
0.0652218	-0.0674702
0.0519170	-0.0672306
0.0384646	-0.0663494
0.0255268	-0.0601607
0.0194555	-0.0475325
0.0264409	-0.0348773
0.0454432	-0.0335268
0.0658400	-0.0519630
0.0723021	-0.0886081
0.0539374	-0.1307970
0.0113595	-0.1611810
-0.0433638	-0.1674070
-0.0938794	-0.1484850
-0.1287840	-0.1136960
-0.1465710	-0.0752717
-0.1533070	-0.0404618
-0.1554820	-0.0087161
-0.1539430	0.0244558
-0.1436580	0.0605752
-0.1193110	0.0941516
-0.0820432	0.1150800
-0.0416220	0.1159060
-0.0117491	0.0983976
-0.0015460	0.0741206
-0.0093427	0.0580674
-0.0234314	0.0595685
-0.0294433	0.0768353
-0.0192110	0.0989028
0.0050349	0.1133930
0.0337734	0.1143980
0.0578715	0.1049100
0.0748854	0.0925072
0.0893506	0.0820610
0.1072050	0.0713797
0.1290520	0.0532304
0.1478400	0.0221191
0.1530940	-0.0195995
0.1386620	-0.0613263
0.1081050	-0.0902720
0.0734032	-0.0997448
0.0476353	-0.0936140
0.0367408	-0.0835977
0.0362525	-0.0812624
0.0352336	-0.0904705
0.0243940	-0.1056070
0.0023993	-0.1165730
-0.0240906	-0.1165480
-0.0463080	-0.1066130
-0.0603996	-0.0939206
-0.0700794	-0.0850924
-0.0828971	-0.0802181
-0.1031230	-0.0723062
-0.1269350	-0.0527859
-0.1439080	-0.0189136
-0.1439850	0.0226740
-0.1248740	0.0592292
-0.0943224	0.0798601
-0.0654398	0.0825081
-0.0483417	0.0749081
-0.0440778	0.0689038
-0.0450691	0.0723304
-0.0414411	0.0843429
-0.0283444	0.0973500
-0.0088126	0.1037050
0.0097322	0.1018020
0.0223026	0.0968511
0.0309498	0.0958368
0.0433722	0.1007370
0.0664554	0.1055110
0.0996922	0.0995184
0.1336980	0.0751070
0.1553030	0.0338007
0.1557780	-0.0135901
0.1363420	-0.0532125
0.1070420	-0.0763925
0.0799115	-0.0840494
0.0614453	-0.0843900
0.0497475	-0.0859395
0.0380612	-0.0912986
0.0215674	-0.0962392
0.0019726	-0.0945178
-0.0137314	-0.0843404
-0.0193252	-0.0711596
-0.0153948	-0.0643491
-0.0103981	-0.0700978
-0.0155484	-0.0859193
-0.0370367	-0.1011330
-0.0712536	-0.1032930
-0.1065850	-0.0861086
-0.1305750	-0.0532504
-0.1373580	-0.0154491
-0.1301560	0.0168275
-0.1173930	0.0396848
-0.1056700	0.0566337
-0.0950817	0.0737378
-0.0803295	0.0931838
-0.0565243	0.1104850
-0.0249077	0.1176090
0.0062517	0.1096410
0.0266097	0.0897443
0.0310087	0.0683376
0.0235995	0.0567414
0.0155755	0.0597464
0.0179608	0.0724803
0.0345524	0.0838436
0.0599892	0.0839966
0.0841231	0.0704828
0.0992518	0.0487171
0.1048010	0.0268528
0.1061520	0.0092222
0.1088630	-0.0065330
0.1130470	-0.0265035
0.1124710	-0.0541774
0.0992619	-0.0858491
0.0706628	-0.1116210
0.0325841	-0.1215790
-0.0030104	-0.1127000
-0.0252629	-0.0913756
-0.0310679	-0.0695524
-0.0264761	-0.0572054
-0.0219603	-0.0564839
-0.0251185	-0.0615831
-0.0361466	-0.0640944
-0.0491776	-0.0595723
-0.0580807	-0.0503177
-0.0619734	-0.0424274
-0.0660316	-0.0396483
-0.0769112	-0.0390654
-0.0963501	-0.0322579
-0.1180490	-0.0113316
-0.1305460	0.0245899
-0.1243080	0.0673484
-0.0980118	0.1039250
-0.0595260	0.1239780
-0.0209150	0.1254650
0.0088583	0.1145170
0.0283169	0.1000150
0.0420547	0.0871379
0.0550706	0.0747404
0.0675518	0.0582945
0.0743174	0.0357627
0.0694016	0.0114842
0.0521544	-0.0053226
0.0299121	-0.0066521
0.0147657	0.0080398
0.0163893	0.0301938
0.0359203	0.0465954
0.0652255	0.0469630
0.0920184	0.0294533
0.1071060	0.0004421
0.1086620	-0.0308375
0.1008360	-0.0585326
0.0883417	-0.0826204
0.0716370	-0.1060370
0.0466709	-0.1291790
0.0094541	-0.1465670
-0.0382137	-0.1487780
-0.0866431	-0.1286570
-0.1219780	-0.0873250
-0.1335870	-0.0353860
-0.1201190	0.0119042
-0.0900489	0.0424243
-0.0564237	0.0527365
-0.0295891	0.0479078
-0.0129039	0.0362998
-0.0039731	0.0235590
0.0003058	0.0102989
-0.0006193	-0.0051723
-0.0109025	-0.0218045
-0.0337732	-0.0330482
-0.0662226	-0.0292290
-0.0974904	-0.0038287
-0.1132620	0.0408064
-0.1032190	0.0927355
-0.0669460	0.1356610
-0.0141848	0.1568930
0.0406502	0.1528700
0.0858354	0.1289220
0.1166570	0.0940698
0.1342910	0.0551041
0.1410190	0.0142901
0.1361660	-0.0280989
0.1163060	-0.0691502
0.0796261	-0.1010250
0.0307869	-0.1136120
-0.0180925	-0.1007220
-0.0519652	-0.0654050
-0.0603882	-0.0201883
-0.0431098	0.0184665
-0.0099311	0.0381219
0.0250131	0.0356448
0.0506043	0.0166736
0.0628827	-0.0097243
0.0637633	-0.0369485
0.0562066	-0.0630758
0.0402062	-0.0883143
0.0129866	-0.1104740
-0.0267970	-0.1227870
-0.0744783	-0.1164950
-0.1186150	-0.0867378
-0.1454660	-0.0374025
-0.1461390	0.0189938
-0.1215900	0.0668804
-0.0819942	0.0952200
-0.0408732	0.1021780
-0.0080053	0.0940213
0.0141944	0.0795040
0.0288541	0.0640415
0.0394639	0.0478156
0.0457337	0.0286855
0.0437983	0.0070259
0.0304657	-0.0118235
0.0078900	-0.0198414
-0.0154191	-0.0118586
-0.0285835	0.0098720
-0.0247954	0.0357866
-0.0056277	0.0541380
0.0199756	0.0577384
0.0414068	0.0476510
0.0527890	0.0313447
0.0556121	0.0168316
0.0559922	0.0071536
0.0589061	-0.0008326
0.0638850	-0.0127538
0.0653892	-0.0311898
0.0574246	-0.0526977
0.0387087	-0.0697217
0.0143044	-0.0759052
-0.0076105	-0.0706870
-0.0213999	-0.0595935
-0.0277150	-0.0499431
-0.0324107	-0.0452183
-0.0413975	-0.0424388
-0.0553288	-0.0346414
-0.0682328	-0.0167053
-0.0712910	0.0098151
-0.0591214	0.0365351
-0.0340209	0.0530296
-0.0050915	0.0532136
0.0171016	0.0388284
0.0264886	0.0177337
0.0239296	-0.0014759
0.0147504	-0.0144215
0.0037129	-0.0219207
-0.0084395	-0.0266832
-0.0241382	-0.0287896
-0.0446580	-0.0239565
-0.0660148	-0.0063652
-0.0788207	0.0258603
-0.0728998	0.0667477
-0.0437841	0.1034920
0.0034307	0.1222800
0.0557206	0.1153030
0.0983289	0.0844475
0.1214850	0.0394353
0.1234400	-0.0079206
0.1084580	-0.0491961
0.0820363	-0.0810252
0.0474201	-0.1026100
0.0059957	-0.1119830
-0.0392174	-0.1047800
-0.0804971	-0.0770633
-0.1061660	-0.0302292
-0.1056370	0.0260348
-0.0757580	0.0757550
-0.0240412	0.1031780
0.0337601	0.1000000
0.0805260	0.0688570
0.1048940	0.0210484
0.1044500	-0.0296443
0.0837256	-0.0728224
0.0493401	-0.1034890
0.0063230	-0.1199020
-0.0418532	-0.1201260
-0.0903129	-0.1008890
-0.1302670	-0.0601726
-0.1501150	-0.0015679
-0.1404480	0.0634569
-0.0999448	0.1180900
-0.0379406	0.1468230
0.0285818	0.1424050
0.0821212	0.1087920
0.1116690	0.0583632
0.1155580	0.0054489
0.0990825	-0.0395486
0.0694171	-0.0720294
0.0318244	-0.0908794
-0.0103547	-0.0948853
-0.0527940	-0.0814533
-0.0876945	-0.0489788
-0.1047650	-0.0009154
-0.0958931	0.0521856
-0.0605331	0.0951922
-0.0078230	0.1146770
0.0465926	0.1052410
0.0874291	0.0718072
0.1061540	0.0264654
0.1031070	-0.0179516
0.0845834	-0.0533008
0.0575584	-0.0773772
0.0260500	-0.0910339
-0.0085414	-0.0942352
-0.0441328	-0.0846128
-0.0750945	-0.0598026
-0.0928524	-0.0215684
-0.0901516	0.0219672
-0.0660864	0.0584309
-0.0280604	0.0768493
0.0111650	0.0732468
0.0396992	0.0524022
0.0520252	0.0245688
0.0502862	-0.0005405
0.0408940	-0.0183967
0.0292741	-0.0300150
0.0166823	-0.0383831
0.0012007	-0.0441734
-0.0183134	-0.0442943
-0.0388413	-0.0344387
-0.0534107	-0.0135395
-0.0550700	0.0135679
-0.0417667	0.0376953
-0.0184029	0.0502924
0.0056758	0.0484255
0.0221428	0.0361814
0.0282950	0.0214931
0.0276146	0.0107149
0.0260846	0.0048651
0.0271575	0.0001392
0.0291795	-0.0079419
0.0271190	-0.0200792
0.0171385	-0.0319273
0.0003899	-0.0370025
-0.0169716	-0.0315420
-0.0276585	-0.0175783
-0.0281335	-0.0018361
-0.0208439	0.0087747
-0.0121361	0.0117186
-0.0074439	0.0100564
-0.0073899	0.0094696
-0.0077329	0.0134053
-0.0031637	0.0200783
0.0079799	0.0236492
0.0217195	0.0187234
0.0307595	0.0047794
0.0294686	-0.0128371
0.0178498	-0.0261622
0.0015778	-0.0297467
-0.0118853	-0.0239323
-0.0181844	-0.0139529
-0.0183770	-0.0056875
-0.0170750	-0.0013644
-0.0180272	0.0015261
-0.0206723	0.0073789
-0.0203993	0.0180006
-0.0123685	0.0301070
0.0040424	0.0368918
0.0236548	0.0326533
0.0381547	0.0170881
0.0412101	-0.0039728
0.0323879	-0.0220110
0.0170822	-0.0310039
0.0026009	-0.0306492
-0.0066419	-0.0254455
-0.0113204	-0.0205485
-0.0153347	-0.0176854
-0.0215614	-0.0142516
-0.0286780	-0.0061891
-0.0316448	0.0077107
-0.0255636	0.0235709
-0.0099729	0.0341932
0.0097880	0.0336965
0.0253675	0.0216614
0.0304635	0.0036965
0.0245637	-0.0120496
0.0127266	-0.0199358
0.0016877	-0.0198313
-0.0047545	-0.0160514
-0.0076822	-0.0132576
-0.0110518	-0.0125827
-0.0174943	-0.0109685
-0.0253307	-0.0041611
-0.0292418	0.0090458
-0.0241821	0.0247333
-0.0095806	0.0357333
0.0094318	0.0362336
0.0248509	0.0257703
0.0307395	0.0096548
0.0267517	-0.0045082
0.0177573	-0.0116851
0.0099696	-0.0121611
0.0065325	-0.0103060
0.0058319	-0.0104981
0.0036502	-0.0134354
-0.0026692	-0.0156815
-0.0113990	-0.0127484
-0.0172386	-0.0032614
-0.0152254	0.0091189
-0.0047884	0.0176546
0.0092029	0.0170508
0.0193242	0.0072297
0.0204064	-0.0064550
0.0128061	-0.0167624
0.0018063	-0.0193006
-0.0063259	-0.0150432
-0.0086531	-0.0089098
-0.0070957	-0.0056488
-0.0061872	-0.0062266
-0.0089481	-0.0074532
-0.0141651	-0.0050317
-0.0172307	0.0024351
-0.0139169	0.0116966
-0.0041519	0.0168492
0.0071999	0.0136741
0.0133176	0.0030674
0.0100826	-0.0090832
-0.0009770	-0.0156075
-0.0136201	-0.0127219
-0.0210285	-0.0023208
-0.0201402	0.0096767
-0.0130993	0.0175858
-0.0049497	0.0196163
0.0004882	0.0182954
0.0033300	0.0175466
0.0068832	0.0188787
0.0141362	0.0197845
0.0243492	0.0156925
0.0325816	0.0040138
0.0327516	-0.0128751
0.0220853	-0.0281720
0.0036567	-0.0345618
-0.0149588	-0.0288176
-0.0260796	-0.0138347
-0.0263080	0.0033123
-0.0179095	0.0158304
-0.0064212	0.0209719
0.0035152	0.0205358
0.0109111	0.0180725
0.0178229	0.0152355
0.0261142	0.0102740
0.0343877	-0.0001084
0.0377657	-0.0170190
0.0309675	-0.0368253
0.0125065	-0.0520563
-0.0131779	-0.0554457
-0.0374396	-0.0443977
-0.0520061	-0.0227259
-0.0533384	0.0015717
-0.0438634	0.0209232
-0.0294536	0.0319631
-0.0152183	0.0360074
-0.0027567	0.0362862
0.0092701	0.0343896
0.0220392	0.0288390
0.0337037	0.0169074
0.0393208	-0.0018383
0.0339086	-0.0232485
0.0164421	-0.0396750
-0.0082859	-0.0440028
-0.0315611	-0.0339166
-0.0453003	-0.0133845
-0.0462090	0.0097130
-0.0367742	0.0281382
-0.0226275	0.0388642
-0.0084112	0.0433226
0.0047624	0.0445349
0.0185344	0.0436237
0.0341082	0.0385482
0.0494178	0.0260683
0.0591330	0.0053468
0.0577484	-0.0197612
0.0435524	-0.0417606
0.0204780	-0.0534267
-0.0036818	-0.0518986
-0.0215551	-0.0400685
-0.0300041	-0.0243238
-0.0308744	-0.0103424
-0.0283746	-0.0000013
-0.0252535	0.0084742
-0.0207533	0.0174950
-0.0118624	0.0267746
0.0031996	0.0324292
0.0220933	0.0293551
0.0384842	0.0151681
0.0453293	-0.0072805
0.0390705	-0.0308013
0.0217515	-0.0476666
-0.0004184	-0.0536718
-0.0209377	-0.0496635
-0.0364765	-0.0396614
-0.0475061	-0.0272332
-0.0559080	-0.0130136
-0.0617083	0.0047350
-0.0617370	0.0270660
-0.0514894	0.0513575
-0.0289285	0.0709975
0.0026501	0.0783741
0.0350244	0.0692834
0.0587314	0.0457101
0.0676726	0.0150207
0.0616281	-0.0138706
0.0452062	-0.0347191
0.0243151	-0.0457939
0.0029041	-0.0484947
-0.0177268	-0.0443258
-0.0369272	-0.0329448
-0.0520760	-0.0129773
-0.0579357	0.0150635
-0.0490133	0.0462754
-0.0235076	0.0717026
0.0140374	0.0819020
0.0535639	0.0716887
0.0836459	0.0429889
0.0964624	0.0039186
0.0905659	-0.0352478
0.0700033	-0.0665281
0.0408985	-0.0863548
0.0082033	-0.0945339
-0.0251552	-0.0915789
-0.0566354	-0.0770193
-0.0819404	-0.0502423
-0.0948006	-0.0131524
-0.0895319	0.0277882
-0.0648693	0.0623665
-0.0262696	0.0804709
0.0153289	0.0768421
0.0479300	0.0537082
0.0635179	0.0195756
0.0607183	-0.0150132
0.0437586	-0.0420007
0.0189324	-0.0579119
-0.0087056	-0.0627682
-0.0362336	-0.0573975
-0.0612908	-0.0417081
-0.0800138	-0.0154274
-0.0868191	0.0194250
-0.0768095	0.0566906
-0.0493079	0.0869469
-0.0098340	0.1011960
0.0313108	0.0952410
0.0633599	0.0718709
0.0797392	0.0393458
0.0802183	0.0071344
0.0694452	-0.0183238
0.0532221	-0.0352528
0.0352867	-0.0449883
0.0166999	-0.0489552
-0.0022183	-0.0467816
-0.0194549	-0.0370251
-0.0307323	-0.0197491
-0.0315787	0.0013978
-0.0206022	0.0196597
-0.0013902	0.0283079
0.0186748	0.0244086
0.0321681	0.0105509
0.0354914	-0.0067800
0.0302570	-0.0211251
0.0213339	-0.0295782
0.0130795	-0.0335622
0.0065095	-0.0365364
-0.0006458	-0.0405440
-0.0112637	-0.0442626
-0.0257444	-0.0439763
-0.0409644	-0.0366144
-0.0520819	-0.0224288
-0.0557861	-0.0051972
-0.0524677	0.0102258
-0.0456246	0.0211280
-0.0389616	0.0284347
-0.0334438	0.0353095
-0.0266338	0.0439271
-0.0149207	0.0529400
0.0029840	0.0577025
0.0239431	0.0532734
0.0413940	0.0381119
0.0489137	0.0158026
0.0439406	-0.0064805
0.0291310	-0.0217362
0.0105497	-0.0265568
-0.0058602	-0.0220012
-0.0169718	-0.0116642
-0.0226078	0.0012683
-0.0234643	0.0155941
-0.0188964	0.0311814
-0.0066749	0.0465641
0.0148463	0.0573564
0.0437807	0.0572618
0.0734684	0.0414537
0.0943733	0.0101513
0.0983145	-0.0301827
0.0824797	-0.0691026
0.0507061	-0.0966437
0.0113328	-0.1072810
-0.0268090	-0.1011300
-0.0576294	-0.0821292
-0.0784572	-0.0550085
-0.0884456	-0.0233949
-0.0866712	0.0098012
-0.0719119	0.0406331
-0.0444862	0.0631307
-0.0085917	0.0706474
0.0271503	0.0591882
0.0521264	0.0305631
0.0581554	-0.0070353
0.0433237	-0.0418685
0.0128393	-0.0634614
-0.0236007	-0.0666096
-0.0562021	-0.0523951
-0.0785200	-0.0260769
-0.0881958	0.0062603
-0.0853073	0.0398881
-0.0703080	0.0713074
-0.0435307	0.0966873
-0.0066488	0.1109270
0.0353835	0.1088350
0.0740574	0.0880557
0.0997378	0.0516961
0.1057620	0.0084486
0.0917228	-0.0304352
0.0637497	-0.0557805
0.0315141	-0.0640247
0.0038056	-0.0576513
-0.0146310	-0.0425977
-0.0233640	-0.0246593
-0.0241350	-0.0073230
-0.0183947	0.0078865
-0.0065370	0.0194999
0.0107643	0.0247393
0.0305681	0.0202219
0.0471282	0.0044243
0.0538208	-0.0200255
0.0465706	-0.0462876
0.0264617	-0.0660206
-0.0004188	-0.0733578
-0.0260073	-0.0676164
-0.0442676	-0.0529996
-0.0536191	-0.0356057
-0.0563955	-0.0198674
-0.0560529	-0.0068012
-0.0543574	0.0050112
-0.0505935	0.0168383
-0.0431493	0.0278412
-0.0319539	0.0353388
-0.0196130	0.0370367
-0.0101630	0.0333469
-0.0062962	0.0277914
-0.0072077	0.0249481
-0.0088411	0.0273276
-0.0065491	0.0334890
0.0016598	0.0388782
0.0136236	0.0388951
0.0243935	0.0320522
0.0295127	0.0209938
0.0278903	0.0106919
0.0222838	0.0051661
0.0171774	0.0050823
0.0157229	0.0078510
0.0179988	0.0099415
0.0217359	0.0095075
0.0247244	0.0072977
0.0268482	0.0052497
0.0300459	0.0040378
0.0361872	0.0016971
0.0445731	-0.0053702
0.0511753	-0.0195769
0.0504893	-0.0395907
0.0389068	-0.0600558
0.0172966	-0.0740353
-0.0090469	-0.0766574
-0.0331025	-0.0675624
-0.0496496	-0.0506028
-0.0573042	-0.0311958
-0.0579236	-0.0133184
-0.0541883	0.0017810
-0.0474160	0.0145294
-0.0373003	0.0248506
-0.0236125	0.0309003
-0.0082551	0.0299445
0.0042971	0.0208112
0.0089072	0.0059573
0.0029063	-0.0086874
-0.0117694	-0.0163668
-0.0290903	-0.0130454
-0.0419249	0.0004781
-0.0456041	0.0192781
-0.0397740	0.0372707
-0.0275110	0.0503652
-0.0126245	0.0577353
0.0027379	0.0606477
0.0184864	0.0601158
0.0349637	0.0554328
0.0508902	0.0448093
0.0627979	0.0275697
0.0666653	0.0060324
0.0606638	-0.0146583
0.0469296	-0.0289467
0.0308718	-0.0339751
0.0182924	-0.0312048
0.0122139	-0.0253561
0.0115596	-0.0213717
0.0125142	-0.0215045
0.0114841	-0.0244900
0.0074896	-0.0272061
0.0023406	-0.0274158
-0.0013320	-0.0254762
-0.0025199	-0.0237869
-0.0027955	-0.0245354
-0.0050443	-0.0276110
-0.0110004	-0.0304015
-0.0195753	-0.0296956
-0.0273768	-0.0242406
-0.0311251	-0.0159400
-0.0301715	-0.0086659
-0.0271769	-0.0054685
-0.0263358	-0.0062169
-0.0303574	-0.0074489
-0.0383660	-0.0046144
-0.0462379	0.0048460
-0.0491369	0.0197495
-0.0444420	0.0359201
-0.0330419	0.0487967
-0.0182406	0.0559596
-0.0032891	0.0578166
0.0104910	0.0561719
0.0236090	0.0520362
0.0365803	0.0445725
0.0480324	0.0321082
0.0544975	0.0144346
0.0523385	-0.0055103
0.0405394	-0.0221421
0.0222883	-0.0298908
0.0040181	-0.0263581
-0.0076543	-0.0138408
-0.0091652	0.0018321
-0.0013713	0.0143579
0.0116582	0.0198771
0.0253441	0.0179509
0.0367906	0.0103098
0.0450638	-0.0012900
0.0497559	-0.0162500
0.0494006	-0.0344419
0.0413755	-0.0543782
0.0236630	-0.0720152
-0.0027747	-0.0815799
-0.0329458	-0.0782724
-0.0592417	-0.0611645
-0.0747186	-0.0342765
-0.0762737	-0.0049569
-0.0657406	0.0194897
-0.0483343	0.0348271
-0.0296453	0.0407944
-0.0132428	0.0396838
-0.0002904	0.0339874
0.0090397	0.0249902
0.0139163	0.0132284
0.0125718	0.0001171
0.0037684	-0.0109552
-0.0111756	-0.0153717
-0.0276106	-0.0096982
-0.0390343	0.0058529
-0.0401668	0.0267686
-0.0296965	0.0460912
-0.0108823	0.0577424
0.0103807	0.0592337
0.0287066	0.0521223
0.0415046	0.0401597
0.0490765	0.0266471
0.0528495	0.0129130
0.0533830	-0.0011898
0.0497985	-0.0154986
0.0410226	-0.0281801
0.0277053	-0.0361137
0.0130649	-0.0368809
0.0017035	-0.0308505
-0.0029713	-0.0216366
-0.0009235	-0.0143403
0.0043666	-0.0126365
0.0080096	-0.0166739
0.0066731	-0.0232339
0.0004029	-0.0280059
-0.0078728	-0.0283563
-0.0146554	-0.0246812
-0.0182477	-0.0195364
-0.0194970	-0.0153869
-0.0205306	-0.0127728
-0.0226404	-0.0102636
-0.0250780	-0.0061133
-0.0257371	-0.0001804
-0.0231678	0.0055329
-0.0182614	0.0082694
-0.0141397	0.0068325
-0.0141407	0.0030187
-0.0192844	0.0009297
-0.0270931	0.0044747
-0.0327286	0.0147405
-0.0317620	0.0290622
-0.0227240	0.0424443
-0.0077576	0.0503395
0.0089320	0.0508831
0.0235864	0.0451799
0.0345463	0.0357219
0.0420206	0.0243648
0.0464662	0.0114928
0.0471420	-0.0030643
0.0422063	-0.0182782
0.0304258	-0.0309970
0.0131726	-0.0369162
-0.0050018	-0.0330359
-0.0179834	-0.0199444
-0.0210786	-0.0022266
-0.0134789	0.0134721
0.0013903	0.0215852
0.0178098	0.0200087
0.0306433	0.0103510
0.0372761	-0.0038135
0.0375784	-0.0192089
0.0323794	-0.0339908
0.0219903	-0.0471598
0.0061103	-0.0571196
-0.0148102	-0.0609472
-0.0379991	-0.0553524
-0.0581574	-0.0388870
-0.0692531	-0.0138097
-0.0674166	0.0139451
-0.0530999	0.0370078
-0.0310311	0.0497864
-0.0079389	0.0507104
0.0105041	0.0422166
0.0216373	0.0287328
0.0256830	0.0142046
0.0240773	0.0008319
0.0178302	-0.0104153
0.0072476	-0.0183707
-0.0069061	-0.0208756
-0.0220085	-0.0155652
-0.0334415	-0.0018018
-0.0362785	0.0177599
-0.0278999	0.0374089
-0.0097849	0.0506265
0.0128473	0.0530885
0.0334487	0.0445583
0.0471136	0.0285185
0.0522827	0.0099255
0.0503103	-0.0073157
0.0435435	-0.0215171
0.0335294	-0.0325186
0.0206745	-0.0400719
0.0054077	-0.0428623
-0.0103650	-0.0391131
-0.0229905	-0.0283474
-0.0285275	-0.0128399
-0.0250679	0.0026051
-0.0142549	0.0127124
-0.0007862	0.0144045
0.0099205	0.0083176
0.0144206	-0.0018388
0.0125674	-0.0116021
0.0067378	-0.0181394
-0.0002860	-0.0211359
-0.0071340	-0.0218029
-0.0140859	-0.0210221
-0.0217467	-0.0182155
-0.0294149	-0.0118690
-0.0346246	-0.0012636
-0.0343996	0.0120433
-0.0273683	0.0243158
-0.0151379	0.0314652
-0.0017917	0.0314115
0.0082750	0.0253194
0.0127389	0.0168111
0.0123362	0.0097016
0.0098473	0.0058424
0.0079142	0.0045349
0.0073226	0.0037790
0.0069543	0.0022694
0.0053017	0.0005480
0.0022400	0.0004371
-0.0004179	0.0032468
-0.0000897	0.0082260
0.0045435	0.0125624
0.0122116	0.0130536
0.0195231	0.0082791
0.0229791	-0.0003235
0.0211286	-0.0092968
0.0153363	-0.0153356
0.0086492	-0.0172423
0.0036400	-0.0162993
0.0008253	-0.0148852
-0.0012232	-0.0144641
-0.0042637	-0.0145038
-0.0085938	-0.0131271
-0.0125265	-0.0089432
-0.0135773	-0.0025852
-0.0104701	0.0033075
-0.0044102	0.0057357
0.0014064	0.0034355
0.0037630	-0.0021325
0.0014739	-0.0076567
-0.0039524	-0.0100976
-0.0094846	-0.0085345
-0.0126756	-0.0044389
-0.0131433	-0.0002651
-0.0123819	0.0025022
-0.0121488	0.0043363
-0.0127525	0.0069640
-0.0126233	0.0115675
-0.0095382	0.0173481
-0.0025750	0.0216459
0.0067281	0.0216223
0.0149672	0.0163011
0.0188766	0.0074547
0.0173377	-0.0013555
0.0119682	-0.0069230
