jMRUI Data Textfile

Filename: Glu.txt

PointsInDataset: 2048      
DatasetsInFile: 1         
SamplingInterval: 2.5E-1    
ZeroOrderPhase: 0E0       
BeginTime: 0E0       
TransmitterFrequency: 1.2322E8  
MagneticField: 2.9E0     
TypeOfNucleus: 0E0       
NameOfPatient: Glu
DateOfExperiment: 
Spectrometer: 
AdditionalInfo: Glu
SignalNames: Glu.txt;


Signal and FFT
sig(real)	sig(imag)	fft(real)	fft(imag)
Signal 1 out of 1 in file
3.9811700	-0.0748989
3.5405900	-1.6882900
2.4409100	-2.9000900
0.9693230	-3.4648600
-0.5227520	-3.3206600
-1.7254500	-2.5772700
-2.4378100	-1.4531900
-2.5821400	-0.2028540
-2.1837500	0.9332470
-1.3467300	1.7503400
-0.2427900	2.0922500
0.8957310	1.8761200
1.8023200	1.1291500
2.2359600	0.0128164
2.0598300	-1.1959300
1.3010500	-2.1770500
0.1538550	-2.6697200
-1.0835000	-2.5580200
-2.1106600	-1.8985000
-2.7170100	-0.8801980
-2.8236500	0.2554370
-2.4683600	1.2899900
-1.7590700	2.0665500
-0.8323120	2.4900100
0.1632980	2.5134900
1.0670100	2.1374200
1.7144100	1.4266000
1.9717000	0.5251270
1.7872000	-0.3586180
1.2283100	-1.0074900
0.4730870	-1.2716300
-0.2499860	-1.1249300
-0.7465360	-0.6688050
-0.9212730	-0.0803817
-0.7911980	0.4643480
-0.4477780	0.8492690
0.0008202	1.0317700
0.4693030	1.0168600
0.8984240	0.8223450
1.2340700	0.4655440
1.4122200	-0.0213688
1.3718000	-0.5676250
1.0907400	-1.0614500
0.6172850	-1.3827800
0.0671182	-1.4560600
-0.4203520	-1.2887400
-0.7431080	-0.9673000
-0.8771670	-0.6105880
-0.8715310	-0.3096040
-0.8031740	-0.0919440
-0.7246700	0.0688554
-0.6401160	0.2109270
-0.5225130	0.3427860
-0.3547050	0.4339420
-0.1595220	0.4422670
0.0052526	0.3544600
0.0832454	0.2063410
0.0587082	0.0659233
-0.0322322	-0.0085940
-0.1274890	-0.0040865
-0.1825360	0.0458364
-0.1981770	0.0938031
-0.2111360	0.1204580
-0.2546730	0.1519780
-0.3200470	0.2384420
-0.3500030	0.4081760
-0.2720690	0.6324140
-0.0494914	0.8282820
0.2862380	0.9007080
0.6449070	0.7957020
0.9230530	0.5292850
1.0543900	0.1741360
1.0323500	-0.1838780
0.8936470	-0.4870160
0.6808970	-0.7171420
0.4156900	-0.8746910
0.1028660	-0.9481760
-0.2405400	-0.9040490
-0.5596780	-0.7092380
-0.7667650	-0.3707500
-0.7805840	0.0399276
-0.5767960	0.4018000
-0.2139380	0.5954070
0.1855790	0.5600390
0.4900720	0.3212950
0.6154710	-0.0273307
0.5508390	-0.3745450
0.3419070	-0.6391800
0.0510080	-0.7873960
-0.2745020	-0.8158690
-0.6044070	-0.7232160
-0.9037890	-0.4984350
-1.1132900	-0.1382780
-1.1564200	0.3211680
-0.9766250	0.7885250
-0.5806880	1.1378900
-0.0557321	1.2607900
0.4575360	1.1192000
0.8232880	0.7655820
0.9665780	0.3166840
0.8943740	-0.1020510
0.6731270	-0.4065460
0.3832450	-0.5704050
0.0834724	-0.6053090
-0.1937440	-0.5286220
-0.4213490	-0.3473690
-0.5570060	-0.0707373
-0.5470720	0.2627930
-0.3578760	0.5720680
-0.0121517	0.7531440
0.3998340	0.7263290
0.7493650	0.4813710
0.9252320	0.0895146
0.8831680	-0.3279890
0.6586720	-0.6562370
0.3376690	-0.8330740
0.0073351	-0.8591990
-0.2795480	-0.7720630
-0.5065820	-0.6083800
-0.6688340	-0.3849310
-0.7476320	-0.1096610
-0.7097630	0.1910040
-0.5340210	0.4566560
-0.2438330	0.6083950
0.0830345	0.5894940
0.3413280	0.4037230
0.4483010	0.1224330
0.3850690	-0.1479090
0.2020170	-0.3183910
-0.0146683	-0.3569610
-0.1918060	-0.2906600
-0.3006590	-0.1734760
-0.3528600	-0.0460869
-0.3696110	0.0829303
-0.3519740	0.2234950
-0.2771200	0.3731420
-0.1232930	0.4973880
0.0977419	0.5405600
0.3291740	0.4615980
0.4917320	0.2683870
0.5274040	0.0233017
0.4341420	-0.1871500
0.2666090	-0.2993800
0.1018980	-0.3046870
-0.0059446	-0.2450130
-0.0513033	-0.1774360
-0.0665525	-0.1343370
-0.0866367	-0.1079170
-0.1173230	-0.0682510
-0.1315620	0.0017441
-0.0957644	0.0834735
-0.0042098	0.1310050
0.1067580	0.1048930
0.1776540	0.0054365
0.1651770	-0.1210520
0.0729823	-0.2094340
-0.0493866	-0.2175760
-0.1393610	-0.1526730
-0.1624060	-0.0630928
-0.1316960	-0.0021750
-0.0928938	0.0090740
-0.0864837	-0.0068672
-0.1165010	-0.0062361
-0.1490160	0.0383908
-0.1407820	0.1142810
-0.0754849	0.1768180
0.0206345	0.1834180
0.0961005	0.1269750
0.1115470	0.0429960
0.0687799	-0.0154011
0.0093814	-0.0160269
-0.0163248	0.0293039
0.0132989	0.0745643
0.0754939	0.0748125
0.1208520	0.0204162
0.1110590	-0.0555144
0.0481508	-0.1019650
-0.0266746	-0.0882958
-0.0636549	-0.0271053
-0.0412840	0.0354034
0.0183524	0.0540652
0.0670506	0.0181220
0.0672595	-0.0417939
0.0201627	-0.0780456
-0.0361308	-0.0629436
-0.0566863	-0.0100388
-0.0250309	0.0364468
0.0333797	0.0359760
0.0699193	-0.0163533
0.0496884	-0.0846832
-0.0213547	-0.1182270
-0.0996277	-0.0887594
-0.1352420	-0.0116298
-0.1079850	0.0654356
-0.0411042	0.0972408
0.0171608	0.0734893
0.0300732	0.0244800
-0.0007367	-0.0037273
-0.0381602	0.0145259
-0.0396954	0.0646107
0.0084509	0.1030650
0.0793788	0.0915532
0.1248900	0.0273847
0.1116480	-0.0527787
0.0467258	-0.0990510
-0.0268644	-0.0847300
-0.0613986	-0.0256235
-0.0390063	0.0321730
0.0162979	0.0467365
0.0579120	0.0110222
0.0524317	-0.0431802
0.0047619	-0.0707020
-0.0463484	-0.0482848
-0.0587414	0.0072064
-0.0199595	0.0514838
0.0422459	0.0467830
0.0801058	-0.0087425
0.0615436	-0.0785390
-0.0055360	-0.1140870
-0.0786947	-0.0904159
-0.1120160	-0.0240519
-0.0893883	0.0399333
-0.0350826	0.0617838
0.0060214	0.0361753
0.0032686	-0.0052882
-0.0364511	-0.0197700
-0.0745616	0.0127238
-0.0712548	0.0729885
-0.0172407	0.1165580
0.0575156	0.1074560
0.1049520	0.0461963
0.0941993	-0.0292769
0.0345101	-0.0706094
-0.0313816	-0.0538777
-0.0584493	0.0037387
-0.0317111	0.0576946
0.0243550	0.0695825
0.0659393	0.0350390
0.0638834	-0.0147955
0.0255463	-0.0388964
-0.0119715	-0.0191271
-0.0118350	0.0250809
0.0324423	0.0514970
0.0900962	0.0281483
0.1150550	-0.0405418
0.0804448	-0.1146650
-0.0002876	-0.1465660
-0.0816624	-0.1149400
-0.1178770	-0.0399961
-0.0944718	0.0314546
-0.0366710	0.0596201
0.0112240	0.0389277
0.0193340	-0.0011513
-0.0068556	-0.0214561
-0.0336180	-0.0047084
-0.0281020	0.0311044
0.0134374	0.0477816
0.0604546	0.0187168
0.0704709	-0.0472275
0.0222971	-0.1086490
-0.0651484	-0.1199680
-0.1431600	-0.0644867
-0.1656900	0.0323925
-0.1203550	0.1197260
-0.0355003	0.1552340
0.0412826	0.1321320
0.0767195	0.0794594
0.0724528	0.0368469
0.0580387	0.0237199
0.0629261	0.0265843
0.0899412	0.0137020
0.1113670	-0.0348572
0.0910730	-0.1058100
0.0158185	-0.1574690
-0.0887074	-0.1483040
-0.1704310	-0.0683959
-0.1839780	0.0498594
-0.1206810	0.1504010
-0.0138799	0.1885180
0.0839883	0.1572950
0.1354920	0.0871688
0.1387720	0.0203237
0.1206770	-0.0199380
0.1095490	-0.0418071
0.1098420	-0.0710221
0.0987601	-0.1225740
0.0475395	-0.1813880
-0.0495101	-0.2083430
-0.1616740	-0.1682850
-0.2361610	-0.0592553
-0.2311370	0.0796119
-0.1439950	0.1887400
-0.0143113	0.2235010
0.1007940	0.1796220
0.1612450	0.0912513
0.1641590	0.0043798
0.1364880	-0.0539850
0.1078460	-0.0883380
0.0855666	-0.1210840
0.0514677	-0.1652960
-0.0177318	-0.2066120
-0.1231830	-0.2096850
-0.2324580	-0.1451810
-0.2946830	-0.0168304
-0.2726910	0.1329180
-0.1691260	0.2446250
-0.0271511	0.2765970
0.0952879	0.2284100
0.1595930	0.1370570
0.1651840	0.0494843
0.1407680	-0.0078438
0.1166800	-0.0404225
0.1003900	-0.0713657
0.0739009	-0.1142120
0.0142735	-0.1553860
-0.0797546	-0.1609530
-0.1770560	-0.1031080
-0.2292840	0.0139183
-0.2019790	0.1491470
-0.0990376	0.2464180
0.0377173	0.2676600
0.1540250	0.2143960
0.2155970	0.1225370
0.2245190	0.0351448
0.2089950	-0.0262527
0.1957540	-0.0708459
0.1870660	-0.1226150
0.1601440	-0.1929580
0.0890859	-0.2641560
-0.0281426	-0.2974650
-0.1593490	-0.2604990
-0.2536560	-0.1534330
-0.2725780	-0.0139147
-0.2143230	0.1038180
-0.1137730	0.1610210
-0.0184804	0.1549190
0.0414463	0.1136350
0.0677044	0.0707302
0.0829731	0.0394934
0.1047880	0.0066250
0.1255380	-0.0504288
0.1150430	-0.1367820
0.0445025	-0.2258790
-0.0862522	-0.2703270
-0.2395210	-0.2313470
-0.3568850	-0.1059510
-0.3916830	0.0679503
-0.3344200	0.2324580
-0.2139360	0.3418300
-0.0749793	0.3834450
0.0503000	0.3742320
0.1559410	0.3378680
0.2523150	0.2821740
0.3428550	0.1950500
0.4079310	0.0620161
0.4107910	-0.1092050
0.3230230	-0.2780660
0.1510420	-0.3856430
-0.0570610	-0.3864100
-0.2314730	-0.2760330
-0.3153950	-0.0958047
-0.2918740	0.0894523
-0.1858980	0.2247480
-0.0427128	0.2872600
0.1002230	0.2846230
0.2272670	0.2345120
0.3366240	0.1442940
0.4203080	0.0079991
0.4516210	-0.1771760
0.3936010	-0.3893620
0.2247980	-0.5754080
-0.0362182	-0.6687380
-0.3273570	-0.6227340
-0.5662620	-0.4380820
-0.6872530	-0.1654180
-0.6690830	0.1188780
-0.5370870	0.3478600
-0.3412570	0.4878380
-0.1277320	0.5381740
0.0762901	0.5125270
0.2566570	0.4198120
0.3951500	0.2613100
0.4598260	0.0455083
0.4150340	-0.1936120
0.2466040	-0.3936410
-0.0162338	-0.4842430
-0.3008460	-0.4211820
-0.5174310	-0.2123150
-0.5974810	0.0822073
-0.5215400	0.3765580
-0.3204870	0.5960820
-0.0525657	0.7021020
0.2260990	0.6924470
0.4778060	0.5834020
0.6791780	0.3910800
0.8063410	0.1279370
0.8272420	-0.1843920
0.7122860	-0.4999320
0.4581680	-0.7485880
0.1067850	-0.8584890
-0.2582240	-0.7897790
-0.5402590	-0.5585280
-0.6690210	-0.2340640
-0.6274420	0.0900666
-0.4513510	0.3342560
-0.2049580	0.4579390
0.0497759	0.4599650
0.2703840	0.3603400
0.4309230	0.1812410
0.5084110	-0.0574701
0.4759470	-0.3273330
0.3128900	-0.5786180
0.0266261	-0.7425860
-0.3316640	-0.7543300
-0.6734410	-0.5850340
-0.9030960	-0.2628610
-0.9566700	0.1329480
-0.8266100	0.5032730
-0.5587550	0.7677400
-0.2256950	0.8888930
0.1049270	0.8710740
0.3879220	0.7408000
0.5975270	0.5267020
0.7136890	0.2540030
0.7146780	-0.0458141
0.5859690	-0.3235220
0.3398600	-0.5148260
0.0288493	-0.5621620
-0.2622800	-0.4444080
-0.4463950	-0.1945650
-0.4703870	0.1086330
-0.3364870	0.3725150
-0.0961434	0.5275690
0.1781840	0.5486840
0.4243760	0.4509920
0.6064660	0.2681360
0.7094490	0.0313853
0.7236610	-0.2357560
0.6358970	-0.5072500
0.4370090	-0.7421170
0.1404130	-0.8856820
-0.2050720	-0.8892420
-0.5224940	-0.7372100
-0.7344530	-0.4626840
-0.7960630	-0.1384950
-0.7128740	0.1529520
-0.5328380	0.3532760
-0.3186030	0.4453190
-0.1188790	0.4459550
0.0435253	0.3834450
0.1630190	0.2778030
0.2334910	0.1380650
0.2389070	-0.0244497
0.1616160	-0.1811520
0.0022766	-0.2854770
-0.2053760	-0.2911430
-0.3993090	-0.1785470
-0.5139310	0.0293410
-0.5102170	0.2740400
-0.3919420	0.4882780
-0.1980950	0.6254290
0.0220156	0.6732810
0.2330040	0.6455470
0.4209970	0.5606290
0.5821940	0.4255230
0.7048170	0.2373510
0.7615970	0.0001060
0.7211680	-0.2585400
0.5711840	-0.4864100
0.3357020	-0.6261770
0.0722956	-0.6435660
-0.1514850	-0.5455840
-0.2879020	-0.3762740
-0.3262200	-0.1930530
-0.2876580	-0.0398419
-0.2043410	0.0656525
-0.0991695	0.1246680
0.0188792	0.1395280
0.1427750	0.1020100
0.2513760	-0.0012277
0.3055630	-0.1698920
0.2634400	-0.3735800
0.1061390	-0.5530440
-0.1437520	-0.6423020
-0.4254050	-0.5993090
-0.6644120	-0.4259700
-0.8040260	-0.1650770
-0.8241020	0.1226490
-0.7381520	0.3853500
-0.5745580	0.5937030
-0.3581800	0.7358640
-0.1060110	0.8027290
0.1623610	0.7793180
0.4117540	0.6518950
0.5909940	0.4263660
0.6506350	0.1425370
0.5694570	-0.1301600
0.3718450	-0.3172980
0.1226130	-0.3713460
-0.0994836	-0.2915770
-0.2340840	-0.1202200
-0.2585720	0.0813042
-0.1852910	0.2597380
-0.0429642	0.3841800
0.1415850	0.4418280
0.3481540	0.4242930
0.5538690	0.3197900
0.7218630	0.1201760
0.8023000	-0.1619100
0.7504100	-0.4807930
0.5519320	-0.7638510
0.2385170	-0.9368350
-0.1192860	-0.9550350
-0.4393350	-0.8215750
-0.6597850	-0.5820450
-0.7572480	-0.3000980
-0.7429730	-0.0304859
-0.6439730	0.1942610
-0.4852180	0.3589610
-0.2855640	0.4521090
-0.0673430	0.4585450
0.1325280	0.3668780
0.2639230	0.1865520
0.2815240	-0.0403240
0.1696770	-0.2452940
-0.0429743	-0.3584370
-0.2907840	-0.3384010
-0.4977170	-0.1894970
-0.6077530	0.0441482
-0.6015200	0.3022980
-0.4918050	0.5339770
-0.3052900	0.7091920
-0.0662395	0.8133330
0.2060510	0.8340260
0.4870000	0.7551480
0.7360650	0.5655920
0.8992260	0.2769370
0.9280640	-0.0649746
0.8051210	-0.3870440
0.5585240	-0.6143710
0.2545660	-0.7005010
-0.0287582	-0.6446160
-0.2318100	-0.4860980
-0.3298780	-0.2817330
-0.3293740	-0.0813677
-0.2510270	0.0833532
-0.1151980	0.1940660
0.0598182	0.2342560
0.2480280	0.1852390
0.4068080	0.0361124
0.4815110	-0.1988490
0.4259570	-0.4702080
0.2278530	-0.7024700
-0.0777997	-0.8211310
-0.4179080	-0.7834440
-0.7093220	-0.5950960
-0.8898460	-0.3037420
-0.9352100	0.0248829
-0.8553960	0.3323530
-0.6777590	0.5799770
-0.4317860	0.7452460
-0.1460070	0.8116680
0.1445090	0.7652130
0.3917200	0.6032700
0.5408970	0.3495340
0.5510250	0.0607166
0.4181240	-0.1853040
0.1852580	-0.3175550
-0.0700319	-0.3015920
-0.2658560	-0.1533940
-0.3471870	0.0704464
-0.3013560	0.2993990
-0.1519260	0.4759920
0.0609105	0.5685980
0.2981460	0.5671920
0.5272610	0.4715730
0.7163060	0.2852570
0.8278990	0.0210741
0.8241950	-0.2875620
0.6840240	-0.5827420
0.4215790	-0.7947010
0.0917899	-0.8680080
-0.2252640	-0.7869490
-0.4547400	-0.5841520
-0.5556520	-0.3262290
-0.5318930	-0.0846785
-0.4212480	0.0908669
-0.2719110	0.1829570
-0.1225490	0.1983020
0.0032285	0.1518490
0.0894701	0.0569014
0.1189230	-0.0722137
0.0738641	-0.2103850
-0.0515238	-0.3173140
-0.2368080	-0.3472700
-0.4325230	-0.2702500
-0.5754560	-0.0913504
-0.6155240	0.1458540
-0.5385420	0.3763840
-0.3708200	0.5422250
-0.1631430	0.6152100
0.0349633	0.6016590
0.1943620	0.5286140
0.3085670	0.4235600
0.3817410	0.3023010
0.4148430	0.1716230
0.4021240	0.0410772
0.3403730	-0.0689155
0.2419920	-0.1319170
0.1389460	-0.1313840
0.0712545	-0.0757123
0.0658595	0.0003884
0.1201120	0.0517109
0.2020260	0.0464715
0.2681410	-0.0171943
0.2875370	-0.1129670
0.2563270	-0.2045580
0.1939610	-0.2674330
0.1256560	-0.2993760
0.0646445	-0.3140840
0.0069707	-0.3246250
-0.0587784	-0.3305480
-0.1360200	-0.3186760
-0.2123240	-0.2763290
-0.2660600	-0.2056180
-0.2826500	-0.1265070
-0.2674440	-0.0650429
-0.2443480	-0.0350110
-0.2399600	-0.0269613
-0.2642630	-0.0136380
-0.3020820	0.0311821
-0.3220530	0.1135400
-0.2972460	0.2135120
-0.2230670	0.2969920
-0.1201130	0.3366750
-0.0205681	0.3275570
0.0515588	0.2867130
0.0922329	0.2388480
0.1137690	0.1993150
0.1302570	0.1673050
0.1445250	0.1333430
0.1472890	0.0937122
0.1289300	0.0590068
0.0938522	0.0487174
0.0647322	0.0751071
0.0713620	0.1287200
0.1307430	0.1776610
0.2324460	0.1831430
0.3403510	0.1218320
0.4106030	0.0001615
0.4143150	-0.1489060
0.3503990	-0.2840690
0.2412330	-0.3762120
0.1160640	-0.4179670
-0.0049361	-0.4179050
-0.1149560	-0.3864680
-0.2122110	-0.3262050
-0.2882500	-0.2343190
-0.3246920	-0.1147290
-0.3030640	0.0116440
-0.2212330	0.1091320
-0.1034370	0.1434850
0.0056318	0.1022220
0.0611398	0.0050614
0.0406738	-0.1036720
-0.0452303	-0.1766470
-0.1608950	-0.1856560
-0.2656230	-0.1309130
-0.3324360	-0.0335134
-0.3540640	0.0812294
-0.3351230	0.1965700
-0.2796540	0.3048610
-0.1857230	0.3981170
-0.0518790	0.4592320
0.1103860	0.4638610
0.2700830	0.3941130
0.3843800	0.2547620
0.4181560	0.0791564
0.3634720	-0.0817952
0.2457480	-0.1824040
0.1117980	-0.2030560
0.0070327	-0.1564130
-0.0439764	-0.0761525
-0.0423731	0.0030124
-0.0048928	0.0603854
0.0514751	0.0908413
0.1179010	0.0951898
0.1900200	0.0699319
0.2575020	0.0064775
0.2981270	-0.0987720
0.2841440	-0.2319580
0.1985900	-0.3586300
0.0503578	-0.4354670
-0.1238730	-0.4312840
-0.2742280	-0.3441260
-0.3606900	-0.2029670
-0.3704460	-0.0526670
-0.3192940	0.0680468
-0.2377920	0.1416790
-0.1529070	0.1719580
-0.0777308	0.1716980
-0.0145381	0.1496730
0.0342544	0.1069650
0.0584453	0.0445475
0.0435869	-0.0258688
-0.0162184	-0.0788241
-0.1066290	-0.0850675
-0.1932370	-0.0291075
-0.2361360	0.0779266
-0.2106370	0.2002080
-0.1207230	0.2940700
0.0036932	0.3295040
0.1237210	0.3027750
0.2111510	0.2329690
0.2582590	0.1465140
0.2729880	0.0615749
0.2655800	-0.0170012
0.2383060	-0.0904383
0.1864570	-0.1544980
0.1089820	-0.1947360
0.0189081	-0.1937660
-0.0566450	-0.1455900
-0.0891157	-0.0655976
-0.0659160	0.0128606
-0.0001928	0.0547934
0.0747470	0.0425898
0.1233750	-0.0149318
0.1265620	-0.0893691
0.0888563	-0.1503830
0.0306803	-0.1818440
-0.0276332	-0.1860050
-0.0778271	-0.1745330
-0.1235510	-0.1549240
-0.1697520	-0.1236500
-0.2115030	-0.0713999
-0.2323960	0.0042578
-0.2148110	0.0897503
-0.1546100	0.1584830
-0.0686487	0.1852540
0.0116917	0.1623420
0.0575650	0.1055570
0.0588937	0.0454249
0.0286813	0.0092584
-0.0072594	0.0063336
-0.0274987	0.0259618
-0.0268624	0.0487257
-0.0152184	0.0617318
-0.0054387	0.0663636
-0.0007722	0.0733269
0.0081796	0.0898219
0.0345620	0.1097580
0.0817076	0.1154550
0.1360990	0.0901705
0.1732450	0.0321000
0.1729840	-0.0411136
0.1333090	-0.1015300
0.0724819	-0.1277330
0.0176252	-0.1175330
-0.0121819	-0.0876396
-0.0163791	-0.0608931
-0.0099328	-0.0506013
-0.0098562	-0.0533208
-0.0218032	-0.0547735
-0.0368221	-0.0436038
-0.0402957	-0.0219149
-0.0256479	-0.0042705
-0.0017499	-0.0059349
0.0121409	-0.0295735
0.0004051	-0.0609932
-0.0365128	-0.0777166
-0.0808833	-0.0644073
-0.1089890	-0.0238235
-0.1068860	0.0248558
-0.0791914	0.0591648
-0.0446380	0.0683190
-0.0219574	0.0591431
-0.0167258	0.0489552
-0.0188710	0.0511868
-0.0123224	0.0648272
0.0109255	0.0756732
0.0433228	0.0682429
0.0667135	0.0390338
0.0660165	0.0007700
0.0411946	-0.0258527
0.0082803	-0.0268770
-0.0115344	-0.0052275
-0.0067231	0.0213628
0.0168290	0.0331408
0.0408377	0.0223091
0.0484939	-0.0021636
0.0367076	-0.0222929
0.0175771	-0.0253089
0.0081711	-0.0134664
0.0165859	-0.0019873
0.0350298	-0.0067640
0.0453149	-0.0312678
0.0326803	-0.0627397
-0.0024936	-0.0807279
-0.0439809	-0.0716983
-0.0706577	-0.0388419
-0.0710031	0.0002029
-0.0504372	0.0259278
-0.0262302	0.0303840
-0.0140753	0.0215042
-0.0166130	0.0153637
-0.0225536	0.0225826
-0.0168628	0.0394595
0.0060083	0.0507203
0.0362199	0.0418245
0.0547637	0.0113827
0.0473500	-0.0259710
0.0155761	-0.0487713
-0.0231041	-0.0434061
-0.0467854	-0.0135352
-0.0436170	0.0226353
-0.0188905	0.0450946
0.0101877	0.0453068
0.0277343	0.0303637
0.0302882	0.0153925
0.0275128	0.0105047
0.0323554	0.0125774
0.0486522	0.0082783
0.0661292	-0.0140364
0.0670580	-0.0528805
0.0398164	-0.0918176
-0.0108665	-0.1092260
-0.0649505	-0.0928237
-0.0990754	-0.0483837
-0.1010450	0.0037490
-0.0765121	0.0418122
-0.0433771	0.0558992
-0.0184798	0.0519551
-0.0066484	0.0442210
-0.0000367	0.0425206
0.0123861	0.0444457
0.0331462	0.0384449
0.0519451	0.0152096
0.0525015	-0.0218254
0.0255939	-0.0555480
-0.0216936	-0.0652647
-0.0679652	-0.0408193
-0.0899268	0.0095674
-0.0766319	0.0636249
-0.0355444	0.0985762
0.0136103	0.1043030
0.0523476	0.0870327
0.0742759	0.0616344
0.0856967	0.0390643
0.0963739	0.0187939
0.1083980	-0.0081358
0.1123680	-0.0482609
0.0942668	-0.0960662
0.0478886	-0.1338070
-0.0169169	-0.1417890
-0.0771229	-0.1119670
-0.1092480	-0.0548562
-0.1032500	0.0056150
-0.0678919	0.0459687
-0.0240065	0.0561379
0.0091882	0.0427418
0.0247974	0.0211488
0.0287069	0.0029925
0.0304905	-0.0112037
0.0326791	-0.0290118
0.0272903	-0.0557088
0.0026055	-0.0853795
-0.0450590	-0.1012970
-0.1040720	-0.0861799
-0.1511120	-0.0351118
-0.1640180	0.0385631
-0.1351370	0.1092000
-0.0758329	0.1529550
-0.0090646	0.1604150
0.0445194	0.1393170
0.0771246	0.1062270
0.0940430	0.0740223
0.1045730	0.0446311
0.1115370	0.0120218
0.1080260	-0.0277832
0.0840049	-0.0683739
0.0374589	-0.0936980
-0.0191414	-0.0881362
-0.0629909	-0.0486722
-0.0736783	0.0101607
-0.0458063	0.0628749
0.0074463	0.0871146
0.0623906	0.0756872
0.0988063	0.0385039
0.1100920	-0.0062562
0.1030150	-0.0447475
0.0883882	-0.0745090
0.0706456	-0.1013440
0.0446828	-0.1294320
0.0023214	-0.1532980
-0.0570348	-0.1586930
-0.1205160	-0.1323700
-0.1661990	-0.0735248
-0.1755180	0.0020543
-0.1450640	0.0689747
-0.0892707	0.1060650
-0.0318857	0.1076390
0.0078288	0.0846022
0.0246098	0.0551884
0.0262818	0.0324669
0.0241195	0.0177465
0.0225167	0.0041013
0.0160877	-0.0136430
-0.0037757	-0.0310258
-0.0384405	-0.0349441
-0.0764453	-0.0132209
-0.0979685	0.0344608
-0.0868269	0.0929093
-0.0415295	0.1385200
0.0227307	0.1526320
0.0828108	0.1319370
0.1210030	0.0888236
0.1337560	0.0418305
0.1300530	0.0034758
0.1215320	-0.0257071
0.1123870	-0.0531246
0.0969061	-0.0840065
0.0662980	-0.1137340
0.0190916	-0.1290730
-0.0335099	-0.1177380
-0.0721823	-0.0790263
-0.0812034	-0.0271586
-0.0589710	0.0158057
-0.0195564	0.0328456
0.0160072	0.0216506
0.0325443	-0.0056095
0.0286236	-0.0318724
0.0143007	-0.0468313
0.0011167	-0.0521281
-0.0075990	-0.0567313
-0.0186137	-0.0667067
-0.0415938	-0.0778168
-0.0787035	-0.0770898
-0.1194710	-0.0524652
-0.1454590	-0.0032337
-0.1417880	0.0568748
-0.1072250	0.1067470
-0.0554105	0.1303320
-0.0062448	0.1256900
0.0263594	0.1043330
0.0415989	0.0817386
0.0490159	0.0663197
0.0585444	0.0550296
0.0713639	0.0385183
0.0787161	0.0113816
0.0695550	-0.0208363
0.0409843	-0.0436859
0.0031610	-0.0436927
-0.0255518	-0.0187379
-0.0300267	0.0189872
-0.0081918	0.0499504
0.0278975	0.0593183
0.0604343	0.0454743
0.0774614	0.0190963
0.0792546	-0.0060668
0.0751579	-0.0234848
0.0738294	-0.0373989
0.0747976	-0.0571749
0.0680893	-0.0871528
0.0423719	-0.1202040
-0.0046125	-0.1404200
-0.0614944	-0.1333830
-0.1084940	-0.0965786
-0.1290190	-0.0422202
-0.1194540	0.0097420
-0.0902600	0.0434803
-0.0579024	0.0555866
-0.0338022	0.0542032
-0.0184515	0.0503107
-0.0046454	0.0482830
0.0133089	0.0431062
0.0321136	0.0262883
0.0400340	-0.0044076
0.0254808	-0.0394090
-0.0127672	-0.0609262
-0.0616635	-0.0537275
-0.0998102	-0.0155437
-0.1094840	0.0404409
-0.0865413	0.0929382
-0.0415112	0.1246150
0.0084146	0.1305110
0.0502756	0.1174160
0.0812010	0.0956381
0.1055370	0.0701407
0.1264310	0.0380642
0.1393140	-0.0056430
0.1331070	-0.0593924
0.0987687	-0.1105850
0.0387417	-0.1401370
-0.0302995	-0.1335230
-0.0843923	-0.0907255
-0.1048130	-0.0278461
-0.0879041	0.0311120
-0.0457289	0.0668576
0.0024140	0.0734521
0.0412762	0.0577489
0.0658802	0.0312065
0.0791226	0.0009942
0.0839462	-0.0327722
0.0772825	-0.0721111
0.0512430	-0.1133700
0.0009630	-0.1438100
-0.0671859	-0.1465190
-0.1341620	-0.1110200
-0.1760000	-0.0420560
-0.1763120	0.0401873
-0.1353240	0.1093580
-0.0693866	0.1459450
-0.0014564	0.1456530
0.0508230	0.1182230
0.0815923	0.0785610
0.0944029	0.0372400
0.0942906	-0.0028348
0.0814365	-0.0421215
0.0517405	-0.0771967
0.0036790	-0.0975745
-0.0546049	-0.0902452
-0.1046700	-0.0492149
-0.1255800	0.0171376
-0.1055710	0.0870941
-0.0496740	0.1354150
0.0222131	0.1459650
0.0857522	0.1190270
0.1242250	0.0688352
0.1345040	0.0137028
0.1238960	-0.0340118
0.1014300	-0.0713611
0.0708719	-0.1003900
0.0307050	-0.1206370
-0.0195688	-0.1254900
-0.0727373	-0.1059560
-0.1132270	-0.0591639
-0.1242570	0.0052676
-0.0983113	0.0667808
-0.0433890	0.1034080
0.0198870	0.1033410
0.0688585	0.0708191
0.0902103	0.0224658
0.0847741	-0.0231243
0.0632284	-0.0552098
0.0366801	-0.0736686
0.0094617	-0.0837876
-0.0207519	-0.0881349
-0.0563887	-0.0824787
-0.0929912	-0.0592009
-0.1181420	-0.0154791
-0.1179790	0.0405275
-0.0868690	0.0910359
-0.0330113	0.1174820
0.0246137	0.1110460
0.0663046	0.0775445
0.0819666	0.0332821
0.0747912	-0.0051101
0.0562576	-0.0296358
0.0366990	-0.0426711
0.0186582	-0.0510243
-0.0022369	-0.0576094
-0.0301368	-0.0576060
-0.0617330	-0.0422664
-0.0851720	-0.0073972
-0.0865876	0.0402926
-0.0597310	0.0843891
-0.0115482	0.1073260
0.0406766	0.1005250
0.0788862	0.0690418
0.0939298	0.0275460
0.0887805	-0.0092475
0.0735663	-0.0347387
0.0567124	-0.0515661
0.0391430	-0.0655847
0.0158320	-0.0780322
-0.0168912	-0.0824730
-0.0544774	-0.0692484
-0.0837064	-0.0341646
-0.0897449	0.0153973
-0.0659618	0.0621104
-0.0193900	0.0875871
0.0323279	0.0826270
0.0705937	0.0518346
0.0855030	0.0096410
0.0790823	-0.0290868
0.0605585	-0.0569929
0.0379477	-0.0753579
0.0126768	-0.0884542
-0.0187879	-0.0963737
-0.0580599	-0.0925887
-0.0987518	-0.0686050
-0.1267800	-0.0222738
-0.1277570	0.0368838
-0.0965464	0.0900991
-0.0420673	0.1186540
0.0164714	0.1140290
0.0596329	0.0820618
0.0774306	0.0384688
0.0723563	-0.0008485
0.0544401	-0.0278452
0.0327359	-0.0434899
0.0098690	-0.0522332
-0.0165474	-0.0550063
-0.0474493	-0.0468183
-0.0767108	-0.0211112
-0.0916713	0.0225701
-0.0802559	0.0739879
-0.0397969	0.1150710
0.0190695	0.1290740
0.0767796	0.1100270
0.1149440	0.0659815
0.1254980	0.0138333
0.1129480	-0.0305723
0.0887857	-0.0601861
0.0626854	-0.0773882
0.0371098	-0.0879913
0.0089238	-0.0939704
-0.0239677	-0.0909237
-0.0568642	-0.0722876
-0.0785582	-0.0368244
-0.0780201	0.0068717
-0.0526711	0.0430113
-0.0118930	0.0571457
0.0272710	0.0447671
0.0495676	0.0138519
0.0496725	-0.0204823
0.0335049	-0.0453611
0.0122095	-0.0569267
-0.0063982	-0.0599690
-0.0224868	-0.0613140
-0.0417260	-0.0624978
-0.0680016	-0.0576086
-0.0973668	-0.0380492
-0.1183090	-0.0005206
-0.1185360	0.0480743
-0.0934281	0.0928964
-0.0498683	0.1193280
-0.0025291	0.1213060
0.0347869	0.1039360
0.0565436	0.0787448
0.0664741	0.0553254
0.0719389	0.0356853
0.0763874	0.0153454
0.0759825	-0.0100504
0.0631123	-0.0381468
0.0340766	-0.0588631
-0.0051528	-0.0602397
-0.0399398	-0.0370972
-0.0546203	0.0038826
-0.0416590	0.0466087
-0.0059960	0.0741139
0.0383094	0.0773650
0.0765190	0.0584943
0.1006520	0.0268113
0.1109510	-0.0087680
0.1111600	-0.0448712
0.1021760	-0.0826655
0.0796688	-0.1220560
0.0379832	-0.1563990
-0.0226166	-0.1728100
-0.0912939	-0.1588350
-0.1489730	-0.1111580
-0.1770310	-0.0400469
-0.1669530	0.0341008
-0.1246140	0.0902575
-0.0665056	0.1162980
-0.0107155	0.1126670
0.0311458	0.0886178
0.0561168	0.0546464
0.0659192	0.0170579
0.0612216	-0.0217229
0.0394819	-0.0583867
-0.0015792	-0.0845523
-0.0577743	-0.0877974
-0.1151260	-0.0583281
-0.1533070	0.0030891
-0.1547880	0.0819511
-0.1141530	0.1547160
-0.0414754	0.1990980
0.0425394	0.2037560
0.1164560	0.1715980
0.1667140	0.1153950
0.1900160	0.0495452
0.1893480	-0.0160148
0.1680430	-0.0761323
0.1271350	-0.1262620
0.0680469	-0.1586450
-0.0022109	-0.1632450
-0.0685887	-0.1337390
-0.1118150	-0.0743103
-0.1171780	-0.0016258
-0.0828317	0.0606470
-0.0219044	0.0921809
0.0433873	0.0850098
0.0920766	0.0457731
0.1128550	-0.0097037
0.1058370	-0.0653260
0.0778325	-0.1110890
0.0357195	-0.1433560
-0.0167781	-0.1604450
-0.0769145	-0.1584000
-0.1380900	-0.1313000
-0.1874920	-0.0763996
-0.2095210	-0.0000168
-0.1936660	0.0811226
-0.1416190	0.1453990
-0.0683276	0.1759640
0.0043802	0.1685760
0.0578518	0.1326070
0.0841214	0.0848061
0.0865430	0.0402091
0.0741218	0.0062191
0.0543629	-0.0169186
0.0299571	-0.0309089
0.0011494	-0.0345091
-0.0290594	-0.0233028
-0.0520173	0.0055824
-0.0561035	0.0478177
-0.0337063	0.0904047
0.0125041	0.1165610
0.0689606	0.1142970
0.1173350	0.0830116
0.1436780	0.0335549
0.1446200	-0.0182939
0.1267930	-0.0604162
0.1004550	-0.0892518
0.0723183	-0.1081760
0.0427401	-0.1214080
0.0088643	-0.1286540
-0.0294104	-0.1248100
-0.0658726	-0.1048750
-0.0901240	-0.0699730
-0.0941154	-0.0294083
-0.0782165	0.0034100
-0.0520515	0.0185962
-0.0291195	0.0155776
-0.0188311	0.0028413
-0.0215421	-0.0081868
-0.0299729	-0.0106885
-0.0357021	-0.0060195
-0.0357403	-0.0009449
-0.0342783	-0.0009542
-0.0384605	-0.0049489
-0.0516045	-0.0054517
-0.0692170	0.0057884
-0.0810097	0.0310671
-0.0775442	0.0640355
-0.0566064	0.0931767
-0.0246018	0.1089410
0.0079965	0.1093010
0.0336627	0.0997363
0.0520286	0.0878831
0.0682398	0.0771318
0.0869351	0.0641804
0.1067060	0.0424659
0.1195530	0.0088216
0.1160550	-0.0318680
0.0925371	-0.0678484
0.0549176	-0.0870194
0.0161974	-0.0842899
-0.0107738	-0.0645757
-0.0202415	-0.0394025
-0.0154846	-0.0196989
-0.0048023	-0.0099900
0.0050417	-0.0079100
0.0128327	-0.0087856
0.0215201	-0.0111941
0.0329358	-0.0187999
0.0432604	-0.0368396
0.0433639	-0.0659947
0.0243709	-0.0986768
-0.0153829	-0.1211680
-0.0672021	-0.1207510
-0.1153580	-0.0931652
-0.1449660	-0.0452800
-0.1492570	0.0087992
-0.1315770	0.0554121
-0.1013080	0.0875351
-0.0671735	0.1056140
-0.0329775	0.1133230
0.0014538	0.1122830
0.0356166	0.1002480
0.0644140	0.0742562
0.0788294	0.0360470
0.0713254	-0.0050513
0.0421552	-0.0348291
0.0016537	-0.0413840
-0.0337793	-0.0221056
-0.0498039	0.0143958
-0.0411753	0.0528688
-0.0132225	0.0794688
0.0227757	0.0879615
0.0566638	0.0803446
0.0838864	0.0623426
0.1046770	0.0378610
0.1194990	0.0068784
0.1251400	-0.0318055
0.1151570	-0.0756256
0.0847474	-0.1157020
0.0363339	-0.1395380
-0.0187958	-0.1377320
-0.0647634	-0.1101490
-0.0889370	-0.0670143
-0.0882417	-0.0238465
-0.0697970	0.0065507
-0.0456784	0.0198001
-0.0256469	0.0198900
-0.0128537	0.0140781
-0.0050273	0.0069930
0.0005699	-0.0016133
0.0028691	-0.0141407
-0.0029303	-0.0301469
-0.0209093	-0.0436092
-0.0492273	-0.0451917
-0.0786274	-0.0282750
-0.0964373	0.0056354
-0.0936883	0.0463453
-0.0704749	0.0800799
-0.0357687	0.0969712
-0.0018075	0.0958808
0.0229873	0.0834435
0.0377046	0.0683849
0.0470292	0.0554764
0.0556926	0.0434921
0.0638369	0.0283008
0.0669112	0.0082493
0.0600447	-0.0127088
0.0432719	-0.0268397
0.0232452	-0.0281682
0.0097403	-0.0174770
0.0092916	-0.0027601
0.0206121	0.0055322
0.0352685	0.0011968
0.0432544	-0.0138567
0.0395026	-0.0313333
0.0267097	-0.0425403
0.0125963	-0.0442261
0.0038391	-0.0400798
0.0012865	-0.0370229
-0.0000344	-0.0393274
-0.0063277	-0.0451400
-0.0195538	-0.0480436
-0.0353916	-0.0423686
-0.0462676	-0.0280624
-0.0471459	-0.0112553
-0.0396008	0.0000376
-0.0309466	0.0018854
-0.0289392	-0.0024601
-0.0359470	-0.0047758
-0.0469597	0.0021457
-0.0529788	0.0191146
-0.0473400	0.0397283
-0.0303566	0.0547010
-0.0089481	0.0581269
0.0083344	0.0510967
0.0170926	0.0401521
0.0193904	0.0319649
0.0210435	0.0284147
0.0261977	0.0258197
0.0335470	0.0187959
0.0372219	0.0056081
0.0317250	-0.0093115
0.0170929	-0.0178568
0.0001731	-0.0140735
-0.0092345	0.0009953
-0.0047588	0.0191528
0.0122001	0.0298854
0.0332939	0.0268301
0.0485853	0.0113366
0.0525588	-0.0092384
0.0465543	-0.0269910
0.0361851	-0.0385022
0.0260844	-0.0457889
0.0162360	-0.0527792
0.0027622	-0.0604067
-0.0175391	-0.0644660
-0.0426402	-0.0581873
-0.0645816	-0.0377495
-0.0736106	-0.0065230
-0.0644326	0.0254095
-0.0401037	0.0464920
-0.0106771	0.0502148
0.0125417	0.0384571
0.0231590	0.0194763
0.0221199	0.0022171
0.0150934	-0.0088578
0.0072248	-0.0148458
-0.0005499	-0.0190858
-0.0108738	-0.0225122
-0.0257940	-0.0216782
-0.0426784	-0.0112357
-0.0538734	0.0109602
-0.0508813	0.0401998
-0.0302626	0.0659068
0.0030583	0.0770648
0.0377057	0.0685365
0.0618954	0.0439464
0.0695715	0.0131908
0.0625886	-0.0135627
0.0478177	-0.0311476
0.0316967	-0.0404635
0.0164104	-0.0451430
0.0003563	-0.0469121
-0.0179216	-0.0435519
-0.0359015	-0.0311401
-0.0468345	-0.0087290
-0.0437133	0.0184723
-0.0246728	0.0403615
0.0043107	0.0472754
0.0317662	0.0358463
0.0468304	0.0112557
0.0450630	-0.0157702
0.0301053	-0.0351672
0.0103044	-0.0426820
-0.0070151	-0.0406315
-0.0194451	-0.0342528
-0.0289950	-0.0268266
-0.0381118	-0.0174479
-0.0457809	-0.0030490
-0.0470953	0.0171810
-0.0368546	0.0388023
-0.0144596	0.0533425
0.0138429	0.0532516
0.0374704	0.0371317
0.0473564	0.0113515
0.0411734	-0.0133290
0.0243083	-0.0279145
0.0059912	-0.0299039
-0.0065807	-0.0234792
-0.0119679	-0.0153713
-0.0136636	-0.0097134
-0.0157912	-0.0057335
-0.0189418	0.0002109
-0.0194990	0.0101685
-0.0129577	0.0214896
0.0014648	0.0277720
0.0187280	0.0233502
0.0303311	0.0079670
0.0296746	-0.0120377
0.0165896	-0.0271773
-0.0023153	-0.0306204
-0.0178296	-0.0222722
-0.0238951	-0.0082893
-0.0208842	0.0034971
-0.0142351	0.0088331
-0.0097204	0.0091853
-0.0090486	0.0094330
-0.0090920	0.0131494
-0.0051583	0.0192695
0.0044176	0.0227805
0.0160938	0.0188890
0.0232076	0.0073756
0.0208568	-0.0063653
0.0098816	-0.0146095
-0.0031701	-0.0126150
-0.0102392	-0.0020570
-0.0071446	0.0099932
0.0037263	0.0158521
0.0153354	0.0123129
0.0210381	0.0023903
0.0190137	-0.0074053
0.0128904	-0.0120757
0.0082984	-0.0116064
0.0081452	-0.0103561
0.0103076	-0.0129846
0.0095101	-0.0201951
0.0018949	-0.0276848
-0.0113176	-0.0292096
-0.0240172	-0.0214758
-0.0292621	-0.0071062
-0.0242520	0.0066799
-0.0125073	0.0128266
-0.0015804	0.0092027
0.0020633	-0.0001038
-0.0027252	-0.0078650
-0.0114703	-0.0088416
-0.0177684	-0.0031727
-0.0181108	0.0043836
-0.0141858	0.0086107
-0.0110100	0.0080977
-0.0124492	0.0063002
-0.0176818	0.0085926
-0.0214207	0.0176182
-0.0178101	0.0305784
-0.0050706	0.0406555
0.0126631	0.0416266
0.0277948	0.0322792
0.0342777	0.0173410
0.0315303	0.0042163
0.0244149	-0.0020674
0.0193763	-0.0019913
0.0196801	-0.0005250
0.0233051	-0.0028531
0.0249839	-0.0101694
0.0207239	-0.0187452
0.0112760	-0.0229435
0.0018508	-0.0198216
-0.0017328	-0.0117484
0.0024595	-0.0049693
0.0107837	-0.0051410
0.0164613	-0.0131710
0.0143760	-0.0244952
0.0046591	-0.0323462
-0.0075912	-0.0325728
-0.0162055	-0.0264190
-0.0184946	-0.0192246
-0.0170306	-0.0160947
-0.0173547	-0.0178582
-0.0233947	-0.0203925
-0.0341085	-0.0178233
-0.0439267	-0.0071624
-0.0466839	0.0091397
-0.0400884	0.0246741
-0.0273759	0.0334854
-0.0149229	0.0341123
-0.0076444	0.0302511
-0.0056495	0.0276044
-0.0046487	0.0293610
0.0002619	0.0337688
0.0103804	0.0356450
0.0220155	0.0306592
0.0290466	0.0190943
0.0275310	0.0061662
0.0188827	-0.0014240
0.0091933	-0.0001897
0.0051469	0.0076675
0.0095210	0.0158263
0.0195519	0.0182649
0.0292780	0.0132449
0.0339972	0.0039600
0.0334402	-0.0044869
0.0313061	-0.0093353
0.0316341	-0.0123130
0.0349192	-0.0179985
0.0370844	-0.0296653
0.0322358	-0.0458497
0.0172124	-0.0603938
-0.0054872	-0.0661162
-0.0286686	-0.0595198
-0.0446993	-0.0431314
-0.0500343	-0.0237918
-0.0468119	-0.0081897
-0.0405242	0.0010873
-0.0356747	0.0061932
-0.0327550	0.0111186
-0.0287570	0.0176862
-0.0206591	0.0236667
-0.0090064	0.0245358
0.0013796	0.0175220
0.0043241	0.0047559
-0.0032096	-0.0070729
-0.0184087	-0.0105475
-0.0337963	-0.0022018
-0.0415862	0.0152800
-0.0381682	0.0348834
-0.0256216	0.0497225
-0.0093879	0.0568960
0.0059434	0.0580663
0.0194784	0.0566389
0.0334204	0.0539919
0.0496934	0.0478621
0.0666448	0.0342467
0.0786551	0.0113785
0.0792550	-0.0173760
0.0656092	-0.0441463
0.0410729	-0.0605696
0.0138359	-0.0624968
-0.0075123	-0.0521382
-0.0184550	-0.0362261
-0.0200549	-0.0216341
-0.0167299	-0.0116451
-0.0122712	-0.0054105
-0.0072565	-0.0006231
0.0002279	0.0030351
0.0113280	0.0026352
0.0234517	-0.0058857
0.0302621	-0.0237899
0.0250548	-0.0468979
0.0052842	-0.0665457
-0.0250189	-0.0738398
-0.0567991	-0.0644587
-0.0805589	-0.0407903
-0.0909149	-0.0100772
-0.0881889	0.0199410
-0.0763459	0.0447453
-0.0592386	0.0636740
-0.0382040	0.0775236
-0.0127753	0.0854971
0.0163313	0.0843066
0.0447107	0.0704236
0.0647299	0.0438456
0.0691767	0.0103319
0.0557666	-0.0200114
0.0293076	-0.0373100
-0.0001862	-0.0368256
-0.0223467	-0.0210203
-0.0311601	0.0024399
-0.0266366	0.0251716
-0.0128137	0.0419108
0.0059368	0.0513167
0.0273266	0.0538175
0.0506167	0.0488219
0.0739898	0.0339642
0.0924756	0.0072466
0.0987240	-0.0295723
0.0866789	-0.0692592
0.0557909	-0.1009610
0.0126924	-0.1149550
-0.0311594	-0.1074160
-0.0646081	-0.0821253
-0.0815278	-0.0480855
-0.0823352	-0.0147560
-0.0717778	0.0119188
-0.0550474	0.0303496
-0.0351925	0.0411444
-0.0134643	0.0442786
0.0082573	0.0382044
0.0255319	0.0217181
0.0320915	-0.0030276
0.0232221	-0.0291362
-0.0005101	-0.0469264
-0.0320771	-0.0484599
-0.0606230	-0.0318017
-0.0765105	-0.0021482
-0.0756475	0.0309797
-0.0604468	0.0586124
-0.0371310	0.0760980
-0.0115776	0.0835514
0.0133024	0.0832813
0.0370836	0.0766254
0.0591794	0.0628232
0.0766290	0.0407330
0.0844855	0.0117922
0.0788038	-0.0184869
0.0600195	-0.0421423
0.0339855	-0.0527509
0.0095350	-0.0490903
-0.0060211	-0.0358408
-0.0104831	-0.0207318
-0.0070606	-0.0100578
-0.0013451	-0.0056167
0.0027369	-0.0050209
0.0050653	-0.0048313
0.0081883	-0.0039436
0.0140457	-0.0045972
0.0212867	-0.0103053
0.0253892	-0.0224124
0.0215802	-0.0380611
0.0083614	-0.0512725
-0.0110651	-0.0564576
-0.0306097	-0.0518023
-0.0450466	-0.0400391
-0.0529390	-0.0260797
-0.0566157	-0.0133477
-0.0593210	-0.0016150
-0.0618214	0.0120166
-0.0611761	0.0297735
-0.0527354	0.0501327
-0.0339651	0.0674936
-0.0072489	0.0750636
0.0204950	0.0690175
0.0412520	0.0510192
0.0500740	0.0273597
0.0471676	0.0053986
0.0366875	-0.0101357
0.0234331	-0.0184927
0.0100718	-0.0213052
-0.0030991	-0.0197288
-0.0159783	-0.0128756
-0.0261950	0.0010440
-0.0287667	0.0217504
-0.0186443	0.0446090
0.0054357	0.0612455
0.0386113	0.0632078
0.0710343	0.0465172
0.0920944	0.0141465
0.0951930	-0.0252270
0.0801724	-0.0613474
0.0521767	-0.0866973
0.0181704	-0.0984231
-0.0162415	-0.0972124
-0.0476521	-0.0847047
-0.0733878	-0.0618901
-0.0896885	-0.0298431
-0.0917302	0.0080276
-0.0760908	0.0445298
-0.0440723	0.0699718
-0.0032350	0.0760876
0.0345351	0.0603668
0.0577616	0.0279405
0.0602494	-0.0103855
0.0432396	-0.0428614
0.0137833	-0.0614516
-0.0192710	-0.0638224
-0.0489157	-0.0520589
-0.0711606	-0.0297619
-0.0837582	-0.0000216
-0.0843809	0.0343454
-0.0703919	0.0690299
-0.0408097	0.0971088
0.0010221	0.1103480
0.0464958	0.1027680
0.0839787	0.0743158
0.1034300	0.0320225
0.1007600	-0.0124941
0.0792887	-0.0479034
0.0474816	-0.0675575
0.0145888	-0.0709482
-0.0130112	-0.0618401
-0.0327304	-0.0449042
-0.0440948	-0.0234300
-0.0464788	0.0004988
-0.0384557	0.0241221
-0.0194047	0.0425988
0.0080426	0.0498619
0.0370541	0.0416243
0.0585173	0.0185156
0.0650495	-0.0130824
0.0546254	-0.0434722
0.0314185	-0.0640405
0.0032909	-0.0709020
-0.0223701	-0.0655905
-0.0417310	-0.0526736
-0.0547015	-0.0362646
-0.0626154	-0.0179933
-0.0655709	0.0023131
-0.0616776	0.0241704
-0.0488093	0.0445048
-0.0273835	0.0580971
-0.0017860	0.0603375
0.0209762	0.0503263
0.0347048	0.0319527
0.0372048	0.0119970
0.0310141	-0.0035246
0.0212050	-0.0122643
0.0119078	-0.0157506
0.0040892	-0.0169649
-0.0038964	-0.0172798
-0.0135981	-0.0151667
-0.0238606	-0.0076672
-0.0304866	0.0065357
-0.0285964	0.0248783
-0.0160299	0.0413637
0.0047060	0.0495612
0.0274143	0.0461220
0.0454569	0.0323912
0.0550064	0.0131013
0.0561165	-0.0067394
0.0511283	-0.0244105
0.0419369	-0.0397007
0.0284284	-0.0529045
0.0093735	-0.0624885
-0.0149700	-0.0646021
-0.0407615	-0.0551561
-0.0609692	-0.0331238
-0.0684229	-0.0026055
-0.0596840	0.0280801
-0.0371636	0.0499627
-0.0080568	0.0574636
0.0191791	0.0504166
0.0384665	0.0330262
0.0476475	0.0108540
0.0473898	-0.0118561
0.0388800	-0.0327524
0.0224760	-0.0499313
-0.0015144	-0.0602315
-0.0306824	-0.0592325
-0.0590840	-0.0434952
-0.0782661	-0.0136306
-0.0807075	0.0241680
-0.0637157	0.0596590
-0.0312508	0.0826184
0.0076051	0.0871277
0.0426348	0.0735772
0.0664867	0.0474239
0.0764354	0.0158810
0.0733799	-0.0150947
0.0594983	-0.0417356
0.0367039	-0.0613575
0.0070581	-0.0708903
-0.0255614	-0.0668986
-0.0544834	-0.0475641
-0.0715236	-0.0152552
-0.0703505	0.0225189
-0.0499820	0.0550788
-0.0160370	0.0727704
0.0213250	0.0710380
0.0516910	0.0519777
0.0684017	0.0225931
0.0700794	-0.0089076
0.0592709	-0.0363322
0.0397326	-0.0564663
0.0145526	-0.0678571
-0.0137084	-0.0691179
-0.0415272	-0.0586081
-0.0634545	-0.0359841
-0.0731780	-0.0043318
-0.0664278	0.0291730
-0.0438786	0.0552399
-0.0118649	0.0663158
0.0199443	0.0600508
0.0427162	0.0401884
0.0520005	0.0143346
0.0486249	-0.0098982
0.0367501	-0.0279187
0.0207713	-0.0386826
0.0033209	-0.0429536
-0.0144760	-0.0411172
-0.0312200	-0.0324777
-0.0438529	-0.0165649
-0.0482083	0.0047910
-0.0413854	0.0266165
-0.0242226	0.0423193
-0.0018478	0.0468793
0.0184342	0.0396112
0.0307312	0.0245400
0.0333165	0.0080402
0.0287766	-0.0047031
0.0216047	-0.0120621
0.0150560	-0.0157125
0.0094912	-0.0182318
0.0032152	-0.0205282
-0.0050869	-0.0210693
-0.0143824	-0.0174017
-0.0214088	-0.0086481
-0.0228206	0.0030838
-0.0176947	0.0135882
-0.0084107	0.0191535
0.0008441	0.0189228
0.0068769	0.0152186
0.0094988	0.0115613
0.0112192	0.0098676
0.0148434	0.0089646
0.0207959	0.0055886
0.0262372	-0.0028332
0.0267284	-0.0156829
0.0193073	-0.0288320
0.0047774	-0.0368222
-0.0124273	-0.0360497
-0.0266878	-0.0267549
-0.0342052	-0.0125283
-0.0345056	0.0021303
-0.0295979	0.0143066
-0.0217275	0.0234377
-0.0116600	0.0300248
0.0011098	0.0336227
0.0164671	0.0320096
0.0318027	0.0224804
0.0419705	0.0044503
0.0415619	-0.0186390
0.0281771	-0.0398017
0.0044736	-0.0514375
-0.0225231	-0.0490087
-0.0445391	-0.0331747
-0.0556768	-0.0091262
-0.0543718	0.0162606
-0.0427840	0.0374600
-0.0245333	0.0516573
-0.0026998	0.0580090
0.0205007	0.0560109
0.0425200	0.0447472
0.0592776	0.0238827
0.0655568	-0.0043703
0.0573105	-0.0341410
0.0345246	-0.0570767
0.0025520	-0.0656325
-0.0293528	-0.0566667
-0.0517421	-0.0331142
-0.0588474	-0.0026562
-0.0504257	0.0257777
-0.0307654	0.0455332
-0.0058899	0.0538347
0.0190091	0.0510364
0.0404070	0.0387396
0.0556160	0.0185764
0.0617064	-0.0074144
0.0557017	-0.0354661
0.0363508	-0.0594615
0.0062402	-0.0722607
-0.0276203	-0.0687095
-0.0557556	-0.0485794
-0.0699979	-0.0174170
-0.0669749	0.0155069
-0.0492665	0.0410946
-0.0236480	0.0539272
0.0023242	0.0534913
0.0232197	0.0428352
0.0365981	0.0260349
0.0419257	0.0063975
0.0390217	-0.0135807
0.0276239	-0.0310691
0.0084832	-0.0421511
-0.0150996	-0.0426902
-0.0369829	-0.0306070
-0.0500213	-0.0079943
-0.0492830	0.0187069
-0.0346900	0.0410485
-0.0112930	0.0522705
0.0131267	0.0501780
0.0316869	0.0375174
0.0410757	0.0198238
0.0418392	0.0023276
0.0365662	-0.0120509
0.0276217	-0.0226030
0.0161478	-0.0292634
0.0028307	-0.0312363
-0.0105917	-0.0271417
-0.0207297	-0.0166041
-0.0237510	-0.0018765
-0.0177658	0.0121157
-0.0046425	0.0197987
0.0102827	0.0179268
0.0207149	0.0075342
0.0226451	-0.0065374
0.0162612	-0.0183099
0.0053478	-0.0238162
-0.0052905	-0.0227247
-0.0125502	-0.0175765
-0.0161142	-0.0114616
-0.0174391	-0.0059658
-0.0177481	-0.0008240
-0.0167731	0.0047227
-0.0132545	0.0102294
-0.0067010	0.0136009
0.0011771	0.0124365
0.0067589	0.0061881
0.0065955	-0.0026201
-0.0001081	-0.0092827
-0.0104570	-0.0095424
-0.0191835	-0.0022481
-0.0215728	0.0097905
-0.0160915	0.0213721
-0.0050157	0.0278418
0.0072360	0.0274428
0.0167809	0.0216267
0.0220867	0.0133859
0.0238315	0.0050555
0.0232613	-0.0027378
0.0205965	-0.0103428
0.0148857	-0.0174209
0.0054359	-0.0219670
-0.0064231	-0.0210792
-0.0168760	-0.0131012
-0.0211768	0.0004491
-0.0163903	0.0147701
-0.0034760	0.0238711
0.0127973	0.0236636
0.0261750	0.0140840
0.0320167	-0.0010923
0.0292282	-0.0165115
0.0199639	-0.0279805
0.0076280	-0.0339104
-0.0051923	-0.0347862
-0.0173912	-0.0314914
-0.0283951	-0.0240860
-0.0367351	-0.0121160
-0.0396637	0.0038462
-0.0344642	0.0208630
-0.0206533	0.0339174
-0.0013853	0.0380565
0.0172387	0.0311610
0.0288260	0.0154796
0.0297628	-0.0032098
0.0207963	-0.0183736
0.0062122	-0.0257090
-0.0087029	-0.0245513
-0.0201559	-0.0170836
-0.0267715	-0.0062645
-0.0287148	0.0058507
-0.0261393	0.0182555
-0.0184810	0.0298282
-0.0052770	0.0381978
0.0122016	0.0399676
0.0300357	0.0324980
0.0425938	0.0160856
0.0450806	-0.0051508
0.0361688	-0.0246057
0.0189541	-0.0361461
-0.0004792	-0.0369316
-0.0160112	-0.0283854
-0.0241165	-0.0148576
-0.0246558	-0.0010446
-0.0196763	0.0100575
-0.0114354	0.0174882
-0.0012334	0.0211602
0.0102005	0.0205339
0.0214031	0.0144599
0.0293901	0.0024374
0.0304388	-0.0137666
0.0221975	-0.0296633
0.0056925	-0.0395259
-0.0143417	-0.0391449
-0.0313203	-0.0281426
-0.0398563	-0.0103055
-0.0381496	0.0083262
-0.0283112	0.0223918
-0.0146225	0.0293345
-0.0010793	0.0295696
0.0101128	0.0249885
0.0183203	0.0172071
0.0231598	0.0069506
0.0234997	-0.0051165
0.0178402	-0.0170810
0.0058867	-0.0254200
-0.0099888	-0.0262912
-0.0248069	-0.0178201
-0.0329297	-0.0017966
-0.0308589	0.0165724
-0.0191138	0.0309299
-0.0019533	0.0367371
0.0148713	0.0331346
0.0268613	0.0226640
0.0323152	0.0092827
0.0319455	-0.0038091
0.0272500	-0.0150807
0.0191253	-0.0239894
0.0078228	-0.0296535
-0.0058751	-0.0302865
-0.0194751	-0.0240991
-0.0288942	-0.0110795
-0.0301968	0.0058060
-0.0219374	0.0211841
-0.0064722	0.0295759
0.0108118	0.0280933
0.0240090	0.0178212
0.0294137	0.0030203
0.0267971	-0.0112596
0.0186274	-0.0215521
0.0080404	-0.0268792
-0.0028774	-0.0279066
-0.0133566	-0.0253521
-0.0228740	-0.0190920
-0.0299367	-0.0087069
-0.0320043	0.0050669
-0.0268691	0.0193495
-0.0145530	0.0296954
0.0017847	0.0321572
0.0168397	0.0255519
0.0256262	0.0123579
0.0258957	-0.0024561
0.0189745	-0.0139629
0.0085652	-0.0195421
-0.0015615	-0.0195016
-0.0093732	-0.0158862
-0.0147715	-0.0105727
-0.0183423	-0.0041478
-0.0199015	0.0036819
-0.0181439	0.0126753
