jMRUI Data Textfile

Filename: Gly.txt

PointsInDataset: 2048      
DatasetsInFile: 1         
SamplingInterval: 2.5E-1    
ZeroOrderPhase: 0E0       
BeginTime: 0E0       
TransmitterFrequency: 1.2322E8  
MagneticField: 2.9E0     
TypeOfNucleus: 0E0       
NameOfPatient: Gly
DateOfExperiment: 
Spectrometer: 
AdditionalInfo: Gly
SignalNames: Gly.txt;


Signal and FFT
sig(real)	sig(imag)	fft(real)	fft(imag)
Signal 1 out of 1 in file
2.1000000	0.0000000
2.0136200	-0.5010710
1.7922200	-0.9222720
1.5065000	-1.2313900
1.2174500	-1.4536000
0.9374750	-1.6406300
0.6306790	-1.8217500
0.2514860	-1.9741300
-0.2081980	-2.0352800
-0.6995690	-1.9482500
-1.1404500	-1.7053500
-1.4644500	-1.3573500
-1.6591100	-0.9811730
-1.7647500	-0.6302160
-1.8354600	-0.3046970
-1.8923200	0.0362565
-1.9043300	0.4305060
-1.8117100	0.8708660
-1.5736600	1.2975100
-1.2043700	1.6310500
-0.7698680	1.8217200
-0.3476860	1.8778700
0.0202539	1.8527400
0.3466090	1.7999400
0.6756660	1.7315600
1.0365800	1.6105700
1.4088300	1.3832500
1.7265400	1.0265600
1.9187800	0.5745070
1.9557100	0.1030540
1.8659400	-0.3153050
1.7124000	-0.6534190
1.5450600	-0.9367690
1.3663900	-1.2113400
1.1354400	-1.4970800
0.8070790	-1.7626900
0.3762270	-1.9412300
-0.1068370	-1.9749200
-0.5621050	-1.8555200
-0.9274720	-1.6298200
-1.1928800	-1.3662700
-1.3957700	-1.1079900
-1.5819200	-0.8474790
-1.7619700	-0.5417940
-1.8967100	-0.1560940
-1.9227300	0.2979020
-1.7988600	0.7581900
-1.5384000	1.1467700
-1.2027500	1.4164800
-0.8611800	1.5754800
-0.5469080	1.6714100
-0.2424520	1.7478200
0.0953651	1.8061700
0.4902520	1.8023200
0.9159180	1.6802900
1.3037900	1.4174500
1.5835900	1.0469200
1.7264500	0.6400530
1.7585400	0.2619640
1.7351200	-0.0666051
1.6953300	-0.3727440
1.6318100	-0.6982400
1.4983400	-1.0555800
1.2493000	-1.4069100
0.8810330	-1.6824100
0.4432940	-1.8244000
0.0119596	-1.8242500
-0.3567790	-1.7244900
-0.6565710	-1.5847300
-0.9232170	-1.4374800
-1.1956200	-1.2671300
-1.4755500	-1.0278400
-1.7171000	-0.6863360
-1.8542000	-0.2568840
-1.8454700	0.1985020
-1.7028600	0.6051300
-1.4823400	0.9199080
-1.2440400	1.1518800
-1.0117400	1.3441100
-0.7622920	1.5312100
-0.4523510	1.7051900
-0.0618658	1.8157200
0.3792570	1.8048100
0.8018520	1.6497100
1.1379400	1.3815900
1.3607800	1.0659200
1.4947400	0.7592140
1.5881300	0.4747530
1.6699200	0.1826860
1.7236200	-0.1560990
1.6979400	-0.5485510
1.5463900	-0.9523680
1.2655700	-1.2966400
0.9031270	-1.5249900
0.5291910	-1.6290400
0.1926620	-1.6472800
-0.1050320	-1.6306900
-0.3993430	-1.6014000
-0.7238660	-1.5357800
-1.0733600	-1.3847000
-1.3970100	-1.1154200
-1.6273900	-0.7430810
-1.7236100	-0.3278190
-1.6962300	0.0607209
-1.5955600	0.3849270
-1.4723100	0.6559220
-1.3405900	0.9134090
-1.1711000	1.1845300
-0.9194330	1.4534000
-0.5676390	1.6648100
-0.1472720	1.7594900
0.2739080	1.7145700
0.6318980	1.5587000
0.9033010	1.3506800
1.1117200	1.1377600
1.2994800	0.9250910
1.4865900	0.6791660
1.6485200	0.3622060
1.7296600	-0.0290441
1.6826800	-0.4498880
1.5037700	-0.8302140
1.2373800	-1.1163600
0.9467600	-1.3010900
0.6724680	-1.4195500
0.4100470	-1.5147600
0.1232130	-1.5991900
-0.2179030	-1.6417800
-0.6029830	-1.5902200
-0.9782190	-1.4116600
-1.2764200	-1.1209000
-1.4581000	-0.7747080
-1.5329700	-0.4362400
-1.5458700	-0.1364280
-1.5383700	0.1390610
-1.5151400	0.4278780
-1.4407900	0.7513050
-1.2692900	1.0873800
-0.9836150	1.3775900
-0.6153090	1.5625000
-0.2289830	1.6194900
0.1168580	1.5746800
0.4033910	1.4799800
0.6545680	1.3731700
0.9079950	1.2510500
1.1761900	1.0759700
1.4280400	0.8104280
1.6047700	0.4532430
1.6586500	0.0496120
1.5853100	-0.3329540
1.4254200	-0.6449320
1.2346900	-0.8813170
1.0447600	-1.0748500
0.8446500	-1.2616300
0.5963090	-1.4456700
0.2721580	-1.5894700
-0.1142470	-1.6380500
-0.5080510	-1.5583100
-0.8439270	-1.3639800
-1.0850000	-1.1073700
-1.2408500	-0.8441760
-1.3515500	-0.5977360
-1.4502300	-0.3495800
-1.5328700	-0.0628791
-1.5584400	0.2794200
-1.4792100	0.6511410
-1.2783100	0.9922620
-0.9860230	1.2444300
-0.6624270	1.3861200
-0.3592840	1.4412300
-0.0897717	1.4550700
0.1715050	1.4562600
0.4587790	1.4335300
0.7787060	1.3449700
1.0953000	1.1526700
1.3480100	0.8562600
1.4895500	0.4998290
1.5152400	0.1467140
1.4619100	-0.1590210
1.3775500	-0.4156940
1.2847700	-0.6547390
1.1658600	-0.9066400
0.9803790	-1.1683700
0.7018890	-1.3973700
0.3455410	-1.5369000
-0.0345429	-1.5538800
-0.3764920	-1.4606500
-0.6472480	-1.3045600
-0.8572610	-1.1332600
-1.0427500	-0.9620140
-1.2294900	-0.7675720
-1.4059100	-0.5129130
-1.5262300	-0.1837130
-1.5413100	0.1914490
-1.4341200	0.5528000
-1.2329000	0.8445130
-0.9922350	1.0470800
-0.7562710	1.1829100
-0.5317400	1.2913900
-0.2908680	1.3927400
-0.0015093	1.4682700
0.3387780	1.4721600
0.6909300	1.3658300
0.9941650	1.1488500
1.2027400	0.8629680
1.3122600	0.5661040
1.3560200	0.2957800
1.3746300	0.0493805
1.3820200	-0.2043180
1.3539500	-0.4915630
1.2473800	-0.8039210
1.0361700	-1.0953300
0.7357750	-1.3085000
0.3980550	-1.4109600
0.0800340	-1.4138200
-0.1901930	-1.3593800
-0.4249490	-1.2871800
-0.6577150	-1.2043300
-0.9082180	-1.0825400
-1.1587400	-0.8838750
-1.3599300	-0.5954910
-1.4619800	-0.2467550
-1.4477700	0.1044470
-1.3431500	0.4061870
-1.1967200	0.6420430
-1.0445600	0.8338270
-0.8865030	1.0159600
-0.6917340	1.2013500
-0.4290880	1.3649600
-0.0987977	1.4577800
0.2587260	1.4406800
0.5840530	1.3127100
0.8341700	1.1125100
1.0057900	0.8917280
1.1293700	0.6805860
1.2387900	0.4714260
1.3401100	0.2322710
1.4031200	-0.0602330
1.3823900	-0.3938920
1.2516700	-0.7208080
1.0257300	-0.9844620
0.7530510	-1.1538900
0.4846920	-1.2394500
0.2428440	-1.2787300
0.0123872	-1.3035000
-0.2385390	-1.3130900
-0.5250370	-1.2743000
-0.8248090	-1.1479200
-1.0863600	-0.9216550
-1.2601500	-0.6243420
-1.3294400	-0.3105890
-1.3177400	-0.0272067
-1.2676300	0.2134740
-1.2071300	0.4336380
-1.1291000	0.6638610
-0.9993530	0.9110630
-0.7868650	1.1452000
-0.4932400	1.3150900
-0.1586830	1.3815200
0.1602000	1.3430300
0.4243120	1.2347300
0.6324060	1.1016100
0.8129460	0.9662420
0.9941200	0.8154730
1.1751400	0.6158390
1.3208600	0.3457000
1.3839500	0.0194683
1.3379900	-0.3147370
1.1965900	-0.6025560
1.0040600	-0.8155270
0.8047830	-0.9639930
0.6143850	-1.0814700
0.4142180	-1.1927200
0.1730250	-1.2900000
-0.1210580	-1.3357200
-0.4427530	-1.2894100
-0.7399270	-1.1387600
-0.9644560	-0.9111240
-1.1006500	-0.6567750
-1.1701300	-0.4164450
-1.2098100	-0.1975300
-1.2400200	0.0234350
-1.2470200	0.2743410
-1.1932300	0.5575510
-1.0473100	0.8394990
-0.8112120	1.0680400
-0.5236690	1.2047000
-0.2372070	1.2477400
0.0140490	1.2288600
0.2318030	1.1863600
0.4434840	1.1352000
0.6727320	1.0566600
0.9132450	0.9153570
1.1261200	0.6904340
1.2629700	0.3971920
1.2975500	0.0825138
1.2421500	-0.2026950
1.1365700	-0.4335000
1.0181900	-0.6210640
0.8957660	-0.7957110
0.7466650	-0.9761890
0.5394180	-1.1487700
0.2641590	-1.2722700
-0.0523612	-1.3053100
-0.3588450	-1.2354200
-0.6097700	-1.0878900
-0.7913680	-0.9079680
-0.9240060	-0.7296900
-1.0396100	-0.5549260
-1.1515700	-0.3581820
-1.2402600	-0.1131770
-1.2650700	0.1792990
-1.1941800	0.4836770
-1.0292800	0.7481970
-0.8066630	0.9360400
-0.5738390	1.0457800
-0.3591300	1.1060800
-0.1571030	1.1489500
0.0595618	1.1821400
0.3111540	1.1816900
0.5872610	1.1101400
0.8466030	0.9468380
1.0407900	0.7069190
1.1443200	0.4348350
1.1683600	0.1769300
1.1482900	-0.0463113
1.1145400	-0.2477200
1.0690400	-0.4553980
0.9850700	-0.6832590
0.8303900	-0.9128390
0.5961290	-1.1004400
0.3091990	-1.2044600
0.0187303	-1.2123700
-0.2334850	-1.1472600
-0.4364840	-1.0490400
-0.6101850	-0.9448110
-0.7824070	-0.8306250
-0.9606500	-0.6784630
-1.1203200	-0.4627570
-1.2185200	-0.1861760
-1.2231200	0.1151450
-1.1352400	0.3911500
-0.9882050	0.6076850
-0.8239000	0.7643830
-0.6643120	0.8874800
-0.4997150	1.0034100
-0.3021160	1.1134900
-0.0534456	1.1890600
0.2331700	1.1909100
0.5154820	1.0982300
0.7462520	0.9253350
0.9014830	0.7133510
0.9917330	0.5032290
1.0483100	0.3102780
1.0951400	0.1192480
1.1277500	-0.0966949
1.1155000	-0.3478540
1.0251900	-0.6123910
0.8482040	-0.8453430
0.6105920	-1.0057100
0.3582140	-1.0813800
0.1281700	-1.0933600
-0.0722028	-1.0763600
-0.2632000	-1.0506000
-0.4695300	-1.0064200
-0.6939650	-0.9130460
-0.9081550	-0.7449830
-1.0678100	-0.5057220
-1.1410000	-0.2307070
-1.1283000	0.0329049
-1.0598900	0.2545960
-0.9717910	0.4358480
-0.8794560	0.6012650
-0.7685920	0.7726090
-0.6099580	0.9457520
-0.3867440	1.0882700
-0.1135120	1.1596500
0.1678650	1.1390500
0.4124450	1.0395600
0.5986060	0.8984740
0.7369380	0.7508400
0.8553330	0.6063250
0.9719040	0.4466980
1.0765300	0.2455550
1.1351500	-0.0049637
1.1136700	-0.2810030
1.0033800	-0.5376040
0.8287190	-0.7353530
0.6314870	-0.8631920
0.4433690	-0.9404870
0.2674220	-0.9971070
0.0822228	-1.0469100
-0.1348170	-1.0748400
-0.3829780	-1.0475100
-0.6314420	-0.9391270
-0.8356040	-0.7532440
-0.9643980	-0.5236020
-1.0182300	-0.2934800
-1.0242200	-0.0889185
-1.0126900	0.0941592
-0.9926860	0.2795520
-0.9453790	0.4853700
-0.8399800	0.7032040
-0.6602010	0.8979290
-0.4209700	1.0285400
-0.1626120	1.0744200
0.0732861	1.0474700
0.2683130	0.9809370
0.4338270	0.9038200
0.5950890	0.8199800
0.7653380	0.7078920
0.9297480	0.5409390
1.0516300	0.3126840
1.0963600	0.0477530
1.0550500	-0.2101200
0.9501590	-0.4241010
0.8189470	-0.5849200
0.6872610	-0.7109090
0.5534550	-0.8277670
0.3943900	-0.9436900
0.1887030	-1.0389400
-0.0605784	-1.0778500
-0.3214520	-1.0343400
-0.5501250	-0.9115260
-0.7172240	-0.7407470
-0.8234910	-0.5606970
-0.8934390	-0.3923150
-0.9520690	-0.2283150
-1.0025300	-0.0449343
-1.0217500	0.1733150
-0.9773790	0.4149570
-0.8532120	0.6433580
-0.6637270	0.8179090
-0.4467610	0.9188090
-0.2396860	0.9569600
-0.0569634	0.9617700
0.1142400	0.9563200
0.2974000	0.9388240
0.5019190	0.8844320
0.7093830	0.7659150
0.8814310	0.5774600
0.9835140	0.3434090
1.0067600	0.1051960
0.9715940	-0.1038390
0.9106010	-0.2769540
0.8436770	-0.4321510
0.7643210	-0.5917640
0.6473170	-0.7592590
0.4718070	-0.9111010
0.2420800	-1.0100300
-0.0098657	-1.0298400
-0.2421370	-0.9730730
-0.4278990	-0.8683040
-0.5688850	-0.7492250
-0.6875790	-0.6313190
-0.8043600	-0.5036760
-0.9171680	-0.3419380
-0.9993070	-0.1322980
-1.0171400	0.1118760
-0.9543450	0.3536290
-0.8244580	0.5537320
-0.6621690	0.6938640
-0.5000190	0.7844170
-0.3479680	0.8513410
-0.1911060	0.9122720
-0.0069425	0.9602220
0.2111450	0.9672590
0.4423230	0.9054150
0.6476220	0.7689620
0.7933280	0.5811540
0.8710060	0.3802690
0.8992620	0.1953970
0.9061740	0.0300997
0.9058860	-0.1339990
0.8871790	-0.3167330
0.8226500	-0.5178790
0.6914570	-0.7111550
0.4983090	-0.8585120
0.2741910	-0.9341030
0.0581349	-0.9399920
-0.1263550	-0.9019130
-0.2826690	-0.8484770
-0.4319650	-0.7896350
-0.5908200	-0.7106920
-0.7528830	-0.5862630
-0.8886420	-0.4034410
-0.9636620	-0.1764320
-0.9616330	0.0585859
-0.8949110	0.2647160
-0.7946960	0.4258460
-0.6883610	0.5524460
-0.5810530	0.6676050
-0.4553660	0.7842050
-0.2891030	0.8907420
-0.0774507	0.9567050
0.1574810	0.9535230
0.3771840	0.8752930
0.5496140	0.7436530
0.6673440	0.5931330
0.7475780	0.4480480
0.8143160	0.3082710
0.8764250	0.1544480
0.9183750	-0.0316018
0.9107240	-0.2470210
0.8324140	-0.4638830
0.6879820	-0.6442810
0.5066200	-0.7633380
0.3237410	-0.8229800
0.1588600	-0.8462980
0.0063214	-0.8570210
-0.1544110	-0.8597870
-0.3370120	-0.8362090
-0.5318530	-0.7596820
-0.7075600	-0.6176290
-0.8295860	-0.4242440
-0.8819550	-0.2139790
-0.8759010	-0.0205592
-0.8390770	0.1428010
-0.7936490	0.2872760
-0.7398980	0.4338060
-0.6577170	0.5913540
-0.5247060	0.7447720
-0.3370290	0.8616770
-0.1170510	0.9132600
0.0981846	0.8934460
0.2791230	0.8220140
0.4199760	0.7294470
0.5371050	0.6350050
0.6510480	0.5345880
0.7660810	0.4074050
0.8630020	0.2361930
0.9107250	0.0254514
0.8879920	-0.1963240
0.7988390	-0.3923180
0.6701580	-0.5393250
0.5332220	-0.6396200
0.4031010	-0.7140600
0.2713950	-0.7819410
0.1175530	-0.8430570
-0.0700705	-0.8756800
-0.2796130	-0.8520330
-0.4788490	-0.7595420
-0.6339150	-0.6117690
-0.7296600	-0.4407210
-0.7764730	-0.2762800
-0.7986680	-0.1281860
-0.8134310	0.0160277
-0.8163940	0.1758780
-0.7847850	0.3573170
-0.6957170	0.5425320
-0.5457060	0.6981090
-0.3565290	0.7955490
-0.1629080	0.8288320
0.0088234	0.8159040
0.1551300	0.7831700
0.2921420	0.7448390
0.4376550	0.6927810
0.5921960	0.6045120
0.7337000	0.4631170
0.8300250	0.2738880
0.8599570	0.0649135
0.8269610	-0.1289700
0.7553910	-0.2869370
0.6721290	-0.4121720
0.5875740	-0.5238480
0.4902910	-0.6374600
0.3592110	-0.7486330
0.1839400	-0.8328640
-0.0224083	-0.8614820
-0.2277520	-0.8218340
-0.3997320	-0.7264850
-0.5246120	-0.6045230
-0.6123720	-0.4815420
-0.6843980	-0.3634040
-0.7533650	-0.2358710
-0.8107030	-0.0801795
-0.8312490	0.1075070
-0.7915780	0.3077140
-0.6881570	0.4869020
-0.5415600	0.6175460
-0.3835310	0.6940770
-0.2366030	0.7328510
-0.1015350	0.7564240
0.0381543	0.7742030
0.1982770	0.7742190
0.3765130	0.7322590
0.5488490	0.6313940
0.6828110	0.4770390
0.7576550	0.2960760
0.7764280	0.1205990
0.7609630	-0.0315816
0.7337630	-0.1651230
0.7005770	-0.2981270
0.6468600	-0.4430230
0.5507060	-0.5920920
0.4023440	-0.7187820
0.2152880	-0.7939970
0.0205720	-0.8051450
-0.1517240	-0.7636790
-0.2898930	-0.6955510
-0.4040220	-0.6218730
-0.5131270	-0.5444260
-0.6260100	-0.4468950
-0.7305480	-0.3107140
-0.7996620	-0.1333530
-0.8095540	0.0650000
-0.7564830	0.2515770
-0.6594440	0.4005320
-0.5467830	0.5072450
-0.4368500	0.5868910
-0.3272560	0.6586050
-0.2006740	0.7274630
-0.0425697	0.7780660
0.1427910	0.7846620
0.3303860	0.7301560
0.4882040	0.6196470
0.5965130	0.4782170
0.6582690	0.3346330
0.6930210	0.2031900
0.7191400	0.0772650
0.7379860	-0.0607712
0.7320480	-0.2210610
0.6784730	-0.3934210
0.5676740	-0.5500870
0.4128900	-0.6621410
0.2433660	-0.7173710
0.0862288	-0.7262240
-0.0493977	-0.7115500
-0.1742440	-0.6900200
-0.3055800	-0.6593680
-0.4490860	-0.6010820
-0.5898610	-0.4964100
-0.6995490	-0.3434590
-0.7543320	-0.1623020
-0.7503160	0.0158824
-0.7047850	0.1675970
-0.6425060	0.2897120
-0.5774940	0.3967180
-0.5040230	0.5048980
-0.4035740	0.6156380
-0.2622880	0.7107050
-0.0855569	0.7631820
0.1014830	0.7558790
0.2680770	0.6933580
0.3961010	0.5985420
0.4888600	0.4965060
0.5640120	0.3977010
0.6362460	0.2931770
0.7029950	0.1652560
0.7441360	0.0053432
0.7359590	-0.1747980
0.6688400	-0.3470500
0.5552750	-0.4833550
0.4221700	-0.5723230
0.2931950	-0.6236780
0.1744420	-0.6574080
0.0540563	-0.6860140
-0.0841065	-0.7034320
-0.2433930	-0.6890420
-0.4069720	-0.6237110
-0.5459440	-0.5056980
-0.6369650	-0.3542970
-0.6762210	-0.1984220
-0.6793710	-0.0586393
-0.6676550	0.0639109
-0.6508270	0.1835630
-0.6198440	0.3143880
-0.5548210	0.4548280
-0.4421330	0.5845360
-0.2876040	0.6759670
-0.1156990	0.7120830
0.0448059	0.6969070
0.1779790	0.6510700
0.2879550	0.5958210
0.3910040	0.5376420
0.4987100	0.4650600
0.6052040	0.3599530
0.6882800	0.2146380
0.7236470	0.0416417
0.7016250	-0.1313880
0.6337200	-0.2779400
0.5441680	-0.3879550
0.4528730	-0.4708330
0.3626040	-0.5441020
0.2600140	-0.6165510
0.1295230	-0.6787580
-0.0306335	-0.7082730
-0.2025450	-0.6855910
-0.3575380	-0.6088330
-0.4733130	-0.4960510
-0.5465050	-0.3734000
-0.5914010	-0.2580800
-0.6259770	-0.1488290
-0.6560050	-0.0309837
-0.6693460	0.1079610
-0.6447710	0.2642880
-0.5686190	0.4163270
-0.4466340	0.5365380
-0.3019740	0.6084230
-0.1608400	0.6356430
-0.0364665	0.6366160
0.0765803	0.6288480
0.1937120	0.6149400
0.3240650	0.5808830
0.4591940	0.5078840
0.5754580	0.3886730
0.6484170	0.2358510
0.6684950	0.0758687
0.6461690	-0.0669415
0.6028920	-0.1843580
0.5547060	-0.2859100
0.5009510	-0.3871720
0.4265620	-0.4938110
0.3160870	-0.5936350
0.1686730	-0.6628160
0.0025277	-0.6816540
-0.1546460	-0.6480500
-0.2821800	-0.5785560
-0.3775970	-0.4962800
-0.4541920	-0.4147920
-0.5270930	-0.3301610
-0.5985470	-0.2269990
-0.6537180	-0.0937771
-0.6702370	0.0643880
-0.6343280	0.2252960
-0.5513290	0.3620870
-0.4426510	0.4592760
-0.3314820	0.5204720
-0.2279790	0.5621360
-0.1250190	0.5983040
-0.0075439	0.6279750
0.1317990	0.6347860
0.2827560	0.5992190
0.4209660	0.5140870
0.5223740	0.3915430
0.5778100	0.2562570
0.5968600	0.1298570
0.5982870	0.0182803
0.5943760	-0.0885804
0.5811220	-0.2048950
0.5416920	-0.3338660
0.4604730	-0.4612250
0.3369870	-0.5623290
0.1890740	-0.6176180
0.0428067	-0.6248620
-0.0833249	-0.5990610
-0.1881820	-0.5601930
-0.2845120	-0.5181310
-0.3851090	-0.4661670
-0.4892840	-0.3879320
-0.5800460	-0.2723840
-0.6342430	-0.1253660
-0.6380840	0.0311315
-0.5963670	0.1715810
-0.5285110	0.2820180
-0.4544470	0.3663880
-0.3810320	0.4395690
-0.2991830	0.5125550
-0.1937730	0.5811930
-0.0586127	0.6271060
0.0949769	0.6301730
0.2426430	0.5831460
0.3612940	0.4973850
0.4425570	0.3953710
0.4954060	0.2956530
0.5361700	0.2015450
0.5736680	0.1019700
0.6008180	-0.0163623
0.5991390	-0.1548670
0.5527300	-0.2979280
0.4611240	-0.4207240
0.3412710	-0.5042680
0.2170920	-0.5464360
0.1044420	-0.5607990
0.0027154	-0.5643090
-0.1007360	-0.5632730
-0.2169360	-0.5482700
-0.3429150	-0.5018480
-0.4601620	-0.4131060
-0.5452250	-0.2880640
-0.5845380	-0.1478690
-0.5824030	-0.0161342
-0.5561970	0.0951688
-0.5225440	0.1907370
-0.4849520	0.2843110
-0.4322570	0.3843700
-0.3489590	0.4841760
-0.2295100	0.5638210
-0.0856319	0.6028510
0.0590091	0.5939830
0.1828540	0.5476250
0.2787600	0.4838500
0.3554480	0.4179280
0.4271990	0.3503460
0.4997980	0.2687770
0.5635070	0.1603520
0.5984760	0.0248074
0.5885590	-0.1216020
0.5331020	-0.2545250
0.4478240	-0.3560410
0.3541290	-0.4244590
0.2649150	-0.4721810
0.1775160	-0.5134080
0.0789839	-0.5511730
-0.0404867	-0.5735790
-0.1763150	-0.5621460
-0.3091540	-0.5059330
-0.4157950	-0.4107350
-0.4832490	-0.2963710
-0.5155100	-0.1840710
-0.5280340	-0.0834187
-0.5342640	0.0114179
-0.5344930	0.1134980
-0.5155120	0.2293650
-0.4612870	0.3503290
-0.3665260	0.4555260
-0.2427990	0.5245580
-0.1125030	0.5502760
0.0048422	0.5421540
0.1037420	0.5178190
0.1930590	0.4892380
0.2854780	0.4540370
0.3842840	0.3984820
0.4776160	0.3097790
0.5446670	0.1882750
0.5692350	0.0502170
0.5504460	-0.0811238
0.5026260	-0.1893780
0.4444770	-0.2736720
0.3857720	-0.3455840
0.3215930	-0.4169590
0.2383830	-0.4879850
0.1270660	-0.5446730
-0.0068003	-0.5677240
-0.1436970	-0.5461240
-0.2612260	-0.4852170
-0.3473900	-0.4031660
-0.4061600	-0.3185060
-0.4513260	-0.2381490
-0.4934390	-0.1548200
-0.5298630	-0.0557223
-0.5455370	0.0643179
-0.5238890	0.1953160
-0.4596420	0.3160650
-0.3638080	0.4066870
-0.2570650	0.4604460
-0.1564920	0.4860400
-0.0655790	0.4987800
0.0250512	0.5074780
0.1269610	0.5070190
0.2415150	0.4822610
0.3553330	0.4202690
0.4471510	0.3215810
0.5010170	0.2019030
0.5159500	0.0829025
0.5048890	-0.0210445
0.4838180	-0.1102550
0.4593830	-0.1958730
0.4243730	-0.2878510
0.3644270	-0.3840610
0.2708160	-0.4689100
0.1495180	-0.5226140
0.0196239	-0.5342050
-0.0978208	-0.5085030
-0.1922240	-0.4618640
-0.2678820	-0.4099750
-0.3372670	-0.3569340
-0.4084370	-0.2938290
-0.4762470	-0.2077820
-0.5241150	-0.0944793
-0.5350640	0.0354225
-0.5037460	0.1609800
-0.4403710	0.2633230
-0.3636060	0.3364770
-0.2878120	0.3886230
-0.2142260	0.4330210
-0.1326430	0.4756210
-0.0321802	0.5088380
0.0871827	0.5162600
0.2111690	0.4847460
0.3186000	0.4147440
0.3941570	0.3210250
0.4369800	0.2232500
0.4587630	0.1334500
0.4729180	0.0497927
0.4831230	-0.0388110
0.4799700	-0.1409100
0.4482480	-0.2526330
0.3793090	-0.3573400
0.2791180	-0.4351850
0.1658320	-0.4754760
0.0586850	-0.4825880
-0.0335233	-0.4710750
-0.1157600	-0.4537860
-0.1995740	-0.4320160
-0.2910050	-0.3951500
-0.3829090	-0.3299990
-0.4576120	-0.2326880
-0.4979950	-0.1140020
-0.4986920	0.0059317
-0.4690250	0.1097190
-0.4255110	0.1925100
-0.3796790	0.2622920
-0.3303800	0.3306300
-0.2663680	0.4010170
-0.1770690	0.4637890
-0.0632813	0.5015370
0.0604157	0.5009790
0.1734730	0.4623450
0.2616160	0.3992270
0.3244050	0.3290200
0.3725390	0.2611780
0.4171320	0.1921140
0.4591870	0.1104690
0.4873420	0.0086333
0.4856150	-0.1083510
0.4453170	-0.2233740
0.3720980	-0.3169990
0.2828120	-0.3791230
0.1945240	-0.4138620
0.1139370	-0.4341150
0.0350974	-0.4500510
-0.0530067	-0.4603200
-0.1548990	-0.4526720
-0.2619870	-0.4135060
-0.3560110	-0.3390830
-0.4200520	-0.2398840
-0.4489020	-0.1347550
-0.4510420	-0.0392138
-0.4408650	0.0433539
-0.4270920	0.1210830
-0.4062050	0.2042420
-0.3658180	0.2943430
-0.2953940	0.3801240
-0.1961110	0.4435490
-0.0823284	0.4713800
0.0265287	0.4636430
0.1176380	0.4326540
0.1912970	0.3934340
0.2575310	0.3527680
0.3255170	0.3051850
0.3939850	0.2388150
0.4499720	0.1465890
0.4769350	0.0341916
0.4661460	-0.0813486
0.4227900	-0.1814800
0.3621840	-0.2570400
0.2990050	-0.3121500
0.2376530	-0.3583010
0.1709550	-0.4032680
0.0880862	-0.4433400
-0.0144385	-0.4648320
-0.1271370	-0.4537530
-0.2316820	-0.4063340
-0.3117570	-0.3324410
-0.3625650	-0.2493040
-0.3919150	-0.1702540
-0.4122240	-0.0969361
-0.4295820	-0.0207615
-0.4382410	0.0676511
-0.4247070	0.1683360
-0.3783300	0.2689530
-0.3003380	0.3512770
-0.2044510	0.4023960
-0.1085560	0.4222500
-0.0236750	0.4219310
0.0515411	0.4141180
0.1267760	0.4029720
0.2096840	0.3811380
0.2971920	0.3361030
0.3751720	0.2610310
0.4268240	0.1618040
0.4435110	0.0548775
0.4299260	-0.0425170
0.3997660	-0.1225050
0.3652380	-0.1895110
0.3283610	-0.2539390
0.2806050	-0.3215370
0.2110610	-0.3866200
0.1168620	-0.4343740
0.0078647	-0.4505640
-0.0980400	-0.4313470
-0.1855480	-0.3858110
-0.2505710	-0.3293570
-0.3004920	-0.2729460
-0.3460080	-0.2162970
-0.3908650	-0.1501220
-0.4273510	-0.0655571
-0.4410160	0.0364389
-0.4210630	0.1429780
-0.3685720	0.2361060
-0.2963230	0.3035680
-0.2203630	0.3454340
-0.1496480	0.3717240
-0.0815198	0.3929430
-0.0063180	0.4108030
0.0825087	0.4161870
0.1805790	0.3959230
0.2730820	0.3432130
0.3433330	0.2637970
0.3830010	0.1731640
0.3963830	0.0868599
0.3956040	0.0111650
0.3904520	-0.0589403
0.3806180	-0.1331150
0.3561890	-0.2155030
0.3060030	-0.2988950
0.2274760	-0.3677360
0.1304000	-0.4077870
0.0317807	-0.4152050
-0.0544677	-0.3982600
-0.1252720	-0.3704610
-0.1878740	-0.3403340
-0.2515750	-0.3056050
-0.3181490	-0.2561240
-0.3782800	-0.1832500
-0.4168150	-0.0884979
-0.4228980	0.0151843
-0.3973810	0.1105660
-0.3519370	0.1863950
-0.3005970	0.2431350
-0.2500890	0.2899710
-0.1962710	0.3354990
-0.1292440	0.3792660
-0.0431692	0.4106280
0.0567454	0.4158540
0.1554960	0.3881060
0.2369110	0.3327630
0.2932400	0.2640630
0.3285700	0.1956080
0.3536080	0.1318470
0.3759020	0.0669152
0.3929830	-0.0084322
0.3936470	-0.0971626
0.3664180	-0.1910220
0.3087660	-0.2741460
0.2300800	-0.3326000
0.1461180	-0.3627070
0.0690899	-0.3719990
0.0007783	-0.3721450
-0.0662021	-0.3693110
-0.1401120	-0.3592680
-0.2211730	-0.3309560
-0.2988890	-0.2757450
-0.3577360	-0.1953590
-0.3869780	-0.1023800
-0.3872750	-0.0129192
-0.3691560	0.0631057
-0.3445820	0.1268240
-0.3180170	0.1868690
-0.2837560	0.2502600
-0.2314750	0.3147430
-0.1557270	0.3684730
-0.0621108	0.3973590
0.0346325	0.3945560
0.1192380	0.3649800
0.1848370	0.3214680
0.2355370	0.2755240
0.2808690	0.2296310
0.3264130	0.1768950
0.3678130	0.1082050
0.3927700	0.0213661
0.3895430	-0.0747899
0.3555380	-0.1645330
0.2995140	-0.2345690
0.2357340	-0.2816200
0.1744700	-0.3126420
0.1160050	-0.3376320
0.0525549	-0.3605760
-0.0234440	-0.3754500
-0.1110920	-0.3703320
-0.1991660	-0.3365040
-0.2721470	-0.2756420
-0.3196680	-0.1996420
-0.3423300	-0.1231690
-0.3495850	-0.0545334
-0.3513970	0.0083143
-0.3500400	0.0737432
-0.3382780	0.1475590
-0.3052760	0.2261200
-0.2457350	0.2967670
-0.1652900	0.3453220
-0.0780270	0.3650610
0.0020493	0.3604510
0.0692331	0.3428940
0.1279150	0.3217650
0.1867330	0.2975480
0.2496330	0.2622340
0.3107250	0.2066300
0.3568980	0.1289700
0.3762870	0.0382412
0.3662290	-0.0503741
0.3347450	-0.1245630
0.2944610	-0.1817050
0.2535940	-0.2284040
0.2107960	-0.2732270
0.1576940	-0.3182540
0.0871151	-0.3559180
0.0006718	-0.3735930
-0.0901256	-0.3624660
-0.1701550	-0.3240290
-0.2297050	-0.2692650
-0.2695090	-0.2111760
-0.2981060	-0.1562650
-0.3236350	-0.1013620
-0.3463630	-0.0380990
-0.3576550	0.0384731
-0.3461780	0.1237520
-0.3066430	0.2046770
-0.2444550	0.2673060
-0.1727390	0.3052360
-0.1039610	0.3225870
-0.0424184	0.3293990
0.0168024	0.3330070
0.0817432	0.3319700
0.1550870	0.3171680
0.2298040	0.2792070
0.2923120	0.2164860
0.3308440	0.1377940
0.3427540	0.0574090
0.3353220	-0.0136445
0.3195180	-0.0736524
0.3014900	-0.1291180
0.2782290	-0.1874710
0.2406600	-0.2492200
0.1817640	-0.3055840
0.1035120	-0.3434630
0.0172978	-0.3540480
-0.0625217	-0.3386040
-0.1271800	-0.3070980
-0.1777750	-0.2707520
-0.2221500	-0.2341600
-0.2668700	-0.1929050
-0.3104650	-0.1384110
-0.3431250	-0.0662609
-0.3531240	0.0183849
-0.3351420	0.1024730
-0.2941970	0.1726350
-0.2422500	0.2230290
-0.1900330	0.2576020
-0.1402630	0.2851930
-0.0873042	0.3112740
-0.0234327	0.3326580
0.0531364	0.3392190
0.1346430	0.3213290
0.2074080	0.2773840
0.2600260	0.2157140
0.2900270	0.1494130
0.3040450	0.0879755
0.3114740	0.0319870
0.3164870	-0.0251935
0.3144800	-0.0901654
0.2956570	-0.1622360
0.2529950	-0.2317780
0.1885460	-0.2855140
0.1132510	-0.3148060
0.0403828	-0.3207490
-0.0225029	-0.3122890
-0.0770974	-0.2988630
-0.1307970	-0.2831560
-0.1888930	-0.2594640
-0.2485050	-0.2188640
-0.2989430	-0.1572140
-0.3282770	-0.0798735
-0.3312030	0.0004820
-0.3122970	0.0713829
-0.2822580	0.1277950
-0.2499920	0.1737060
-0.2165460	0.2169750
-0.1754270	0.2614670
-0.1190020	0.3025050
-0.0460473	0.3291440
0.0353372	0.3315860
0.1117410	0.3081500
0.1724150	0.2665430
0.2152640	0.2184950
0.2464360	0.1718020
0.2739190	0.1257650
0.3000920	0.0733976
0.3189210	0.0086412
0.3199520	-0.0669786
0.2960960	-0.1433730
0.2492920	-0.2074110
0.1897810	-0.2508470
0.1295050	-0.2747340
0.0745941	-0.2870850
0.0225596	-0.2956440
-0.0337939	-0.3012830
-0.0987969	-0.2970630
-0.1685220	-0.2736610
-0.2317370	-0.2270240
-0.2765500	-0.1624330
-0.2977990	-0.0918672
-0.2996550	-0.0266219
-0.2915570	0.0293121
-0.2805950	0.0801781
-0.2661470	0.1331100
-0.2408100	0.1906690
-0.1968770	0.2469990
-0.1334090	0.2905960
-0.0584993	0.3116300
0.0150493	0.3083560
0.0774197	0.2877990
0.1271140	0.2602380
0.1699950	0.2317000
0.2128720	0.2001150
0.2565850	0.1580060
0.2939040	0.0996053
0.3138720	0.0269318
0.3093490	-0.0498329
0.2820690	-0.1180320
0.2414130	-0.1700530
0.1978320	-0.2070830
0.1558930	-0.2363640
0.1121530	-0.2641160
0.0594029	-0.2895810
-0.0060322	-0.3047250
-0.0795386	-0.2998550
-0.1496930	-0.2709080
-0.2049200	-0.2228850
-0.2403810	-0.1668420
-0.2599490	-0.1126810
-0.2718930	-0.0631613
-0.2815880	-0.0135850
-0.2868390	0.0427105
-0.2793600	0.1073020
-0.2512840	0.1735020
-0.2017530	0.2295430
-0.1385760	0.2657620
-0.0736640	0.2804430
-0.0156590	0.2799510
0.0347460	0.2731310
0.0833434	0.2642590
0.1360210	0.2498950
0.1923850	0.2219940
0.2442990	0.1748920
0.2805150	0.1108160
0.2939410	0.0397107
0.2860970	-0.0265387
0.2654410	-0.0811957
0.2408700	-0.1257810
0.2153250	-0.1669580
0.1843230	-0.2096640
0.1404760	-0.2517570
0.0805009	-0.2843140
0.0093610	-0.2973860
-0.0616691	-0.2868820
-0.1216150	-0.2574170
-0.1661650	-0.2189750
-0.1990570	-0.1799330
-0.2275460	-0.1416930
-0.2554740	-0.0989454
-0.2792430	-0.0452686
-0.2897950	0.0202393
-0.2790990	0.0904086
-0.2462520	0.1535210
-0.1985820	0.2003150
-0.1468980	0.2292500
-0.0984809	0.2461300
-0.0530464	0.2584620
-0.0046723	0.2688800
0.0518731	0.2726560
0.1152790	0.2611800
0.1768250	0.2287750
0.2252320	0.1776580
0.2536090	0.1172750
0.2633290	0.0584856
0.2619510	0.0069395
0.2568420	-0.0394083
0.2493450	-0.0868639
0.2339290	-0.1393400
0.2029230	-0.1936090
0.1532280	-0.2401220
0.0898724	-0.2688410
0.0236775	-0.2757120
-0.0352447	-0.2649390
-0.0833184	-0.2453800
-0.1243300	-0.2238360
-0.1647260	-0.2003020
-0.2070490	-0.1687600
-0.2465370	-0.1228450
-0.2735340	-0.0620539
-0.2799160	0.0062834
-0.2646950	0.0708072
-0.2346030	0.1228980
-0.1992220	0.1613680
-0.1643550	0.1916130
-0.1286240	0.2199640
-0.0858144	0.2475960
-0.0311060	0.2686460
0.0335845	0.2740180
0.0992805	0.2579860
0.1549430	0.2226160
0.1940800	0.1766660
0.2180360	0.1297840
0.2335720	0.0863720
0.2466270	0.0436965
0.2570550	-0.0043970
0.2583390	-0.0610714
0.2425030	-0.1223220
0.2064910	-0.1782670
0.1551740	-0.2189970
0.0986760	-0.2406140
0.0460266	-0.2469600
-0.0001223	-0.2457980
-0.0437885	-0.2423870
-0.0908343	-0.2353440
-0.1427680	-0.2179130
-0.1939420	-0.1836650
-0.2343340	-0.1322710
-0.2558580	-0.0709424
-0.2574710	-0.0104073
-0.2452810	0.0415844
-0.2275990	0.0843823
-0.2087170	0.1231530
-0.1861130	0.1632620
-0.1531660	0.2046540
-0.1052680	0.2405550
-0.0446609	0.2615220
0.0197266	0.2618140
0.0773687	0.2432850
0.1223740	0.2138980
0.1562220	0.1819830
0.1850200	0.1505930
0.2134500	0.1161920
0.2400540	0.0725998
0.2574640	0.0171505
0.2574410	-0.0456802
0.2369090	-0.1059760
0.2004330	-0.1541940
0.1572650	-0.1867480
0.1151930	-0.2072270
0.0758007	-0.2224000
0.0346752	-0.2360970
-0.0136750	-0.2456540
-0.0700016	-0.2436240
-0.1280690	-0.2234560
-0.1777490	-0.1848410
-0.2111640	-0.1346520
-0.2273130	-0.0827660
-0.2317220	-0.0358711
-0.2314680	0.0060886
-0.2293740	0.0482345
-0.2217970	0.0951926
-0.2016600	0.1459460
-0.1644230	0.1930650
-0.1124230	0.2269550
-0.0542761	0.2419530
0.0002457	0.2397160
0.0460508	0.2273810
0.0849191	0.2119300
0.1224870	0.1950440
0.1623910	0.1723260
0.2020860	0.1374440
0.2335490	0.0880108
0.2483850	0.0286975
0.2435000	-0.0308261
0.2230840	-0.0816153
0.1954190	-0.1205760
0.1669610	-0.1511910
0.1381360	-0.1793830
0.1040180	-0.2077250
0.0592967	-0.2324420
0.0037154	-0.2455030
-0.0561948	-0.2402470
-0.1104620	-0.2162970
-0.1516250	-0.1800440
-0.1788520	-0.1403560
-0.1971890	-0.1027220
-0.2125840	-0.0662459
-0.2265060	-0.0256861
-0.2342790	0.0230697
-0.2283920	0.0783174
-0.2042890	0.1322490
-0.1642330	0.1753380
-0.1163250	0.2021460
-0.0693854	0.2142010
-0.0275393	0.2178580
0.0114527	0.2187970
0.0529413	0.2173720
0.0997528	0.2083350
0.1485130	0.1851320
0.1907740	0.1454930
0.2181410	0.0940516
0.2275710	0.0399903
0.2228750	-0.0085580
0.2113460	-0.0491628
0.1980880	-0.0853597
0.1823500	-0.1224090
0.1586250	-0.1618420
0.1216370	-0.1989840
0.0713998	-0.2253870
0.0144735	-0.2343550
-0.0395804	-0.2254210
-0.0839150	-0.2044230
-0.1180240	-0.1791340
-0.1466150	-0.1537690
-0.1746610	-0.1265100
-0.2024480	-0.0918640
-0.2244180	-0.0460316
-0.2327070	0.0088576
-0.2227250	0.0648898
-0.1965650	0.1128430
-0.1616700	0.1476660
-0.1257730	0.1708770
-0.0919125	0.1881450
-0.0572609	0.2039610
-0.0165795	0.2174620
0.0323785	0.2226250
0.0856786	0.2126650
0.1346990	0.1853250
0.1712350	0.1450330
0.1924020	0.1002920
0.2016950	0.0582531
0.2054640	0.0205355
0.2075140	-0.0166042
0.2059610	-0.0579571
0.1947090	-0.1042460
0.1684250	-0.1501450
0.1272170	-0.1869880
0.0774529	-0.2081650
0.0280636	-0.2131670
-0.0149022	-0.2072680
-0.0514183	-0.1971370
-0.0860094	-0.1857090
-0.1228620	-0.1702140
-0.1612930	-0.1448320
-0.1950570	-0.1059100
-0.2160710	-0.0557772
-0.2197560	-0.0022011
-0.2079970	0.0461222
-0.1875120	0.0847019
-0.1648760	0.1151830
-0.1419800	0.1426930
-0.1153200	0.1706890
-0.0796289	0.1972600
-0.0330278	0.2157360
0.0202441	0.2191540
0.0716418	0.2052300
0.1133490	0.1780780
0.1427810	0.1453970
0.1632220	0.1132380
0.1801780	0.0823006
0.1962720	0.0485039
0.2085920	0.0073439
0.2105040	-0.0413298
0.1965880	-0.0917935
0.1669260	-0.1353870
0.1275250	-0.1657400
0.0865162	-0.1823890
0.0490024	-0.1901030
0.0143934	-0.1944960
-0.0218084	-0.1972790
-0.0632020	-0.1947720
-0.1083650	-0.1807970
-0.1505960	-0.1517390
-0.1817600	-0.1099420
-0.1973800	-0.0628192
-0.1991630	-0.0183465
-0.1930960	0.0197059
-0.1845950	0.0532532
-0.1743980	0.0870389
-0.1582960	0.1236780
-0.1308960	0.1604170
-0.0905100	0.1901120
-0.0414569	0.2057260
0.0080240	0.2049650
0.0506982	0.1915880
0.0844324	0.1724270
0.1124280	0.1523790
0.1394890	0.1311660
0.1672200	0.1042770
0.1918320	0.0673414
0.2062660	0.0205644
0.2050330	-0.0301767
0.1881340	-0.0764508
0.1611100	-0.1122990
0.1311790	-0.1374200
0.1023980	-0.1561770
0.0734585	-0.1732380
0.0397545	-0.1892040
-0.0019156	-0.1995780
-0.0496258	-0.1978520
-0.0964512	-0.1803970
-0.1344000	-0.1494420
-0.1592250	-0.1118870
-0.1725240	-0.0748406
-0.1796090	-0.0412208
-0.1847980	-0.0087131
-0.1877320	0.0272011
-0.1835230	0.0684988
-0.1666010	0.1118080
-0.1353480	0.1497180
-0.0939757	0.1752530
-0.0502266	0.1861760
-0.0105841	0.1859120
0.0234098	0.1804240
0.0550119	0.1734620
0.0884887	0.1637690
0.1246140	0.1463620
0.1589210	0.1168880
0.1840700	0.0757262
0.1945790	0.0286891
0.1903660	-0.0162265
0.1764610	-0.0536385
0.1591210	-0.0835436
0.1413080	-0.1100240
0.1209430	-0.1369440
0.0932088	-0.1639600
0.0551353	-0.1858950
0.0089350	-0.1959940
-0.0384726	-0.1906120
-0.0794339	-0.1717940
-0.1100730	-0.1458300
-0.1319870	-0.1188590
-0.1499100	-0.0928636
-0.1671700	-0.0650284
-0.1824290	-0.0309164
-0.1901910	0.0110082
-0.1847200	0.0569832
-0.1643880	0.0995418
-0.1331770	0.1319350
-0.0981833	0.1520880
-0.0650099	0.1631480
-0.0344916	0.1702730
-0.0031877	0.1761280
0.0327957	0.1785290
0.0736083	0.1720320
0.1143150	0.1522350
0.1474750	0.1195520
0.1677230	0.0795549
0.1749450	0.0396339
0.1736710	0.0044466
0.1692030	-0.0264281
0.1634280	-0.0569289
0.1534840	-0.0902867
0.1342890	-0.1253970
0.1029730	-0.1565820
0.0618521	-0.1769640
0.0176351	-0.1829250
-0.0225429	-0.1763180
-0.0553212	-0.1627760
-0.0824178	-0.1474350
-0.1081160	-0.1313010
-0.1349040	-0.1110000
-0.1606130	-0.0820620
-0.1792680	-0.0432184
-0.1850180	0.0015905
-0.1762080	0.0450508
-0.1565110	0.0808080
-0.1322910	0.1070690
-0.1081870	0.1268050
-0.0842479	0.1444660
-0.0567458	0.1617460
-0.0220073	0.1756420
0.0196926	0.1803010
0.0631679	0.1712590
0.1010630	0.1488760
0.1282690	0.1183600
0.1447180	0.0863615
0.1545050	0.0567031
0.1620400	0.0284305
0.1681960	-0.0023819
0.1693780	-0.0385021
0.1602270	-0.0782680
0.1378920	-0.1156970
0.1046470	-0.1439380
0.0668263	-0.1594880
0.0308936	-0.1640400
-0.0004345	-0.1625890
-0.0291159	-0.1592800
-0.0591238	-0.1541600
-0.0922743	-0.1432800
-0.1257540	-0.1220670
-0.1532600	-0.0893779
-0.1689270	-0.0491489
-0.1710970	-0.0083549
-0.1631150	0.0272016
-0.1505780	0.0561352
-0.1371330	0.0813561
-0.1220060	0.1067370
-0.1011170	0.1331490
-0.0708876	0.1569120
-0.0318377	0.1718690
0.0107977	0.1735230
0.0499354	0.1621460
0.0808626	0.1425050
0.1036680	0.1204370
0.1221020	0.0988568
0.1397870	0.0762022
0.1566980	0.0484510
0.1685970	0.0131384
0.1698830	-0.0277143
0.1576920	-0.0680199
0.1341590	-0.1011160
0.1051250	-0.1237290
0.0762706	-0.1374630
0.0495682	-0.1467320
0.0227156	-0.1547610
-0.0080851	-0.1607010
-0.0441543	-0.1600630
-0.0822276	-0.1481400
-0.1158530	-0.1238190
-0.1392710	-0.0908895
-0.1508880	-0.0558351
-0.1537510	-0.0237738
-0.1527060	0.0044311
-0.1504290	0.0317457
-0.1453430	0.0616084
-0.1329840	0.0942383
-0.1097820	0.1254510
-0.0763571	0.1489150
-0.0378169	0.1601750
-0.0008061	0.1594260
0.0304959	0.1509720
0.0564453	0.1398090
0.0805629	0.1279250
0.1058180	0.1131130
0.1314290	0.0911773
0.1526500	0.0598206
0.1637150	0.0212440
0.1617560	-0.0185489
0.1487260	-0.0532478
0.1299030	-0.0799290
0.1101180	-0.1002020
0.0905385	-0.1179990
0.0684422	-0.1357280
0.0400883	-0.1517530
0.0044870	-0.1611210
-0.0348388	-0.1590090
-0.0714676	-0.1442840
-0.0998875	-0.1204890
-0.1186610	-0.0935094
-0.1305980	-0.0676816
-0.1398610	-0.0432568
-0.1482250	-0.0171082
-0.1533650	0.0139100
-0.1504560	0.0495412
-0.1358910	0.0852795
-0.1102810	0.1147750
-0.0784693	0.1337120
-0.0465272	0.1422580
-0.0179852	0.1442810
0.0078856	0.1439610
0.0344946	0.1423840
0.0643029	0.1367060
0.0959445	0.1225190
0.1243160	0.0975938
0.1436020	0.0641610
0.1509760	0.0279770
0.1482120	-0.0051461
0.1400070	-0.0327527
0.1303230	-0.0565639
0.1195090	-0.0801411
0.1043780	-0.1052140
0.0811601	-0.1295000
0.0490520	-0.1476950
0.0116605	-0.1549150
-0.0247952	-0.1499990
-0.0551900	-0.1361970
-0.0783476	-0.1187350
-0.0969327	-0.1011120
-0.1145170	-0.0829120
-0.1320860	-0.0607663
-0.1466660	-0.0316960
-0.1531310	0.0037346
-0.1478310	0.0408796
-0.1313090	0.0735315
-0.1080490	0.0976294
-0.0834514	0.1133930
-0.0603155	0.1243170
-0.0374544	0.1338290
-0.0114620	0.1421840
0.0197621	0.1459570
0.0544396	0.1405240
0.0872805	0.1236640
0.1125490	0.0975279
0.1275420	0.0674954
0.1338910	0.0387614
0.1357410	0.0132122
0.1362150	-0.0110850
0.1348670	-0.0374426
0.1280480	-0.0670602
0.1119040	-0.0971691
0.0857087	-0.1222540
0.0530055	-0.1374560
0.0196621	-0.1416210
-0.0097103	-0.1376990
-0.0343012	-0.1302440
-0.0567305	-0.1219100
-0.0800981	-0.1115940
-0.1047330	-0.0956388
-0.1271470	-0.0711317
-0.1420030	-0.0387985
-0.1456460	-0.0032580
-0.1385310	0.0295768
-0.1247340	0.0560204
-0.1089360	0.0764373
-0.0931557	0.0940346
-0.0756949	0.1115910
-0.0530625	0.1286350
-0.0233862	0.1412460
0.0113098	0.1446320
0.0457171	0.1365550
0.0743175	0.1190180
0.0946294	0.0969382
0.1082120	0.0748092
0.1187180	0.0538738
0.1285010	0.0319043
0.1363900	0.0057235
0.1383140	-0.0254880
0.1303180	-0.0586432
0.1116810	-0.0881653
0.0857717	-0.1093330
0.0579897	-0.1210570
0.0323290	-0.1260250
0.0091431	-0.1281500
-0.0142425	-0.1292680
-0.0405803	-0.1276210
-0.0696932	-0.1192460
-0.0977254	-0.1012320
-0.1192520	-0.0743495
-0.1306790	-0.0430500
-0.1323920	-0.0128187
-0.1280540	0.0131448
-0.1216200	0.0354441
-0.1143230	0.0571003
-0.1039340	0.0803612
-0.0868189	0.1041650
-0.0612242	0.1242110
-0.0292733	0.1356110
0.0038618	0.1361330
0.0330146	0.1276040
0.0560266	0.1144310
0.0744706	0.1003680
0.0915941	0.0859718
0.1090860	0.0686638
0.1251510	0.0453060
0.1353680	0.0153213
0.1357060	-0.0180456
0.1254150	-0.0493091
0.1076200	-0.0740017
0.0871729	-0.0911830
0.0673791	-0.1033420
0.0480671	-0.1138120
0.0264230	-0.1236900
-0.0000781	-0.1306160
-0.0309029	-0.1303530
-0.0619874	-0.1199600
-0.0879491	-0.1001710
-0.1053440	-0.0751631
-0.1145390	-0.0498911
-0.1188190	-0.0269783
-0.1214420	-0.0054966
-0.1228950	0.0174893
-0.1204340	0.0438251
-0.1102580	0.0720036
-0.0906553	0.0974837
-0.0637284	0.1153790
-0.0343830	0.1235100
-0.0073174	0.1235400
0.0157302	0.1193670
0.0364349	0.1139990
0.0577425	0.1073090
0.0807975	0.0963395
0.1033060	0.0779236
0.1206030	0.0516108
0.1286330	0.0206600
0.1266230	-0.0096741
0.1174230	-0.0352938
0.1052990	-0.0554975
0.0928350	-0.0726557
0.0792965	-0.0896136
0.0616677	-0.1068280
0.0375481	-0.1214370
0.0076871	-0.1289830
-0.0237946	-0.1265010
-0.0516914	-0.1146480
-0.0728093	-0.0972591
-0.0875670	-0.0786877
-0.0989316	-0.0609206
-0.1095350	-0.0426398
-0.1191880	-0.0209064
-0.1246850	0.0058475
-0.1220670	0.0358177
-0.1096210	0.0643662
-0.0893461	0.0867216
-0.0657818	0.1008300
-0.0430670	0.1082340
-0.0224406	0.1123520
-0.0020427	0.1154880
0.0208748	0.1168640
0.0470421	0.1131530
0.0738081	0.1011220
0.0963820	0.0803591
0.1107680	0.0540228
0.1162000	0.0270176
0.1152650	0.0029699
0.1116410	-0.0177435
0.1071970	-0.0374619
0.1006320	-0.0586476
0.0886935	-0.0812392
0.0690277	-0.1019880
0.0424805	-0.1163030
0.0130935	-0.1212360
-0.0142292	-0.1173550
-0.0366428	-0.1081260
-0.0546988	-0.0972714
-0.0711263	-0.0861122
-0.0880241	-0.0729031
-0.1046240	-0.0546318
-0.1173460	-0.0298988
-0.1221150	-0.0006669
-0.1172050	0.0284694
-0.1044660	0.0529702
-0.0880076	0.0709912
-0.0713512	0.0840171
-0.0551819	0.0950503
-0.0373892	0.1057620
-0.0153279	0.1147880
0.0114450	0.1184760
0.0400635	0.1135200
0.0657411	0.0994983
0.0846345	0.0793805
0.0960457	0.0576326
0.1023320	0.0373314
0.1066260	0.0184562
0.1101170	-0.0013835
0.1109690	-0.0243749
0.1056940	-0.0500683
0.0919327	-0.0749591
0.0705371	-0.0944290
0.0453584	-0.1056040
0.0208939	-0.1089920
-0.0004492	-0.1076970
-0.0194343	-0.1048130
-0.0386408	-0.1010060
-0.0597412	-0.0940952
-0.0815084	-0.0809515
-0.1000900	-0.0602568
-0.1113650	-0.0340135
-0.1136210	-0.0066469
-0.1085400	0.0176437
-0.0997809	0.0373095
-0.0902207	0.0538522
-0.0799673	0.0699404
-0.0666181	0.0867044
-0.0475540	0.1022910
-0.0225050	0.1127910
0.0055815	0.1148540
0.0320497	0.1080250
0.0533082	0.0950385
0.0687993	0.0798660
0.0807120	0.0649840
0.0916948	0.0499243
0.1023310	0.0321764
0.1103110	0.0097284
0.1119380	-0.0167097
0.1048320	-0.0435111
0.0897901	-0.0661420
0.0703925	-0.0818822
0.0506512	-0.0912290
0.0324668	-0.0969571
0.0147957	-0.1015770
-0.0048765	-0.1051360
-0.0279070	-0.1050440
-0.0527367	-0.0980422
-0.0753609	-0.0828340
-0.0916994	-0.0613682
-0.1000980	-0.0377983
-0.1020940	-0.0158905
-0.1008990	0.0031795
-0.0987603	0.0210066
-0.0952154	0.0400149
-0.0875559	0.0609028
-0.0731364	0.0814399
-0.0517668	0.0975532
-0.0263601	0.1059000
-0.0013276	0.1060030
0.0200856	0.1003460
0.0375377	0.0923839
0.0531222	0.0839767
0.0690867	0.0741849
0.0855023	0.0603308
0.0996723	0.0404935
0.1077480	0.0155281
0.1073400	-0.0109425
0.0991630	-0.0345809
0.0864796	-0.0529052
0.0727681	-0.0664645
0.0593798	-0.0777655
0.0449415	-0.0887991
0.0269305	-0.0990670
0.0042007	-0.1056200
-0.0214823	-0.1050850
-0.0460836	-0.0961592
-0.0656605	-0.0806748
-0.0786819	-0.0624384
-0.0865822	-0.0447151
-0.0921644	-0.0282461
-0.0970868	-0.0112764
-0.1003570	0.0084624
-0.0989752	0.0313491
-0.0902451	0.0548977
-0.0739903	0.0749766
-0.0529976	0.0883217
-0.0313410	0.0944681
-0.0118391	0.0956654
0.0054526	0.0948650
0.0226068	0.0933223
0.0415628	0.0896336
0.0619870	0.0809321
0.0809003	0.0653266
0.0943794	0.0437214
0.1000630	0.0196255
0.0985862	-0.0029204
0.0928785	-0.0217548
0.0858694	-0.0375473
0.0783473	-0.0526089
0.0685843	-0.0684966
0.0539953	-0.0842563
0.0335553	-0.0966573
0.0091225	-0.1022560
-0.0153542	-0.0997415
-0.0361664	-0.0907971
-0.0519784	-0.0788401
-0.0641794	-0.0665941
-0.0752243	-0.0543278
-0.0862509	-0.0400752
-0.0958010	-0.0216448
-0.1006280	0.0011291
-0.0979864	0.0256253
-0.0876756	0.0477627
-0.0722939	0.0644373
-0.0555112	0.0752512
-0.0396603	0.0822576
-0.0244542	0.0879444
-0.0077728	0.0930073
0.0121074	0.0956121
0.0345600	0.0927087
0.0564363	0.0824001
0.0738294	0.0655686
0.0844624	0.0455230
0.0889185	0.0259245
0.0898088	0.0085444
0.0895298	-0.0074729
0.0883228	-0.0243189
0.0841064	-0.0432112
0.0742030	-0.0628446
0.0576399	-0.0798013
0.0362720	-0.0906287
0.0138609	-0.0940330
-0.0062072	-0.0915469
-0.0228637	-0.0861859
-0.0375174	-0.0801221
-0.0523488	-0.0731399
-0.0680609	-0.0630327
-0.0828166	-0.0476253
-0.0931872	-0.0268712
-0.0964065	-0.0034166
-0.0922403	0.0188121
-0.0830653	0.0369540
-0.0721097	0.0507409
-0.0611871	0.0620858
-0.0496321	0.0730745
-0.0352225	0.0839109
-0.0163672	0.0923900
0.0061216	0.0953094
0.0290382	0.0907575
0.0485879	0.0795514
0.0626461	0.0647398
0.0717897	0.0495460
0.0783501	0.0352999
0.0842333	0.0209054
0.0891768	0.0042192
0.0907739	-0.0157315
0.0862489	-0.0373998
0.0746376	-0.0572832
0.0577191	-0.0719965
0.0389881	-0.0803077
0.0214361	-0.0836210
0.0058032	-0.0845665
-0.0094029	-0.0847838
-0.0261667	-0.0835880
-0.0448518	-0.0785272
-0.0633415	-0.0674034
-0.0781064	-0.0502151
-0.0864089	-0.0295410
-0.0879961	-0.0090609
-0.0850188	0.0086831
-0.0802552	0.0236168
-0.0749943	0.0375763
-0.0681794	0.0523210
-0.0574513	0.0676482
-0.0412842	0.0810611
-0.0205806	0.0892580
0.0015001	0.0903285
0.0213672	0.0850086
0.0371198	0.0760555
0.0493846	0.0662232
0.0602688	0.0563717
0.0712514	0.0451279
0.0816319	0.0303380
0.0887298	0.0111863
0.0896906	-0.0106436
0.0835402	-0.0316673
0.0719360	-0.0486489
0.0580507	-0.0604752
0.0444314	-0.0684628
0.0314432	-0.0748960
0.0174561	-0.0809264
0.0006068	-0.0854404
-0.0192251	-0.0857606
-0.0397472	-0.0796504
-0.0574205	-0.0671034
-0.0695985	-0.0505597
-0.0760448	-0.0333810
-0.0787040	-0.0177273
-0.0799238	-0.0034231
-0.0804891	0.0113551
-0.0789646	0.0281208
-0.0728415	0.0463592
-0.0606122	0.0633737
-0.0431931	0.0758319
-0.0236096	0.0818613
-0.0051674	0.0821253
0.0105223	0.0790853
0.0241947	0.0750227
0.0377975	0.0703237
0.0524591	0.0633236
0.0671240	0.0518161
0.0789074	0.0350703
0.0849169	0.0148128
0.0841737	-0.0055853
0.0781944	-0.0231175
0.0698018	-0.0368503
0.0610728	-0.0480653
0.0519720	-0.0587577
0.0406929	-0.0696549
0.0254293	-0.0792769
0.0062147	-0.0847625
-0.0145837	-0.0838449
-0.0335088	-0.0764866
-0.0480748	-0.0649437
-0.0581098	-0.0522112
-0.0653915	-0.0400239
-0.0718782	-0.0279132
-0.0778955	-0.0140123
-0.0816659	0.0030246
