jMRUI Data Textfile

Filename: GPC.txt

PointsInDataset: 2048      
DatasetsInFile: 1         
SamplingInterval: 2.5E-1    
ZeroOrderPhase: 0E0       
BeginTime: 0E0       
TransmitterFrequency: 1.2322E8  
MagneticField: 2.9E0     
TypeOfNucleus: 0E0       
NameOfPatient: GPC
DateOfExperiment: 
Spectrometer: 
AdditionalInfo: GPC
SignalNames: GPC.txt;


Signal and FFT
sig(real)	sig(imag)	fft(real)	fft(imag)
Signal 1 out of 1 in file
17.0275000	0.0001458
16.5247000	-3.7339500
15.1185000	-7.1743300
12.9639000	-10.1000000
10.2526000	-12.3773000
7.1646500	-13.9399000
3.8555500	-14.7485000
0.4811860	-14.7652000
-2.7701300	-13.9668000
-5.6725500	-12.3856000
-7.9989300	-10.1465000
-9.5802500	-7.4649200
-10.3506000	-4.6022400
-10.3490000	-1.8014000
-9.6795800	0.7569830
-8.4600300	2.9561200
-6.7938800	4.7106100
-4.7828300	5.9332300
-2.5613000	6.5327400
-0.3184570	6.4485200
1.7188900	5.6973300
3.3391300	4.3957100
4.4033500	2.7374400
4.8716800	0.9371670
4.7840200	-0.8247840
4.2132300	-2.4237700
3.2266300	-3.7716500
1.8828600	-4.7809300
0.2618620	-5.3473900
-1.5014200	-5.3709600
-3.2131800	-4.8031400
-4.6584700	-3.6871300
-5.6610100	-2.1596000
-6.1281900	-0.4097860
-6.0546800	1.3784100
-5.4873800	3.0646700
-4.4815800	4.5504400
-3.0822600	5.7473900
-1.3427200	6.5489400
0.6378430	6.8343400
2.6924600	6.5083500
4.6045700	5.5510200
6.1610800	4.0418600
7.2089300	2.1397800
7.6810300	0.0312091
7.5792400	-2.1195200
6.9331100	-4.1869200
5.7690600	-6.0641700
4.1143300	-7.6301800
2.0310200	-8.7378800
-0.3494770	-9.2406700
-2.8238000	-9.0436200
-5.1552900	-8.1456600
-7.1334100	-6.6431800
-8.6181200	-4.6927500
-9.5444500	-2.4585800
-9.8917900	-0.0797660
-9.6474700	2.3247800
-8.7962200	4.6258800
-7.3451100	6.6601900
-5.3641700	8.2402900
-3.0084900	9.1994200
-0.4996420	9.4445600
1.9269400	8.9831100
4.0772900	7.9065000
5.8244200	6.3440600
7.0940000	4.4204900
7.8294100	2.2447800
7.9696400	-0.0672585
7.4615100	-2.3620200
6.2996200	-4.4410400
4.5634800	-6.0925000
2.4215600	-7.1462100
0.0941985	-7.5185000
-2.2032300	-7.2193700
-4.3021100	-6.3208200
-6.0849800	-4.9122300
-7.4585900	-3.0757800
-8.3247700	-0.8972480
-8.5786000	1.5017300
-8.1409400	3.9415600
-7.0040200	6.1980800
-5.2566300	8.0504600
-3.0683900	9.3362000
-0.6412170	9.9801700
1.8413300	9.9825300
4.2361000	9.3799900
6.4260000	8.2123300
8.2893200	6.5198900
9.6847700	4.3714300
10.4714000	1.8968300
10.5542000	-0.7067930
9.9259100	-3.2078000
8.6741500	-5.3956400
6.9491800	-7.1260600
4.9132900	-8.3301600
2.7051700	-8.9878400
0.4394020	-9.0913300
-1.7668300	-8.6299200
-3.7685900	-7.6084000
-5.3973200	-6.0839400
-6.4988200	-4.1898400
-6.9827700	-2.1226800
-6.8510600	-0.0955474
-6.1861400	1.7152300
-5.1084800	3.1980300
-3.7334000	4.2956000
-2.1555800	4.9716900
-0.4668440	5.1854600
1.2136600	4.8970300
2.7278700	4.1012400
3.9026400	2.8634700
4.5985600	1.3273700
4.7532000	-0.3160860
4.3909300	-1.8813800
3.5948400	-3.2304800
2.4627300	-4.2805900
1.0787200	-4.9796700
-0.4817790	-5.2754500
-2.1233200	-5.1071200
-3.7066300	-4.4298800
-5.0556100	-3.2554900
-5.9977200	-1.6776900
-6.4147100	0.1392000
-6.2718500	2.0045900
-5.6087100	3.7513400
-4.5015500	5.2607700
-3.0268500	6.4522600
-1.2522100	7.2531400
0.7422710	7.5792600
2.8335300	7.3467200
4.8461900	6.5103000
6.5789600	5.1016200
7.8550100	3.2382700
8.5659200	1.0948400
8.6831200	-1.1463400
8.2336300	-3.3336400
7.2624700	-5.3519100
5.8115200	-7.0996100
3.9301900	-8.4627500
1.7066300	-9.3132100
-0.7089770	-9.5391300
-3.1134200	-9.0894400
-5.2923500	-8.0018000
-7.0717200	-6.3937100
-8.3478800	-4.4222400
-9.0811500	-2.2392300
-9.2641300	0.0295509
-8.8930600	2.2726900
-7.9665100	4.3656000
-6.5122300	6.1564300
-4.6199000	7.4839100
-2.4505900	8.2206300
-0.2101840	8.3147300
1.9005300	7.8021300
3.7290700	6.7820500
5.1833200	5.3737600
6.2111400	3.6847500
6.7694500	1.8095300
6.8114900	-0.1463040
6.3047300	-2.0424900
5.2669200	-3.7067100
3.7916900	-4.9692800
2.0410400	-5.7107600
0.2053510	-5.8924400
-1.5453200	-5.5511000
-3.0893000	-4.7644200
-4.3474100	-3.6135300
-5.2551800	-2.1690200
-5.7410600	-0.5071010
-5.7322400	1.2621500
-5.1874100	2.9826000
-4.1329100	4.4726100
-2.6745200	5.5704400
-0.9733150	6.1771500
0.8005590	6.2707500
2.5072100	5.8856300
4.0467100	5.0757500
5.3395400	3.8901100
6.3000000	2.3777600
6.8295000	0.6150130
6.8402600	-1.2707900
6.2952900	-3.1053600
5.2364400	-4.7034300
3.7791700	-5.9167000
2.0760700	-6.6647300
0.2727250	-6.9316800
-1.5161800	-6.7363600
-3.1993000	-6.1015400
-4.6826200	-5.0469500
-5.8522000	-3.6102300
-6.5853900	-1.8772200
-6.7877200	0.0061452
-6.4318700	1.8550400
-5.5714500	3.4910800
-4.3199500	4.7846100
-2.8090000	5.6691700
-1.1543200	6.1237400
0.5502850	6.1414400
2.2126800	5.7120000
3.7183800	4.8329300
4.9282900	3.5403400
5.7066400	1.9339800
5.9639800	0.1732280
5.6871300	-1.5584200
4.9365500	-3.0999800
3.8139300	-4.3427400
2.4236300	-5.2278000
0.8541550	-5.7199700
-0.8112950	-5.7832600
-2.4690700	-5.3805100
-3.9807300	-4.4995500
-5.1880200	-3.1860600
-5.9527900	-1.5565900
-6.1978400	0.2217680
-5.9226700	1.9749000
-5.1857100	3.5616800
-4.0680400	4.8874100
-2.6454000	5.8877200
-0.9872800	6.5020200
0.8207060	6.6624000
2.6537900	6.3107300
4.3484900	5.4336300
5.7332900	4.0895800
6.6733200	2.4064400
7.1018400	0.5481880
7.0198900	-1.3286700
6.4686200	-3.1020500
5.4970800	-4.6812900
4.1501200	-5.9835900
2.4835300	-6.9149200
0.5910820	-7.3757000
-1.3820500	-7.2920400
-3.2561100	-6.6518900
-4.8580300	-5.5203100
-6.0628100	-4.0217500
-6.8106800	-2.3003700
-7.0925800	-0.4842930
-6.9196100	1.3248300
-6.3022300	3.0356300
-5.2555500	4.5436100
-3.8256100	5.7251900
-2.1135500	6.4598800
-0.2749030	6.6692000
1.5114000	6.3464100
3.0873500	5.5567500
4.3468700	4.4082200
5.2369500	3.0132100
5.7338400	1.4665800
5.8173100	-0.1484270
5.4653600	-1.7369200
4.6748500	-3.1762700
3.4917000	-4.3259600
2.0253900	-5.0623300
0.4329290	-5.3172000
-1.1210000	-5.0952400
-2.5036200	-4.4596100
-3.6302000	-3.4972600
-4.4511800	-2.2891000
-4.9260000	-0.9045640
-5.0083900	0.5799360
-4.6577000	2.0583100
-3.8692400	3.3914300
-2.7006400	4.4321300
-1.2724100	5.0659200
0.2612790	5.2421300
1.7542500	4.9761100
3.0968500	4.3239600
4.2163000	3.3496800
5.0550900	2.1091800
5.5498700	0.6602330
5.6318700	-0.9129410
5.2520900	-2.4847300
4.4143800	-3.9000700
3.1915500	-5.0106800
1.7110300	-5.7144500
0.1177880	-5.9738500
-1.4619500	-5.8040000
-2.9343800	-5.2428100
-4.2253200	-4.3270200
-5.2570400	-3.0921300
-5.9384600	-1.5939700
-6.1813600	0.0682687
-5.9342500	1.7497100
-5.2108600	3.2861000
-4.0924800	4.5349700
-2.7014200	5.4069200
-1.1631500	5.8692400
0.4185790	5.9240500
1.9600100	5.5812000
3.3768300	4.8482100
4.5665800	3.7450600
5.4136800	2.3309800
5.8186500	0.7195910
5.7338000	-0.9335370
5.1813100	-2.4671200
4.2415000	-3.7530000
3.0196300	-4.7144900
1.6143800	-5.3165400
0.1079840	-5.5402500
-1.4195900	-5.3650800
-2.8690000	-4.7745100
-4.1152200	-3.7815900
-5.0274900	-2.4537300
-5.5060400	-0.9155410
-5.5125400	0.6768350
-5.0746300	2.1754900
-4.2629700	3.4706900
-3.1584300	4.4945600
-1.8324600	5.2019800
-0.3522840	5.5484700
1.1976400	5.4861200
2.6998400	4.9834300
4.0117100	4.0551300
4.9971700	2.7789300
5.5641000	1.2843500
5.6839400	-0.2815450
5.3827200	-1.7904800
4.7124900	-3.1496100
3.7254200	-4.2921000
2.4692000	-5.1550000
1.0041700	-5.6665600
-0.5747540	-5.7572600
-2.1332900	-5.3892500
-3.5195200	-4.5836400
-4.6017700	-3.4250100
-5.2998500	-2.0380500
-5.5911100	-0.5510390
-5.4910500	0.9308830
-5.0257800	2.3277500
-4.2183200	3.5666400
-3.0985400	4.5632400
-1.7267500	5.2224600
-0.2096720	5.4625900
1.3082900	5.2479700
2.6772900	4.6078000
3.7792900	3.6272100
4.5480100	2.4163700
4.9617900	1.0783500
5.0191900	-0.3040650
4.7188600	-1.6577500
4.0603800	-2.8985600
3.0652900	-3.9222100
1.8006100	-4.6191700
0.3838400	-4.9071000
-1.0386600	-4.7601400
-2.3287700	-4.2153400
-3.3868400	-3.3523400
-4.1580400	-2.2610700
-4.6152900	-1.0196700
-4.7364400	0.3044140
-4.4960900	1.6357400
-3.8802300	2.8742000
-2.9127500	3.8988000
-1.6725000	4.5945100
-0.2851780	4.8868200
1.1076700	4.7619700
2.3842100	4.2603000
3.4609400	3.4491700
4.2861900	2.3956400
4.8187900	1.1578200
5.0128100	-0.2020780
4.8235000	-1.5971800
4.2319800	-2.9087700
3.2708300	-4.0035000
2.0301900	-4.7675300
0.6375650	-5.1368700
-0.7771680	-5.1052700
-2.1096300	-4.7069200
-3.2861500	-3.9887200
-4.2481200	-2.9933600
-4.9327200	-1.7643900
-5.2696600	-0.3667100
-5.2001100	1.0974000
-4.7060100	2.4936200
-3.8288800	3.6837700
-2.6633000	4.5611700
-1.3283200	5.0715100
0.0650256	5.2082000
1.4297200	4.9891800
2.6956400	4.4348100
3.7902400	3.5643300
4.6271200	2.4123700
5.1163300	1.0506300
5.1924700	-0.4053550
4.8425000	-1.8142300
4.1136100	-3.0431300
3.0955000	-3.9979200
1.8889400	-4.6318300
0.5816890	-4.9307400
-0.7542260	-4.8900600
-2.0466500	-4.5032900
-3.2064000	-3.7717700
-4.1275600	-2.7278700
-4.7097600	-1.4520100
-4.8899800	-0.0674066
-4.6630100	1.2877700
-4.0772600	2.4947100
-3.2094600	3.4742600
-2.1367200	4.1831900
-0.9244450	4.5941700
0.3643160	4.6786700
1.6498400	4.4084300
2.8266400	3.7759400
3.7764400	2.8181800
4.3985800	1.6243000
4.6392500	0.3186000
4.5009800	-0.9722740
4.0277300	-2.1477500
3.2776200	-3.1411800
2.3036600	-3.9065400
1.1547800	-4.3989100
-0.1067230	-4.5677400
-1.3889500	-4.3710600
-2.5725700	-3.8015600
-3.5348600	-2.9052000
-4.1825900	-1.7771600
-4.4734400	-0.5359310
-4.4135200	0.7085560
-4.0356000	1.8731000
-3.3758700	2.8970000
-2.4665200	3.7240000
-1.3482400	4.2889200
-0.0901933	4.5235100
1.2016900	4.3802500
2.3989300	3.8582600
3.3815700	3.0124100
4.0677400	1.9381400
4.4239100	0.7414440
4.4523100	-0.4865370
4.1678500	-1.6753100
3.5836700	-2.7618200
2.7165500	-3.6733700
1.6066500	-4.3246300
0.3342440	-4.6353300
-0.9828960	-4.5589000
-2.2139500	-4.1026800
-3.2476700	-3.3257100
-4.0136800	-2.3154300
-4.4810600	-1.1593700
-4.6396600	0.0696664
-4.4814400	1.3077700
-3.9979100	2.4825800
-3.1962700	3.5025000
-2.1211300	4.2658400
-0.8632720	4.6871900
0.4543760	4.7252000
1.7071600	4.3932300
2.7972000	3.7465900
3.6635000	2.8561100
4.2708700	1.7869300
4.5905700	0.5958510
4.5906100	-0.6542550
4.2455100	-1.8784400
3.5590000	-2.9690300
2.5822200	-3.8157600
1.4118300	-4.3360100
0.1667940	-4.4963500
-1.0425700	-4.3121400
-2.1342900	-3.8274200
-3.0533600	-3.0909600
-3.7550900	-2.1457300
-4.1903800	-1.0375800
-4.3076200	0.1666740
-4.0723900	1.3695900
-3.4914500	2.4538800
-2.6228600	3.3102000
-1.5633400	3.8655500
-0.4200720	4.0950700
0.7152900	4.0114800
1.7751000	3.6425600
2.7049400	3.0144900
3.4467100	2.1533400
3.9327200	1.1017000
4.0991900	-0.0650047
3.9115900	-1.2386600
3.3845200	-2.2993800
2.5813000	-3.1460100
1.5929900	-3.7178700
0.5103910	-3.9954000
-0.5928180	-3.9828900
-1.6572900	-3.6887900
-2.6221700	-3.1196700
-3.4130200	-2.2924000
-3.9470600	-1.2537700
-4.1556800	-0.0902586
-4.0102500	1.0829800
-3.5336400	2.1497900
-2.7895800	3.0208900
-1.8573800	3.6456800
-0.8093760	4.0031900
0.2947330	4.0828900
1.3963200	3.8725100
2.4221400	3.3635900
3.2810400	2.5707900
3.8801500	1.5493100
4.1521000	0.3950190
4.0762300	-0.7760090
3.6798000	-1.8570300
3.0196000	-2.7713700
2.1575800	-3.4733300
1.1476900	-3.9330500
0.0409853	-4.1205500
-1.0982100	-4.0040500
-2.1817500	-3.5655900
-3.1050800	-2.8227400
-3.7716400	-1.8393000
-4.1198400	-0.7150680
-4.1357500	0.4404340
-3.8445400	1.5342100
-3.2886100	2.5004400
-2.5091900	3.2921600
-1.5441800	3.8647200
-0.4416690	4.1674700
0.7245030	4.1532600
1.8528200	3.8005200
2.8316800	3.1323100
3.5676500	2.2176200
4.0072400	1.1525800
4.1395600	0.0331322
3.9805300	-1.0635000
3.5527200	-2.0788000
2.8762900	-2.9589300
1.9775100	-3.6416900
0.9062170	-4.0585000
-0.2537350	-4.1531900
-1.3927200	-3.9058200
-2.4002000	-3.3448500
-3.1918000	-2.5386900
-3.7223800	-1.5718400
-3.9791800	-0.5217510
-3.9632400	0.5495760
-3.6753100	1.5865700
-3.1178300	2.5249700
-2.3110900	3.2864000
-1.3098600	3.7907600
-0.2053950	3.9806100
0.8921310	3.8418000
1.8813300	3.4062900
2.6908600	2.7356800
3.2823700	1.8972500
3.6368400	0.9487330
3.7380000	-0.0595190
3.5675700	-1.0701900
3.1171200	-2.0075500
2.4076900	-2.7818000
1.5009900	-3.3098500
0.4917210	-3.5405800
-0.5163870	-3.4681400
-1.4363100	-3.1252700
-2.2099500	-2.5625200
-2.8018900	-1.8286400
-3.1831900	-0.9655260
-3.3210500	-0.0189222
-3.1844300	0.9466830
-2.7628800	1.8440600
-2.0845800	2.5773300
-1.2191500	3.0675200
-0.2611890	3.2738500
0.6958420	3.1977100
1.5791000	2.8684700
2.3386200	2.3228600
2.9347900	1.5934800
3.3244400	0.7138220
3.4596500	-0.2664300
3.3026400	-1.2704700
2.8472200	-2.1998900
2.1311600	-2.9565400
1.2295100	-3.4681600
0.2324160	-3.7022700
-0.7784750	-3.6609900
-1.7405400	-3.3630200
-2.6036600	-2.8279200
-3.3157700	-2.0745700
-3.8154600	-1.1340400
-4.0407700	-0.0650786
-3.9504000	1.0424900
-3.5433100	2.0826100
-2.8626500	2.9587600
-1.9810900	3.6054200
-0.9771850	3.9926700
0.0816145	4.1142200
1.1396400	3.9702400
2.1407600	3.5599300
3.0166100	2.8898000
3.6881500	1.9907600
4.0832500	0.9294760
4.1600000	-0.1972650
3.9204400	-1.2842900
3.4056300	-2.2432100
2.6761000	-3.0161200
1.7914400	-3.5714800
0.8026200	-3.8888200
-0.2401750	-3.9469000
-1.2736600	-3.7260600
-2.2159400	-3.2239800
-2.9776500	-2.4727200
-3.4849000	-1.5427700
-3.7001500	-0.5289250
-3.6276500	0.4743450
-3.3010400	1.3931000
-2.7630800	2.1783000
-2.0523600	2.7950000
-1.2053600	3.2082600
-0.2697190	3.3793800
0.6844240	3.2775000
1.5675300	2.8989700
2.2895000	2.2800000
2.7837900	1.4921000
3.0219500	0.6218950
3.0102100	-0.2520470
2.7726800	-1.0713100
2.3346400	-1.7932100
1.7183500	-2.3770600
0.9532810	-2.7751000
0.0906174	-2.9380800
-0.7916920	-2.8334000
-1.6007900	-2.4637100
-2.2523200	-1.8720300
-2.6912800	-1.1291800
-2.8980700	-0.3112480
-2.8778200	0.5182280
-2.6431600	1.3111200
-2.2045500	2.0240200
-1.5752700	2.6059000
-0.7864370	2.9969700
0.1015160	3.1426700
1.0022200	3.0147000
1.8223700	2.6246700
2.4855900	2.0207400
2.9467200	1.2693700
3.1892400	0.4346830
3.2105800	-0.4313470
3.0087600	-1.2834200
2.5815000	-2.0698500
1.9387900	-2.7255200
1.1184800	-3.1796800
0.1913130	-3.3759600
-0.7508580	-3.2920100
-1.6180800	-2.9456900
-2.3425600	-2.3840800
-2.8845800	-1.6634700
-3.2232300	-0.8343120
-3.3418500	0.0595866
-3.2217900	0.9699200
-2.8504600	1.8326300
-2.2381300	2.5686800
-1.4302100	3.1000100
-0.5041670	3.3716800
0.4488370	3.3665800
1.3467900	3.1034000
2.1303400	2.6207500
2.7604800	1.9595300
3.2057700	1.1561100
3.4321000	0.2495290
3.4051300	-0.7053680
3.1054800	-1.6320200
2.5458600	-2.4415100
1.7769600	-3.0538000
0.8766260	-3.4181300
-0.0717128	-3.5202600
-0.9977040	-3.3734200
-1.8491700	-3.0013100
-2.5834200	-2.4265700
-3.1550000	-1.6728400
-3.5125600	-0.7773630
-3.6098200	0.1977180
-3.4245400	1.1670200
-2.9721500	2.0385700
-2.3039300	2.7364700
-1.4904200	3.2159400
-0.6007790	3.4625200
0.3086640	3.4786600
1.1913300	3.2695400
1.9985100	2.8398000
2.6712500	2.2033400
3.1456000	1.3977200
3.3699900	0.4901990
3.3239200	-0.4318040
3.0251900	-1.2817400
2.5208000	-1.9940400
1.8678600	-2.5314700
1.1177000	-2.8774700
0.3128890	-3.0218900
-0.5034310	-2.9529300
-1.2762500	-2.6623800
-1.9374000	-2.1603400
-2.4185100	-1.4874500
-2.6712900	-0.7136590
-2.6821900	0.0778195
-2.4719200	0.8122270
-2.0809200	1.4374500
-1.5517100	1.9232900
-0.9201490	2.2496200
-0.2204580	2.3949900
0.5026490	2.3364000
1.1868300	2.0616100
1.7587300	1.5849600
2.1524300	0.9540540
2.3288500	0.2410040
2.2835700	-0.4774960
2.0392200	-1.1388400
1.6288100	-1.7010100
1.0827400	-2.1352400
0.4283400	-2.4136400
-0.2995850	-2.5037700
-1.0476500	-2.3764700
-1.7435400	-2.0222600
-2.3099300	-1.4644800
-2.6852800	-0.7587430
-2.8388000	0.0221350
-2.7707400	0.8082860
-2.4997600	1.5455400
-2.0479400	2.1941900
-1.4349800	2.7180900
-0.6851080	3.0754400
0.1601210	3.2212000
1.0351500	3.1214200
1.8578400	2.7703600
2.5484900	2.1980500
3.0493400	1.4624500
3.3328900	0.6311120
3.3955300	-0.2355570
3.2434000	-1.0895300
2.8824800	-1.8877800
2.3208500	-2.5813600
1.5808800	-3.1123200
0.7107280	-3.4239000
-0.2156130	-3.4786900
-1.1125400	-3.2728900
-1.9035500	-2.8369100
-2.5361700	-2.2220600
-2.9828900	-1.4826500
-3.2304500	-0.6654760
-3.2678100	0.1877190
-3.0835900	1.0295700
-2.6755600	1.7994500
-2.0649100	2.4279300
-1.3033500	2.8529600
-0.4660570	3.0382600
0.3668660	2.9819800
1.1290900	2.7105300
1.7760800	2.2627200
2.2796200	1.6757500
2.6157700	0.9824800
2.7581000	0.2198720
2.6828900	-0.5603490
2.3834700	-1.2899000
1.8829700	-1.8955000
1.2350600	-2.3180600
0.5108150	-2.5276700
-0.2207600	-2.5253800
-0.9062800	-2.3318200
-1.5085700	-1.9722200
-1.9968600	-1.4687900
-2.3370600	-0.8454360
-2.4918400	-0.1392570
-2.4325100	0.5921100
-2.1548000	1.2757200
-1.6869600	1.8401400
-1.0837300	2.2340400
-0.4093790	2.4353300
0.2792290	2.4462100
0.9392260	2.2794800
1.5359800	1.9475200
2.0323300	1.4622400
2.3838300	0.8452030
2.5462000	0.1387640
2.4913100	-0.5924010
2.2208800	-1.2731600
1.7682100	-1.8370900
1.1863100	-2.2413200
0.5304140	-2.4687100
-0.1536270	-2.5179700
-0.8287800	-2.3911300
-1.4572000	-2.0887800
-1.9918700	-1.6169600
-2.3786400	-0.9998560
-2.5697600	-0.2873120
-2.5407400	0.4504650
-2.2993000	1.1395500
-1.8803300	1.7204800
-1.3308000	2.1571300
-0.6950050	2.4324800
-0.0098407	2.5368100
0.6886820	2.4594000
1.3552200	2.1909500
1.9318800	1.7355800
2.3572100	1.1227300
2.5834300	0.4088660
2.5908600	-0.3340330
2.3905900	-1.0369800
2.0141100	-1.6481300
1.4981600	-2.1349100
0.8753760	-2.4752300
0.1766340	-2.6472500
-0.5590030	-2.6272900
-1.2766700	-2.3990100
-1.9090900	-1.9674700
-2.3912100	-1.3673800
-2.6778400	-0.6583310
-2.7532500	0.0909928
-2.6274400	0.8198090
-2.3230200	1.4833200
-1.8632300	2.0486300
-1.2695100	2.4845300
-0.5694990	2.7555100
0.1926170	2.8267200
0.9535600	2.6778600
1.6408600	2.3161900
2.1905700	1.7791200
2.5621400	1.1237600
2.7417400	0.4099280
2.7336700	-0.3124440
2.5475600	-1.0045900
2.1920000	-1.6306600
1.6790500	-2.1490100
1.0353800	-2.5124500
0.3100030	-2.6794500
-0.4294480	-2.6295900
-1.1115600	-2.3728600
-1.6787000	-1.9459900
-2.0967200	-1.3983800
-2.3520500	-0.7770870
-2.4406500	-0.1205150
-2.3586000	0.5368110
-2.1024800	1.1546200
-1.6791900	1.6824600
-1.1172400	2.0665200
-0.4695180	2.2648200
0.1964500	2.2612300
0.8157000	2.0690600
1.3401900	1.7219800
1.7421100	1.2592100
2.0062600	0.7151470
2.1195000	0.1197230
2.0668700	-0.4928520
1.8384100	-1.0761600
1.4416900	-1.5730700
0.9102470	-1.9281400
0.3002080	-2.1038900
-0.3238350	-2.0907100
-0.9054310	-1.9042300
-1.4052300	-1.5730000
-1.7982300	-1.1258100
-2.0639600	-0.5875880
-2.1793200	0.0146110
-2.1211800	0.6418230
-1.8780300	1.2395400
-1.4621600	1.7454800
-0.9129710	2.1054400
-0.2880150	2.2877500
0.3532030	2.2873600
0.9623480	2.1181600
1.5049400	1.8002000
1.9532200	1.3517200
2.2771500	0.7914590
2.4427200	0.1481900
2.4206900	-0.5314640
2.2004400	-1.1852200
1.7991300	-1.7480800
1.2590900	-2.1689300
0.6347720	-2.4206100
-0.0223364	-2.4981600
-0.6714520	-2.4081900
-1.2793500	-2.1587000
-1.8113900	-1.7572100
-2.2261000	-1.2184600
-2.4797600	-0.5747560
-2.5396100	0.1206170
-2.3970100	0.8014300
-2.0716800	1.4044800
-1.6037400	1.8839200
-1.0392600	2.2156600
-0.4189000	2.3908500
0.2235280	2.4052100
0.8538030	2.2536200
1.4293200	1.9346100
1.8990400	1.4613100
2.2137800	0.8696680
2.3412200	0.2163700
2.2758600	-0.4338700
2.0375100	-1.0244000
1.6598200	-1.5164100
1.1772900	-1.8875000
0.6195270	-2.1226100
0.0154384	-2.2059800
-0.5978070	-2.1218300
-1.1703500	-1.8639000
-1.6455000	-1.4467900
-1.9739400	-0.9099640
-2.1275800	-0.3101760
-2.1045100	0.2936850
-1.9224100	0.8540010
-1.6060500	1.3383900
-1.1782600	1.7237400
-0.6603440	1.9871600
-0.0801665	2.1027900
0.5200370	2.0483500
1.0844000	1.8174600
1.5544900	1.4287100
1.8847300	0.9242240
2.0527800	0.3578740
2.0587500	-0.2195680
1.9154200	-0.7690720
1.6374200	-1.2616300
1.2376900	-1.6699200
0.7333630	-1.9620100
0.1551130	-2.1039700
-0.4485720	-2.0709800
-1.0177700	-1.8597000
-1.4955400	-1.4929800
-1.8419000	-1.0131300
-2.0390000	-0.4681940
-2.0855600	0.1000210
-1.9863200	0.6588120
-1.7452400	1.1785400
-1.3679500	1.6246500
-0.8710770	1.9560500
-0.2902850	2.1333300
0.3205630	2.1322100
0.9005720	1.9533200
1.3970600	1.6216500
1.7757500	1.1759600
2.0204400	0.6556850
2.1245500	0.0938669
2.0823900	-0.4802320
1.8879200	-1.0330300
1.5422700	-1.5214700
1.0640700	-1.8970300
0.4938840	-2.1180600
-0.1119840	-2.1629100
-0.6955140	-2.0353600
-1.2104100	-1.7590000
-1.6270800	-1.3651700
-1.9277800	-0.8829610
-2.0976000	-0.3378870
-2.1199100	0.2414270
-1.9808400	0.8156650
-1.6799600	1.3342800
-1.2390600	1.7447200
-0.7016920	2.0066200
-0.1225770	2.1021700
0.4467690	2.0363200
0.9674500	1.8277100
1.4127800	1.4975600
1.7606800	1.0646600
1.9867700	0.5493670
2.0651600	-0.0178945
1.9776100	-0.5919100
1.7249800	-1.1174400
1.3322700	-1.5421100
0.8431520	-1.8298600
0.3069620	-1.9668000
-0.2334890	-1.9566700
-0.7460760	-1.8104500
-1.2045300	-1.5386400
-1.5805600	-1.1518100
-1.8409700	-0.6684500
-1.9539200	-0.1227110
-1.9007900	0.4353260
-1.6858100	0.9492130
-1.3362700	1.3704100
-0.8930370	1.6686500
-0.3975900	1.8326500
0.1160100	1.8623100
0.6199680	1.7595300
1.0854400	1.5254100
1.4768000	1.1658500
1.7539300	0.7008640
1.8827100	0.1694590
1.8472600	-0.3752340
1.6557200	-0.8787050
1.3356200	-1.2982300
0.9223850	-1.6086300
0.4487010	-1.7984000
-0.0582082	-1.8608300
-0.5712920	-1.7883500
-1.0562800	-1.5750000
-1.4699900	-1.2255700
-1.7676900	-0.7639380
-1.9159600	-0.2334930
-1.9027900	0.3121420
-1.7386300	0.8228590
-1.4480400	1.2619400
-1.0584800	1.6067400
-0.5940550	1.8418600
-0.0778430	1.9516500
0.4605930	1.9194300
0.9800640	1.7347100
1.4310300	1.4035100
1.7668900	0.9537050
1.9567900	0.4306050
1.9918100	-0.1151290
1.8814600	-0.6397840
1.6435500	-1.1117900
1.2957100	-1.5080500
0.8542780	-1.8062800
0.3405640	-1.9810800
-0.2117040	-2.0082700
-0.7552390	-1.8753000
-1.2372100	-1.5903900
-1.6124400	-1.1835700
-1.8538500	-0.6981960
-1.9539700	-0.1782810
-1.9179600	0.3402480
-1.7542300	0.8297440
-1.4701800	1.2643800
-1.0761500	1.6140300
-0.5936820	1.8450400
-0.0606079	1.9290200
0.4724650	1.8540700
0.9536360	1.6308600
1.3424400	1.2890300
1.6162500	0.8663190
1.7673300	0.3977180
1.7943600	-0.0885371
1.6958600	-0.5668950
1.4710200	-1.0074100
1.1272900	-1.3730200
0.6883540	-1.6252500
0.1953490	-1.7356000
-0.3010320	-1.6954300
-0.7534540	-1.5176200
-1.1280200	-1.2292600
-1.4059000	-0.8604600
-1.5772100	-0.4372600
-1.6332500	0.0175149
-1.5642500	0.4775850
-1.3648300	0.9077450
-1.0432900	1.2656800
-0.6271360	1.5116400
-0.1597580	1.6202900
0.3105470	1.5872800
0.7426540	1.4264700
1.1085500	1.1603900
1.3906400	0.8111400
1.5743100	0.3978740
1.6430300	-0.0582503
1.5809300	-0.5270490
1.3816100	-0.9672630
1.0567900	-1.3329800
0.6379490	-1.5855800
0.1688990	-1.7039200
-0.3063150	-1.6865300
-0.7526650	-1.5452900
-1.1454200	-1.2959200
-1.4644500	-0.9525640
-1.6877900	-0.5300740
-1.7909600	-0.0511762
-1.7539500	0.4482430
-1.5713500	0.9214960
-1.2584700	1.3211900
-0.8485850	1.6113100
-0.3827690	1.7740400
0.1010730	1.8076000
0.5733000	1.7181700
1.0096400	1.5125000
1.3845100	1.1971900
1.6674500	0.7847320
1.8271700	0.3008940
1.8415400	-0.2134150
1.7069200	-0.7088200
1.4404500	-1.1394900
1.0735100	-1.4732700
0.6408290	-1.6942100
0.1725310	-1.7971400
-0.3062950	-1.7798000
-0.7699250	-1.6393700
-1.1863900	-1.3762400
-1.5180800	-1.0022100
-1.7298300	-0.5460120
-1.7999500	-0.0509980
-1.7269400	0.4347740
-1.5275200	0.8703140
-1.2277600	1.2282800
-0.8535940	1.4932700
-0.4271730	1.6548000
0.0295358	1.7017500
0.4881870	1.6234000
0.9113020	1.4167800
1.2572600	1.0948300
1.4909900	0.6885940
1.5939100	0.2409140
1.5667200	-0.2049540
1.4239000	-0.6148660
1.1843600	-0.9660120
0.8651850	-1.2420200
0.4824830	-1.4263800
0.0576253	-1.5005500
-0.3773580	-1.4493400
-0.7809770	-1.2699900
-1.1109600	-0.9783430
-1.3355600	-0.6069840
-1.4405900	-0.1960290
-1.4281000	0.2177250
-1.3087000	0.6066010
-1.0937700	0.9501550
-0.7933880	1.2288400
-0.4210560	1.4197100
-0.0005377	1.4989000
0.4316010	1.4501000
0.8313450	1.2734300
1.1581200	0.9880760
1.3847300	0.6267140
1.5004400	0.2250530
1.5062400	-0.1865730
1.4069300	-0.5847310
1.2065400	-0.9480390
0.9105720	-1.2514000
0.5330590	-1.4653700
0.1020720	-1.5626700
-0.3416380	-1.5280900
-0.7533870	-1.3651800
-1.0957800	-1.0949300
-1.3456200	-0.7475350
-1.4930200	-0.3527520
-1.5347400	0.0648159
-1.4679600	0.4832910
-1.2898700	0.8774730
-1.0035400	1.2154600
-0.6253160	1.4622300
-0.1874830	1.5889800
0.2670500	1.5825600
0.6954000	1.4487000
1.0643100	1.2071800
1.3531900	0.8826730
1.5499800	0.4976970
1.6445300	0.0721613
1.6256400	-0.3714620
1.4848400	-0.8028020
1.2243300	-1.1838100
0.8630250	-1.4760900
0.4354190	-1.6514100
-0.0167698	-1.6988000
-0.4552230	-1.6239800
-0.8514770	-1.4422100
-1.1860400	-1.1701600
-1.4425600	-0.8227000
-1.6030100	-0.4162660
-1.6488200	0.0249030
-1.5679900	0.4658000
-1.3633000	0.8648220
-1.0554400	1.1836000
-0.6782100	1.3967000
-0.2686850	1.4952500
0.1415210	1.4830000
0.5287510	1.3685500
0.8733300	1.1599500
1.1538300	0.8656880
1.3454600	0.5006160
1.4251800	0.0914318
1.3805400	-0.3238130
1.2163700	-0.7032820
0.9541890	-1.0119200
0.6247530	-1.2286200
0.2584770	-1.3460700
-0.1199800	-1.3646500
-0.4903340	-1.2857800
-0.8311190	-1.1104000
-1.1157800	-0.8434330
-1.3149500	-0.5006930
-1.4044600	-0.1118930
-1.3742300	0.2835340
-1.2318600	0.6461460
-0.9985970	0.9459280
-0.7005550	1.1659100
-0.3612560	1.2987500
-0.0001145	1.3400900
0.3632730	1.2847200
0.7037830	1.1289100
0.9900110	0.8773200
1.1901900	0.5487770
1.2816900	0.1759810
1.2580200	-0.2018700
1.1288800	-0.5492180
0.9134820	-0.8409390
0.6323590	-1.0622300
0.3031490	-1.2031700
-0.0572107	-1.2534100
-0.4268290	-1.2020100
-0.7754580	-1.0430800
-1.0674600	-0.7832880
-1.2704100	-0.4451920
-1.3643200	-0.0633225
-1.3455500	0.3250450
-1.2235100	0.6887240
-1.0130200	1.0058800
-0.7282040	1.2608200
-0.3821690	1.4383000
0.0081176	1.5209900
0.4165790	1.4930900
0.8077500	1.3480900
1.1432000	1.0951500
1.3913100	0.7590570
1.5345600	0.3734630
1.5699200	-0.0285283
1.5032500	-0.4204350
1.3424100	-0.7820230
1.0945100	-1.0943100
0.7691330	-1.3353200
0.3844460	-1.4811200
-0.0295430	-1.5126100
-0.4342420	-1.4237000
-0.7912870	-1.2251400
-1.0717600	-0.9412020
-1.2603600	-0.6012980
-1.3526600	-0.2321870
-1.3487100	0.1445400
-1.2484100	0.5091090
-1.0526100	0.8384140
-0.7688960	1.1045000
-0.4171220	1.2792500
-0.0297468	1.3429400
0.3545960	1.2911000
0.7007270	1.1351800
0.9839870	0.8965320
1.1908900	0.5982240
1.3142600	0.2600960
1.3476300	-0.1001230
1.2840400	-0.4617860
1.1204500	-0.7976280
0.8645460	-1.0756700
0.5383190	-1.2667000
0.1750140	-1.3529400
-0.1893250	-1.3323500
-0.5246070	-1.2159600
-0.8105680	-1.0206200
-1.0343100	-0.7625050
-1.1847400	-0.4557390
-1.2493200	-0.1163510
-1.2164300	0.2326430
-1.0820400	0.5602240
-0.8558690	0.8326050
-0.5619680	1.0221600
-0.2327510	1.1145700
0.0999916	1.1098500
0.4115360	1.0172400
0.6846200	0.8481930
0.9049540	0.6127890
1.0566100	0.3218440
1.1220000	-0.0076877
1.0873100	-0.3491560
0.9499750	-0.6684870
0.7226710	-0.9319440
0.4306730	-1.1149000
0.1040720	-1.2062900
-0.2301680	-1.2064700
-0.5514410	-1.1210000
-0.8429410	-0.9554040
-1.0866500	-0.7150890
-1.2610700	-0.4100360
-1.3446200	-0.0600879
-1.3231100	0.3041890
-1.1963100	0.6469150
-0.9790220	0.9358490
-0.6956690	1.1495000
-0.3722320	1.2783500
-0.0306957	1.3204700
0.3108060	1.2756600
0.6335830	1.1432500
0.9144560	0.9252620
1.1266500	0.6323680
1.2460700	0.2876040
1.2593600	-0.0759484
1.1682500	-0.4228460
0.9875380	-0.7238470
0.7381480	-0.9602740
0.4402920	-1.1222400
0.1111530	-1.2032800
-0.2321370	-1.1965000
-0.5677220	-1.0957000
-0.8674120	-0.9010010
-1.1008400	-0.6245700
-1.2435200	-0.2916930
-1.2838200	0.0644411
-1.2244600	0.4113180
-1.0779400	0.7238140
-0.8595780	0.9853560
-0.5831400	1.1839900
-0.2618940	1.3076400
0.0867082	1.3430900
0.4373540	1.2803200
0.7582960	1.1191800
1.0181300	0.8734880
1.1940800	0.5690860
1.2767500	0.2366370
1.2685800	-0.0962804
1.1779300	-0.4090410
1.0135200	-0.6861770
0.7832840	-0.9126330
0.4981330	-1.0709200
0.1769080	-1.1433700
-0.1522330	-1.1186600
-0.4562530	-0.9980310
-0.7054500	-0.7967990
-0.8805110	-0.5396660
-0.9742600	-0.2529310
-0.9877740	0.0414378
-0.9245130	0.3264580
-0.7872840	0.5863090
-0.5803240	0.8022220
-0.3145580	0.9524480
-0.0113785	1.0174100
0.2988780	0.9870140
0.5837350	0.8651130
0.8167710	0.6680520
0.9822820	0.4182200
1.0740900	0.1370620
1.0904400	-0.1579620
1.0295800	-0.4512120
0.8898430	-0.7243570
0.6742470	-0.9542010
0.3958130	-1.1157400
0.0790404	-1.1892600
-0.2444760	-1.1669500
-0.5440490	-1.0548100
-0.7966920	-0.8685580
-0.9888390	-0.6267890
-1.1129200	-0.3460270
-1.1624400	-0.0408185
-1.1301400	0.2722580
-1.0111000	0.5708360
-0.8086360	0.8273560
-0.5383790	1.0148100
-0.2268760	1.1144200
0.0949201	1.1204400
0.3994400	1.0391800
0.6668440	0.8833300
0.8839150	0.6661400
1.0395800	0.3993370
1.1215600	0.0959142
1.1175700	-0.2253100
1.0207700	-0.5378960
0.8355820	-0.8113210
0.5794820	-1.0184100
0.2789570	-1.1422400
-0.0379625	-1.1782700
-0.3479180	-1.1310300
-0.6336330	-1.0082000
-0.8806940	-0.8169380
-1.0734000	-0.5648890
-1.1939500	-0.2647130
-1.2265100	0.0621896
-1.1637900	0.3865260
-1.0115700	0.6770900
-0.7876910	0.9085450
-0.5161880	1.0663400
-0.2202540	1.1460800
0.0814217	1.1488100
0.3732810	1.0761800
0.6387290	0.9297120
0.8575500	0.7143510
1.0080000	0.4434160
1.0729600	0.1404250
1.0462900	-0.1644990
0.9350100	-0.4420050
0.7558370	-0.6702720
0.5285640	-0.8372370
0.2707690	-0.9376980
-0.0029119	-0.9684020
-0.2773940	-0.9255120
-0.5333560	-0.8066900
-0.7470870	-0.6162710
-0.8952220	-0.3692840
-0.9617810	-0.0907109
-0.9429910	0.1903040
-0.8467920	0.4479310
-0.6876540	0.6642970
-0.4805480	0.8289690
-0.2382230	0.9347500
0.0268429	0.9739330
0.2982340	0.9385310
0.5533880	0.8247320
0.7662030	0.6382970
0.9135980	0.3966180
0.9820940	0.1253570
0.9702670	-0.1485250
0.8858470	-0.4030760
0.7399610	-0.6233130
0.5428750	-0.7985140
0.3041190	-0.9180060
0.0362742	-0.9695910
-0.2413150	-0.9425490
-0.5027410	-0.8334170
-0.7206060	-0.6503490
-0.8732430	-0.4126390
-0.9496790	-0.1453300
-0.9494760	0.1276990
-0.8782440	0.3878720
-0.7426130	0.6212320
-0.5485330	0.8145990
-0.3039320	0.9526010
-0.0231580	1.0188100
0.2709440	1.0009500
0.5498780	0.8967160
0.7862050	0.7162050
0.9601560	0.4789220
1.0622400	0.2074270
1.0908100	-0.0782739
1.0472300	-0.3621990
0.9326290	-0.6296600
0.7490920	-0.8635340
0.5039530	-1.0434800
0.2136930	-1.1497000
-0.0963252	-1.1693400
-0.3969640	-1.1011700
-0.6624610	-0.9555870
-0.8753250	-0.7497970
-1.0263800	-0.5017600
-1.1109500	-0.2268300
-1.1247900	0.0611137
-1.0635600	0.3458930
-0.9262800	0.6065700
-0.7202900	0.8192560
-0.4634870	0.9628670
-0.1816090	1.0253900
0.0982503	1.0066000
0.3539510	0.9156940
0.5707880	0.7657410
0.7393420	0.5690540
0.8513490	0.3365300
0.8975640	0.0807552
0.8698310	-0.1803800
0.7661400	-0.4233110
0.5948830	-0.6230270
0.3748470	-0.7597240
0.1304430	-0.8237920
-0.1149700	-0.8161110
-0.3435410	-0.7439710
-0.5428400	-0.6159510
-0.7023700	-0.4395580
-0.8103140	-0.2230840
-0.8538550	0.0203786
-0.8234530	0.2705940
-0.7182650	0.5022710
-0.5487050	0.6910140
-0.3340670	0.8196650
-0.0965694	0.8811820
0.1443500	0.8766710
0.3740550	0.8106310
0.5805140	0.6873230
0.7506180	0.5110060
0.8687750	0.2895830
0.9197400	0.0383419
0.8942140	-0.2197940
0.7934350	-0.4586060
0.6294830	-0.6552330
0.4209790	-0.7951240
0.1870690	-0.8725070
-0.0563732	-0.8868540
-0.2962970	-0.8386340
-0.5190850	-0.7279360
-0.7078290	-0.5570720
-0.8433210	-0.3349680
-0.9089240	-0.0795685
-0.8963720	0.1842900
-0.8086190	0.4307730
-0.6578770	0.6392430
-0.4603010	0.7970960
-0.2310600	0.8980700
0.0170449	0.9382000
0.2711470	0.9131290
0.5148480	0.8192580
0.7273470	0.6580110
0.8868330	0.4398500
0.9764960	0.1846280
0.9894080	-0.0826183
0.9291740	-0.3380720
0.8062120	-0.5638360
0.6325620	-0.7484020
0.4189340	-0.8835330
0.1757450	-0.9608260
-0.0833551	-0.9712780
-0.3390150	-0.9086850
-0.5676090	-0.7745360
-0.7464830	-0.5806720
-0.8599890	-0.3473970
-0.9025860	-0.0979378
-0.8773240	0.1473170
-0.7912870	0.3733400
-0.6516060	0.5688440
-0.4649290	0.7227480
-0.2403530	0.8223080
0.0070369	0.8551130
0.2555000	0.8139770
0.4802850	0.7013530
0.6597810	0.5299910
0.7805030	0.3191360
0.8379720	0.0886917
0.8335690	-0.1449220
0.7702170	-0.3689300
0.6503890	-0.5712240
0.4779150	-0.7374790
0.2619000	-0.8514510
0.0192345	-0.8990380
-0.2269160	-0.8736250
-0.4523870	-0.7790620
-0.6379910	-0.6281710
-0.7726200	-0.4377720
-0.8520170	-0.2236400
-0.8748820	0.0014297
-0.8397900	0.2257670
-0.7455590	0.4354990
-0.5947960	0.6132160
-0.3977140	0.7405470
-0.1728590	0.8034940
0.0564668	0.7971460
0.2681860	0.7266400
0.4462280	0.6038540
0.5814150	0.4422790
0.6686840	0.2536400
0.7034860	0.0482576
0.6806880	-0.1618510
0.5971120	-0.3603550
0.4559050	-0.5273710
0.2692440	-0.6439210
0.0569465	-0.6975360
-0.1585790	-0.6854530
-0.3579900	-0.6134640
-0.5278850	-0.4915730
-0.6596440	-0.3297370
-0.7460130	-0.1366510
-0.7787930	0.0779850
-0.7499960	0.3001500
-0.6559710	0.5104550
-0.5015400	0.6870680
-0.3009080	0.8112840
-0.0743297	0.8723900
0.1575050	0.8688470
0.3778520	0.8054640
0.5746170	0.6890210
0.7377750	0.5257130
0.8563630	0.3221690
0.9181390	0.0888207
0.9128080	-0.1575570
0.8368410	-0.3948420
0.6964580	-0.6002250
0.5065110	-0.7559150
0.2858500	-0.8524360
0.0521813	-0.8878130
-0.1803670	-0.8638590
-0.3999850	-0.7827790
-0.5940780	-0.6467960
-0.7475800	-0.4609780
-0.8448010	-0.2367590
-0.8741040	0.0070621
-0.8324060	0.2473350
-0.7264020	0.4621390
-0.5696680	0.6356040
-0.3776580	0.7592170
-0.1639740	0.8294250
0.0599002	0.8440160
0.2819740	0.8004720
0.4870910	0.6977630
0.6571380	0.5401900
0.7748070	0.3401150
0.8287820	0.1170320
0.8170280	-0.1069720
0.7460520	-0.3127160
0.6268690	-0.4870810
0.4706190	-0.6223290
0.2868280	-0.7128880
0.0850667	-0.7527520
-0.1219460	-0.7359340
-0.3169720	-0.6599260
-0.4804930	-0.5295900
-0.5956990	-0.3583450
-0.6531910	-0.1653660
-0.6524500	0.0296773
-0.5993960	0.2110940
-0.5020870	0.3682980
-0.3677790	0.4935870
-0.2033030	0.5790660
-0.0179788	0.6157340
0.1737840	0.5959470
0.3529380	0.5177140
0.4997770	0.3876860
0.5992450	0.2204390
0.6443090	0.0342749
0.6354880	-0.1538360
0.5773460	-0.3310280
0.4748610	-0.4877310
0.3324320	-0.6147430
0.1560380	-0.7011820
-0.0435036	-0.7355900
-0.2492640	-0.7098950
-0.4406020	-0.6236070
-0.5982300	-0.4852160
-0.7089130	-0.3096920
-0.7670350	-0.1136630
-0.7725140	0.0885456
-0.7271320	0.2857060
-0.6323760	0.4674740
-0.4904760	0.6216860
-0.3076840	0.7340210
-0.0969441	0.7910010
0.1226340	0.7846700
0.3297960	0.7158200
0.5063990	0.5935570
0.6407510	0.4315310
0.7273100	0.2434530
0.7636680	0.0408545
0.7476640	-0.1658480
0.6771570	-0.3645350
0.5527730	-0.5397670
0.3814360	-0.6743940
0.1777240	-0.7539390
-0.0384957	-0.7710750
-0.2469950	-0.7272910
-0.4317210	-0.6307880
-0.5823240	-0.4922710
-0.6923340	-0.3216600
-0.7560970	-0.1278300
-0.7673910	0.0789798
-0.7211780	0.2846310
-0.6173670	0.4711100
-0.4637360	0.6199080
-0.2755610	0.7169560
-0.0718173	0.7560650
0.1297670	0.7388020
0.3157870	0.6712690
0.4768340	0.5603470
0.6048220	0.4121760
0.6907330	0.2337140
0.7251080	0.0356856
0.7013800	-0.1659360
0.6197910	-0.3517870
0.4889800	-0.5036740
0.3239070	-0.6091500
0.1413160	-0.6633500
-0.0443535	-0.6672610
-0.2221910	-0.6241560
-0.3830120	-0.5370770
-0.5166760	-0.4092610
-0.6112870	-0.2469380
-0.6555310	-0.0619597
-0.6428690	0.1283140
-0.5747240	0.3044650
-0.4603890	0.4499530
-0.3136180	0.5545470
-0.1482080	0.6143620
0.0245764	0.6290790
0.1954170	0.5988830
0.3543510	0.5236810
0.4889090	0.4052190
0.5851060	0.2503180
0.6311900	0.0724058
0.6218270	-0.1103370
0.5599170	-0.2794580
0.4548370	-0.4206830
0.3184100	-0.5257010
0.1613970	-0.5906550
-0.0072529	-0.6130900
-0.1784330	-0.5901350
-0.3403580	-0.5195670
-0.4781500	-0.4030370
-0.5765490	-0.2488800
-0.6243790	-0.0720694
-0.6179120	0.1091320
-0.5610080	0.2778990
-0.4621350	0.4220930
-0.3305270	0.5342970
-0.1742090	0.6093520
-0.0009756	0.6418760
0.1789700	0.6261430
0.3513630	0.5587460
0.4991970	0.4421270
0.6067310	0.2862670
0.6638330	0.1069640
0.6679640	-0.0784152
0.6227370	-0.2550890
0.5344260	-0.4124640
0.4091220	-0.5427220
0.2525400	-0.6381750
0.0722984	-0.6900680
-0.1195900	-0.6902470
-0.3065000	-0.6348150
-0.4701310	-0.5271920
-0.5950990	-0.3782610
-0.6724030	-0.2032870
-0.6997780	-0.0175606
-0.6791480	0.1664860
-0.6134460	0.3391740
-0.5053290	0.4912860
-0.3586740	0.6120610
-0.1814490	0.6896550
0.0126601	0.7143060
0.2056820	0.6822090
0.3794320	0.5974460
0.5198600	0.4705660
0.6190950	0.3147530
0.6742910	0.1421830
0.6846760	-0.0371950
0.6494220	-0.2141330
0.5681300	-0.3776680
0.4435440	-0.5143730
0.2842400	-0.6104940
0.1048720	-0.6559770
-0.0767264	-0.6477820
-0.2440240	-0.5902960
-0.3851520	-0.4926720
-0.4933070	-0.3650260
-0.5645440	-0.2161240
-0.5951960	-0.0538675
-0.5812720	0.1123570
-0.5205320	0.2698970
-0.4157030	0.4036520
-0.2762730	0.4995480
-0.1171800	0.5486240
0.0450684	0.5491540
0.1964920	0.5055310
0.3275140	0.4249500
0.4318830	0.3143800
0.5041090	0.1799050
0.5379150	0.0285525
0.5273150	-0.1292880
0.4697610	-0.2793140
0.3690760	-0.4056810
0.2358570	-0.4951790
0.0847977	-0.5406340
-0.0694903	-0.5415030
-0.2155130	-0.5015740
-0.3451500	-0.4257300
-0.4515940	-0.3182560
-0.5271900	-0.1837910
-0.5633740	-0.0298795
-0.5532110	0.1313060
-0.4949120	0.2839330
-0.3938080	0.4120950
-0.2612320	0.5039330
-0.1109490	0.5538070
0.0445564	0.5614040
0.1956410	0.5288710
0.3343600	0.4583930
0.4521370	0.3521040
0.5386630	0.2142850
0.5834430	0.0538770
0.5792990	-0.1150230
0.5255210	-0.2756180
0.4284570	-0.4125810
0.2991210	-0.5154350
0.1494270	-0.5792280
-0.0104140	-0.6025530
-0.1718890	-0.5848540
-0.3261450	-0.5253600
-0.4621270	-0.4245500
-0.5669480	-0.2869750
-0.6288090	-0.1230610
-0.6407810	0.0518754
-0.6029720	0.2211620
-0.5216770	0.3707940
-0.4062220	0.4915490
-0.2657680	0.5782510
-0.1081920	0.6273150
0.0585504	0.6349300
0.2241850	0.5975790
0.3753180	0.5146740
0.4973250	0.3912950
0.5781270	0.2387900
0.6115200	0.0724348
0.5979940	-0.0925498
0.5427020	-0.2441790
0.4522370	-0.3743250
0.3325990	-0.4769470
0.1896450	-0.5458800
0.0312814	-0.5743550
-0.1307690	-0.5569990
-0.2815660	-0.4930080
-0.4060830	-0.3881530
-0.4931190	-0.2539790
-0.5375980	-0.1045190
-0.5399750	0.0473994
-0.5035450	0.1920200
-0.4318460	0.3218810
-0.3281240	0.4296220
-0.1970700	0.5066420
-0.0471793	0.5441300
0.1085270	0.5361070
0.2545060	0.4824350
0.3765180	0.3896120
0.4649820	0.2687020
0.5158950	0.1317300
0.5291090	-0.0110975
0.5056310	-0.1517600
0.4461950	-0.2826660
0.3522290	-0.3947200
0.2283350	-0.4772780
0.0841281	-0.5205310
-0.0663844	-0.5189630
-0.2079230	-0.4735460
-0.3277800	-0.3911700
-0.4180720	-0.2817140
-0.4752740	-0.1548080
-0.4978920	-0.0183788
-0.4844150	0.1203710
-0.4333410	0.2528480
-0.3453260	0.3680090
-0.2257360	0.4537450
-0.0854392	0.5001910
0.0611543	0.5029010
0.1997910	0.4638270
0.3195780	0.3895330
0.4138630	0.2880350
0.4786910	0.1665000
0.5105330	0.0312627
0.5054010	-0.1103010
0.4602910	-0.2479780
0.3759790	-0.3689220
0.2589910	-0.4603010
0.1210860	-0.5129020
-0.0237279	-0.5234550
-0.1628100	-0.4942680
-0.2869650	-0.4306780
-0.3899820	-0.3383130
-0.4665620	-0.2221250
-0.5107410	-0.0876715
-0.5164120	0.0567205
-0.4798660	0.1990480
-0.4025750	0.3252110
-0.2921110	0.4224610
-0.1603660	0.4826620
-0.0200951	0.5033830
0.1179950	0.4864050
0.2459600	0.4350140
0.3571490	0.3522500
0.4442560	0.2413680
0.4988930	0.1079410
0.5134720	-0.0383366
0.4842920	-0.1839740
0.4137060	-0.3144240
0.3097760	-0.4177270
0.1835700	-0.4868710
0.0458919	-0.5195900
-0.0944730	-0.5161830
-0.2301680	-0.4773030
-0.3533320	-0.4035420
-0.4543680	-0.2970930
-0.5228780	-0.1640890
-0.5505370	-0.0155177
-0.5341090	0.1343920
-0.4765530	0.2715940
-0.3854980	0.3854330
-0.2701860	0.4697650
-0.1389780	0.5216820
0.0010371	0.5392480
0.1424930	0.5203080
0.2759640	0.4634410
0.3898650	0.3703900
0.4726430	0.2480050
0.5160920	0.1079720
0.5177000	-0.0358389
0.4805200	-0.1708730
0.4108280	-0.2881310
0.3153260	-0.3820090
0.1998490	-0.4483960
0.0702406	-0.4829360
-0.0656754	-0.4811290
-0.1970260	-0.4404210
-0.3110660	-0.3627820
-0.3962450	-0.2557630
-0.4453380	-0.1310180
-0.4567060	-0.0010860
-0.4330380	0.1235750
-0.3787270	0.2355660
-0.2978870	0.3293460
-0.1944050	0.3992840
-0.0737146	0.4389160
0.0554248	0.4423450
0.1809510	0.4069770
0.2898210	0.3356460
0.3714040	0.2365090
0.4198660	0.1206070
0.4341950	-0.0013298
0.4161850	-0.1208400
0.3681160	-0.2314540
0.2919610	-0.3269160
0.1906290	-0.3997770
0.0700855	-0.4418980
-0.0595984	-0.4468690
-0.1854920	-0.4128090
-0.2948990	-0.3435670
-0.3784680	-0.2474520
-0.4314780	-0.1343160
-0.4527770	-0.0129438
-0.4425400	0.1096560
-0.4007880	0.2269950
-0.3278810	0.3313350
-0.2265770	0.4132740
-0.1039040	0.4634700
0.0288763	0.4756170
0.1585790	0.4487250
0.2734170	0.3871810
0.3653290	0.2985920
0.4300560	0.1909700
0.4653880	0.0711430
0.4692810	-0.0547379
0.4395520	-0.1794340
0.3755040	-0.2934220
0.2802550	-0.3856820
0.1618620	-0.4463650
0.0321247	-0.4697380
-0.0963984	-0.4555360
-0.2133620	-0.4079220
-0.3118410	-0.3329320
-0.3873790	-0.2363050
-0.4360740	-0.1231370
-0.4535530	0.0006910
-0.4359120	0.1268010
-0.3820790	0.2440980
-0.2958520	0.3407050
-0.1859700	0.4070770
-0.0639385	0.4383900
0.0590858	0.4347630
0.1744200	0.3994090
0.2758810	0.3362570
0.3581940	0.2488250
0.4154740	0.1410540
0.4413510	0.0191885
0.4309650	-0.1070950
0.3835320	-0.2256130
0.3036190	-0.3244480
0.2001090	-0.3949490
0.0834596	-0.4331630
-0.0369833	-0.4389990
-0.1539790	-0.4140600
-0.2614230	-0.3599450
-0.3526430	-0.2783460
-0.4197320	-0.1727510
-0.4548580	-0.0502253
-0.4529090	0.0784088
-0.4137110	0.2005570
-0.3422650	0.3049680
-0.2468220	0.3841130
-0.1361010	0.4344910
-0.0174888	0.4550490
0.1027840	0.4452350
0.2180800	0.4043530
0.3200680	0.3327820
0.3991630	0.2340720
0.4467970	0.1161330
0.4581850	-0.0096727
0.4337460	-0.1312460
0.3782920	-0.2386600
0.2986120	-0.3255480
0.2011870	-0.3883830
0.0915315	-0.4246240
-0.0246779	-0.4314680
-0.1399580	-0.4063890
-0.2445670	-0.3491470
-0.3280440	-0.2637410
-0.3820300	-0.1586630
-0.4026040	-0.0450147
-0.3906800	0.0664477
-0.3503480	0.1675340
-0.2864880	0.2528800
-0.2033920	0.3185250
-0.1052460	0.3603040
0.0022053	0.3736200
0.1104480	0.3550250
0.2087970	0.3045470
0.2868060	0.2270000
0.3371030	0.1312020
0.3568940	0.0274376
0.3473230	-0.0752176
0.3113870	-0.1701060
0.2520710	-0.2522570
0.1720830	-0.3167330
0.0752223	-0.3577240
-0.0319312	-0.3694400
-0.1396410	-0.3483950
-0.2366540	-0.2955080
-0.3130610	-0.2164840
-0.3626490	-0.1200990
-0.3833740	-0.0154977
-0.3759360	0.0897664
-0.3417640	0.1898430
-0.2820610	0.2792130
-0.1986230	0.3513190
-0.0956676	0.3986700
0.0189446	0.4147060
0.1343660	0.3963160
0.2391960	0.3452850
0.3242870	0.2676540
0.3842550	0.1714420
0.4169660	0.0642690
0.4217460	-0.0475894
0.3979360	-0.1583770
0.3450300	-0.2613120
0.2643270	-0.3479430
0.1607370	-0.4093290
0.0431664	-0.4385380
-0.0771029	-0.4329040
-0.1892170	-0.3945490
-0.2850290	-0.3289090
-0.3595910	-0.2423540
-0.4099170	-0.1405850
-0.4333240	-0.0287680
-0.4269180	0.0870440
-0.3887700	0.1986770
-0.3199930	0.2961690
-0.2260590	0.3698480
-0.1162220	0.4129980
-0.0011937	0.4234290
0.1095140	0.4030380
0.2089890	0.3558430
0.2924420	0.2860080
0.3556580	0.1972700
0.3939240	0.0939861
0.4025720	-0.0172996
0.3789310	-0.1273240
0.3243280	-0.2254350
0.2446010	-0.3022040
0.1486250	-0.3517530
0.0457244	-0.3723960
-0.0563820	-0.3654040
-0.1519520	-0.3330040
-0.2360450	-0.2772040
-0.3031190	-0.2002670
-0.3468530	-0.1063200
-0.3616620	-0.0025965
-0.3449790	0.1009610
-0.2987360	0.1938280
-0.2289360	0.2675740
-0.1435600	0.3174510
-0.0501899	0.3420780
0.0451340	0.3417570
0.1373410	0.3168970
0.2208670	0.2678380
0.2888360	0.1961810
0.3338780	0.1064850
0.3503120	0.0068054
0.3362890	-0.0926382
0.2944360	-0.1820320
0.2305780	-0.2542350
0.1514330	-0.3054250
0.0628756	-0.3340200
-0.0302082	-0.3389890
-0.1226890	-0.3190630
-0.2079200	-0.2735550
-0.2777840	-0.2041660
-0.3244060	-0.1163120
-0.3425870	-0.0187587
-0.3313770	0.0784522
-0.2937910	0.1665630
-0.2349640	0.2396080
-0.1601000	0.2941300
-0.0736361	0.3277010
