jMRUI Data Textfile

Filename: GSH.txt

PointsInDataset: 2048      
DatasetsInFile: 1         
SamplingInterval: 2.5E-1    
ZeroOrderPhase: 0E0       
BeginTime: 0E0       
TransmitterFrequency: 1.2322E8  
MagneticField: 2.9E0     
TypeOfNucleus: 0E0       
NameOfPatient: GSH
DateOfExperiment: 
Spectrometer: 
AdditionalInfo: GSH
SignalNames: GSH.txt;


Signal and FFT
sig(real)	sig(imag)	fft(real)	fft(imag)
Signal 1 out of 1 in file
7.8155800	-0.0752768
7.3356700	-2.2803200
6.1154500	-4.1026200
4.4076800	-5.2982800
2.5233600	-5.7781500
0.7445360	-5.5947300
-0.7257380	-4.8884400
-1.7672300	-3.8323800
-2.3219700	-2.6043700
-2.3811300	-1.3852300
-1.9943000	-0.3589810
-1.2878800	0.3100050
-0.4629770	0.5243310
0.2468850	0.2992030
0.6485260	-0.2285330
0.6563350	-0.8444560
0.3152760	-1.3365300
-0.2340110	-1.5693300
-0.8264230	-1.5139700
-1.3375300	-1.2239500
-1.7085100	-0.7811020
-1.9271700	-0.2510010
-1.9914500	0.3262050
-1.8894900	0.9142590
-1.6116200	1.4571800
-1.1800000	1.8816100
-0.6649350	2.1293200
-0.1656930	2.1961900
0.2376200	2.1445000
0.5296930	2.0727300
0.7693250	2.0578400
1.0522600	2.1073600
1.4498500	2.1536200
1.9631500	2.0944300
2.5214500	1.8527600
3.0232500	1.4162900
3.3888900	0.8336600
3.5891200	0.1760040
3.6340800	-0.5039160
3.5383700	-1.1845000
3.2946200	-1.8540800
2.8793400	-2.4780100
2.2868100	-2.9860600
1.5625100	-3.2961000
0.8053260	-3.3602700
0.1304580	-3.2000900
-0.3850480	-2.9020900
-0.7373490	-2.5732100
-0.9867660	-2.2842400
-1.2106100	-2.0387600
-1.4503600	-1.7871200
-1.6886800	-1.4732700
-1.8692600	-1.0798200
-1.9414600	-0.6403810
-1.8952300	-0.2138140
-1.7615800	0.1563880
-1.5817800	0.4647290
-1.3729900	0.7315370
-1.1198200	0.9678890
-0.8001100	1.1486800
-0.4245540	1.2192900
-0.0567998	1.1351600
0.2066190	0.9066360
0.2875990	0.6146460
0.1758920	0.3817500
-0.0571152	0.3143780
-0.2901780	0.4523620
-0.4086180	0.7565800
-0.3491360	1.1386100
-0.1076830	1.5078200
0.2865600	1.8023500
0.8039950	1.9864500
1.4252000	2.0251400
2.1214100	1.8654400
2.8241400	1.4475800
3.4150900	0.7441970
3.7541200	-0.1994950
3.7346500	-1.2569700
3.3333800	-2.2558200
2.6220100	-3.0398200
1.7335500	-3.5213300
0.8050920	-3.6945700
-0.0665821	-3.6076100
-0.8327480	-3.3182900
-1.4681200	-2.8671800
-1.9413900	-2.2836600
-2.2092400	-1.6132200
-2.2406800	-0.9364530
-2.0519100	-0.3570540
-1.7207400	0.0389461
-1.3633900	0.2257810
-1.0840300	0.2511290
-0.9291690	0.2080250
-0.8765990	0.1827410
-0.8651410	0.2129440
-0.8426910	0.2826200
-0.7983750	0.3534200
-0.7578490	0.4061560
-0.7489980	0.4603630
-0.7671240	0.5580630
-0.7679800	0.7259370
-0.6946480	0.9467340
-0.5176190	1.1633800
-0.2568290	1.3137800
0.0319706	1.3703300
0.2968760	1.3540200
0.5256630	1.3120500
0.7503740	1.2756500
1.0165800	1.2299300
1.3399700	1.1194800
1.6827900	0.8863000
1.9682200	0.5129350
2.1229800	0.0395643
2.1175700	-0.4570700
1.9761900	-0.9068350
1.7509800	-1.2799300
1.4818300	-1.5876900
1.1729600	-1.8527100
0.8032000	-2.0735600
0.3607530	-2.2134300
-0.1266540	-2.2223600
-0.5916360	-2.0768100
-0.9597950	-1.8055000
-1.1923300	-1.4803800
-1.3073600	-1.1772200
-1.3638200	-0.9333300
-1.4191900	-0.7323330
-1.4913200	-0.5262560
-1.5514600	-0.2777770
-1.5518900	0.0087910
-1.4662300	0.2900220
-1.3115900	0.5160140
-1.1363200	0.6671950
-0.9837740	0.7667770
-0.8605390	0.8595190
-0.7342190	0.9735760
-0.5626340	1.0954000
-0.3321010	1.1777700
-0.0749524	1.1756900
0.1481500	1.0832800
0.2889520	0.9434730
0.3455940	0.8222150
0.3646610	0.7654590
0.4095960	0.7698890
0.5184650	0.7881880
0.6815280	0.7640420
0.8537450	0.6703650
0.9910860	0.5227170
1.0820500	0.3593900
1.1503200	0.2052140
1.2272700	0.0483719
1.3165900	-0.1508430
1.3796600	-0.4253220
1.3548200	-0.7669620
1.1976400	-1.1198600
0.9128950	-1.4076200
0.5546260	-1.5760000
0.1938780	-1.6206500
-0.1224360	-1.5806300
-0.3920920	-1.5037500
-0.6438340	-1.4103100
-0.9015570	-1.2823400
-1.1548500	-1.0852800
-1.3589500	-0.8045470
-1.4642100	-0.4677990
-1.4525700	-0.1349880
-1.3527100	0.1370040
-1.2218400	0.3288890
-1.1073300	0.4667030
-1.0166200	0.5969510
-0.9177530	0.7479070
-0.7698630	0.9062270
-0.5601850	1.0264200
-0.3195000	1.0659100
-0.1040920	1.0190300
0.0423444	0.9242470
0.1183800	0.8389740
0.1640250	0.8006780
0.2303180	0.8032070
0.3423330	0.8054550
0.4832290	0.7650600
0.6106600	0.6710930
0.6921600	0.5508630
0.7317720	0.4459850
0.7670280	0.3765680
0.8381950	0.3215780
0.9531250	0.2313220
1.0747900	0.0635818
1.1418300	-0.1831870
1.1076800	-0.4643380
0.9700170	-0.7154850
0.7694670	-0.8916000
0.5593620	-0.9903640
0.3698020	-1.0436300
0.1927580	-1.0850000
-0.0015178	-1.1192800
-0.2306610	-1.1175900
-0.4760820	-1.0418400
-0.6881980	-0.8794180
-0.8180050	-0.6607670
-0.8515670	-0.4452870
-0.8212330	-0.2848450
-0.7845200	-0.1913590
-0.7856460	-0.1321310
-0.8275570	-0.0561136
-0.8743370	0.0685313
-0.8811180	0.2332260
-0.8283060	0.3989800
-0.7342640	0.5287510
-0.6375010	0.6165730
-0.5628870	0.6907490
-0.4986650	0.7885580
-0.4027650	0.9220170
-0.2344740	1.0613800
0.0120132	1.1499400
0.2975330	1.1400300
0.5593650	1.0241600
0.7487420	0.8386820
0.8572500	0.6376740
0.9134710	0.4570220
0.9537110	0.2952840
0.9899660	0.1248950
0.9998670	-0.0760562
0.9462040	-0.2968510
0.8107570	-0.4935630
0.6159740	-0.6161980
0.4170460	-0.6435350
0.2692240	-0.5994380
0.1939790	-0.5380560
0.1686190	-0.5084590
0.1465220	-0.5244940
0.0923771	-0.5614550
0.0060236	-0.5808390
-0.0824266	-0.5634130
-0.1413950	-0.5249400
-0.1675460	-0.5025330
-0.1927610	-0.5223320
-0.2622270	-0.5737280
-0.3996670	-0.6106600
-0.5859160	-0.5801490
-0.7673500	-0.4576150
-0.8885250	-0.2632190
-0.9254250	-0.0475211
-0.8954880	0.1425350
-0.8381410	0.2919970
-0.7816230	0.4201260
-0.7217210	0.5561010
-0.6284330	0.7080190
-0.4748510	0.8498410
-0.2653240	0.9369640
-0.0403453	0.9388920
0.1467350	0.8640130
0.2645180	0.7570320
0.3241070	0.6699640
0.3699190	0.6274610
0.4472300	0.6116150
0.5700610	0.5769650
0.7124240	0.4841500
0.8283070	0.3272150
0.8843780	0.1349960
0.8804160	-0.0529584
0.8425740	-0.2162370
0.7958410	-0.3654700
0.7382940	-0.5268710
0.6384790	-0.7115440
0.4594870	-0.8940500
0.1924620	-1.0183800
-0.1257140	-1.0291400
-0.4248750	-0.9066200
-0.6366660	-0.6811480
-0.7284330	-0.4167410
-0.7133400	-0.1762480
-0.6319270	0.0073035
-0.5210640	0.1342960
-0.3944840	0.2178990
-0.2486720	0.2585150
-0.0872159	0.2356530
0.0584050	0.1251890
0.1314200	-0.0708940
0.0777127	-0.3063180
-0.1190090	-0.5007210
-0.4198350	-0.5746820
-0.7444560	-0.4876250
-1.0078300	-0.2541150
-1.1557200	0.0707161
-1.1770300	0.4243440
-1.0886300	0.7643610
-0.9083210	1.0724100
-0.6392460	1.3359800
-0.2780290	1.5270300
0.1609420	1.5985400
0.6268750	1.5054400
1.0382600	1.2363300
1.3135600	0.8320180
1.4083000	0.3751230
1.3338600	-0.0449170
1.1454400	-0.3693640
0.9080790	-0.5864950
0.6644180	-0.7184050
0.4250130	-0.7909830
0.1846090	-0.8107630
-0.0519204	-0.7653640
-0.2565540	-0.6449730
-0.3894880	-0.4655710
-0.4264630	-0.2731930
-0.3802860	-0.1233450
-0.2983680	-0.0494163
-0.2359530	-0.0433239
-0.2232840	-0.0633269
-0.2500820	-0.0641448
-0.2783830	-0.0279738
-0.2740650	0.0257183
-0.2338620	0.0580816
-0.1883480	0.0425871
-0.1794040	-0.0131539
-0.2295710	-0.0712616
-0.3261740	-0.0894726
-0.4314300	-0.0490569
-0.5098730	0.0361306
-0.5515060	0.1354150
-0.5729370	0.2285910
-0.5961500	0.3226320
-0.6222680	0.4440630
-0.6219480	0.6123420
-0.5515900	0.8148710
-0.3846840	1.0038900
-0.1354720	1.1196700
0.1431190	1.1247500
0.3869060	1.0254800
0.5546330	0.8660300
0.6456910	0.6995720
0.6905170	0.5575650
0.7227410	0.4381170
0.7546700	0.3194780
0.7737590	0.1857230
0.7605190	0.0432541
0.7114510	-0.0848938
0.6468370	-0.1816530
0.5955290	-0.2559620
0.5677460	-0.3419680
0.5376330	-0.4748710
0.4515190	-0.6594530
0.2593650	-0.8544140
-0.0504894	-0.9856860
-0.4364930	-0.9819260
-0.8189160	-0.8100510
-1.1145300	-0.4891350
-1.2683800	-0.0766009
-1.2644300	0.3603970
-1.1136100	0.7671870
-0.8346880	1.1042100
-0.4464660	1.3344800
0.0216641	1.4132800
0.5115400	1.2960900
0.9303680	0.9650060
1.1703500	0.4569300
1.1486300	-0.1285340
0.8461270	-0.6526460
0.3218090	-0.9833330
-0.3065070	-1.0393800
-0.9034480	-0.8104570
-1.3558700	-0.3466980
-1.5920500	0.2695300
-1.5781000	0.9485900
-1.3055300	1.6021300
-0.7871750	2.1388400
-0.0674480	2.4632500
0.7636840	2.4912800
1.5716000	2.1811800
2.2038400	1.5625500
2.5357300	0.7421250
2.5126700	-0.1231620
2.1657900	-0.8751790
1.5934100	-1.4011100
0.9201770	-1.6552500
0.2580990	-1.6504100
-0.3121730	-1.4320400
-0.7379140	-1.0558900
-0.9828650	-0.5820210
-1.0246500	-0.0810903
-0.8666530	0.3626880
-0.5537820	0.6651420
-0.1743290	0.7708780
0.1624980	0.6804820
0.3661360	0.4561650
0.4000860	0.1977970
0.2921340	0.0004840
0.1134800	-0.0827076
-0.0596564	-0.0527151
-0.1784220	0.0521406
-0.2304850	0.1864020
-0.2262800	0.3198480
-0.1781660	0.4395990
-0.0906765	0.5367440
0.0317838	0.5940910
0.1696030	0.5892660
0.2823440	0.5130850
0.3230660	0.3883920
0.2664240	0.2714530
0.1314760	0.2293820
-0.0188230	0.3048950
-0.1045820	0.4903690
-0.0674129	0.7284790
0.1028220	0.9395090
0.3682290	1.0581000
0.6672060	1.0571500
0.9447640	0.9468270
1.1691600	0.7549380
1.3276800	0.5063600
1.4110600	0.2173610
1.4037100	-0.0938835
1.2907300	-0.3936680
1.0766800	-0.6324100
0.7996560	-0.7633320
0.5251310	-0.7695930
0.3185400	-0.6801150
0.2119530	-0.5599980
0.1865350	-0.4782860
0.1832800	-0.4718220
0.1361040	-0.5272630
0.0069752	-0.5914110
-0.1975630	-0.6015340
-0.4354110	-0.5154530
-0.6531550	-0.3240660
-0.8069130	-0.0436443
-0.8674110	0.2999340
-0.8118890	0.6789880
-0.6170580	1.0575300
-0.2662180	1.3790800
0.2294250	1.5653500
0.8098770	1.5363800
1.3649700	1.2466200
1.7612300	0.7172400
1.8875600	0.0437853
1.6970500	-0.6285490
1.2236300	-1.1504600
0.5672590	-1.4121000
-0.1405750	-1.3654800
-0.7707060	-1.0218400
-1.2152300	-0.4354680
-1.3920100	0.3099120
-1.2467200	1.1052300
-0.7636000	1.8172700
0.0157365	2.3006500
0.9794180	2.4283900
1.9549800	2.1332400
2.7474200	1.4397000
3.1936700	0.4669980
3.2094400	-0.6024640
2.8074300	-1.5756400
2.0814600	-2.2981600
1.1696900	-2.6808200
0.2179010	-2.6995600
-0.6423490	-2.3807100
-1.3008800	-1.7875700
-1.6728400	-1.0158100
-1.7103300	-0.1913860
-1.4209000	0.5417440
-0.8800580	1.0509300
-0.2221640	1.2535400
0.3946120	1.1459500
0.8372080	0.8048580
1.0374800	0.3572470
1.0039500	-0.0665879
0.8024940	-0.3735740
0.5204960	-0.5241990
0.2356930	-0.5233810
0.0034365	-0.3996450
-0.1394880	-0.1897820
-0.1677510	0.0633094
-0.0694916	0.3059990
0.1417730	0.4759860
0.4169490	0.5189810
0.6771850	0.4142300
0.8400470	0.1923270
0.8549890	-0.0698903
0.7279200	-0.2790950
0.5193480	-0.3652900
0.3163360	-0.3098600
0.1945370	-0.1472300
0.1915430	0.0577889
0.3036140	0.2405200
0.5015430	0.3562460
0.7499590	0.3814840
1.0156600	0.3037660
1.2626600	0.1145690
1.4443700	-0.1851040
1.5067300	-0.5701960
1.4069100	-0.9823120
1.1381300	-1.3387100
0.7432590	-1.5601600
0.3045650	-1.6036600
-0.0876288	-1.4803300
-0.3704590	-1.2470400
-0.5280660	-0.9768330
-0.5855330	-0.7262460
-0.5842170	-0.5183780
-0.5563420	-0.3482800
-0.5144850	-0.2019030
-0.4586230	-0.0720605
-0.3899590	0.0398436
-0.3169910	0.1341700
-0.2476480	0.2226720
-0.1747730	0.3250810
-0.0697756	0.4516930
0.1054750	0.5841130
0.3722770	0.6707490
0.7105850	0.6450880
1.0540500	0.4591400
1.3108900	0.1129500
1.4002900	-0.3376550
1.2844400	-0.7995380
0.9796770	-1.1754500
0.5444090	-1.3930500
0.0557903	-1.4165700
-0.4089900	-1.2419200
-0.7787100	-0.8871000
-0.9864110	-0.3899710
-0.9723960	0.1849110
-0.6999810	0.7405630
-0.1794350	1.1566400
0.5154160	1.3183800
1.2533700	1.1557400
1.8781900	0.6730920
2.2545400	-0.0472998
2.3059900	-0.8706140
2.0287900	-1.6502800
1.4794800	-2.2640000
0.7492250	-2.6311800
-0.0587494	-2.7121800
-0.8396800	-2.5010800
-1.4902500	-2.0238100
-1.9153700	-1.3435100
-2.0461300	-0.5638440
-1.8641500	0.1823340
-1.4175400	0.7629330
-0.8143190	1.0851600
-0.1911770	1.1238000
0.3293710	0.9238040
0.6728190	0.5761840
0.8225080	0.1810830
0.8054490	-0.1821630
0.6677560	-0.4655810
0.4563940	-0.6457570
0.2151340	-0.7125800
-0.0105967	-0.6660620
-0.1724700	-0.5234220
-0.2298880	-0.3270290
-0.1688500	-0.1405700
-0.0155360	-0.0288499
0.1683900	-0.0298689
0.3104810	-0.1359670
0.3599340	-0.2970710
0.3092100	-0.4455270
0.1926180	-0.5281780
0.0643476	-0.5271720
-0.0290189	-0.4593310
-0.0647490	-0.3585490
-0.0421070	-0.2560270
0.0307983	-0.1719110
0.1474900	-0.1208620
0.3013250	-0.1220870
0.4738310	-0.2008320
0.6254630	-0.3759660
0.7008220	-0.6408990
0.6498390	-0.9527060
0.4535310	-1.2405500
0.1376870	-1.4316400
-0.2354210	-1.4805400
-0.5930220	-1.3845400
-0.8798190	-1.1770500
-1.0718100	-0.9054150
-1.1705200	-0.6088700
-1.1858300	-0.3103560
-1.1226100	-0.0241208
-0.9810120	0.2311720
-0.7684030	0.4274890
-0.5106170	0.5366750
-0.2504660	0.5474560
-0.0315009	0.4762890
0.1227360	0.3616900
0.2189490	0.2437930
0.2854760	0.1423650
0.3498660	0.0484909
0.4178300	-0.0640494
0.4680630	-0.2155780
0.4662470	-0.4016000
0.3881320	-0.5909550
0.2357000	-0.7414810
0.0361531	-0.8214040
-0.1736400	-0.8216220
-0.3644820	-0.7519620
-0.5211880	-0.6271400
-0.6350170	-0.4556750
-0.6910530	-0.2417400
-0.6639150	0.0014536
-0.5287130	0.2386750
-0.2816140	0.4133690
0.0445440	0.4660040
0.3825170	0.3609100
0.6522200	0.1052980
0.7900050	-0.2515560
0.7689950	-0.6381740
0.6002970	-0.9870100
0.3180450	-1.2514400
-0.0387237	-1.4064200
-0.4345120	-1.4383100
-0.8330730	-1.3365400
-1.1887700	-1.0967400
-1.4460800	-0.7335710
-1.5533400	-0.2919380
-1.4846900	0.1559630
-1.2559200	0.5307030
-0.9222610	0.7733050
-0.5573960	0.8646030
-0.2255130	0.8251120
0.0373957	0.6969450
0.2238390	0.5206920
0.3404410	0.3220800
0.3921010	0.1146190
0.3770840	-0.0880393
0.2953790	-0.2631330
0.1613530	-0.3825760
0.0078729	-0.4277050
-0.1242830	-0.4033940
-0.2060520	-0.3392740
-0.2351320	-0.2749090
-0.2351090	-0.2378440
-0.2384190	-0.2293120
-0.2644760	-0.2273640
-0.3078580	-0.2049650
-0.3441270	-0.1501110
-0.3482290	-0.0740106
-0.3117190	-0.0025167
-0.2466950	0.0417171
-0.1748060	0.0525358
-0.1109900	0.0394811
-0.0551391	0.0146857
0.0018143	-0.0210606
0.0626439	-0.0810100
0.1122960	-0.1808000
0.1205540	-0.3208900
0.0586931	-0.4768510
-0.0809991	-0.6060840
-0.2767620	-0.6676940
-0.4863560	-0.6425370
-0.6675740	-0.5401710
-0.7963580	-0.3888700
-0.8708920	-0.2168640
-0.9007010	-0.0386997
-0.8908200	0.1440910
-0.8341460	0.3302600
-0.7181150	0.5056460
-0.5402140	0.6413590
-0.3195310	0.7061710
-0.0941829	0.6846320
0.0949536	0.5875070
0.2233460	0.4463880
0.2914410	0.2959020
0.3171190	0.1560330
0.3180770	0.0268719
0.2975300	-0.1012610
0.2437920	-0.2308730
0.1436340	-0.3470570
-0.0011940	-0.4221910
-0.1673220	-0.4324140
-0.3185660	-0.3736870
-0.4241620	-0.2655110
-0.4733710	-0.1395940
-0.4762600	-0.0219181
-0.4509360	0.0786339
-0.4076560	0.1672570
-0.3422960	0.2491490
-0.2441970	0.3162710
-0.1120310	0.3461810
0.0351514	0.3148790
0.1612890	0.2146270
0.2299570	0.0634803
0.2231850	-0.1010120
0.1494660	-0.2400600
0.0358009	-0.3313720
-0.0899287	-0.3745680
-0.2132670	-0.3818070
-0.3343370	-0.3620710
-0.4563890	-0.3118310
-0.5720000	-0.2193730
-0.6588740	-0.0790941
-0.6895850	0.0959828
-0.6485780	0.2741420
-0.5437720	0.4187430
-0.4036820	0.5066030
-0.2615910	0.5380780
-0.1378330	0.5318150
-0.0326107	0.5084020
0.0661600	0.4751380
0.1666190	0.4230400
0.2610930	0.3377780
0.3277480	0.2157100
0.3445240	0.0724049
0.3047410	-0.0631081
0.2225240	-0.1642760
0.1239450	-0.2213080
0.0306061	-0.2433130
-0.0519579	-0.2470700
-0.1324780	-0.2413800
-0.2204830	-0.2192940
-0.3119320	-0.1644220
-0.3855340	-0.0666949
-0.4133380	0.0644573
-0.3783640	0.1999040
-0.2865750	0.3044570
-0.1645040	0.3550240
-0.0443146	0.3506730
0.0528982	0.3081130
0.1238540	0.2468870
0.1760480	0.1759530
0.2136060	0.0917124
0.2280000	-0.0116348
0.2015260	-0.1283080
0.1213590	-0.2354770
-0.0065777	-0.3016180
-0.1549980	-0.3035670
-0.2868860	-0.2402900
-0.3738150	-0.1333970
-0.4084070	-0.0139850
-0.4027290	0.0947549
-0.3747160	0.1869590
-0.3333570	0.2695780
-0.2738050	0.3485700
-0.1856240	0.4172950
-0.0671345	0.4566310
0.0659271	0.4470710
0.1849170	0.3836620
0.2633280	0.2821790
0.2915850	0.1713850
0.2807820	0.0766387
0.2526860	0.0065957
0.2235260	-0.0475384
0.1935950	-0.1001700
0.1501890	-0.1562350
0.0812248	-0.2045140
-0.0111430	-0.2244730
-0.1075760	-0.2014460
-0.1817910	-0.1386100
-0.2165130	-0.0565832
-0.2133390	0.0191585
-0.1893230	0.0737477
-0.1630840	0.1098620
-0.1410930	0.1412780
-0.1144930	0.1783590
-0.0686989	0.2168660
0.0017791	0.2389040
0.0848916	0.2254960
0.1557970	0.1713790
0.1916490	0.0907766
0.1856480	0.0096256
0.1500880	-0.0501696
0.1063410	-0.0829563
0.0694460	-0.0992803
0.0388482	-0.1140960
0.0020364	-0.1325840
-0.0520889	-0.1445740
-0.1206610	-0.1319110
-0.1850200	-0.0831467
-0.2213520	-0.0043032
-0.2160240	0.0826468
-0.1742490	0.1526960
-0.1156680	0.1926550
-0.0602907	0.2070690
-0.0153707	0.2111000
0.0269917	0.2161420
0.0799929	0.2193350
0.1478160	0.2051290
0.2180860	0.1578000
0.2671930	0.0754356
0.2748720	-0.0253053
0.2373610	-0.1174930
0.1695380	-0.1793710
0.0946221	-0.2057550
0.0292563	-0.2073530
-0.0249225	-0.1991320
-0.0773001	-0.1870360
-0.1355090	-0.1634410
-0.1942350	-0.1148430
-0.2347620	-0.0357857
-0.2361830	0.0619475
-0.1901970	0.1524230
-0.1084710	0.2093250
-0.0169113	0.2207370
0.0591991	0.1944550
0.1085660	0.1503510
0.1364570	0.1058190
0.1553880	0.0652332
0.1717320	0.0209807
0.1789030	-0.0354052
0.1624810	-0.1012490
0.1132600	-0.1597600
0.0379382	-0.1890140
-0.0412694	-0.1765270
-0.0985167	-0.1285950
-0.1194520	-0.0672238
-0.1087620	-0.0165995
-0.0848568	0.0112260
-0.0658812	0.0213179
-0.0574787	0.0284243
-0.0511534	0.0432999
-0.0338660	0.0634322
-0.0009683	0.0751868
0.0378455	0.0654826
0.0644139	0.0337185
0.0654634	-0.0055809
0.0432200	-0.0318713
0.0149555	-0.0329058
0.0014139	-0.0136129
0.0124464	0.0071916
0.0403452	0.0099726
0.0656710	-0.0120783
0.0711208	-0.0490441
0.0531260	-0.0823255
0.0227927	-0.0983478
-0.0040315	-0.0974895
-0.0195658	-0.0916640
-0.0297466	-0.0927821
-0.0483198	-0.1013470
-0.0839680	-0.1043390
-0.1305470	-0.0844173
-0.1683160	-0.0337473
-0.1757920	0.0379703
-0.1438420	0.1075230
-0.0818070	0.1516300
-0.0113199	0.1602350
0.0474831	0.1402790
0.0872016	0.1077760
0.1139040	0.0747120
0.1375250	0.0409153
0.1599700	-0.0030004
0.1706050	-0.0642328
0.1530140	-0.1371470
0.0981366	-0.2021760
0.0137670	-0.2358400
-0.0771017	-0.2249810
-0.1483860	-0.1749600
-0.1850360	-0.1058940
-0.1892730	-0.0397907
-0.1749790	0.0120032
-0.1550550	0.0521106
-0.1316300	0.0894648
-0.0965133	0.1272930
-0.0412207	0.1565780
0.0315801	0.1605090
0.1045830	0.1268300
0.1537240	0.0587978
0.1621790	-0.0238281
0.1304850	-0.0949731
0.0755038	-0.1366070
0.0191082	-0.1471960
-0.0250563	-0.1386500
-0.0572488	-0.1247250
-0.0862027	-0.1100600
-0.1175500	-0.0881953
-0.1456630	-0.0497800
-0.1556860	0.0058246
-0.1345670	0.0650992
-0.0827078	0.1060320
-0.0171183	0.1113760
0.0369453	0.0800493
0.0603278	0.0283570
0.0503462	-0.0199521
0.0201459	-0.0477003
-0.0119034	-0.0525297
-0.0345640	-0.0441077
-0.0487540	-0.0333766
-0.0621204	-0.0227574
-0.0782398	-0.0051190
-0.0896865	0.0277715
-0.0811606	0.0742439
-0.0409529	0.1183970
0.0277263	0.1368400
0.1044230	0.1125390
0.1606560	0.0462266
0.1748460	-0.0427038
0.1429980	-0.1265030
0.0783179	-0.1833560
0.0009773	-0.2059850
-0.0738746	-0.1995420
-0.1411130	-0.1719200
-0.2008760	-0.1251250
-0.2491430	-0.0549684
-0.2724980	0.0406271
-0.2526550	0.1517000
-0.1785130	0.2535450
-0.0571692	0.3150200
0.0846622	0.3134410
0.2108990	0.2464310
0.2918670	0.1328670
0.3156410	0.0025589
0.2883640	-0.1180600
0.2249050	-0.2147250
0.1378310	-0.2838780
0.0330633	-0.3241700
-0.0853718	-0.3293100
-0.2066970	-0.2890350
-0.3093860	-0.1980650
-0.3668870	-0.0659698
-0.3604550	0.0806151
-0.2904710	0.2067720
-0.1780200	0.2843820
-0.0549985	0.3039710
0.0509546	0.2758190
0.1269960	0.2203150
0.1749300	0.1548740
0.2021040	0.0865932
0.2113270	0.0149064
0.1978680	-0.0593417
0.1555250	-0.1267770
0.0863171	-0.1708900
0.0052932	-0.1775230
-0.0644164	-0.1453590
-0.1036320	-0.0890423
-0.1078440	-0.0318075
-0.0888104	0.0077152
-0.0656919	0.0254081
-0.0519900	0.0314367
-0.0475427	0.0403982
-0.0410006	0.0592962
-0.0204327	0.0821630
0.0161838	0.0949767
0.0584775	0.0867549
0.0908430	0.0581899
0.1035340	0.0212788
0.0990948	-0.0095900
0.0892414	-0.0280688
0.0847420	-0.0396631
0.0862789	-0.0559469
0.0835717	-0.0836738
0.0637014	-0.1173400
0.0224278	-0.1412820
-0.0302138	-0.1401950
-0.0746607	-0.1105080
-0.0938911	-0.0641553
-0.0843047	-0.0217763
-0.0577037	-0.0000226
-0.0331298	-0.0018941
-0.0246031	-0.0166288
-0.0335070	-0.0285779
-0.0505403	-0.0280333
-0.0648206	-0.0159687
-0.0724690	0.0002561
-0.0777971	0.0159801
-0.0863567	0.0351248
-0.0958317	0.0674658
-0.0928186	0.1188230
-0.0592863	0.1816650
0.0149206	0.2339650
0.1221600	0.2484970
0.2369970	0.2071820
0.3267670	0.1113260
0.3661430	-0.0187205
0.3466510	-0.1536490
0.2761100	-0.2678110
0.1702590	-0.3462250
0.0440284	-0.3828740
-0.0909464	-0.3741680
-0.2218420	-0.3149440
-0.3287860	-0.2017910
-0.3848930	-0.0418347
-0.3651100	0.1403170
-0.2596450	0.3046130
-0.0832846	0.4079110
0.1263330	0.4205900
0.3215090	0.3379970
0.4612820	0.1803960
0.5229480	-0.0175209
0.5032140	-0.2201770
0.4112000	-0.3995520
0.2605050	-0.5353760
0.0666924	-0.6107360
-0.1492110	-0.6100050
-0.3565720	-0.5233690
-0.5171000	-0.3558070
-0.5952070	-0.1333700
-0.5721920	0.0999123
-0.4556510	0.2952520
-0.2775840	0.4161160
-0.0816386	0.4496990
0.0932693	0.4068920
0.2238250	0.3121990
0.3029660	0.1910540
0.3328310	0.0625315
0.3172720	-0.0597646
0.2601310	-0.1624790
0.1696730	-0.2298890
0.0637539	-0.2480590
-0.0308782	-0.2136010
-0.0873793	-0.1401200
-0.0912523	-0.0559933
-0.0482920	0.0070228
0.0178689	0.0281881
0.0777382	0.0064162
0.1102070	-0.0419999
0.1104440	-0.0944930
0.0874803	-0.1344480
0.0547044	-0.1568290
0.0209174	-0.1648930
-0.0118089	-0.1623760
-0.0432000	-0.1483970
-0.0682961	-0.1194520
-0.0760986	-0.0765792
-0.0557004	-0.0310696
-0.0058474	-0.0027430
0.0595787	-0.0103711
0.1153470	-0.0601204
0.1366300	-0.1400370
0.1115340	-0.2248350
0.0464032	-0.2882440
-0.0392296	-0.3150210
-0.1241160	-0.3052390
-0.1951860	-0.2691380
-0.2496920	-0.2174720
-0.2895760	-0.1549320
-0.3138290	-0.0811548
-0.3156940	0.0025439
-0.2872420	0.0871934
-0.2275700	0.1568320
-0.1475940	0.1962990
-0.0666739	0.2007000
-0.0024999	0.1792350
0.0389365	0.1498330
0.0660494	0.1277510
0.0948133	0.1158290
0.1369070	0.1031780
0.1909490	0.0731147
0.2426450	0.0147649
0.2732800	-0.0696267
0.2702410	-0.1661710
0.2323230	-0.2575990
0.1670000	-0.3316520
0.0830909	-0.3835330
-0.0144822	-0.4115670
-0.1232880	-0.4109300
-0.2366420	-0.3719870
-0.3377370	-0.2861020
-0.4009270	-0.1555390
-0.4014290	-0.0000398
-0.3282820	0.1458240
-0.1923960	0.2444570
-0.0242952	0.2698200
0.1372660	0.2165080
0.2589200	0.0988170
0.3209280	-0.0580692
0.3169720	-0.2279550
0.2486370	-0.3883870
0.1209750	-0.5191920
-0.0565600	-0.5991770
-0.2650750	-0.6069140
-0.4729040	-0.5278840
-0.6395450	-0.3643780
-0.7274330	-0.1409750
-0.7160130	0.0997454
-0.6099990	0.3105330
-0.4368140	0.4551240
-0.2348350	0.5179340
-0.0395417	0.5035160
0.1248540	0.4281970
0.2454040	0.3107210
0.3153050	0.1680020
0.3299920	0.0169325
0.2885740	-0.1221590
0.1992710	-0.2261320
0.0831890	-0.2759070
-0.0288980	-0.2659730
-0.1071220	-0.2096830
-0.1350350	-0.1354000
-0.1164060	-0.0745084
-0.0718879	-0.0479022
-0.0276070	-0.0587689
-0.0028323	-0.0952367
-0.0039121	-0.1399600
-0.0268128	-0.1795720
-0.0644841	-0.2080580
-0.1124570	-0.2234120
-0.1684530	-0.2222100
-0.2273090	-0.1980490
-0.2768010	-0.1461190
-0.2995450	-0.0706118
-0.2813960	0.0114702
-0.2212390	0.0745574
-0.1351360	0.0955947
-0.0511206	0.0655177
0.0028479	-0.0060782
0.0106053	-0.0959310
-0.0276173	-0.1782730
-0.0994628	-0.2349120
-0.1893380	-0.2584660
-0.2851200	-0.2484350
-0.3784830	-0.2050110
-0.4602280	-0.1266580
-0.5161700	-0.0137885
-0.5287290	0.1246850
-0.4845970	0.2680920
-0.3836190	0.3882660
-0.2422430	0.4600040
-0.0882421	0.4715590
0.0506137	0.4284520
0.1570010	0.3482960
0.2273640	0.2503760
0.2669600	0.1470740
0.2812200	0.0424003
0.2702030	-0.0625963
0.2300130	-0.1628670
0.1593790	-0.2469590
0.0655341	-0.3014180
-0.0359027	-0.3186650
-0.1275740	-0.3021100
-0.1989030	-0.2642100
-0.2501500	-0.2185680
-0.2889050	-0.1717780
-0.3215780	-0.1210760
-0.3463360	-0.0596003
-0.3529200	0.0146669
-0.3297650	0.0930463
-0.2733740	0.1579980
-0.1931860	0.1916690
-0.1084140	0.1853170
-0.0390956	0.1432590
0.0023969	0.0790807
0.0138708	0.0074887
-0.0009299	-0.0619600
-0.0389596	-0.1249440
-0.1009650	-0.1771560
-0.1882320	-0.2090390
-0.2955690	-0.2059140
-0.4065850	-0.1547170
-0.4960810	-0.0531986
-0.5393390	0.0850309
-0.5228960	0.2337540
-0.4500550	0.3642200
-0.3378350	0.4559330
-0.2078530	0.5017350
-0.0774676	0.5050560
0.0433485	0.4726950
0.1486900	0.4092750
0.2312360	0.3174800
0.2802760	0.2030740
0.2857690	0.0795836
0.2457160	-0.0325034
0.1709380	-0.1129560
0.0827316	-0.1511800
0.0038832	-0.1513510
-0.0515478	-0.1294630
-0.0831783	-0.1040140
-0.1010660	-0.0863966
-0.1170240	-0.0770733
-0.1367790	-0.0693177
-0.1581640	-0.0568561
-0.1757230	-0.0392907
-0.1872490	-0.0213769
-0.1965900	-0.0073147
-0.2102570	0.0047568
-0.2305820	0.0230117
-0.2511400	0.0560633
-0.2587440	0.1050920
-0.2413760	0.1600610
-0.1967870	0.2034150
-0.1356500	0.2193310
-0.0768605	0.2024730
-0.0380101	0.1605200
-0.0273692	0.1091370
-0.0423401	0.0632912
-0.0744779	0.0310985
-0.1164730	0.0139776
-0.1654630	0.0118278
-0.2203530	0.0280826
-0.2759090	0.0697665
-0.3191730	0.1418530
-0.3322330	0.2400520
-0.3004900	0.3478890
-0.2211690	0.4411670
-0.1061940	0.4976710
0.0227207	0.5061150
0.1435690	0.4688550
0.2419520	0.3972570
0.3126870	0.3037320
0.3553060	0.1963770
0.3680460	0.0796864
0.3457700	-0.0402288
0.2837710	-0.1511090
0.1844750	-0.2353830
0.0614043	-0.2768390
-0.0634822	-0.2688400
-0.1681490	-0.2182480
-0.2393080	-0.1420440
-0.2760070	-0.0587537
-0.2859820	0.0195562
-0.2779070	0.0895703
-0.2554230	0.1525180
-0.2171180	0.2074820
-0.1619210	0.2478900
-0.0950935	0.2641940
-0.0295798	0.2507430
0.0189552	0.2114800
0.0401549	0.1597850
0.0343178	0.1121040
0.0111744	0.0796779
-0.0170054	0.0640954
-0.0429411	0.0595895
-0.0671226	0.0599826
-0.0941289	0.0648103
-0.1256840	0.0799269
-0.1560850	0.1122030
-0.1737800	0.1625010
-0.1681240	0.2224740
-0.1363590	0.2778920
-0.0855973	0.3162590
-0.0283022	0.3332590
0.0254188	0.3334250
0.0730430	0.3247710
0.1186770	0.3116040
0.1669170	0.2910470
0.2164340	0.2558630
0.2583930	0.2013680
0.2810640	0.1310440
0.2772820	0.0564230
0.2491860	-0.0088425
0.2066860	-0.0564563
0.1608120	-0.0870357
0.1169000	-0.1072630
0.0726608	-0.1229540
0.0224181	-0.1334210
-0.0358674	-0.1314590
-0.0962969	-0.1089950
-0.1468810	-0.0641039
-0.1763130	-0.0040357
-0.1807030	0.0581194
-0.1653450	0.1107270
-0.1403100	0.1495270
-0.1132900	0.1779370
-0.0851099	0.2017760
-0.0512107	0.2226790
-0.0078080	0.2354190
0.0421951	0.2313320
0.0883101	0.2053430
0.1175810	0.1612590
0.1221670	0.1112260
0.1039280	0.0695328
0.0727753	0.0451476
0.0401098	0.0382272
0.0122856	0.0428173
-0.0111836	0.0533010
-0.0336670	0.0694108
-0.0551568	0.0958578
-0.0689250	0.1368740
-0.0640795	0.1899830
-0.0324514	0.2440500
0.0251614	0.2835230
0.0980414	0.2961800
0.1707180	0.2790430
0.2306400	0.2384500
0.2730050	0.1845990
0.2996780	0.1248360
0.3136010	0.0607156
0.3134980	-0.0092240
0.2932680	-0.0835385
0.2467460	-0.1538610
0.1742300	-0.2064420
0.0856290	-0.2286450
-0.0025591	-0.2159520
-0.0746544	-0.1744720
-0.1226090	-0.1171650
-0.1476700	-0.0565139
-0.1561610	0.0011464
-0.1529390	0.0558467
-0.1376360	0.1091870
-0.1064350	0.1587460
-0.0577672	0.1964370
0.0028261	0.2124060
0.0628430	0.2016890
0.1083910	0.1685840
0.1314110	0.1252190
0.1334440	0.0850941
0.1232900	0.0560583
0.1103690	0.0375864
0.0986864	0.0240060
0.0856908	0.0109117
0.0665527	-0.0002665
0.0402631	-0.0030222
0.0126294	0.0088184
-0.0063163	0.0353182
-0.0086514	0.0688779
0.0061247	0.0982973
0.0308578	0.1155560
0.0558378	0.1203180
0.0754687	0.1188360
0.0915577	0.1181370
0.1108170	0.1198830
0.1385190	0.1185630
0.1731260	0.1053630
0.2059610	0.0748244
0.2261970	0.0293125
0.2274370	-0.0219933
0.2110640	-0.0687434
0.1840090	-0.1053990
0.1528610	-0.1330940
0.1189950	-0.1561390
0.0785345	-0.1760910
0.0272220	-0.1882020
-0.0335932	-0.1832770
-0.0946035	-0.1538530
-0.1419560	-0.1002330
-0.1642780	-0.0319165
-0.1584690	0.0367463
-0.1303120	0.0936345
-0.0897649	0.1337540
-0.0446445	0.1587920
0.0026158	0.1722510
0.0529856	0.1743640
0.1056370	0.1609980
0.1540610	0.1275220
0.1870580	0.0746169
0.1943820	0.0113161
0.1731580	-0.0475221
0.1303780	-0.0879941
0.0795357	-0.1036830
0.0336362	-0.0975577
-0.0006132	-0.0782137
-0.0236519	-0.0534732
-0.0389421	-0.0261217
-0.0475320	0.0053121
-0.0457816	0.0418120
-0.0281047	0.0793286
0.0074451	0.1084290
0.0552646	0.1188590
0.1033470	0.1058620
0.1390950	0.0735782
0.1558740	0.0328748
0.1557150	-0.0049951
0.1463840	-0.0344571
0.1351080	-0.0572249
0.1236140	-0.0786150
0.1080230	-0.1016410
0.0833609	-0.1235070
0.0490011	-0.1371510
0.0106626	-0.1365620
-0.0226654	-0.1216660
-0.0445819	-0.0988961
-0.0554275	-0.0768849
-0.0614933	-0.0604476
-0.0697800	-0.0474117
-0.0821944	-0.0307424
-0.0935494	-0.0044504
-0.0949207	0.0310827
-0.0799338	0.0683131
-0.0493881	0.0968645
-0.0108996	0.1097850
0.0260266	0.1071790
0.0557167	0.0947253
0.0785915	0.0784837
0.0984667	0.0601512
0.1172380	0.0365013
0.1313210	0.0034255
0.1328720	-0.0386221
0.1151190	-0.0821594
0.0779309	-0.1154090
0.0293914	-0.1285520
-0.0179269	-0.1191540
-0.0534733	-0.0929597
-0.0734695	-0.0596577
-0.0807530	-0.0268254
-0.0802604	0.0035021
-0.0739016	0.0333587
-0.0588973	0.0639931
-0.0308561	0.0917510
0.0108762	0.1082220
0.0599153	0.1048600
0.1044370	0.0787957
0.1328660	0.0354998
0.1397440	-0.0137659
0.1276860	-0.0579864
0.1042070	-0.0916464
0.0759670	-0.1155990
0.0447838	-0.1332940
0.0083026	-0.1455810
-0.0354417	-0.1483260
-0.0833411	-0.1348110
-0.1263140	-0.1011940
-0.1532220	-0.0508339
-0.1569680	0.0059317
-0.1384230	0.0566328
-0.1053910	0.0927966
-0.0674677	0.1130990
-0.0306077	0.1215470
0.0046937	0.1224150
0.0405580	0.1160310
0.0767717	0.0987126
0.1078940	0.0668859
0.1249910	0.0220748
0.1209800	-0.0273021
0.0957023	-0.0690780
0.0569157	-0.0934693
0.0163157	-0.0979612
-0.0166836	-0.0875853
-0.0390942	-0.0705872
-0.0537383	-0.0527952
-0.0647595	-0.0348048
-0.0729819	-0.0138055
-0.0747936	0.0117374
-0.0653845	0.0385066
-0.0437082	0.0589346
-0.0151121	0.0657729
0.0107130	0.0572693
0.0252657	0.0389787
0.0263497	0.0206465
0.0190748	0.0102353
0.0120170	0.0092899
0.0113238	0.0128468
0.0169855	0.0137533
0.0237891	0.0080630
0.0259400	-0.0024806
0.0216503	-0.0125267
0.0141598	-0.0178945
0.0085102	-0.0191446
0.0067393	-0.0210374
0.0054310	-0.0282197
-0.0022212	-0.0404844
-0.0211573	-0.0514105
-0.0498570	-0.0517308
-0.0799167	-0.0352360
-0.1003140	-0.0030763
-0.1034730	0.0365714
-0.0889658	0.0731597
-0.0624920	0.0993673
-0.0312569	0.1137330
0.0005721	0.1188080
0.0329288	0.1167370
0.0668862	0.1061000
0.1003500	0.0827041
0.1262080	0.0438716
0.1348750	-0.0071463
0.1197910	-0.0602747
0.0819951	-0.1023970
0.0304474	-0.1235200
-0.0222992	-0.1212150
-0.0661239	-0.1004730
-0.0970174	-0.0693709
-0.1162180	-0.0339323
-0.1260300	0.0040967
-0.1259470	0.0452288
-0.1122840	0.0880083
-0.0816571	0.1263220
-0.0355184	0.1508010
0.0179944	0.1536500
0.0667309	0.1335110
0.1001690	0.0967555
0.1142190	0.0541381
0.1119370	0.0150962
0.0998847	-0.0163428
0.0829863	-0.0413742
0.0617512	-0.0625068
0.0337582	-0.0792462
-0.0019985	-0.0868917
-0.0415326	-0.0794865
-0.0761070	-0.0546966
-0.0964184	-0.0168284
-0.0978158	0.0244788
-0.0827832	0.0591446
-0.0589034	0.0817103
-0.0338379	0.0930490
-0.0110095	0.0977169
0.0109512	0.0991828
0.0348525	0.0966834
0.0605230	0.0861177
0.0829574	0.0642199
0.0946656	0.0326814
0.0906000	-0.0011372
0.0719923	-0.0277179
0.0461536	-0.0407385
0.0222495	-0.0404577
0.0060238	-0.0327431
-0.0028109	-0.0245464
-0.0088199	-0.0192006
-0.0162862	-0.0149344
-0.0254255	-0.0074872
-0.0322493	0.0054208
-0.0320721	0.0213773
-0.0238153	0.0345264
-0.0116223	0.0398718
-0.0023511	0.0373127
-0.0006905	0.0322048
-0.0055339	0.0318173
-0.0103991	0.0401588
-0.0077192	0.0549165
0.0060242	0.0687440
0.0279639	0.0739594
0.0508629	0.0672610
0.0678419	0.0511574
0.0762697	0.0313387
0.0780546	0.0122568
0.0764270	-0.0055703
0.0720192	-0.0244755
0.0615689	-0.0457641
0.0404892	-0.0662870
0.0074713	-0.0784733
-0.0324375	-0.0742368
-0.0688703	-0.0501870
-0.0909187	-0.0104606
-0.0925439	0.0349000
-0.0750352	0.0749435
-0.0450772	0.1027620
-0.0101268	0.1171740
0.0254003	0.1204490
0.0604986	0.1143530
0.0946769	0.0978855
0.1245720	0.0686143
0.1432400	0.0265003
0.1431650	-0.0229866
0.1210720	-0.0693120
0.0809952	-0.1011240
0.0331825	-0.1116660
-0.0106790	-0.1017290
-0.0427943	-0.0782203
-0.0616770	-0.0494981
-0.0703593	-0.0208458
-0.0721636	0.0068416
-0.0674564	0.0346469
-0.0538440	0.0618241
-0.0294677	0.0839117
0.0034301	0.0944932
0.0377641	0.0894007
0.0646353	0.0701402
0.0781493	0.0437748
0.0785772	0.0190915
0.0715399	0.0016615
0.0637859	-0.0087418
0.0586147	-0.0166183
0.0542140	-0.0263788
0.0459713	-0.0384566
0.0308541	-0.0487650
0.0104631	-0.0517976
-0.0095596	-0.0449117
-0.0232716	-0.0304829
-0.0284248	-0.0142852
-0.0276465	-0.0013589
-0.0259118	0.0074451
-0.0262668	0.0155750
-0.0271218	0.0274331
-0.0232613	0.0441283
-0.0098959	0.0616120
0.0132504	0.0727184
0.0408984	0.0717104
0.0650595	0.0580369
0.0797299	0.0365880
0.0840553	0.0143244
0.0817663	-0.0041717
0.0774954	-0.0189508
0.0728913	-0.0332113
0.0655183	-0.0493998
0.0513363	-0.0660420
0.0287771	-0.0778578
0.0011837	-0.0791665
-0.0243906	-0.0680365
-0.0412596	-0.0480116
-0.0470896	-0.0260441
-0.0448559	-0.0081045
-0.0400900	0.0043091
-0.0365070	0.0142217
-0.0332994	0.0258334
-0.0261110	0.0403661
-0.0109196	0.0542855
0.0121311	0.0612734
0.0378621	0.0564988
0.0588279	0.0400176
0.0696783	0.0168095
0.0699087	-0.0064964
0.0630695	-0.0256832
0.0532151	-0.0407418
0.0414674	-0.0541436
0.0254361	-0.0670848
0.0020040	-0.0767931
-0.0286669	-0.0772115
-0.0610869	-0.0628049
-0.0861520	-0.0328116
-0.0956573	0.0071798
-0.0865694	0.0475609
-0.0621766	0.0793745
-0.0295070	0.0981335
0.0049246	0.1043370
0.0379077	0.1007600
0.0690322	0.0889761
0.0977001	0.0679972
0.1204230	0.0361403
0.1309460	-0.0054512
0.1235130	-0.0506241
0.0970172	-0.0894949
0.0569531	-0.1127510
0.0134785	-0.1162180
-0.0232991	-0.1026150
-0.0477538	-0.0793792
-0.0600717	-0.0541684
-0.0639521	-0.0312086
-0.0627416	-0.0108182
-0.0570370	0.0080403
-0.0454485	0.0246135
-0.0276282	0.0353841
-0.0068330	0.0362103
0.0103874	0.0259514
0.0175437	0.0086309
0.0123299	-0.0078485
-0.0015231	-0.0158839
-0.0161758	-0.0124857
-0.0242080	-0.0007649
-0.0227001	0.0123894
-0.0141820	0.0207368
-0.0040587	0.0221015
0.0033612	0.0185594
0.0072503	0.0136596
0.0094720	0.0091335
0.0115715	0.0037863
0.0122445	-0.0045802
0.0075788	-0.0158577
-0.0058588	-0.0257880
-0.0273568	-0.0274186
-0.0507218	-0.0151884
-0.0666065	0.0111057
-0.0671953	0.0452919
-0.0502086	0.0775696
-0.0196493	0.0992114
0.0169703	0.1061190
0.0527424	0.0991105
0.0838830	0.0812711
0.1091600	0.0548275
0.1272280	0.0201261
0.1345160	-0.0225341
0.1258080	-0.0698941
0.0974782	-0.1143200
0.0510874	-0.1456650
-0.0054881	-0.1556180
-0.0605868	-0.1417850
-0.1035660	-0.1087630
-0.1288700	-0.0655082
-0.1368950	-0.0208324
-0.1314970	0.0199324
-0.1163240	0.0551324
-0.0927954	0.0843002
-0.0610704	0.1054190
-0.0228742	0.1144240
0.0164447	0.1075420
0.0487071	0.0846905
0.0663988	0.0511898
0.0665497	0.0161460
0.0522318	-0.0116659
0.0305404	-0.0277272
0.0084383	-0.0329008
-0.0106518	-0.0311681
-0.0272476	-0.0258235
-0.0432143	-0.0170088
-0.0584081	-0.0023443
-0.0692842	0.0199967
-0.0706184	0.0483003
-0.0590669	0.0768621
-0.0358424	0.0985793
-0.0064314	0.1087550
0.0225023	0.1073460
0.0467677	0.0980547
0.0661897	0.0850248
0.0830074	0.0697174
0.0984894	0.0503484
0.1104940	0.0243055
0.1139880	-0.0083576
0.1042770	-0.0431183
0.0806155	-0.0724209
0.0475089	-0.0894922
0.0126761	-0.0918975
-0.0169233	-0.0823792
-0.0382334	-0.0665129
-0.0523407	-0.0490187
-0.0619429	-0.0314475
-0.0682304	-0.0127907
-0.0696974	0.0077500
-0.0637978	0.0282734
-0.0500598	0.0441717
-0.0320449	0.0508420
-0.0163401	0.0471624
-0.0090064	0.0370499
-0.0118852	0.0277245
-0.0213903	0.0256890
-0.0306814	0.0331145
-0.0337248	0.0470381
-0.0284587	0.0617570
-0.0170370	0.0725408
-0.0033318	0.0779755
0.0101453	0.0794509
0.0234703	0.0785680
0.0378466	0.0748303
0.0528396	0.0656826
0.0648019	0.0490286
0.0681223	0.0262765
0.0587427	0.0033628
0.0375257	-0.0114294
0.0109651	-0.0116998
-0.0114883	0.0035128
-0.0218623	0.0291742
-0.0170460	0.0569653
0.0008591	0.0793116
0.0269917	0.0920484
0.0568363	0.0942678
0.0876149	0.0861235
0.1171890	0.0668704
0.1418340	0.0350704
0.1552500	-0.0090074
0.1502770	-0.0607349
0.1226090	-0.1106470
0.0740907	-0.1471400
0.0131722	-0.1610640
-0.0480519	-0.1494600
-0.0985127	-0.1161970
-0.1317400	-0.0693360
-0.1464310	-0.0171872
-0.1443020	0.0343002
-0.1273530	0.0814629
-0.0968148	0.1209840
-0.0544399	0.1483220
-0.0047280	0.1583320
0.0442320	0.1479910
0.0826644	0.1192560
0.1029860	0.0796939
0.1032440	0.0399446
0.0877882	0.0093477
0.0646820	-0.0076053
0.0415541	-0.0118751
0.0225943	-0.0074744
0.0084145	0.0019530
-0.0016551	0.0150605
-0.0070033	0.0320537
-0.0051022	0.0522454
0.0066663	0.0722005
0.0282305	0.0862687
0.0554507	0.0893767
0.0815010	0.0801025
0.1002730	0.0616997
0.1094740	0.0401804
0.1112460	0.0207181
0.1098810	0.0048849
0.1083580	-0.0093786
0.1062030	-0.0251708
0.1001960	-0.0434428
0.0872662	-0.0616305
0.0673284	-0.0751000
0.0438894	-0.0802678
0.0219829	-0.0770097
0.0050196	-0.0685480
-0.0070582	-0.0589484
-0.0169549	-0.0501738
-0.0272247	-0.0409642
-0.0377119	-0.0283883
-0.0452585	-0.0108452
-0.0459683	0.0098476
-0.0383381	0.0289781
-0.0248546	0.0418039
-0.0107637	0.0466895
-0.0008167	0.0462000
0.0036883	0.0453167
0.0054602	0.0480473
0.0090234	0.0548621
0.0174415	0.0627341
0.0303515	0.0676079
0.0446461	0.0673437
0.0571068	0.0629142
0.0668370	0.0570476
0.0755653	0.0515184
0.0855963	0.0453382
0.0970706	0.0353989
0.1067990	0.0191964
0.1097880	-0.0024133
0.1025380	-0.0246095
0.0857725	-0.0408163
0.0646218	-0.0463270
0.0460353	-0.0408948
0.0351906	-0.0285778
0.0333046	-0.0150935
0.0381457	-0.0046732
0.0465333	0.0013837
0.0567091	0.0036805
0.0687264	0.0023935
0.0826837	-0.0041985
0.0964293	-0.0189057
0.1048720	-0.0429891
0.1018620	-0.0737161
0.0836091	-0.1041690
0.0513393	-0.1258150
0.0112700	-0.1323460
-0.0281604	-0.1223530
-0.0600066	-0.0991956
-0.0810891	-0.0684100
-0.0916001	-0.0346465
-0.0928041	-0.0002869
-0.0849189	0.0335675
-0.0669460	0.0649392
-0.0385400	0.0897562
-0.0022778	0.1028980
0.0357483	0.1009840
0.0678859	0.0848931
0.0883555	0.0600215
0.0958959	0.0338628
0.0938184	0.0124012
0.0874735	-0.0023175
0.0809392	-0.0119398
0.0752048	-0.0193167
0.0689309	-0.0257760
0.0609111	-0.0301986
0.0521347	-0.0304618
0.0457465	-0.0259479
0.0449031	-0.0189965
0.0502087	-0.0140051
0.0587972	-0.0147290
0.0659055	-0.0217671
0.0678885	-0.0321505
0.0645008	-0.0414114
0.0587753	-0.0466636
0.0545929	-0.0484611
0.0537411	-0.0501069
0.0546173	-0.0549708
0.0534867	-0.0638383
0.0472964	-0.0742485
0.0359090	-0.0822557
0.0221028	-0.0852268
0.0094047	-0.0835316
-0.0005294	-0.0798667
-0.0089504	-0.0767825
-0.0186622	-0.0743667
-0.0313238	-0.0699214
-0.0455041	-0.0599486
-0.0570427	-0.0429818
-0.0615361	-0.0211289
-0.0571575	0.0008702
-0.0457521	0.0184217
-0.0314243	0.0296756
-0.0176954	0.0360793
-0.0053510	0.0405621
0.0074578	0.0447963
0.0230169	0.0476475
0.0415011	0.0459891
0.0600717	0.0372438
0.0743514	0.0216938
0.0811926	0.0027728
0.0806701	-0.0149166
0.0758083	-0.0283976
0.0702667	-0.0378539
0.0657425	-0.0457941
0.0610480	-0.0545352
0.0535349	-0.0639636
0.0417445	-0.0713179
0.0272180	-0.0731898
0.0140281	-0.0682459
0.0063083	-0.0586038
0.0055723	-0.0487867
0.0097865	-0.0429848
0.0148534	-0.0426020
0.0173841	-0.0458362
0.0167047	-0.0495039
0.0146698	-0.0516469
0.0135413	-0.0529134
0.0136600	-0.0556852
0.0127743	-0.0616793
0.0075967	-0.0699366
-0.0035708	-0.0768346
-0.0191579	-0.0782194
-0.0349263	-0.0721293
-0.0464850	-0.0601003
-0.0519150	-0.0460787
-0.0526105	-0.0337352
-0.0517689	-0.0241534
-0.0517058	-0.0155600
-0.0520208	-0.0052229
-0.0499625	0.0079770
-0.0426648	0.0222728
-0.0295156	0.0339921
-0.0128423	0.0400221
0.0035975	0.0398652
0.0171520	0.0357184
0.0278822	0.0305299
0.0380001	0.0255457
0.0495605	0.0192618
0.0621825	0.0086388
0.0725871	-0.0082847
0.0763920	-0.0303284
0.0709136	-0.0532273
0.0569657	-0.0718245
0.0383794	-0.0828497
0.0196454	-0.0863281
0.0034336	-0.0847171
-0.0102319	-0.0805685
-0.0226764	-0.0745807
-0.0343248	-0.0655365
-0.0433842	-0.0521173
-0.0466029	-0.0350959
-0.0416142	-0.0180755
-0.0291064	-0.0060269
-0.0131158	-0.0025499
0.0009015	-0.0077873
0.0089277	-0.0184842
0.0101967	-0.0301293
0.0067703	-0.0396172
0.0013380	-0.0465369
-0.0050134	-0.0522762
-0.0133637	-0.0577927
-0.0254856	-0.0618984
-0.0415501	-0.0614711
-0.0588791	-0.0535037
-0.0728205	-0.0374601
-0.0792120	-0.0161334
-0.0766748	0.0056954
-0.0670905	0.0238661
-0.0539561	0.0368398
-0.0398912	0.0456936
-0.0251720	0.0522294
-0.0083589	0.0567370
0.0115339	0.0571963
0.0330667	0.0505868
0.0522091	0.0353502
0.0642324	0.0131423
0.0663559	-0.0114882
0.0592625	-0.0333339
0.0464278	-0.0491127
0.0318108	-0.0586064
0.0176329	-0.0636699
0.0038297	-0.0660211
-0.0105613	-0.0656005
-0.0253220	-0.0607863
-0.0380507	-0.0502681
-0.0451639	-0.0350519
-0.0442531	-0.0189102
-0.0360501	-0.0067395
-0.0244653	-0.0018707
-0.0145476	-0.0042074
-0.0097282	-0.0105023
-0.0102280	-0.0165524
-0.0136407	-0.0197315
-0.0171142	-0.0201020
-0.0194292	-0.0194653
-0.0214487	-0.0192724
-0.0247333	-0.0191278
-0.0295564	-0.0170934
-0.0340177	-0.0115388
-0.0350866	-0.0030285
-0.0308769	0.0053519
-0.0224325	0.0096699
-0.0135853	0.0077262
-0.0088329	0.0007028
-0.0106408	-0.0073405
-0.0180138	-0.0118108
-0.0272713	-0.0101546
-0.0343814	-0.0029324
-0.0371432	0.0071879
-0.0357278	0.0175687
-0.0314079	0.0271617
-0.0247013	0.0363323
-0.0145650	0.0452309
0.0006040	0.0521813
0.0208902	0.0535938
0.0433734	0.0457451
0.0625721	0.0272956
0.0727687	0.0007488
0.0707739	-0.0282697
0.0573261	-0.0535195
0.0362701	-0.0708034
0.0122156	-0.0790951
-0.0116197	-0.0796173
-0.0339496	-0.0738484
-0.0542297	-0.0621371
-0.0709766	-0.0440064
-0.0811814	-0.0198145
-0.0815037	0.0076998
-0.0704741	0.0334422
-0.0500488	0.0518403
-0.0252383	0.0594285
-0.0018962	0.0563893
0.0159040	0.0459979
0.0271823	0.0324002
0.0332951	0.0183180
0.0358550	0.0042558
0.0349932	-0.0103913
0.0292908	-0.0253753
0.0173675	-0.0384397
-0.0001800	-0.0459780
-0.0200880	-0.0450887
-0.0376385	-0.0355043
-0.0489817	-0.0199337
-0.0529244	-0.0025271
-0.0509298	0.0134289
-0.0454136	0.0269223
-0.0376853	0.0387623
-0.0271270	0.0497224
-0.0122279	0.0588100
0.0073475	0.0630970
0.0293026	0.0593531
0.0490832	0.0463337
0.0619504	0.0260414
0.0653536	0.0030016
0.0599775	-0.0179696
0.0488129	-0.0339522
0.0350355	-0.0446016
0.0202987	-0.0510225
0.0046419	-0.0538976
-0.0120837	-0.0524412
-0.0285729	-0.0450464
-0.0416802	-0.0311143
-0.0477860	-0.0125704
-0.0450213	0.0062622
-0.0347218	0.0205596
-0.0209688	0.0274500
-0.0084366	0.0273534
0.0000186	0.0233032
0.0044230	0.0187830
0.0067997	0.0156326
0.0091433	0.0134495
0.0118377	0.0107368
0.0136653	0.0067336
0.0132696	0.0023995
0.0107853	-0.0002537
0.0082251	0.0000558
0.0081900	0.0024423
0.0118146	0.0040105
0.0175224	0.0016620
0.0216350	-0.0056727
0.0205368	-0.0159876
0.0129441	-0.0251396
0.0007289	-0.0291622
-0.0122183	-0.0263801
-0.0222164	-0.0179408
-0.0275195	-0.0065687
-0.0284248	0.0053694
-0.0259245	0.0169759
-0.0201711	0.0283419
-0.0101141	0.0390151
0.0053136	0.0468310
0.0253741	0.0482692
0.0465800	0.0403175
0.0635745	0.0226099
0.0714588	-0.0017141
0.0681030	-0.0271366
0.0549435	-0.0482033
0.0358211	-0.0617015
0.0147715	-0.0672431
-0.0056601	-0.0661135
-0.0245236	-0.0594910
-0.0411974	-0.0475064
-0.0540214	-0.0298477
-0.0601365	-0.0073225
