jMRUI Data Textfile

Filename: Lac.txt

PointsInDataset: 2048      
DatasetsInFile: 1         
SamplingInterval: 2.5E-1    
ZeroOrderPhase: 0E0       
BeginTime: 0E0       
TransmitterFrequency: 1.2322E8  
MagneticField: 2.9E0     
TypeOfNucleus: 0E0       
NameOfPatient: Lac
DateOfExperiment: 
Spectrometer: 
AdditionalInfo: Lac
SignalNames: Lac.txt;


Signal and FFT
sig(real)	sig(imag)	fft(real)	fft(imag)
Signal 1 out of 1 in file
3.0044400	0.0073232
2.4697700	-1.5538300
1.1284700	-2.4683900
-0.4497480	-2.3910000
-1.6146500	-1.4021700
-1.9146800	0.0434083
-1.2752200	1.3264500
-0.0058442	1.9273700
1.3507900	1.6280100
2.2489300	0.5745740
2.3482700	-0.8057320
1.6253200	-1.9839400
0.3614350	-2.5276300
-0.9729970	-2.2498300
-1.8907800	-1.2667700
-2.0606200	0.0468668
-1.4280100	1.1903600
-0.2436310	1.7184600
1.0188000	1.4141800
1.8377100	0.3870800
1.8537000	-0.9523420
1.0293400	-2.0474500
-0.3182710	-2.4258900
-1.6399600	-1.9081200
-2.3876700	-0.6952020
-2.2555100	0.7125670
-1.3155400	1.7343100
0.0173766	1.9640200
1.1743300	1.3432600
1.6833000	0.1733520
1.3649600	-1.0309100
0.3892840	-1.7696200
-0.8193740	-1.7610800
-1.7720600	-1.0365000
-2.1102200	0.0990278
-1.7290300	1.2049700
-0.7944690	1.8769000
0.3349970	1.8869900
1.2434800	1.2532900
1.6028600	0.2254620
1.2864100	-0.8036210
0.4179100	-1.4352900
-0.6637410	-1.4123000
-1.5227400	-0.7260070
-1.7944600	0.3639110
-1.3412000	1.4189000
-0.3250560	1.9968700
0.8461200	1.8438500
1.6877100	1.0138500
1.8511200	-0.1461470
1.2809500	-1.1465100
0.2392700	-1.5730200
-0.8159180	-1.2690000
-1.4381800	-0.3957240
-1.3858000	0.6528200
-0.7121440	1.4325900
0.2790090	1.6389600
1.1792700	1.2186500
1.6473200	0.3663720
1.5323900	-0.5751070
0.9098500	-1.2564800
0.0322234	-1.4460900
-0.7720410	-1.0991100
-1.2129200	-0.3609810
-1.1340400	0.4869000
-0.5659300	1.1221400
0.2782290	1.2933900
1.0705100	0.9174500
1.4871100	0.1243890
1.3405500	-0.7780650
0.6696990	-1.4204600
-0.2610120	-1.5278200
-1.0656600	-1.0471600
-1.4049600	-0.1809350
-1.1410100	0.6977650
-0.4017600	1.2128300
0.4792650	1.1553700
1.1183900	0.5732250
1.2548300	-0.2617550
0.8574400	-0.9868270
0.1200450	-1.3116300
-0.6413840	-1.1332400
-1.1308600	-0.5575210
-1.1861400	0.1679400
-0.8222740	0.7653720
-0.2026400	1.0300500
0.4349450	0.8904440
0.8627490	0.4170560
0.9333390	-0.2099180
0.6231420	-0.7598270
0.0424792	-1.0249700
-0.5940170	-0.8934350
-1.0373100	-0.3993780
-1.0990300	0.2750860
-0.7369300	0.8603900
-0.0876282	1.1086900
0.5799180	0.9071550
0.9791280	0.3384580
0.9379500	-0.3487400
0.4818830	-0.8517920
-0.1773280	-0.9551570
-0.7435410	-0.6290340
-0.9761650	-0.0357926
-0.7964610	0.5556960
-0.3095880	0.8993340
0.2605170	0.8774300
0.6814650	0.5349360
0.8093030	0.0373678
0.6306230	-0.4140410
0.2441130	-0.6633440
-0.1944180	-0.6450300
-0.5314300	-0.3880780
-0.6590520	0.0070924
-0.5389980	0.4025010
-0.2111780	0.6599290
0.2128470	0.6809270
0.5776310	0.4446670
0.7354650	0.0284136
0.6092090	-0.4083370
0.2374320	-0.6823370
-0.2285040	-0.6687330
-0.5851470	-0.3667510
-0.6718420	0.0905708
-0.4514660	0.4951580
-0.0312483	0.6645740
0.3906620	0.5314210
0.6248700	0.1726380
0.5820360	-0.2360920
0.3073160	-0.5128410
-0.0559090	-0.5560580
-0.3461630	-0.3803920
-0.4599000	-0.0903120
-0.3849450	0.1837650
-0.1837090	0.3460350
0.0519178	0.3629640
0.2422020	0.2551300
0.3386880	0.0719641
0.3232850	-0.1290750
0.2025660	-0.2912270
0.0080543	-0.3632110
-0.2013390	-0.3116020
-0.3482390	-0.1410120
-0.3648830	0.0926467
-0.2306250	0.2938990
0.0053437	0.3684420
0.2375560	0.2743810
0.3542750	0.0521334
0.2981680	-0.1903430
0.1005030	-0.3333860
-0.1346530	-0.3111180
-0.2887790	-0.1466940
-0.2946700	0.0646389
-0.1694550	0.2134620
0.0037890	0.2380720
0.1310720	0.1522800
0.1619800	0.0252065
0.1098390	-0.0689007
0.0294278	-0.0951175
-0.0269150	-0.0687173
-0.0419982	-0.0307994
-0.0346188	-0.0116630
-0.0334734	-0.0105934
-0.0484183	-0.0048422
-0.0626013	0.0233745
-0.0501526	0.0663696
-0.0028423	0.0945685
0.0578261	0.0810317
0.0941859	0.0261347
0.0813194	-0.0388288
0.0278665	-0.0733816
-0.0288896	-0.0584140
-0.0509444	-0.0111391
-0.0289812	0.0283166
0.0103891	0.0290777
0.0264275	-0.0047494
-0.0010886	-0.0360774
-0.0518710	-0.0247761
-0.0773431	0.0366911
-0.0382277	0.1104030
0.0599929	0.1356880
0.1619640	0.0735514
0.1950890	-0.0589158
0.1195630	-0.1909880
-0.0388935	-0.2394240
-0.1981170	-0.1624040
-0.2668350	0.0098879
-0.2003240	0.1894210
-0.0284021	0.2808840
0.1618110	0.2364340
0.2762010	0.0806034
0.2645200	-0.1078260
0.1415850	-0.2421350
-0.0295955	-0.2714810
-0.1764500	-0.1975750
-0.2504810	-0.0609250
-0.2384300	0.0868118
-0.1530050	0.2034130
-0.0188347	0.2606380
0.1327240	0.2401610
0.2603710	0.1348010
0.3140230	-0.0397155
0.2518400	-0.2327540
0.0695247	-0.3644600
-0.1781610	-0.3578720
-0.3862800	-0.1851820
-0.4449720	0.1009430
-0.3008680	0.3776570
0.0021018	0.5072240
0.3323670	0.4105920
0.5320390	0.1166200
0.4985340	-0.2448770
0.2403690	-0.5058580
-0.1252640	-0.5447390
-0.4317620	-0.3461460
-0.5452980	-0.0043326
-0.4252300	0.3278620
-0.1340060	0.5129890
0.2014570	0.4862120
0.4500440	0.2715660
0.5263840	-0.0409812
0.4124520	-0.3372530
0.1523870	-0.5174690
-0.1669450	-0.5213800
-0.4395100	-0.3414850
-0.5663080	-0.0282029
-0.4861170	0.3156500
-0.2059190	0.5592010
0.1846200	0.5894660
0.5325450	0.3658530
0.6791210	-0.0446756
0.5354230	-0.4791150
0.1373990	-0.7428300
-0.3552960	-0.7015690
-0.7252990	-0.3541120
-0.7999410	0.1568600
-0.5376560	0.6068380
-0.0515700	0.7952280
0.4433820	0.6404200
0.7320370	0.2155850
0.6965990	-0.2904660
0.3629180	-0.6632630
-0.1214810	-0.7560640
-0.5589770	-0.5437110
-0.7841760	-0.1198420
-0.7214380	0.3506830
-0.4016400	0.6965620
0.0574129	0.7966260
0.4926840	0.6148420
0.7465350	0.2106630
0.7170580	-0.2754140
0.3981250	-0.6616330
-0.1054360	-0.7863380
-0.6023870	-0.5752580
-0.8821490	-0.0865892
-0.8047460	0.4948560
-0.3738950	0.9245260
0.2480060	1.0043700
0.8005920	0.6798660
1.0403400	0.0764085
0.8555650	-0.5497150
0.3229380	-0.9262310
-0.3252000	-0.8902590
-0.8072720	-0.4619600
-0.9195480	0.1685480
-0.6223700	0.7310980
-0.0481898	0.9951810
0.5649000	0.8627710
0.9766200	0.3972490
1.0370700	-0.2144940
0.7343770	-0.7412610
0.1884130	-0.9925740
-0.3977460	-0.8811920
-0.8081600	-0.4490340
-0.8861540	0.1463300
-0.5905480	0.6809800
-0.0190799	0.9401160
0.6148230	0.8003520
1.0541100	0.2892790
1.1002000	-0.4084340
0.7051550	-1.0130900
0.0082551	-1.2639400
-0.7101070	-1.0380700
-1.1454800	-0.4161100
-1.1067400	0.3431480
-0.6075410	0.9137950
0.1355260	1.0490800
0.7991780	0.6927000
1.0981100	0.0017600
0.9086520	-0.7273170
0.3153330	-1.1912100
-0.4351850	-1.2068800
-1.0444400	-0.7785890
-1.2833900	-0.0834255
-1.0748800	0.6085710
-0.5116730	1.0403100
0.1865740	1.0588400
0.7553910	0.6645690
0.9778750	0.0084249
0.7609260	-0.6591900
0.1733850	-1.0740800
-0.5691790	-1.0553300
-1.1757600	-0.5819280
-1.3898900	0.1842130
-1.0994900	0.9484330
-0.3976310	1.3973300
0.4414180	1.3338700
1.0708900	0.7725810
1.2221000	-0.0550572
0.8279400	-0.7951720
0.0584083	-1.1264600
-0.7521490	-0.9036340
-1.2528900	-0.2212550
-1.2297300	0.6312170
-0.6933460	1.2991900
0.1343150	1.5148700
0.9220380	1.2031200
1.3685900	0.5004710
1.3184500	-0.3113960
0.8117160	-0.9216570
0.0580109	-1.1068100
-0.6471110	-0.8072960
-1.0299200	-0.1438060
-0.9354570	0.6270830
-0.3849800	1.2028500
0.4251390	1.3442800
1.1876300	0.9695430
1.5966600	0.1973340
1.4715000	-0.6855400
0.8413640	-1.3301800
-0.0514240	-1.4693300
-0.8421800	-1.0384100
-1.1967000	-0.2151230
-0.9600460	0.6481930
-0.2307500	1.1749300
0.6779750	1.1301200
1.3746700	0.5245010
1.5606400	-0.3919210
1.1566300	-1.2420700
0.3295390	-1.6853700
-0.5871060	-1.5577400
-1.2371000	-0.9294970
-1.3843500	-0.0644028
-0.9973570	0.6938810
-0.2496310	1.0562700
0.5547420	0.8924850
1.0966100	0.2724040
1.1571000	-0.5634120
0.6963820	-1.2908200
-0.1283640	-1.6189100
-1.0141500	-1.3997900
-1.6206100	-0.6929490
-1.7019900	0.2452190
-1.2133600	1.0521100
-0.3427450	1.4026700
0.5540120	1.1496900
1.0973100	0.3971140
1.0480100	-0.5336060
0.4171810	-1.2366600
-0.5327480	-1.3979000
-1.3998300	-0.9334030
-1.8173800	-0.0259595
-1.6114800	0.9568470
-0.8703790	1.6232700
0.1014100	1.7222000
0.9175860	1.2402900
1.2698100	0.3953980
1.0449900	-0.4618370
0.3582010	-0.9904880
-0.5025310	-0.9874600
-1.1903300	-0.4567280
-1.4280600	0.3985110
-1.1080000	1.2526200
-0.3317330	1.7759300
0.6229140	1.7565700
1.4001600	1.1849000
1.7002400	0.2673580
1.4018400	-0.6433290
0.6224410	-1.1832100
-0.3166530	-1.1283100
-1.0155900	-0.4973450
-1.1643200	0.4447390
-0.6806700	1.2922400
0.2473310	1.6715000
1.2385800	1.4042800
1.8832000	0.5864270
1.9193000	-0.4550290
1.3422400	-1.3052600
0.3994060	-1.6387800
-0.5217990	-1.3511500
-1.0582200	-0.5914920
-1.0149100	0.3099420
-0.4325690	0.9807910
0.4403290	1.1516400
1.2508100	0.7525270
1.6760100	-0.0687028
1.5406800	-1.0060500
0.8797960	-1.7086500
-0.0727497	-1.9094900
-0.9668220	-1.5270300
-1.4652300	-0.7031910
-1.3761600	0.2415350
-0.7378090	0.9271090
0.1846230	1.0666400
0.9978680	0.5914690
1.3416400	-0.3089610
1.0449800	-1.2578600
0.2065110	-1.8480300
-0.8422240	-1.8178800
-1.6776200	-1.1664600
-1.9666500	-0.1540360
-1.6083000	0.8122220
-0.7712890	1.3538300
0.1851690	1.2783400
0.8669980	0.6510360
1.0064700	-0.2436100
0.5621050	-1.0261300
-0.2769060	-1.3747500
-1.1743600	-1.1453600
-1.7794000	-0.4177590
-1.8565700	0.5413630
-1.3697600	1.3800100
-0.4942730	1.7904200
0.4458430	1.6234000
1.0960700	0.9484140
1.2066900	0.0349580
0.7361000	-0.7445320
-0.1218630	-1.0599700
-1.0057600	-0.7621280
-1.5302500	0.0457292
-1.4491500	1.0406400
-0.7664660	1.8107300
0.2585200	2.0306200
1.2189300	1.6035700
1.7348800	0.7045020
1.6162500	-0.2964700
0.9404470	-0.9948190
0.0126189	-1.1228600
-0.7694130	-0.6561340
-1.0820400	0.1871060
-0.8024750	1.0454900
-0.0468847	1.5645100
0.8867770	1.5331900
1.6404300	0.9572610
1.9317400	0.0480833
1.6557900	-0.8614380
0.9203280	-1.4409300
0.0057307	-1.4840400
-0.7372030	-0.9867990
-1.0184200	-0.1546070
-0.7235520	0.6695890
0.0325532	1.1354200
0.9412120	1.0273500
1.6184600	0.3608790
1.7634900	-0.6133240
1.2903400	-1.5068600
0.3716680	-1.9560700
-0.6300010	-1.7793900
-1.3164300	-1.0575900
-1.4248600	-0.0990620
-0.9388230	0.6945770
-0.0897856	1.0007900
0.7476910	0.7089280
1.2165400	-0.0423296
1.1217300	-0.9328620
0.5000370	-1.5981400
-0.4065040	-1.7742600
-1.2540000	-1.3939500
-1.7308700	-0.6025780
-1.6719700	0.3041570
-1.1149700	0.9929310
-0.2836210	1.2154300
0.4946020	0.9000420
0.9094790	0.1814890
0.7871690	-0.6445130
0.1637550	-1.2306000
-0.7194060	-1.3146300
-1.5044400	-0.8312450
-1.8606500	0.0513901
-1.6255600	0.9926210
-0.8803790	1.6185900
0.0783783	1.6820100
0.8631150	1.1708000
1.1616400	0.3145370
0.8707900	-0.5154740
0.1370060	-0.9669950
-0.7121390	-0.8552950
-1.3111900	-0.2344320
-1.4088500	0.6352450
-0.9639440	1.4024500
-0.1505970	1.7689900
0.7210880	1.6025400
1.3300800	0.9781280
1.4647300	0.1401930
1.0963800	-0.5939410
0.3850400	-0.9520080
-0.3813430	-0.8059930
-0.8927800	-0.2202280
-0.9335310	0.5688920
-0.4683510	1.2381500
0.3358430	1.5012600
1.1676000	1.2262000
1.6921500	0.4971710
1.6905900	-0.4106860
1.1574200	-1.1404400
0.3096460	-1.4035900
-0.5017930	-1.1058500
-0.9420200	-0.3899400
-0.8366060	0.4258960
-0.2447520	0.9864320
0.5708900	1.0516600
1.2612700	0.5944620
1.5395400	-0.1965970
1.2954400	-1.0045800
0.6300400	-1.5181700
-0.1960000	-1.5535900
-0.8719080	-1.1177800
-1.1565500	-0.3952290
-0.9642680	0.3290020
-0.3902450	0.7773130
0.3283990	0.7804980
0.9003820	0.3388960
1.0877100	-0.3760120
0.7970600	-1.0820500
0.1214650	-1.4914200
-0.6880330	-1.4246900
-1.3165100	-0.8890440
-1.5125500	-0.0844067
-1.1970100	0.6722840
-0.5030440	1.0779300
0.2752440	0.9740760
0.8071980	0.4178780
0.8685260	-0.3412150
0.4377070	-0.9701540
-0.2979320	-1.1966600
-1.0274400	-0.9235520
-1.4514400	-0.2632030
-1.4054700	0.5184600
-0.9195820	1.1181800
-0.1948300	1.3182200
0.4856870	1.0656900
0.8696800	0.4823460
0.8279050	-0.1910080
0.3953940	-0.6887340
-0.2472850	-0.8176250
-0.8423600	-0.5254010
-1.1490500	0.0804730
-1.0331500	0.7700720
-0.5213210	1.2743800
0.2023720	1.3883300
0.8622240	1.0559700
1.1990300	0.4008930
1.0791300	-0.3165920
0.5564710	-0.8041810
-0.1441350	-0.8620300
-0.7202250	-0.4715390
-0.9221170	0.1941300
-0.6615590	0.8449480
-0.0483893	1.2007400
0.6608680	1.1113600
1.1768100	0.6163360
1.2998000	-0.0799630
0.9974300	-0.7011520
0.4073390	-1.0147500
-0.2284450	-0.9209750
-0.6640270	-0.4819460
-0.7424470	0.1127040
-0.4479610	0.6235810
0.0954506	0.8507350
0.6734660	0.7039820
1.0598000	0.2334840
1.0982600	-0.3878860
0.7622340	-0.9257770
0.1697640	-1.1711800
-0.4556730	-1.0235200
-0.8695710	-0.5370050
-0.9062950	0.0935337
-0.5528350	0.6079170
0.0392394	0.7894260
0.6141750	0.5601690
0.9214510	0.0180554
0.8254410	-0.6043730
0.3643210	-1.0418900
-0.2692180	-1.1122900
-0.8152240	-0.7924070
-1.0596100	-0.2215180
-0.9212350	0.3653220
-0.4768610	0.7396080
0.0807706	0.7705400
0.5271700	0.4687390
0.6941010	-0.0288135
0.5277910	-0.5190840
0.1007630	-0.8109450
-0.4206200	-0.7925220
-0.8380030	-0.4679720
-0.9916320	0.0453484
-0.8182810	0.5578750
-0.3776440	0.8756630
0.1647370	0.8742660
0.5969450	0.5517820
0.7443050	0.0368756
0.5446160	-0.4575990
0.0804841	-0.7212780
-0.4504560	-0.6377100
-0.8186570	-0.2383290
-0.8632550	0.3086910
-0.5633670	0.7719320
-0.0460094	0.9590040
0.4727270	0.7995730
0.7842110	0.3711700
0.7755950	-0.1412620
0.4708780	-0.5293680
0.0109579	-0.6482520
-0.4121900	-0.4689410
-0.6343430	-0.0793725
-0.5782000	0.3590630
-0.2741150	0.6764760
0.1586120	0.7551800
0.5580840	0.5675230
0.7768840	0.1824410
0.7331560	-0.2590380
0.4410930	-0.5925050
0.0098215	-0.6898290
-0.3929800	-0.5105310
-0.6042240	-0.1238100
-0.5332230	0.3126750
-0.2048680	0.6143140
0.2448970	0.6483370
0.6242700	0.3945870
0.7692860	-0.0421940
0.6174280	-0.4773050
0.2354250	-0.7285340
-0.2125240	-0.6969590
-0.5401370	-0.4077210
-0.6209850	0.0069007
-0.4386660	0.3707640
-0.0851383	0.5409200
0.2865060	0.4629170
0.5287060	0.1835260
0.5552340	-0.1778450
0.3663380	-0.4808110
0.0399225	-0.6157170
-0.3017200	-0.5383430
-0.5353580	-0.2804730
-0.5775880	0.0630312
-0.4130510	0.3659770
-0.1022550	0.5139120
0.2360480	0.4470270
0.4664890	0.1876160
0.4908270	-0.1621850
0.2925160	-0.4571790
-0.0501957	-0.5692760
-0.3934300	-0.4454850
-0.5896350	-0.1351280
-0.5544690	0.2297380
-0.3057810	0.4935860
0.0453433	0.5481660
0.3471490	0.3800290
0.4767070	0.0722339
0.3921030	-0.2382460
0.1439580	-0.4239170
-0.1548870	-0.4194770
-0.3824350	-0.2414610
-0.4566550	0.0285250
-0.3609610	0.2832180
-0.1411880	0.4314900
0.1179710	0.4269870
0.3243290	0.2780170
0.4072030	0.0408199
0.3385020	-0.1991470
0.1425850	-0.3538850
-0.1086350	-0.3627490
-0.3177010	-0.2174650
-0.3974660	0.0288412
-0.3088540	0.2772040
-0.0828362	0.4215930
0.1875670	0.3962160
0.3859940	0.2085080
0.4258860	-0.0609353
0.2917810	-0.2942880
0.0467953	-0.3915830
-0.1982830	-0.3170340
-0.3382100	-0.1130210
-0.3210920	0.1241530
-0.1672610	0.2921430
0.0473291	0.3282960
0.2307680	0.2314340
0.3155740	0.0531722
0.2812030	-0.1313920
0.1529490	-0.2559540
-0.0157310	-0.2840750
-0.1653260	-0.2147850
-0.2479450	-0.0769364
-0.2383470	0.0814983
-0.1398660	0.2061330
0.0145298	0.2510850
0.1689180	0.1952750
0.2615950	0.0547164
0.2499440	-0.1176500
0.1326480	-0.2498260
-0.0441027	-0.2819680
-0.2037930	-0.1965400
-0.2746930	-0.0302031
-0.2255050	0.1416080
-0.0817288	0.2411980
0.0872657	0.2270370
0.2038060	0.1130390
0.2203610	-0.0415104
0.1399350	-0.1645190
0.0088856	-0.2069330
-0.1109950	-0.1624220
-0.1734530	-0.0628146
-0.1650280	0.0440007
-0.1026300	0.1183780
-0.0179527	0.1422920
0.0589647	0.1184680
0.1081630	0.0615028
0.1198420	-0.0101206
0.0919612	-0.0769084
0.0306721	-0.1188440
-0.0469137	-0.1189000
-0.1132210	-0.0712799
-0.1388180	0.0105648
-0.1073730	0.0942335
-0.0281031	0.1410990
0.0643370	0.1265500
0.1256570	0.0556876
0.1258080	-0.0367890
0.0665184	-0.1044610
-0.0191785	-0.1149650
-0.0859651	-0.0678679
-0.1022430	0.0066050
-0.0668824	0.0669318
-0.0066894	0.0850140
0.0426222	0.0605084
0.0586134	0.0166367
0.0430164	-0.0179642
0.0156295	-0.0279396
-0.0025144	-0.0180101
-0.0037442	-0.0048950
0.0038411	-0.0021637
0.0062361	-0.0100397
-0.0033302	-0.0172642
-0.0186132	-0.0123134
-0.0260210	0.0057836
-0.0165190	0.0258658
0.0062033	0.0333547
0.0279756	0.0219941
0.0349509	-0.0009757
0.0242136	-0.0204092
0.0056157	-0.0250933
-0.0066479	-0.0162345
-0.0058656	-0.0056382
0.0017378	-0.0049554
0.0027263	-0.0148034
-0.0109282	-0.0230838
-0.0326568	-0.0147376
-0.0438559	0.0141802
-0.0276197	0.0494956
0.0160924	0.0658604
0.0658498	0.0441875
0.0898462	-0.0124266
0.0665037	-0.0764340
0.0008078	-0.1104750
-0.0754590	-0.0903407
-0.1209490	-0.0213448
-0.1090040	0.0629953
-0.0436040	0.1195490
0.0429011	0.1198210
0.1083290	0.0649423
0.1234560	-0.0169390
0.0854008	-0.0876556
0.0152438	-0.1188310
-0.0560201	-0.1029440
-0.1028290	-0.0515828
-0.1130280	0.0144092
-0.0869959	0.0745046
-0.0328996	0.1126230
0.0360614	0.1171260
0.1012640	0.0817156
0.1393080	0.0101313
0.1286220	-0.0784139
0.0617769	-0.1501160
-0.0437505	-0.1684700
-0.1461330	-0.1138360
-0.1954870	0.0004914
-0.1597790	0.1278900
-0.0458092	0.2078260
0.0988326	0.1966670
0.2067280	0.0928037
0.2244810	-0.0593288
0.1408080	-0.1900200
-0.0070732	-0.2389630
-0.1522580	-0.1848070
-0.2312770	-0.0539404
-0.2133220	0.0947369
-0.1111600	0.1989860
0.0291752	0.2201820
0.1513850	0.1557620
0.2116000	0.0347794
0.1914900	-0.0970664
0.1001100	-0.1940110
-0.0316876	-0.2228780
-0.1601400	-0.1711080
-0.2395090	-0.0512502
-0.2356340	0.0990591
-0.1404860	0.2250390
0.0183908	0.2726690
0.1816330	0.2125350
0.2787410	0.0587015
0.2597320	-0.1298960
0.1227160	-0.2710670
-0.0789535	-0.2966970
-0.2572630	-0.1876400
-0.3299500	0.0132250
-0.2606720	0.2186290
-0.0776412	0.3374990
0.1393910	0.3178710
0.2969060	0.1702360
0.3303990	-0.0395728
0.2310610	-0.2224900
0.0453535	-0.3058410
-0.1489790	-0.2615810
-0.2764180	-0.1127180
-0.2913750	0.0806300
-0.1910240	0.2460050
-0.0125636	0.3235260
0.1806790	0.2840910
0.3191850	0.1381730
0.3492330	-0.0657837
0.2526810	-0.2543340
0.0582402	-0.3528440
-0.1629700	-0.3148620
-0.3208560	-0.1459050
-0.3431430	0.0914436
-0.2104050	0.2983640
0.0289902	0.3812630
0.2750480	0.2958800
0.4191190	0.0716393
0.3941940	-0.1981470
0.2074300	-0.3974660
-0.0620855	-0.4406380
-0.2995480	-0.3110650
-0.4064590	-0.0671014
-0.3430380	0.1863720
-0.1420150	0.3451670
0.1097690	0.3488770
0.3102590	0.2016830
0.3827250	-0.0345692
0.3020220	-0.2679360
0.0996883	-0.4111790
-0.1500560	-0.4113490
-0.3564620	-0.2665020
-0.4426330	-0.0265463
-0.3725430	0.2218600
-0.1669320	0.3838100
0.0990990	0.3912910
0.3200520	0.2332240
0.4004900	-0.0334853
0.2972340	-0.3010140
0.0436429	-0.4531470
-0.2587130	-0.4167100
-0.4811990	-0.1978200
-0.5251410	0.1165160
-0.3678260	0.3948370
-0.0744018	0.5197280
0.2309020	0.4405160
0.4204420	0.1949720
0.4189000	-0.1094690
0.2334100	-0.3444170
-0.0536789	-0.4152830
-0.3229250	-0.2976920
-0.4674550	-0.0423634
-0.4329120	0.2495100
-0.2340460	0.4670100
0.0545070	0.5297870
0.3267640	0.4149810
0.4826970	0.1641730
0.4632430	-0.1304930
0.2729710	-0.3573760
-0.0177034	-0.4255230
-0.2945040	-0.3014040
-0.4412880	-0.0274757
-0.3881380	0.2885190
-0.1453050	0.5138150
0.1948280	0.5464950
0.4928800	0.3626670
0.6219240	0.0314874
0.5247180	-0.3118440
0.2411320	-0.5246450
-0.1083980	-0.5200240
-0.3761120	-0.3050140
-0.4517110	0.0240247
-0.3085720	0.3253360
-0.0115737	0.4733040
0.3142130	0.4094000
0.5372330	0.1618700
0.5712680	-0.1706250
0.4054200	-0.4607990
0.1038950	-0.6013870
-0.2206200	-0.5429650
-0.4484800	-0.3098160
-0.4955980	0.0093390
-0.3440970	0.2922590
-0.0512775	0.4268090
0.2679050	0.3539460
0.4818710	0.0944925
0.4943520	-0.2532080
0.2871770	-0.5481720
-0.0662183	-0.6635970
-0.4264560	-0.5426600
-0.6454740	-0.2273180
-0.6313410	0.1557810
-0.3905830	0.4485470
-0.0270639	0.5305590
0.3031230	0.3720460
0.4599950	0.0460796
0.3795410	-0.3049500
0.0984502	-0.5318410
-0.2652970	-0.5409340
-0.5644630	-0.3295360
-0.6827020	0.0179671
-0.5779180	0.3677830
-0.2940690	0.5900260
0.0593104	0.6065240
0.3493750	0.4172400
0.4683090	0.0985430
0.3721270	-0.2245680
0.0978414	-0.4232980
-0.2474200	-0.4130310
-0.5239210	-0.1881240
-0.6125510	0.1709180
-0.4646580	0.5243400
-0.1270790	0.7273130
0.2716570	0.6910710
0.5720840	0.4242670
0.6516720	0.0336982
0.4796570	-0.3189400
0.1325960	-0.4865820
-0.2379450	-0.4012070
-0.4713800	-0.1032870
-0.4674160	0.2770590
-0.2273130	0.5775950
0.1500530	0.6730660
0.5130070	0.5252000
0.7207960	0.1938850
0.6984690	-0.1916370
0.4621730	-0.4862880
0.1083980	-0.5845890
-0.2252070	-0.4579110
-0.4113840	-0.1624510
-0.3793250	0.1825640
-0.1406320	0.4382960
0.2132970	0.4973350
0.5429140	0.3255310
0.7123050	-0.0210851
0.6435800	-0.4133840
0.3522410	-0.6973820
-0.0536701	-0.7569480
-0.4142790	-0.5651180
-0.5840580	-0.1998960
-0.4953730	0.1855630
-0.1900180	0.4275220
0.1972300	0.4227900
0.4966870	0.1738200
0.5772140	-0.2130030
0.4016180	-0.5745960
0.0398127	-0.7615130
-0.3640830	-0.6995140
-0.6537460	-0.4165250
-0.7236900	-0.0264161
-0.5578230	0.3200510
-0.2309130	0.4948590
0.1238550	0.4397010
0.3664200	0.1847810
0.4013450	-0.1646170
0.2122420	-0.4674620
-0.1316590	-0.5987300
-0.4994080	-0.4965810
-0.7460500	-0.1884010
-0.7686920	0.2155810
-0.5500590	0.5619760
-0.1703730	0.7146900
0.2209420	0.6127140
0.4653260	0.2996110
0.4627450	-0.0909684
0.2167640	-0.3902520
-0.1648120	-0.4668280
-0.5155870	-0.2840460
-0.6824580	0.0841462
-0.5911280	0.4860790
-0.2759710	0.7583170
0.1376730	0.7944010
0.4886660	0.5864220
0.6468530	0.2236490
0.5630540	-0.1478190
0.2838750	-0.3848010
-0.0709399	-0.4014270
-0.3566570	-0.1986960
-0.4579270	0.1389560
-0.3305130	0.4764660
-0.0171428	0.6780860
0.3673940	0.6577480
0.6776350	0.4128170
0.7922740	0.0283449
0.6631120	-0.3523110
0.3382440	-0.5823050
-0.0527813	-0.5715940
-0.3493440	-0.3274340
-0.4267330	0.0445718
-0.2509670	0.3824050
0.1041500	0.5361840
0.4872410	0.4332730
0.7343190	0.1101430
0.7393420	-0.3038040
0.4985170	-0.6427880
0.1092960	-0.7754010
-0.2736350	-0.6579610
-0.5040120	-0.3485760
-0.5022690	0.0211888
-0.2833340	0.3019950
0.0541533	0.3853400
0.3693980	0.2426670
0.5337780	-0.0673590
0.4779280	-0.4232180
0.2162130	-0.6862390
-0.1586690	-0.7517280
-0.5090890	-0.5884710
-0.7034090	-0.2526600
-0.6672360	0.1304560
-0.4155820	0.4130940
-0.0511370	0.4838150
0.2740410	0.3154320
0.4203830	-0.0197836
0.3208350	-0.3771140
0.0119524	-0.5994320
-0.3796470	-0.5848380
-0.6909500	-0.3313530
-0.7927190	0.0621085
-0.6444620	0.4390400
-0.3097650	0.6528430
0.0735185	0.6278970
0.3531160	0.3879400
0.4248410	0.0417541
0.2716370	-0.2646640
-0.0344807	-0.4072490
-0.3648080	-0.3303270
-0.5851970	-0.0642901
-0.6060770	0.2890960
-0.4141560	0.5960820
-0.0762909	0.7404020
0.2849680	0.6662050
0.5362300	0.3999960
0.5838060	0.0430316
0.4118690	-0.2652200
0.0923396	-0.4011000
-0.2403470	-0.3080800
-0.4424030	-0.0234372
-0.4211780	0.3335930
-0.1766420	0.6099560
0.1960860	0.6838140
0.5461690	0.5177320
0.7317440	0.1754040
0.6808040	-0.2061370
0.4208130	-0.4760640
0.0644934	-0.5337690
-0.2402360	-0.3689820
-0.3725820	-0.0619607
-0.2862860	0.2535360
-0.0238586	0.4462120
0.3048950	0.4381130
0.5683070	0.2314630
0.6631210	-0.0959831
0.5514720	-0.4224550
0.2731010	-0.6277960
-0.0699498	-0.6373920
-0.3506360	-0.4499780
-0.4640840	-0.1396300
-0.3685790	0.1701930
-0.1046150	0.3531630
0.2176030	0.3308930
0.4602590	0.1075350
0.5145180	-0.2282250
0.3480060	-0.5375100
0.0211965	-0.6892540
-0.3365240	-0.6169490
-0.5818840	-0.3481880
-0.6194660	0.0071049
-0.4421200	0.3046570
-0.1320990	0.4279610
0.1764400	0.3364200
0.3553260	0.0790582
0.3344940	-0.2299450
0.1269240	-0.4606840
-0.1812940	-0.5195600
-0.4683770	-0.3832080
-0.6247390	-0.1034490
-0.5929730	0.2155010
-0.3868920	0.4570360
-0.0848820	0.5348160
0.1991240	0.4240480
0.3573970	0.1712470
0.3291900	-0.1215430
0.1259540	-0.3341550
-0.1699650	-0.3751790
-0.4353650	-0.2205370
-0.5553760	0.0732456
-0.4723610	0.3893030
-0.2127410	0.5980970
0.1219300	0.6128670
0.3974880	0.4279540
0.5049590	0.1218380
0.4074600	-0.1771100
0.1548210	-0.3465040
-0.1399990	-0.3218110
-0.3507900	-0.1212620
-0.3909780	0.1655980
-0.2466840	0.4182380
0.0220966	0.5350450
0.3095160	0.4717550
0.5070380	0.2547390
0.5440350	-0.0329060
0.4117560	-0.2845610
0.1642220	-0.4095060
-0.1025610	-0.3653160
-0.2856200	-0.1731570
-0.3130070	0.0890975
-0.1720040	0.3146470
0.0834266	0.4081420
0.3509530	0.3244100
0.5193560	0.0895711
0.5146510	-0.2063510
0.3331930	-0.4449000
0.0457664	-0.5291130
-0.2311730	-0.4260570
-0.3854480	-0.1820180
-0.3578680	0.0974575
-0.1672710	0.2938540
0.0993415	0.3268960
0.3261290	0.1873780
0.4182970	-0.0621370
0.3400720	-0.3169940
0.1255360	-0.4753420
-0.1395030	-0.4781930
-0.3541740	-0.3291910
-0.4414870	-0.0889839
-0.3751270	0.1506050
-0.1863380	0.3013120
0.0493323	0.3098410
0.2398190	0.1763080
0.3098240	-0.0456542
0.2290510	-0.2675650
0.0254409	-0.3984530
-0.2229340	-0.3804240
-0.4166610	-0.2138470
-0.4749750	0.0396002
-0.3708310	0.2798690
-0.1448360	0.4098010
0.1101070	0.3773430
0.2881930	0.1992370
0.3168650	-0.0456837
0.1883640	-0.2511580
-0.0379964	-0.3301290
-0.2633540	-0.2516750
-0.3930130	-0.0518386
-0.3758820	0.1850000
-0.2227270	0.3638040
0.0025266	0.4177810
0.2118550	0.3323500
0.3285170	0.1466000
0.3146030	-0.0652606
0.1820680	-0.2230820
-0.0142202	-0.2695000
-0.1972830	-0.1892850
-0.2955010	-0.0141707
-0.2684100	0.1880630
-0.1226370	0.3375160
0.0883900	0.3721360
0.2828880	0.2732970
0.3823630	0.0760521
0.3446930	-0.1423800
0.1840530	-0.2934210
-0.0328183	-0.3151020
-0.2142570	-0.2000650
-0.2836310	0.0002162
-0.2132260	0.1979120
-0.0359492	0.3078490
0.1705100	0.2846750
0.3189700	0.1409600
0.3503950	-0.0611199
0.2567980	-0.2389430
0.0807029	-0.3247580
-0.1060170	-0.2914310
-0.2325590	-0.1593010
-0.2556100	0.0157573
-0.1726600	0.1657020
-0.0197640	0.2352240
0.1431610	0.2000900
0.2536940	0.0743833
0.2685330	-0.0946288
0.1792850	-0.2425880
0.0171114	-0.3110270
-0.1568530	-0.2702050
-0.2738980	-0.1329960
-0.2856670	0.0474707
-0.1860810	0.1978210
-0.0163295	0.2552320
0.1512640	0.1956180
0.2445440	0.0454871
0.2237910	-0.1291940
0.0994252	-0.2525480
-0.0735024	-0.2727090
-0.2210650	-0.1838900
-0.2835570	-0.0266484
-0.2401240	0.1324360
-0.1144520	0.2306760
0.0389561	0.2344920
0.1594660	0.1497380
0.2041120	0.0151865
0.1614170	-0.1153080
0.0521425	-0.1933500
-0.0806492	-0.1919300
-0.1872980	-0.1129510
-0.2280910	0.0143538
-0.1866110	0.1431250
-0.0763401	0.2245710
0.0623687	0.2257990
0.1758060	0.1438710
0.2176410	0.0095796
0.1691710	-0.1227950
0.0495211	-0.1974450
-0.0905892	-0.1818130
-0.1903540	-0.0823437
-0.2062840	0.0573777
-0.1322160	0.1761600
-0.0017917	0.2232140
0.1278420	0.1808360
0.2026660	0.0708093
0.1953910	-0.0577221
0.1150510	-0.1517320
-0.0004177	-0.1770440
-0.1030080	-0.1301180
-0.1548300	-0.0354959
-0.1409470	0.0673179
-0.0714416	0.1400450
0.0253546	0.1583220
0.1139550	0.1178260
0.1631110	0.0339879
0.1551740	-0.0633028
0.0919738	-0.1388180
-0.0044464	-0.1635790
-0.0979090	-0.1261640
-0.1508420	-0.0392755
-0.1399490	0.0628546
-0.0679526	0.1372800
0.0353546	0.1510580
0.1250470	0.0971790
0.1613880	-0.0009325
0.1286650	-0.0996710
0.0426717	-0.1557190
-0.0572921	-0.1463550
-0.1276680	-0.0791838
-0.1409270	0.0132819
-0.0966426	0.0904562
-0.0187387	0.1225180
0.0580049	0.1018360
0.1040690	0.0427221
0.1059720	-0.0280844
0.0681876	-0.0837961
0.0079080	-0.1067930
-0.0528845	-0.0922074
-0.0943178	-0.0469690
-0.1033100	0.0133222
-0.0766076	0.0684404
-0.0224524	0.0987223
0.0403240	0.0915637
0.0874477	0.0475386
0.0984462	-0.0173569
0.0665833	-0.0763528
0.0039968	-0.1030740
-0.0621161	-0.0844239
-0.1017320	-0.0281279
-0.0968151	0.0400607
-0.0505886	0.0888233
0.0141928	0.0969296
0.0671885	0.0634477
0.0858892	0.0069810
0.0659204	-0.0451317
0.0210396	-0.0710144
-0.0260484	-0.0638270
-0.0558374	-0.0322432
-0.0601310	0.0068101
-0.0426907	0.0376167
-0.0140468	0.0517341
0.0148807	0.0485139
0.0364014	0.0319895
0.0461999	0.0077470
0.0421892	-0.0180668
0.0245713	-0.0383531
-0.0025643	-0.0456819
-0.0302507	-0.0352830
-0.0467841	-0.0089942
-0.0432245	0.0231978
-0.0192813	0.0465503
0.0147492	0.0490409
0.0423629	0.0286484
0.0497075	-0.0045495
0.0336378	-0.0335031
0.0036821	-0.0438243
-0.0236269	-0.0319777
-0.0345823	-0.0068025
-0.0260222	0.0165273
-0.0061152	0.0260147
0.0119069	0.0195638
0.0185159	0.0047914
0.0132105	-0.0073388
0.0032072	-0.0102107
-0.0028949	-0.0052177
-0.0015114	0.0007026
0.0040348	0.0012289
0.0070467	-0.0043760
0.0032673	-0.0111004
-0.0056350	-0.0125728
-0.0134554	-0.0063290
-0.0143830	0.0041810
-0.0074834	0.0122595
0.0027244	0.0130354
0.0098718	0.0069067
0.0105189	-0.0012458
0.0062934	-0.0062303
0.0018204	-0.0065853
0.0003379	-0.0051708
0.0007918	-0.0058933
-0.0010084	-0.0094216
-0.0079917	-0.0117330
-0.0178844	-0.0071398
-0.0234041	0.0062779
-0.0171805	0.0232336
0.0018850	0.0331300
0.0257520	0.0267731
0.0407409	0.0035216
0.0358037	-0.0264074
0.0102785	-0.0467936
-0.0242896	-0.0448668
-0.0499790	-0.0194283
-0.0526297	0.0176970
-0.0300304	0.0479864
0.0068694	0.0564433
0.0402402	0.0394883
0.0550212	0.0060472
0.0461034	-0.0281390
0.0193670	-0.0489032
-0.0129090	-0.0496887
-0.0385321	-0.0325494
-0.0498384	-0.0050768
-0.0446049	0.0236221
-0.0247792	0.0453614
0.0046587	0.0535768
0.0357855	0.0439878
0.0580460	0.0165785
0.0607987	-0.0219101
0.0384378	-0.0576874
-0.0044417	-0.0741224
-0.0519292	-0.0597951
-0.0822881	-0.0162543
-0.0785005	0.0398496
-0.0383488	0.0830316
0.0222995	0.0913614
0.0759488	0.0584141
0.0968967	-0.0022508
0.0744210	-0.0631242
0.0183822	-0.0962707
-0.0458075	-0.0869796
-0.0898351	-0.0402866
-0.0957261	0.0225538
-0.0629568	0.0749023
-0.0067888	0.0966458
0.0499027	0.0814505
0.0863202	0.0371507
0.0906011	-0.0190933
0.0622544	-0.0674678
0.0110866	-0.0913812
-0.0458170	-0.0817426
-0.0883981	-0.0398217
-0.0993584	0.0217043
-0.0708200	0.0809522
-0.0095841	0.1134780
0.0625416	0.1023130
0.1156520	0.0472815
0.1244610	-0.0318777
0.0812210	-0.1019870
0.0017127	-0.1309080
-0.0801279	-0.1033310
-0.1273770	-0.0294630
-0.1177910	0.0586418
-0.0548073	0.1217940
0.0339713	0.1320550
0.1099090	0.0854214
0.1411570	0.0027440
0.1162420	-0.0808146
0.0474261	-0.1317520
-0.0363861	-0.1317560
-0.1025810	-0.0833388
-0.1272950	-0.0067389
-0.1028900	0.0689332
-0.0391273	0.1160820
0.0408593	0.1173200
0.1079490	0.0708440
0.1361810	-0.0083304
0.1119290	-0.0920033
0.0404510	-0.1475390
-0.0534750	-0.1501250
-0.1330430	-0.0943135
-0.1638030	0.0008649
-0.1294770	0.0973407
-0.0414429	0.1533770
0.0640122	0.1426100
0.1408200	0.0674530
0.1540890	-0.0405252
0.0966469	-0.1342710
-0.0072797	-0.1726360
-0.1131730	-0.1389990
-0.1764990	-0.0481405
-0.1721420	0.0614088
-0.1040570	0.1450250
-0.0017162	0.1708410
0.0936098	0.1315100
0.1456990	0.0450357
0.1363590	-0.0539437
0.0705677	-0.1276770
-0.0265289	-0.1484420
-0.1186860	-0.1075820
-0.1707390	-0.0184960
-0.1607890	0.0871303
-0.0890287	0.1694410
0.0202480	0.1947320
0.1257220	0.1495200
0.1843090	0.0483819
0.1694690	-0.0693014
0.0845024	-0.1542590
-0.0363954	-0.1685560
-0.1414440	-0.1035450
-0.1838550	0.0146166
-0.1432710	0.1355330
-0.0355344	0.2068300
0.0942271	0.1976020
0.1918680	0.1118620
0.2180310	-0.0140950
0.1643660	-0.1284640
0.0554205	-0.1863390
-0.0633517	-0.1675400
-0.1449410	-0.0829038
-0.1588550	0.0320300
-0.1013060	0.1318080
0.0049431	0.1779530
0.1196240	0.1522100
0.1992700	0.0625625
0.2124100	-0.0592891
0.1512950	-0.1683970
0.0362122	-0.2224210
-0.0901534	-0.1981580
-0.1778710	-0.1025040
-0.1898180	0.0277038
-0.1186090	0.1388180
0.0078639	0.1824140
0.1363520	0.1370260
0.2105750	0.0191988
0.1962390	-0.1223280
0.0969486	-0.2275020
-0.0469217	-0.2514800
-0.1760620	-0.1843300
-0.2383130	-0.0548013
-0.2107890	0.0831107
-0.1083050	0.1738860
0.0246246	0.1834020
0.1333860	0.1113980
0.1752450	-0.0105132
0.1348770	-0.1328280
0.0285036	-0.2074900
-0.1033970	-0.2052210
-0.2112300	-0.1254210
-0.2539750	0.0038465
-0.2140380	0.1355130
-0.1045460	0.2200670
0.0339236	0.2241300
0.1473530	0.1445860
0.1890770	0.0120885
0.1397310	-0.1191170
0.0174463	-0.1925510
-0.1275350	-0.1737940
-0.2330740	-0.0667854
-0.2519900	0.0862054
-0.1733740	0.2220260
-0.0280731	0.2840760
0.1246100	0.2471440
0.2228950	0.1280970
0.2290870	-0.0222210
0.1447430	-0.1415880
0.0083621	-0.1827330
-0.1221280	-0.1318350
-0.1935080	-0.0121759
-0.1776620	0.1270170
-0.0808559	0.2306510
0.0602471	0.2584540
0.1930400	0.1990730
0.2682580	0.0735545
0.2577270	-0.0723250
0.1650080	-0.1843290
0.0251985	-0.2196800
-0.1069280	-0.1640420
-0.1773600	-0.0389018
-0.1548470	0.1047960
-0.0454274	0.2059210
0.1078010	0.2184910
0.2411870	0.1323420
0.2972660	-0.0207724
0.2501100	-0.1795700
0.1174200	-0.2793480
-0.0467039	-0.2801850
-0.1752860	-0.1842130
-0.2174410	-0.0341368
-0.1596010	0.1059320
-0.0298913	0.1780760
0.1152570	0.1541500
0.2152850	0.0456690
0.2296410	-0.1028490
0.1523540	-0.2328210
0.0125522	-0.2944050
-0.1378050	-0.2645620
-0.2435870	-0.1546250
-0.2665340	-0.0056502
-0.1992320	0.1264960
-0.0684455	0.1914940
0.0737822	0.1637870
0.1691030	0.0536836
0.1757710	-0.0947215
0.0867162	-0.2195440
-0.0654333	-0.2658990
-0.2200030	-0.2096020
-0.3130010	-0.0690575
-0.3047030	0.1010530
-0.1976050	0.2325160
-0.0360293	0.2730090
0.1128900	0.2088400
0.1882830	0.0705634
0.1614120	-0.0808789
0.0468743	-0.1807270
-0.1050790	-0.1874630
-0.2306470	-0.0987401
-0.2786900	0.0496142
-0.2301050	0.1996100
-0.1035090	0.2944470
0.0535229	0.2997800
0.1831330	0.2155280
0.2386000	0.0749940
0.2012580	-0.0676729
0.0875039	-0.1572780
-0.0565654	-0.1581880
-0.1716980	-0.0686592
-0.2080870	0.0768755
-0.1458950	0.2196920
-0.0050964	0.2995350
0.1607080	0.2797650
0.2853930	0.1640900
0.3181570	-0.0033465
0.2459460	-0.1557240
0.0999004	-0.2319960
-0.0576787	-0.2033560
-0.1602420	-0.0856213
-0.1655560	0.0680981
-0.0730812	0.1907720
0.0771149	0.2299790
0.2224920	0.1689620
0.3043970	0.0317848
0.2911530	-0.1282600
0.1889700	-0.2508630
0.0376864	-0.2919980
-0.1056210	-0.2396350
-0.1882870	-0.1170340
-0.1812360	0.0265779
-0.0894742	0.1342580
0.0494584	0.1623880
0.1788490	0.0974605
0.2439650	-0.0375656
0.2137740	-0.1906140
0.0947350	-0.3000170
-0.0698787	-0.3194550
-0.2162890	-0.2381490
-0.2864130	-0.0870026
-0.2529720	0.0731699
-0.1320370	0.1770980
0.0232571	0.1831910
0.1454940	0.0915936
0.1820440	-0.0561399
0.1172790	-0.1954580
-0.0217934	-0.2666600
-0.1782510	-0.2395810
-0.2898220	-0.1246980
-0.3141490	0.0330314
-0.2444350	0.1736390
-0.1101880	0.2460490
0.0357381	0.2269440
0.1378210	0.1282320
0.1583890	-0.0084890
0.0910973	-0.1277530
-0.0368259	-0.1807040
-0.1742910	-0.1434160
-0.2650950	-0.0266893
-0.2695600	0.1267540
-0.1811010	0.2577460
-0.0305799	0.3138760
0.1246030	0.2715380
0.2234470	0.1471690
0.2271780	-0.0081997
0.1365600	-0.1298130
-0.0076343	-0.1668500
-0.1418380	-0.1045170
-0.2071000	0.0295870
-0.1743160	0.1777490
-0.0559735	0.2772890
0.1003290	0.2870090
0.2329150	0.2034030
0.2917280	0.0603439
0.2576700	-0.0863220
0.1483800	-0.1817720
0.0094980	-0.1931270
-0.1038820	-0.1207140
-0.1480170	0.0034391
-0.1062520	0.1283110
0.0052703	0.2028860
0.1435080	0.1950040
0.2541750	0.1037560
0.2921360	-0.0391789
0.2394330	-0.1805570
0.1137630	-0.2658340
-0.0369969	-0.2613860
-0.1532970	-0.1694800
-0.1885830	-0.0288145
-0.1296360	0.1007640
-0.0031084	0.1634880
0.1353570	0.1318310
0.2250090	0.0185674
0.2261710	-0.1289190
0.1368800	-0.2494080
-0.0072339	-0.2940890
-0.1491290	-0.2464910
-0.2347020	-0.1278360
-0.2344540	0.0134247
-0.1537880	0.1222760
-0.0289159	0.1588320
0.0886117	0.1126550
0.1519220	0.0051869
0.1359080	-0.1194190
0.0458550	-0.2110560
-0.0848067	-0.2320820
-0.2066740	-0.1713250
-0.2725880	-0.0488735
-0.2558210	0.0905512
-0.1614770	0.1941040
-0.0259558	0.2216990
0.0965139	0.1631080
0.1557890	0.0435789
0.1272780	-0.0855187
0.0232957	-0.1679340
-0.1114510	-0.1667350
-0.2188290	-0.0805308
-0.2523900	0.0558764
-0.1972270	0.1867970
-0.0756816	0.2598120
0.0632225	0.2477450
0.1652210	0.1589090
0.1932130	0.0319576
0.1411660	-0.0813008
0.0346170	-0.1370290
-0.0810509	-0.1157370
-0.1588520	-0.0282417
-0.1676830	0.0898426
-0.1030970	0.1920690
0.0116814	0.2383050
0.1343940	0.2093470
0.2191520	0.1142560
0.2336310	-0.0123076
0.1720630	-0.1224850
0.0587345	-0.1735620
-0.0604060	-0.1455530
-0.1357670	-0.0505737
-0.1348920	0.0708727
-0.0569752	0.1661770
0.0658815	0.1929910
0.1819830	0.1377860
0.2423140	0.0219451
0.2217220	-0.1076060
0.1293510	-0.1989420
0.0038327	-0.2173500
-0.1040510	-0.1592440
-0.1529400	-0.0521643
-0.1271630	0.0581577
-0.0413880	0.1271270
0.0670615	0.1285860
0.1538780	0.0636020
0.1847090	-0.0415465
0.1472420	-0.1462510
0.0548593	-0.2107940
-0.0586994	-0.2106540
-0.1516180	-0.1453940
-0.1893080	-0.0392097
-0.1577140	0.0674372
-0.0696401	0.1328460
0.0390422	0.1306700
0.1229190	0.0614917
0.1455820	-0.0461032
0.0955308	-0.1464870
-0.0079862	-0.1960490
-0.1225320	-0.1721880
-0.2006190	-0.0834647
-0.2103520	0.0340342
-0.1490860	0.1325880
-0.0439113	0.1735970
0.0608758	0.1436660
0.1231210	0.0590704
0.1200620	-0.0425992
0.0562990	-0.1189790
-0.0399104	-0.1400070
-0.1292280	-0.0986425
-0.1768090	-0.0119313
-0.1648270	0.0867793
-0.0980288	0.1607070
-0.0012306	0.1828820
0.0898684	0.1456000
0.1415300	0.0632738
0.1344660	-0.0323880
0.0717062	-0.1037530
-0.0214941	-0.1217170
-0.1066440	-0.0779043
-0.1472430	0.0107201
-0.1243320	0.1077490
-0.0454177	0.1721410
0.0578881	0.1759020
0.1431420	0.1166290
0.1755490	0.0188151
0.1431420	-0.0769311
0.0615988	-0.1318030
-0.0333389	-0.1254450
-0.1019240	-0.0638249
-0.1172670	0.0247027
-0.0755491	0.1024870
0.0041115	0.1383850
0.0889392	0.1194510
0.1460690	0.0544176
0.1547200	-0.0312027
0.1128570	-0.1054670
0.0368873	-0.1416460
-0.0447441	-0.1273940
-0.1017060	-0.0689039
-0.1126200	0.0111145
-0.0732174	0.0812846
0.0012131	0.1131210
0.0807440	0.0924637
0.1321370	0.0261435
0.1326000	-0.0596289
0.0801223	-0.1294640
-0.0047310	-0.1537930
-0.0871282	-0.1220540
-0.1330800	-0.0477125
-0.1244570	0.0375709
-0.0668125	0.0980643
0.0136339	0.1096840
0.0821447	0.0699585
0.1107290	-0.0020606
0.0894252	-0.0751805
0.0290045	-0.1197730
-0.0450910	-0.1194600
-0.1039310	-0.0762509
-0.1262540	-0.0080867
-0.1054830	0.0590651
-0.0508953	0.1009520
0.0165128	0.1032650
0.0715960	0.0661601
0.0937443	0.0041063
0.0742704	-0.0589329
0.0201427	-0.0978893
-0.0477270	-0.0961549
-0.1018800	-0.0528311
-0.1192410	0.0157742
-0.0912712	0.0819651
-0.0285204	0.1180860
0.0431819	0.1087610
0.0937915	0.0581269
0.1024430	-0.0117330
0.0667701	-0.0707009
0.0036275	-0.0941827
-0.0590158	-0.0737764
-0.0948291	-0.0201187
-0.0903010	0.0429266
-0.0493824	0.0893423
0.0097520	0.1017920
0.0633735	0.0775856
0.0918692	0.0280850
0.0864603	-0.0270378
0.0511193	-0.0675925
0.0000483	-0.0797273
-0.0476779	-0.0600423
-0.0744999	-0.0163362
-0.0702221	0.0349530
-0.0358405	0.0741226
0.0160771	0.0852246
0.0653115	0.0625758
0.0915685	0.0139946
0.0830994	-0.0413623
0.0424987	-0.0805226
-0.0135596	-0.0867320
-0.0612290	-0.0573330
-0.0801729	-0.0053754
-0.0629011	0.0462025
-0.0180685	0.0751343
0.0339055	0.0699030
0.0705529	0.0344018
0.0774233	-0.0147998
0.0536738	-0.0567030
0.0110419	-0.0752063
-0.0324477	-0.0651215
-0.0604159	-0.0327737
-0.0640478	0.0080195
-0.0441127	0.0419572
-0.0093557	0.0575705
0.0272142	0.0503606
0.0525961	0.0235635
0.0576845	-0.0130731
0.0402040	-0.0461737
0.0059810	-0.0629770
-0.0323345	-0.0560984
-0.0594776	-0.0271219
-0.0637145	0.0129936
-0.0424181	0.0477430
-0.0040969	0.0620961
0.0347761	0.0495921
0.0571270	0.0157947
0.0533419	-0.0240283
0.0258388	-0.0520988
-0.0123066	-0.0565568
-0.0439255	-0.0367568
-0.0559553	-0.0028378
-0.0450184	0.0298340
-0.0178480	0.0480861
0.0129896	0.0463456
0.0352672	0.0277618
0.0419046	0.0013671
0.0325744	-0.0224904
0.0123496	-0.0359884
-0.0110354	-0.0356837
-0.0297799	-0.0225856
-0.0378812	-0.0013314
-0.0324840	0.0209910
-0.0149189	0.0365059
0.0090046	0.0389569
0.0302893	0.0264309
0.0399529	0.0030599
0.0331593	-0.0217900
0.0121552	-0.0372348
-0.0140154	-0.0360540
-0.0334623	-0.0186018
-0.0372812	0.0069757
-0.0241107	0.0286723
-0.0007724	0.0366908
0.0214283	0.0282823
0.0326120	0.0086803
0.0290761	-0.0122010
0.0143658	-0.0251636
-0.0035189	-0.0260428
-0.0167200	-0.0167465
-0.0211075	-0.0030281
-0.0171260	0.0090971
-0.0081485	0.0159830
0.0019682	0.0168716
0.0104190	0.0128054
0.0155470	0.0053648
0.0162706	-0.0037191
0.0119682	-0.0122004
0.0032003	-0.0171987
-0.0074770	-0.0161347
-0.0157889	-0.0084434
-0.0175788	0.0032317
-0.0113297	0.0136587
0.0003747	0.0175745
0.0117721	0.0127864
0.0170038	0.0017515
0.0135422	-0.0096197
0.0037234	-0.0153734
-0.0067078	-0.0130109
-0.0121498	-0.0048080
-0.0104785	0.0038876
-0.0040031	0.0081873
0.0024713	0.0066298
0.0050184	0.0016580
0.0030372	-0.0025336
-0.0008186	-0.0031060
-0.0029720	-0.0004034
-0.0016779	0.0026823
0.0018104	0.0031613
0.0044026	0.0002877
0.0036531	-0.0039271
-0.0003570	-0.0063078
-0.0051055	-0.0049182
-0.0075177	-0.0004475
-0.0061580	0.0043891
-0.0020904	0.0068637
0.0021276	0.0060718
0.0044013	0.0032389
0.0044298	0.0004216
0.0034364	-0.0012123
0.0026824	-0.0020724
0.0021446	-0.0032834
0.0005772	-0.0051016
-0.0030232	-0.0061113
-0.0078068	-0.0041096
-0.0108589	0.0018352
-0.0089259	0.0097899
-0.0010373	0.0153534
0.0099409	0.0141821
0.0182691	0.0051159
0.0185543	-0.0083146
0.0092845	-0.0193176
-0.0057036	-0.0215910
-0.0189802	-0.0131301
-0.0235802	0.0023360
-0.0169177	0.0172515
-0.0021877	0.0243382
0.0135021	0.0204142
0.0229965	0.0077455
0.0225946	-0.0075983
0.0133125	-0.0190846
-0.0003748	-0.0226693
-0.0130835	-0.0179106
-0.0206977	-0.0072204
-0.0212529	0.0056748
-0.0147664	0.0169370
-0.0028662	0.0231703
0.0112832	0.0218428
0.0231009	0.0121571
0.0275500	-0.0037994
0.0212355	-0.0206428
0.0047971	-0.0310837
-0.0160675	-0.0291401
-0.0322673	-0.0137091
-0.0354466	0.0097530
-0.0225808	0.0309797
0.0016841	0.0396597
0.0266636	0.0308202
0.0406988	0.0077709
0.0370146	-0.0192137
0.0171594	-0.0378869
-0.0098344	-0.0399957
-0.0319909	-0.0250447
-0.0400666	-0.0000589
-0.0314171	0.0241542
-0.0104230	0.0379848
0.0141454	0.0367312
0.0330347	0.0216812
0.0397811	-0.0012012
0.0323689	-0.0237861
0.0133586	-0.0383317
-0.0109871	-0.0395739
-0.0322821	-0.0263066
-0.0423385	-0.0022750
-0.0360917	0.0242205
-0.0142724	0.0426377
0.0156685	0.0442509
0.0416134	0.0264818
0.0516612	-0.0048057
0.0398718	-0.0368541
0.0098802	-0.0553421
-0.0259371	-0.0511863
-0.0518199	-0.0253150
-0.0560323	0.0112937
-0.0365403	0.0425724
-0.0019993	0.0548689
0.0324097	0.0431811
0.0520464	0.0130858
0.0491900	-0.0222888
0.0258113	-0.0483735
-0.0080705	-0.0552274
-0.0390778	-0.0409661
-0.0557750	-0.0116411
-0.0524899	0.0216569
-0.0307309	0.0469002
0.0016693	0.0550202
0.0330912	0.0427478
0.0517498	0.0139033
0.0497277	-0.0213095
0.0263568	-0.0493002
-0.0105104	-0.0579846
-0.0465549	-0.0420492
-0.0663373	-0.0062028
-0.0600894	0.0356770
-0.0288042	0.0658955
0.0152505	0.0707839
0.0534352	0.0473392
0.0690715	0.0051659
0.0552144	-0.0375609
0.0179629	-0.0623091
-0.0263618	-0.0585760
-0.0587039	-0.0283865
-0.0656860	0.0150649
-0.0450034	0.0536137
-0.0056558	0.0719555
0.0364930	0.0635484
0.0653720	0.0324282
0.0706626	-0.0091308
0.0510511	-0.0455751
0.0141801	-0.0636062
-0.0262003	-0.0566012
-0.0548658	-0.0268689
-0.0603337	0.0148175
-0.0392630	0.0525268
0.0015294	0.0707339
0.0467086	0.0605390
0.0778489	0.0240869
0.0810080	-0.0251827
0.0532870	-0.0673465
0.0050533	-0.0843543
-0.0438218	-0.0683033
-0.0724667	-0.0255580
-0.0684321	0.0256109
-0.0334811	0.0630297
0.0171379	0.0705295
0.0615813	0.0450323
0.0810895	-0.0024410
0.0678786	-0.0520231
0.0278334	-0.0837388
-0.0227076	-0.0856261
-0.0640927	-0.0579176
-0.0810921	-0.0121066
-0.0682361	0.0340496
-0.0312264	0.0632642
0.0155185	0.0647805
0.0540410	0.0380073
0.0691152	-0.0071786
0.0538133	-0.0535980
0.0125763	-0.0827102
-0.0396219	-0.0816656
-0.0823615	-0.0489510
-0.0977521	0.0039697
-0.0782651	0.0564220
-0.0308108	0.0867850
0.0253416	0.0819541
0.0664610	0.0436255
0.0747634	-0.0118660
0.0464985	-0.0604516
-0.0062205	-0.0809235
