jMRUI Data Textfile

Filename: Mac.txt

PointsInDataset: 2048      
DatasetsInFile: 1         
SamplingInterval: 2.5E-1    
ZeroOrderPhase: 0E0       
BeginTime: 0E0       
TransmitterFrequency: 1.2322E8  
MagneticField: 2.9E0     
TypeOfNucleus: 0E0       
NameOfPatient: Mac
DateOfExperiment: 
Spectrometer: 
AdditionalInfo: Mac
SignalNames: Mac.txt;


Signal and FFT
sig(real)	sig(imag)	fft(real)	fft(imag)
Signal 1 out of 1 in file
20.0413000	0.0000000
34.7734000	-18.0639000
21.2390000	-30.3467000
4.2129500	-33.6745000
-10.8767000	-28.0563000
-19.8098000	-16.4480000
-20.9394000	-3.4419900
-15.4821000	6.6067200
-6.6700100	11.0776000
1.6947300	9.7876500
6.7595500	4.6047500
7.4786400	-1.5971400
4.6503200	-6.2361500
0.2082470	-7.9446400
-3.7886000	-6.8264100
-6.0149200	-4.0668700
-6.2470200	-1.1635000
-5.1708700	0.7988030
-3.8236800	1.5357300
-2.9946200	1.4891000
-2.8661100	1.4035400
-3.0376300	1.8262400
-2.8758500	2.7874200
-1.9520700	3.8125400
-0.3438790	4.2344300
1.3768400	3.6143500
2.4425900	2.0420400
2.3144500	0.1354320
0.9984260	-1.2437700
-0.9197970	-1.4270900
-2.5449200	-0.2780330
-3.1034100	1.7306800
-2.3043500	3.7529200
-0.4557300	4.9784200
1.7291300	5.0055900
3.5062000	3.9714300
4.4495200	2.4069600
4.5908000	0.8987240
4.2922000	-0.2201470
3.9506700	-0.9917820
3.7225800	-1.7044100
3.4391400	-2.6166200
2.7547400	-3.7121300
1.4258500	-4.6407000
-0.4451460	-4.9007800
-2.3719600	-4.1380100
-3.6748000	-2.4094400
-3.8230900	-0.2363610
-2.7201400	1.5893300
-0.8110570	2.3547200
1.0872400	1.7683300
2.1328000	0.1175470
1.8349000	-1.8360100
0.2831760	-3.1797000
-1.8817900	-3.2429700
-3.7275500	-1.8934600
-4.4352400	0.3964460
-3.6430900	2.7439100
-1.6043400	4.2251800
0.9166280	4.2619700
2.9625800	2.8618700
3.7922000	0.6108840
3.1820500	-1.5933600
1.5027100	-2.9268100
-0.4750880	-2.9935700
-1.9404000	-1.9652800
-2.4113500	-0.4554420
-1.9202000	0.8078120
-0.9397580	1.3404700
-0.0958332	1.1166700
0.1829900	0.5257440
-0.1193690	0.1122470
-0.6293110	0.2420490
-0.8304190	0.8858900
-0.3882900	1.6381600
0.6327930	1.9553400
1.7808700	1.4797700
2.4531600	0.2691830
2.2215300	-1.2044800
1.0821000	-2.2799100
-0.5251660	-2.4356800
-1.9114600	-1.5578600
-2.4678700	-0.0023631
-1.9492000	1.5653200
-0.5815040	2.4781200
1.0437600	2.3607500
2.2437100	1.2861200
2.5331000	-0.2740150
1.8223100	-1.6631900
0.4381530	-2.3186700
-1.0331000	-1.9989800
-1.9912500	-0.8675800
-2.0651400	0.5951260
-1.2537500	1.7961700
0.0962323	2.2755500
1.4485600	1.8828500
2.3059200	0.8175730
2.4125500	-0.4812980
1.8327400	-1.5416300
0.8871680	-2.0623200
-0.0273602	-2.0225400
-0.6367860	-1.6390000
-0.9002880	-1.2111700
-0.9840610	-0.9389070
-1.1145900	-0.8132400
-1.4083400	-0.6531130
-1.7740100	-0.2460640
-1.9596400	0.4756230
-1.7094100	1.3523400
-0.9402830	2.0488700
0.1659730	2.2284700
1.2213800	1.7439600
1.8142100	0.7401560
1.7117900	-0.3950700
0.9824530	-1.2122900
-0.0406720	-1.4046800
-0.9122730	-0.9481010
-1.2852100	-0.0957231
-1.0526900	0.7555320
-0.3750720	1.2494800
0.4223160	1.2203500
1.0020300	0.7351190
1.1596800	0.0414071
0.8858400	-0.5636970
0.3464020	-0.8581330
-0.2108970	-0.7737440
-0.5654040	-0.4032390
-0.6093430	0.0569760
-0.3806180	0.4000470
-0.0321031	0.4989050
0.2460310	0.3581330
0.3212230	0.1057570
0.1862980	-0.0761669
-0.0331729	-0.0514344
-0.1438900	0.1870320
0.0059818	0.4978610
0.4277810	0.6554600
0.9609680	0.4705390
1.3360100	-0.0920978
1.3095700	-0.8695360
0.7951750	-1.5593700
-0.0726111	-1.8594100
-0.9888200	-1.6189100
-1.6168000	-0.9133080
-1.7462200	-0.0096294
-1.3790100	0.7603860
-0.7147180	1.1542000
-0.0411809	1.1114200
0.4058410	0.7568670
0.5329820	0.3070900
0.3971500	-0.0397508
0.1425860	-0.1848070
-0.0865252	-0.1400740
-0.2056780	0.0145553
-0.2004360	0.1900240
-0.0991928	0.3257110
0.0602781	0.3934660
0.2459480	0.3810250
0.4270480	0.2795260
0.5630150	0.0872828
0.6057840	-0.1763380
0.5164600	-0.4619010
0.2872480	-0.6981190
-0.0486423	-0.8156630
-0.4253050	-0.7712230
-0.7651590	-0.5580900
-0.9971250	-0.2040740
-1.0672900	0.2388270
-0.9420000	0.6997840
-0.6147790	1.0912800
-0.1211740	1.3200500
0.4523160	1.3061100
0.9748210	1.0240800
1.3082000	0.5262560
1.3629700	-0.0569061
1.1458300	-0.5621820
0.7565640	-0.8640060
0.3475930	-0.9290170
0.0459347	-0.8254940
-0.1064790	-0.6762850
-0.1623640	-0.5834110
-0.2211050	-0.5692930
-0.3545070	-0.5718820
-0.5543450	-0.4965990
-0.7351040	-0.2885840
-0.7908060	0.0206617
-0.6672920	0.3250020
-0.4029310	0.5044660
-0.1110350	0.4978140
0.0839509	0.3376840
0.1150650	0.1304900
0.0057115	-0.0053454
-0.1519420	-0.0040877
-0.2533710	0.1201400
-0.2374940	0.2924270
-0.1089890	0.4254880
0.0777282	0.4640050
0.2561220	0.4014410
0.3788180	0.2675150
0.4280630	0.1029710
0.4070120	-0.0579969
0.3273090	-0.1912830
0.2045960	-0.2776740
0.0616565	-0.3027690
-0.0706997	-0.2631460
-0.1622650	-0.1745770
-0.1984530	-0.0686552
-0.1899680	0.0233210
-0.1635070	0.0906242
-0.1392420	0.1488700
-0.1089570	0.2235760
-0.0370954	0.3200980
0.1122430	0.4028370
0.3367280	0.4040690
0.5751920	0.2644410
0.7262230	-0.0194903
0.6997990	-0.3739830
0.4750000	-0.6730060
0.1225200	-0.8009740
-0.2242740	-0.7163810
-0.4379780	-0.4767930
-0.4644070	-0.2076050
-0.3473110	-0.0321327
-0.1974330	-0.0054749
-0.1246800	-0.0912214
-0.1762100	-0.1920820
-0.3179000	-0.2133980
-0.4637180	-0.1163460
-0.5321050	0.0674869
-0.4902300	0.2656170
-0.3615970	0.4110580
-0.1996060	0.4763120
-0.0503372	0.4745680
0.0686985	0.4352830
0.1636660	0.3783660
0.2426650	0.3046930
0.3000370	0.2078110
0.3179800	0.0924447
0.2843630	-0.0184403
0.2068480	-0.0946564
0.1136960	-0.1177790
0.0373649	-0.0935460
-0.0047522	-0.0454166
-0.0161807	0.0033854
-0.0107279	0.0449655
0.0055048	0.0853579
0.0417309	0.1284090
0.1119240	0.1604830
0.2132750	0.1511210
0.3138530	0.0749286
0.3634240	-0.0628445
0.3245130	-0.2167880
0.2028330	-0.3214560
0.0530051	-0.3317520
-0.0509909	-0.2554890
-0.0623602	-0.1546420
0.0045573	-0.1079780
0.0785151	-0.1594140
0.0756162	-0.2845100
-0.0448839	-0.4005400
-0.2494620	-0.4166010
-0.4454490	-0.2914680
-0.5350780	-0.0622450
-0.4740180	0.1748390
-0.2966090	0.3202670
-0.0942684	0.3278440
0.0398633	0.2263310
0.0624893	0.0961291
-0.0022564	0.0178335
-0.0860641	0.0274037
-0.1224190	0.1026740
-0.0838881	0.1861220
0.0095171	0.2235400
0.1105750	0.1924620
0.1748850	0.1070930
0.1805900	0.0017545
0.1300400	-0.0890615
0.0395030	-0.1410700
-0.0691791	-0.1404760
-0.1702670	-0.0804612
-0.2325550	0.0341943
-0.2246960	0.1800450
-0.1308260	0.3119810
0.0318576	0.3767250
0.2108960	0.3392250
0.3378830	0.2077740
0.3649060	0.0363692
0.2933160	-0.1005130
0.1762640	-0.1507020
0.0872257	-0.1154500
0.0737211	-0.0480892
0.1279370	-0.0183108
0.1918720	-0.0644630
0.1991920	-0.1665220
0.1220440	-0.2590550
-0.0058678	-0.2768310
-0.1102210	-0.2022700
-0.1260690	-0.0819001
-0.0445374	0.0009000
0.0762011	-0.0196916
0.1440320	-0.1465510
0.0897093	-0.3128590
-0.0890211	-0.4187550
-0.3233130	-0.3889390
-0.5104000	-0.2140590
-0.5687320	0.0451267
-0.4757910	0.2930710
-0.2732590	0.4468750
-0.0375521	0.4706700
0.1579700	0.3802050
0.2694330	0.2227680
0.2872630	0.0516012
0.2264240	-0.0907956
0.1136910	-0.1765740
-0.0176910	-0.1919750
-0.1308560	-0.1383350
-0.1918330	-0.0365517
-0.1835130	0.0738746
-0.1175700	0.1486410
-0.0342523	0.1613440
0.0177385	0.1222470
0.0118470	0.0754627
-0.0353490	0.0726560
-0.0700009	0.1364600
-0.0346609	0.2385550
0.0901064	0.3108780
0.2643560	0.2864020
0.4057630	0.1451570
0.4363200	-0.0659194
0.3322570	-0.2541670
0.1423900	-0.3340800
-0.0372858	-0.2779180
-0.1189120	-0.1332470
-0.0736205	0.0061723
0.0539709	0.0550137
0.1747380	-0.0148758
0.2084750	-0.1623650
0.1277650	-0.3056710
-0.0326655	-0.3713170
-0.2027940	-0.3312620
-0.3185140	-0.2098070
-0.3524080	-0.0596481
-0.3154510	0.0706282
-0.2388470	0.1570590
-0.1506710	0.1994460
-0.0661163	0.2069830
0.0080280	0.1862350
0.0636943	0.1408030
0.0894283	0.0793151
0.0787505	0.0207633
0.0406691	-0.0122037
0.0002303	-0.0083614
-0.0154541	0.0209182
0.0032151	0.0463027
0.0387088	0.0406550
0.0568639	0.0008699
0.0322700	-0.0460757
-0.0294106	-0.0598719
-0.0901217	-0.0169129
-0.1029480	0.0682798
-0.0455264	0.1472240
0.0601570	0.1671000
0.1576230	0.1065900
0.1903930	-0.0070345
0.1386920	-0.1128580
0.0329696	-0.1541840
-0.0654161	-0.1141850
-0.1036310	-0.0250807
-0.0699487	0.0549940
0.0022664	0.0809842
0.0608087	0.0487351
0.0716864	-0.0070939
0.0405010	-0.0418430
0.0039662	-0.0346101
-0.0009831	-0.0024930
0.0329174	0.0144233
0.0763466	-0.0143506
0.0844578	-0.0839933
0.0303434	-0.1540320
-0.0729325	-0.1740970
-0.1773660	-0.1174060
-0.2281180	0.0005778
-0.1958080	0.1302830
-0.0920863	0.2162270
0.0397540	0.2255300
0.1488580	0.1607470
0.2009490	0.0521474
0.1867160	-0.0613944
0.1168560	-0.1469330
0.0129674	-0.1828080
-0.0979253	-0.1566990
-0.1824860	-0.0674667
-0.2036180	0.0678752
-0.1334380	0.2069860
0.0260130	0.2879600
0.2278930	0.2536200
0.3886190	0.0858085
0.4219950	-0.1717740
0.2850350	-0.4212260
0.0094639	-0.5518030
-0.3044160	-0.4947030
-0.5312140	-0.2621300
-0.5818840	0.0560183
-0.4457280	0.3349000
-0.1923380	0.4760190
0.0690808	0.4500640
0.2449840	0.3017250
0.2972870	0.1145950
0.2485480	-0.0357641
0.1533630	-0.1140700
0.0621842	-0.1284320
-0.0018310	-0.1079490
-0.0410349	-0.0768921
-0.0659094	-0.0427615
-0.0793450	-0.0026686
-0.0746925	0.0427675
-0.0463725	0.0824207
-0.0006114	0.1008570
0.0448196	0.0915790
0.0726804	0.0640601
0.0798518	0.0373282
0.0798037	0.0241474
0.0904738	0.0192702
0.1163640	0.0026488
0.1403660	-0.0429895
0.1334110	-0.1135200
0.0769752	-0.1794830
-0.0183029	-0.2023750
-0.1133450	-0.1611320
-0.1625170	-0.0699877
-0.1430210	0.0266743
-0.0708049	0.0806372
0.0086321	0.0700306
0.0494434	0.0123895
0.0343362	-0.0486720
-0.0166617	-0.0737504
-0.0633581	-0.0534709
-0.0756286	-0.0117643
-0.0546236	0.0151040
-0.0296645	0.0078453
-0.0335514	-0.0203702
-0.0749671	-0.0334251
-0.1286140	-0.0003302
-0.1510240	0.0791206
-0.1109080	0.1699230
-0.0126835	0.2224330
0.1037190	0.2039390
0.1864240	0.1193100
0.2023180	0.0073757
0.1542220	-0.0836331
0.0744741	-0.1237000
0.0016148	-0.1135460
-0.0420055	-0.0760898
-0.0572054	-0.0359428
-0.0572008	-0.0037237
-0.0510719	0.0241182
-0.0358730	0.0528296
-0.0032654	0.0769881
0.0462782	0.0806003
0.0956141	0.0501202
0.1182730	-0.0102177
0.0967690	-0.0749348
0.0382116	-0.1108980
-0.0267758	-0.0994651
-0.0626165	-0.0507403
-0.0528136	0.0017736
-0.0116025	0.0237201
0.0259767	0.0038412
0.0293173	-0.0381854
-0.0053334	-0.0663713
-0.0520133	-0.0553824
-0.0741984	-0.0100387
-0.0524826	0.0372023
-0.0004924	0.0496433
0.0432732	0.0139533
0.0422605	-0.0481665
-0.0114821	-0.0931805
-0.0898828	-0.0849104
-0.1463380	-0.0194433
-0.1457310	0.0717930
-0.0865381	0.1422390
-0.0000628	0.1596150
0.0713884	0.1240140
0.1012740	0.0634702
0.0919166	0.0121274
0.0666486	-0.0124881
0.0488840	-0.0165857
0.0449367	-0.0190541
0.0431387	-0.0322107
0.0280502	-0.0508639
-0.0029037	-0.0577388
-0.0347329	-0.0400104
-0.0458621	-0.0029581
-0.0262845	0.0312242
0.0123791	0.0392105
0.0435628	0.0147639
0.0448372	-0.0252045
0.0149237	-0.0521761
-0.0247829	-0.0469729
-0.0458948	-0.0142060
-0.0344218	0.0210931
-0.0014708	0.0325582
0.0252091	0.0129581
0.0228599	-0.0197350
-0.0078130	-0.0358254
-0.0418455	-0.0172538
-0.0481508	0.0269450
-0.0136143	0.0650788
0.0448511	0.0650847
0.0900255	0.0184406
0.0895314	-0.0517135
0.0387004	-0.1046920
-0.0353674	-0.1092210
-0.0915550	-0.0640122
-0.1017840	0.0022862
-0.0683271	0.0512813
-0.0196972	0.0606108
0.0110973	0.0369037
0.0094407	0.0077102
-0.0128028	-0.0006681
-0.0292344	0.0176079
-0.0205191	0.0453971
0.0108911	0.0576171
0.0435828	0.0414986
0.0545779	0.0063912
0.0373345	-0.0239751
0.0063748	-0.0301783
-0.0145325	-0.0118454
-0.0111575	0.0127670
0.0104707	0.0219985
0.0296955	0.0082030
0.0285317	-0.0162445
0.0068454	-0.0293568
-0.0169684	-0.0181022
-0.0206899	0.0097563
0.0028694	0.0303685
0.0380537	0.0223291
0.0564561	-0.0153549
0.0381148	-0.0597175
-0.0119002	-0.0787758
-0.0645195	-0.0545717
-0.0857059	0.0025028
-0.0600100	0.0592183
-0.0019955	0.0813932
0.0532694	0.0568427
0.0737952	0.0031648
0.0516603	-0.0451429
0.0066572	-0.0607149
-0.0294021	-0.0409945
-0.0357524	-0.0074945
-0.0162186	0.0120858
0.0061956	0.0049041
0.0086190	-0.0184516
-0.0134973	-0.0337564
-0.0432071	-0.0231997
-0.0557297	0.0100289
-0.0383962	0.0437902
-0.0011344	0.0539465
0.0304869	0.0331370
0.0344099	-0.0030923
0.0088317	-0.0275838
-0.0262122	-0.0217363
-0.0436568	0.0106477
-0.0294131	0.0462969
0.0074647	0.0598629
0.0420189	0.0425442
0.0522909	0.0079696
0.0354851	-0.0189178
0.0091448	-0.0212384
-0.0033269	-0.0028858
0.0085902	0.0151473
0.0339142	0.0119212
0.0485802	-0.0161441
0.0345947	-0.0512989
-0.0050801	-0.0672207
-0.0472067	-0.0490664
-0.0645708	-0.0053745
-0.0458965	0.0370395
-0.0043407	0.0520579
0.0318967	0.0328855
0.0399676	-0.0034914
0.0186293	-0.0293512
-0.0117049	-0.0269684
-0.0250843	-0.0015430
-0.0100536	0.0233444
0.0214519	0.0242184
0.0430942	-0.0038091
0.0342572	-0.0425978
-0.0038653	-0.0639610
-0.0482779	-0.0504482
-0.0704357	-0.0084622
-0.0566151	0.0360748
-0.0175362	0.0562164
0.0200305	0.0428823
0.0327701	0.0103439
0.0172228	-0.0154433
-0.0091598	-0.0165250
-0.0225022	0.0042129
-0.0112325	0.0264907
0.0152549	0.0292862
0.0344139	0.0077121
0.0285770	-0.0228586
-0.0007406	-0.0385316
-0.0333324	-0.0254208
-0.0452438	0.0092508
-0.0267995	0.0420406
0.0099924	0.0504781
0.0402836	0.0295618
0.0447685	-0.0048748
0.0236561	-0.0284453
-0.0042975	-0.0266397
-0.0167876	-0.0053704
-0.0054152	0.0143647
0.0178815	0.0135245
0.0304061	-0.0094428
0.0170015	-0.0366678
-0.0170358	-0.0442887
-0.0486061	-0.0212248
-0.0534593	0.0210984
-0.0245355	0.0557379
0.0218387	0.0591845
0.0567785	0.0283672
0.0590144	-0.0168944
0.0296291	-0.0479109
-0.0093729	-0.0473052
-0.0314428	-0.0206522
-0.0246005	0.0088248
0.0007655	0.0181859
0.0208735	0.0018150
0.0172490	-0.0250563
-0.0091482	-0.0386879
-0.0388130	-0.0253819
-0.0487736	0.0078139
-0.0302063	0.0383021
0.0047173	0.0449322
0.0319049	0.0238367
0.0332887	-0.0088059
0.0100893	-0.0290813
-0.0185660	-0.0232385
-0.0304542	0.0023612
-0.0170570	0.0266510
0.0103135	0.0303050
0.0296715	0.0105700
0.0255657	-0.0168346
0.0011258	-0.0301016
-0.0243429	-0.0184234
-0.0303433	0.0093845
-0.0112483	0.0314413
0.0189109	0.0295880
0.0367873	0.0036277
0.0274287	-0.0279748
-0.0040665	-0.0416186
-0.0359067	-0.0262412
-0.0455805	0.0082157
-0.0265131	0.0380223
0.0071320	0.0432055
0.0311671	0.0222544
0.0295485	-0.0070470
0.0063373	-0.0213369
-0.0175814	-0.0095724
-0.0205775	0.0184276
0.0029447	0.0392038
0.0377638	0.0334171
0.0586900	0.0007270
0.0491066	-0.0393016
0.0133249	-0.0610638
-0.0263177	-0.0512558
-0.0454958	-0.0181917
-0.0350772	0.0147012
-0.0068951	0.0261149
0.0159343	0.0119787
0.0165297	-0.0126841
-0.0035836	-0.0260921
-0.0265935	-0.0165996
-0.0328165	0.0086711
-0.0161407	0.0298376
0.0112687	0.0300233
0.0285198	0.0086329
0.0222913	-0.0180493
-0.0027015	-0.0293627
-0.0271316	-0.0162383
-0.0318003	0.0116531
-0.0123831	0.0330994
0.0170678	0.0314407
0.0346625	0.0073267
0.0272297	-0.0216523
0.0003301	-0.0342117
-0.0259372	-0.0214718
-0.0321909	0.0063447
-0.0144992	0.0277460
0.0126372	0.0264277
0.0274020	0.0038437
0.0174812	-0.0217504
-0.0101897	-0.0291533
-0.0342909	-0.0106133
-0.0351061	0.0217726
-0.0096295	0.0445806
0.0255900	0.0403652
0.0462104	0.0108155
0.0378489	-0.0240793
0.0066648	-0.0403828
-0.0250624	-0.0275035
-0.0350994	0.0043046
-0.0171934	0.0316535
0.0148468	0.0351442
0.0377285	0.0131413
0.0358328	-0.0177402
0.0121604	-0.0355210
-0.0148232	-0.0291439
-0.0256115	-0.0060364
-0.0142998	0.0144487
0.0076097	0.0163069
0.0208096	-0.0009074
0.0135182	-0.0221671
-0.0093391	-0.0290842
-0.0300358	-0.0144726
-0.0319570	0.0118688
-0.0126664	0.0306304
0.0140065	0.0279099
0.0285004	0.0060407
0.0205943	-0.0180899
-0.0026284	-0.0260316
-0.0221677	-0.0121251
-0.0218572	0.0118808
-0.0012039	0.0257064
0.0236511	0.0162933
0.0318725	-0.0115238
0.0139654	-0.0377843
-0.0202560	-0.0418615
-0.0480127	-0.0179790
-0.0497764	0.0198702
-0.0235076	0.0474366
0.0136403	0.0473626
0.0375178	0.0213828
0.0340427	-0.0112537
0.0088022	-0.0279419
-0.0178013	-0.0188849
-0.0259207	0.0065390
-0.0106500	0.0275945
0.0151111	0.0280561
0.0311219	0.0081210
0.0253828	-0.0163913
0.0030170	-0.0266030
-0.0180794	-0.0151392
-0.0212731	0.0083952
-0.0040123	0.0250304
0.0202853	0.0211558
0.0326335	-0.0009926
0.0230956	-0.0250607
-0.0015872	-0.0331333
-0.0231764	-0.0194522
-0.0259169	0.0052155
-0.0085840	0.0218747
0.0146290	0.0179315
0.0250855	-0.0031256
0.0141401	-0.0243717
-0.0100441	-0.0285197
-0.0285989	-0.0114024
-0.0264269	0.0144640
-0.0040548	0.0291234
0.0222454	0.0203361
0.0323503	-0.0067902
0.0173598	-0.0330955
-0.0134701	-0.0392763
-0.0392233	-0.0200951
-0.0424798	0.0117331
-0.0218900	0.0348487
0.0071652	0.0348253
0.0242191	0.0144099
0.0188735	-0.0091183
-0.0018770	-0.0173404
-0.0195276	-0.0046510
-0.0185513	0.0177630
0.0015514	0.0307750
0.0257681	0.0222563
0.0350113	-0.0033004
0.0208229	-0.0277917
-0.0078090	-0.0329422
-0.0307193	-0.0140888
-0.0312807	0.0160500
-0.0086082	0.0364533
0.0217917	0.0329713
0.0393430	0.0083503
0.0331414	-0.0202002
0.0092987	-0.0338405
-0.0143772	-0.0256248
-0.0220302	-0.0046987
-0.0112154	0.0115942
0.0062611	0.0113871
0.0144183	-0.0029483
0.0060500	-0.0173929
-0.0116285	-0.0180675
-0.0230038	-0.0027813
-0.0168881	0.0167842
0.0038480	0.0241291
0.0236772	0.0112581
0.0260386	-0.0141192
0.0064745	-0.0334541
-0.0229418	-0.0309456
-0.0416054	-0.0058058
-0.0352750	0.0262293
-0.0067697	0.0436475
0.0254681	0.0344549
0.0402119	0.0048816
0.0284227	-0.0249920
-0.0006056	-0.0354712
-0.0262595	-0.0210487
-0.0315226	0.0063350
-0.0148151	0.0265987
0.0097611	0.0263251
0.0236018	0.0080690
0.0175611	-0.0124712
-0.0017086	-0.0189690
-0.0175842	-0.0069337
-0.0166360	0.0132547
0.0009498	0.0247523
0.0216881	0.0175184
0.0293701	-0.0038542
0.0176885	-0.0236806
-0.0048212	-0.0273078
-0.0213201	-0.0124537
-0.0196326	0.0089798
-0.0016875	0.0200262
0.0178575	0.0117567
0.0228227	-0.0096902
0.0080042	-0.0276036
-0.0165471	-0.0273425
-0.0328854	-0.0076331
-0.0286222	0.0181868
-0.0063496	0.0319445
0.0181380	0.0241584
0.0275371	0.0011067
0.0158816	-0.0198877
-0.0071271	-0.0234358
-0.0235487	-0.0075508
-0.0207793	0.0150178
-0.0010359	0.0265616
0.0204073	0.0179037
0.0268724	-0.0045954
0.0130190	-0.0238182
-0.0109694	-0.0248576
-0.0269346	-0.0063940
-0.0223882	0.0181066
0.0000135	0.0303152
0.0242629	0.0206688
0.0327561	-0.0044792
0.0192183	-0.0275062
-0.0068078	-0.0324475
-0.0271450	-0.0165416
-0.0283698	0.0081262
-0.0113757	0.0239334
0.0099136	0.0208372
0.0194659	0.0034315
0.0112805	-0.0132021
-0.0064399	-0.0154606
-0.0180916	-0.0017567
-0.0130823	0.0163952
0.0057432	0.0235004
0.0241387	0.0123177
0.0273932	-0.0102167
0.0117788	-0.0279700
-0.0122749	-0.0277682
-0.0277967	-0.0094696
-0.0239512	0.0137558
-0.0041851	0.0252011
0.0163675	0.0171182
0.0222943	-0.0035250
0.0095118	-0.0203973
-0.0117030	-0.0202300
-0.0245634	-0.0029177
-0.0185876	0.0183567
0.0023284	0.0270993
0.0227127	0.0160675
0.0271195	-0.0070866
0.0118253	-0.0253828
-0.0122181	-0.0251628
-0.0274096	-0.0063268
-0.0225302	0.0174985
-0.0010385	0.0290142
0.0215407	0.0199836
0.0291348	-0.0028325
0.0168959	-0.0228970
-0.0055224	-0.0262532
-0.0214968	-0.0117191
-0.0199867	0.0086602
-0.0036082	0.0190625
0.0137509	0.0119807
0.0178294	-0.0062216
0.0050105	-0.0204197
-0.0148987	-0.0185057
-0.0262191	-0.0008124
-0.0194533	0.0199940
0.0013277	0.0284654
0.0214119	0.0180906
0.0264617	-0.0037154
0.0132654	-0.0211468
-0.0079113	-0.0218602
-0.0211361	-0.0061723
-0.0168399	0.0133458
0.0010467	0.0215282
0.0182446	0.0121669
0.0211283	-0.0073067
0.0071996	-0.0215687
-0.0129450	-0.0191871
-0.0236653	-0.0014724
-0.0162430	0.0183532
0.0043235	0.0251007
0.0228932	0.0131514
0.0254941	-0.0091297
0.0098496	-0.0255056
-0.0128035	-0.0239435
-0.0260152	-0.0055975
-0.0203356	0.0160518
-0.0002722	0.0252375
0.0191686	0.0155997
0.0237433	-0.0052168
0.0105422	-0.0214571
-0.0100240	-0.0211403
-0.0222335	-0.0049716
-0.0169583	0.0143714
0.0015247	0.0219508
0.0188899	0.0118969
0.0216785	-0.0082044
0.0074792	-0.0231112
-0.0132930	-0.0214635
-0.0252997	-0.0043164
-0.0198302	0.0157443
-0.0012534	0.0241581
0.0164470	0.0153306
0.0203439	-0.0033260
0.0083133	-0.0172280
-0.0095497	-0.0158428
-0.0188324	-0.0007020
-0.0119694	0.0158737
0.0058774	0.0203398
0.0207362	0.0084615
0.0205505	-0.0112443
0.0045564	-0.0238423
-0.0158691	-0.0193150
-0.0256077	-0.0003162
-0.0171623	0.0195886
0.0036114	0.0259283
0.0217395	0.0141095
0.0242132	-0.0071515
0.0096106	-0.0223120
-0.0109505	-0.0205537
-0.0221891	-0.0037352
-0.0160690	0.0151719
0.0023258	0.0219310
0.0188092	0.0117126
0.0208916	-0.0074154
0.0071822	-0.0207451
-0.0116752	-0.0181334
-0.0211724	-0.0016646
-0.0139796	0.0159952
0.0045030	0.0212508
0.0202595	0.0098995
0.0212823	-0.0096884
0.0066487	-0.0229083
-0.0128063	-0.0199522
-0.0226956	-0.0031775
-0.0159318	0.0147349
0.0019881	0.0204086
0.0172205	0.0098633
0.0181096	-0.0085390
0.0040010	-0.0205086
-0.0143100	-0.0166983
-0.0228082	0.0002126
-0.0149045	0.0175694
0.0035709	0.0223511
0.0187961	0.0110399
0.0194344	-0.0077267
0.0052129	-0.0197122
-0.0128883	-0.0158713
-0.0209702	0.0008028
-0.0127522	0.0175546
0.0056644	0.0215299
0.0204010	0.0095143
0.0202902	-0.0096198
0.0053113	-0.0215975
-0.0133917	-0.0175004
-0.0219138	-0.0004683
-0.0140518	0.0167019
0.0040697	0.0212284
0.0186837	0.0099666
0.0188133	-0.0082757
0.0045584	-0.0194597
-0.0130147	-0.0149689
-0.0202745	0.0018597
-0.0113563	0.0182494
0.0073803	0.0216242
0.0221218	0.0090984
0.0219663	-0.0103581
0.0070837	-0.0226590
-0.0114872	-0.0191572
-0.0201915	-0.0030458
-0.0131359	0.0131820
0.0036017	0.0172568
0.0167079	0.0063828
0.0158194	-0.0107317
0.0013927	-0.0205873
-0.0156631	-0.0152004
-0.0222952	0.0017954
-0.0132305	0.0178732
0.0049952	0.0210761
0.0189436	0.0090461
0.0183849	-0.0092029
0.0039623	-0.0200883
-0.0133591	-0.0156700
-0.0206144	0.0004441
-0.0126056	0.0159374
0.0042688	0.0191739
0.0169829	0.0079999
0.0158476	-0.0086997
0.0018897	-0.0178456
-0.0139492	-0.0121872
-0.0191706	0.0041219
-0.0092951	0.0186191
0.0086312	0.0199850
0.0212688	0.0066790
0.0190195	-0.0117839
0.0032927	-0.0218980
-0.0144899	-0.0162664
-0.0214056	0.0008740
-0.0126556	0.0168494
0.0049308	0.0200456
0.0181182	0.0085496
0.0172439	-0.0085498
0.0034239	-0.0181332
-0.0124158	-0.0129948
-0.0179022	0.0027520
-0.0086193	0.0168589
0.0085504	0.0182658
0.0206440	0.0054950
0.0184181	-0.0122174
0.0033191	-0.0218816
-0.0136277	-0.0165174
-0.0201313	-0.0003520
-0.0118487	0.0144477
0.0044544	0.0169880
0.0161364	0.0058226
0.0143014	-0.0100770
0.0005039	-0.0182426
-0.0145169	-0.0122312
-0.0190795	0.0034824
-0.0094905	0.0169339
0.0071140	0.0177996
0.0181698	0.0052835
0.0152259	-0.0112269
0.0003838	-0.0192355
-0.0152416	-0.0125884
-0.0198897	0.0038570
-0.0100116	0.0178721
0.0070605	0.0190582
0.0186523	0.0066550
0.0162930	-0.0099338
0.0020586	-0.0182730
-0.0130626	-0.0122863
-0.0175296	0.0031943
-0.0079939	0.0161428
0.0081792	0.0164882
0.0185026	0.0037731
0.0148462	-0.0124673
-0.0003746	-0.0198882
-0.0159641	-0.0126524
-0.0203329	0.0041465
-0.0101777	0.0182787
0.0070696	0.0195154
0.0188422	0.0072259
0.0168387	-0.0092591
0.0031394	-0.0177457
-0.0115278	-0.0123368
-0.0159979	0.0022500
-0.0071157	0.0144179
0.0079691	0.0145932
0.0173423	0.0025175
0.0134587	-0.0125793
-0.0010752	-0.0190344
-0.0154459	-0.0116510
-0.0188219	0.0043068
-0.0085637	0.0170512
0.0077547	0.0171474
0.0180410	0.0046153
0.0147740	-0.0111123
0.0006205	-0.0183198
-0.0136488	-0.0118231
-0.0173419	0.0031931
-0.0079106	0.0151901
0.0071927	0.0150693
0.0162470	0.0030705
0.0122160	-0.0114487
-0.0018817	-0.0171687
-0.0152524	-0.0094539
-0.0175314	0.0060686
-0.0066869	0.0177231
0.0093667	0.0166104
0.0186853	0.0033690
0.0142803	-0.0122457
-0.0006038	-0.0186557
-0.0149045	-0.0111404
-0.0180269	0.0046361
-0.0077631	0.0168957
0.0081042	0.0165837
0.0176963	0.0041198
0.0139650	-0.0109971
-0.0000665	-0.0173936
-0.0136689	-0.0103799
-0.0165429	0.0045850
-0.0065705	0.0160878
0.0086547	0.0154079
0.0176241	0.0030692
0.0136172	-0.0116256
-0.0002730	-0.0176745
-0.0135534	-0.0106819
-0.0163141	0.0038890
-0.0066991	0.0149357
0.0077693	0.0141681
0.0159809	0.0023606
0.0117044	-0.0113129
-0.0016997	-0.0163244
-0.0138946	-0.0088302
-0.0154865	0.0054056
-0.0052196	0.0154252
0.0090397	0.0134597
0.0162798	0.0009042
0.0107544	-0.0126750
-0.0035677	-0.0167710
-0.0159106	-0.0079371
-0.0167943	0.0075061
-0.0052145	0.0181336
0.0105171	0.0159599
0.0189333	0.0024371
0.0139508	-0.0126044
-0.0006255	-0.0182817
-0.0139923	-0.0107400
-0.0164470	0.0040624
-0.0065902	0.0149231
0.0077554	0.0138396
0.0155493	0.0019637
0.0108916	-0.0113878
-0.0025702	-0.0158639
-0.0144790	-0.0079316
-0.0156579	0.0064815
-0.0050579	0.0165085
0.0094703	0.0145779
0.0171317	0.0021160
0.0123330	-0.0115725
-0.0011434	-0.0163590
-0.0130718	-0.0089247
-0.0145536	0.0048088
-0.0047329	0.0142518
0.0086354	0.0122196
0.0151479	0.0003735
0.0097046	-0.0120887
-0.0036041	-0.0154767
-0.0146107	-0.0070187
-0.0148234	0.0069928
-0.0039180	0.0159540
0.0099599	0.0129995
0.0163266	0.0002480
0.0102906	-0.0127432
-0.0037159	-0.0161571
-0.0152336	-0.0073148
-0.0156191	0.0072903
-0.0045242	0.0168560
0.0098616	0.0143620
0.0169804	0.0017928
0.0118114	-0.0114210
-0.0014312	-0.0155419
-0.0125748	-0.0078356
-0.0132258	0.0054516
-0.0031035	0.0139138
0.0098003	0.0109263
0.0153441	-0.0013146
0.0089752	-0.0134580
-0.0047707	-0.0160993
-0.0156591	-0.0069354
-0.0154690	0.0074405
-0.0042064	0.0164535
0.0098726	0.0134718
0.0164273	0.0007644
0.0107513	-0.0122210
-0.0027699	-0.0159405
-0.0140178	-0.0078559
-0.0147596	0.0057757
-0.0047548	0.0147151
0.0082066	0.0124749
0.0143078	0.0011241
0.0091496	-0.0104251
-0.0029966	-0.0132916
-0.0125602	-0.0053936
-0.0120479	0.0070199
-0.0017934	0.0142075
0.0103045	0.0104401
0.0148347	-0.0015715
0.0081090	-0.0127003
-0.0049470	-0.0143504
-0.0144681	-0.0050499
-0.0131206	0.0083371
-0.0017140	0.0157326
0.0113192	0.0114476
0.0162201	-0.0014760
0.0092368	-0.0134829
-0.0045197	-0.0156351
-0.0148653	-0.0063077
-0.0141398	0.0075901
-0.0029122	0.0157702
0.0104781	0.0122331
0.0161708	-0.0003104
0.0101193	-0.0125402
-0.0029845	-0.0155374
-0.0133417	-0.0074106
-0.0134473	0.0054269
-0.0036611	0.0132158
0.0082096	0.0102580
0.0129474	-0.0008459
0.0069465	-0.0112908
-0.0050913	-0.0128498
-0.0138017	-0.0041681
-0.0123436	0.0082122
-0.0016412	0.0148510
0.0102950	0.0106190
0.0144467	-0.0013697
0.0076442	-0.0120866
-0.0050015	-0.0134149
-0.0139393	-0.0042973
-0.0123831	0.0084479
-0.0014310	0.0152632
0.0107692	0.0110496
0.0151693	-0.0010103
0.0086301	-0.0118845
-0.0037530	-0.0135262
-0.0125471	-0.0049330
-0.0111413	0.0071425
-0.0007401	0.0133536
0.0105785	0.0088698
0.0140180	-0.0029509
0.0067612	-0.0131042
-0.0058612	-0.0137703
-0.0143743	-0.0042607
-0.0123131	0.0084169
-0.0011203	0.0148082
0.0109074	0.0101183
0.0148318	-0.0021824
0.0077629	-0.0129607
-0.0050027	-0.0142639
-0.0139865	-0.0052471
-0.0126370	0.0072579
-0.0021918	0.0139285
0.0093454	0.0099559
0.0132945	-0.0014094
0.0068337	-0.0114080
-0.0049462	-0.0124459
-0.0129810	-0.0038238
-0.0111424	0.0077986
-0.0008710	0.0135165
0.0099600	0.0089658
0.0130607	-0.0023699
0.0060357	-0.0118249
-0.0057943	-0.0121473
-0.0134344	-0.0030119
-0.0110408	0.0087275
-0.0003525	0.0142298
0.0106265	0.0093615
0.0136880	-0.0021816
0.0066290	-0.0116834
-0.0050953	-0.0120132
-0.0125183	-0.0030232
-0.0099654	0.0083484
0.0006401	0.0133440
0.0112260	0.0080318
0.0136804	-0.0036967
0.0059975	-0.0130476
-0.0061807	-0.0129557
-0.0137970	-0.0034200
-0.0111864	0.0084828
-0.0003294	0.0139097
0.0106486	0.0088835
0.0135875	-0.0027511
0.0064006	-0.0122554
-0.0054119	-0.0125796
-0.0129563	-0.0036321
-0.0106571	0.0077205
-0.0004180	0.0128897
0.0098849	0.0080561
0.0124062	-0.0029860
0.0052680	-0.0117584
-0.0060517	-0.0115510
-0.0129065	-0.0025064
-0.0100530	0.0085092
0.0003775	0.0131262
0.0105014	0.0078180
0.0126561	-0.0034320
0.0051937	-0.0121494
-0.0062850	-0.0117746
-0.0131745	-0.0026046
-0.0103616	0.0084597
-0.0000589	0.0131491
0.0099106	0.0080696
0.0120602	-0.0027679
0.0049023	-0.0110326
-0.0059566	-0.0104162
-0.0121028	-0.0014198
-0.0087253	0.0090356
0.0017186	0.0128740
0.0113493	0.0070070
0.0128294	-0.0042988
0.0049269	-0.0126229
-0.0065340	-0.0117392
-0.0130458	-0.0023121
-0.0098192	0.0086023
0.0006278	0.0128720
0.0103889	0.0074011
0.0121390	-0.0035679
0.0046436	-0.0116873
-0.0063436	-0.0108165
-0.0124552	-0.0016439
-0.0090375	0.0088591
0.0013462	0.0127237
0.0108705	0.0070018
0.0123645	-0.0040225
0.0047141	-0.0120820
-0.0063194	-0.0111656
-0.0124655	-0.0020303
-0.0091762	0.0084042
0.0009777	0.0122993
0.0102938	0.0067974
0.0117747	-0.0038680
0.0043920	-0.0116247
-0.0061946	-0.0106839
-0.0119755	-0.0018913
-0.0086754	0.0079727
0.0010314	0.0113859
0.0095989	0.0058126
0.0103802	-0.0043806
0.0027068	-0.0112642
-0.0075870	-0.0093975
-0.0125873	0.0000040
-0.0083159	0.0099496
0.0022182	0.0129436
0.0112520	0.0066539
0.0121013	-0.0043053
0.0041866	-0.0118277
-0.0065332	-0.0103996
-0.0120507	-0.0012254
-0.0083230	0.0087101
0.0017183	0.0119209
0.0104194	0.0060512
0.0111997	-0.0043862
0.0035071	-0.0114558
-0.0067976	-0.0098088
-0.0118983	-0.0007125
-0.0079378	0.0089336
0.0020816	0.0118297
0.0105867	0.0057913
0.0111661	-0.0046182
0.0034036	-0.0115540
-0.0068312	-0.0098189
-0.0118360	-0.0007708
-0.0078926	0.0087344
0.0019512	0.0115430
0.0102205	0.0056034
0.0106845	-0.0045140
0.0030601	-0.0111095
-0.0068029	-0.0091965
-0.0113782	-0.0002687
-0.0071735	0.0088508
0.0026284	0.0111933
0.0105891	0.0049261
0.0106490	-0.0052609
0.0027111	-0.0117070
-0.0072925	-0.0095698
-0.0118884	-0.0004747
-0.0077018	0.0087310
0.0020132	0.0111623
0.0098615	0.0050924
0.0099111	-0.0047665
0.0021750	-0.0108539
-0.0074162	-0.0084944
-0.0115192	0.0005640
-0.0069421	0.0094796
0.0029389	0.0114958
0.0107320	0.0050490
0.0106115	-0.0050529
0.0027059	-0.0112650
-0.0070132	-0.0089943
-0.0112514	-0.0000476
-0.0068914	0.0087601
0.0026779	0.0107683
0.0101508	0.0044964
0.0098401	-0.0052604
0.0019699	-0.0110780
-0.0075114	-0.0085237
-0.0114411	0.0005025
-0.0068539	0.0092186
0.0027920	0.0110931
0.0102470	0.0047701
0.0099521	-0.0049300
0.0022247	-0.0106762
-0.0070105	-0.0081727
-0.0107239	0.0006101
-0.0061012	0.0089512
0.0033416	0.0104803
0.0104345	0.0039973
0.0097846	-0.0056297
0.0018493	-0.0111549
-0.0074212	-0.0084305
-0.0110865	0.0004730
-0.0064510	0.0088501
0.0029256	0.0104344
0.0099455	0.0041182
0.0093484	-0.0052441
0.0016712	-0.0105398
-0.0071935	-0.0077907
-0.0104887	0.0008507
-0.0057221	0.0087587
0.0034519	0.0098776
0.0100157	0.0033222
0.0089181	-0.0059469
0.0009127	-0.0108801
-0.0080002	-0.0076792
-0.0111032	0.0013206
-0.0060346	0.0094036
0.0034279	0.0105347
0.0102161	0.0039014
0.0092939	-0.0054865
0.0014362	-0.0105853
-0.0073829	-0.0076238
-0.0105140	0.0010774
-0.0056460	0.0088890
0.0034745	0.0098970
0.0099018	0.0033640
0.0087513	-0.0057340
0.0008841	-0.0104871
-0.0077597	-0.0072760
-0.0106580	0.0015049
-0.0056257	0.0092717
0.0035561	0.0102265
0.0100175	0.0037179
0.0089896	-0.0053024
0.0013805	-0.0100496
-0.0069550	-0.0070368
-0.0096768	0.0013162
-0.0047631	0.0085567
0.0039799	0.0091151
0.0098307	0.0025333
0.0082677	-0.0061969
0.0004047	-0.0104286
-0.0078491	-0.0069065
-0.0102649	0.0017603
-0.0050089	0.0090672
0.0039694	0.0095284
0.0099213	0.0028177
0.0083936	-0.0059937
0.0005804	-0.0102749
-0.0075973	-0.0068407
-0.0099762	0.0016591
-0.0048056	0.0087625
0.0039454	0.0090931
0.0096068	0.0024235
0.0078607	-0.0061636
0.0000076	-0.0101280
-0.0080203	-0.0064220
-0.0101433	0.0022061
-0.0047242	0.0092862
0.0041995	0.0095054
0.0099623	0.0027044
0.0082878	-0.0060171
0.0004881	-0.0101538
-0.0075564	-0.0066847
-0.0098466	0.0016856
-0.0047750	0.0086118
0.0037064	0.0089194
0.0091200	0.0024994
0.0073849	-0.0056511
-0.0001028	-0.0092527
-0.0075545	-0.0055209
-0.0091998	0.0027216
-0.0036754	0.0091897
0.0049313	0.0089030
0.0101668	0.0019628
0.0080841	-0.0065153
0.0002173	-0.0102562
-0.0075832	-0.0065459
-0.0095651	0.0017466
-0.0043931	0.0083619
0.0038828	0.0083865
0.0089291	0.0019440
0.0069349	-0.0059402
-0.0005158	-0.0091823
-0.0076728	-0.0052686
-0.0090048	0.0028387
-0.0034119	0.0089556
0.0049292	0.0083750
0.0097202	0.0014475
0.0073094	-0.0066665
-0.0005380	-0.0098860
-0.0079625	-0.0057973
-0.0094225	0.0025254
-0.0038645	0.0088392
0.0044953	0.0084345
0.0093600	0.0016719
0.0070976	-0.0063115
-0.0005377	-0.0094910
-0.0077535	-0.0054968
-0.0091043	0.0026172
-0.0035969	0.0087010
0.0045780	0.0081604
0.0092268	0.0014180
0.0068307	-0.0064228
-0.0008111	-0.0094404
-0.0079573	-0.0053566
-0.0092617	0.0027671
-0.0037884	0.0088637
0.0043192	0.0084412
0.0090001	0.0019435
0.0068556	-0.0056356
-0.0003164	-0.0085691
-0.0069378	-0.0047358
-0.0079179	0.0028035
-0.0025254	0.0081729
0.0050723	0.0071768
0.0089987	0.0005051
0.0061589	-0.0067856
-0.0013851	-0.0091176
-0.0079578	-0.0046429
-0.0085663	0.0033266
-0.0026940	0.0088003
0.0052826	0.0076281
0.0093761	0.0006425
0.0064930	-0.0069527
-0.0012360	-0.0094893
-0.0080590	-0.0050886
-0.0089248	0.0029386
-0.0032657	0.0085974
0.0046036	0.0077192
0.0087589	0.0010771
0.0061310	-0.0062327
-0.0012047	-0.0086592
-0.0076274	-0.0043866
-0.0082352	0.0033156
-0.0025459	0.0085851
0.0051536	0.0074047
0.0090572	0.0006292
0.0062211	-0.0066741
-0.0012321	-0.0090568
-0.0077379	-0.0047869
-0.0084958	0.0028784
-0.0030696	0.0081866
0.0043308	0.0072462
0.0080777	0.0009429
0.0054008	-0.0057813
-0.0015318	-0.0077169
-0.0072939	-0.0033590
-0.0073531	0.0039505
-0.0015366	0.0085728
0.0058199	0.0068698
0.0091523	-0.0000118
0.0058891	-0.0069828
-0.0015849	-0.0088461
-0.0077099	-0.0042211
-0.0079344	0.0034089
-0.0021379	0.0083172
0.0052873	0.0068411
0.0087517	0.0001264
0.0056746	-0.0067570
-0.0015929	-0.0086496
-0.0075689	-0.0041856
-0.0077918	0.0032025
-0.0021805	0.0079063
0.0049293	0.0063920
0.0080894	-0.0001330
0.0048717	-0.0066517
-0.0022936	-0.0081490
-0.0079635	-0.0034168
-0.0078032	0.0040265
-0.0018702	0.0085912
0.0054230	0.0068357
0.0086321	0.0000620
0.0053762	-0.0066661
-0.0018799	-0.0083342
-0.0076948	-0.0037391
-0.0077470	0.0036315
-0.0020661	0.0082483
0.0050259	0.0067055
0.0082021	0.0002587
0.0051462	-0.0061674
-0.0017339	-0.0077244
-0.0071693	-0.0032983
-0.0070394	0.0036832
-0.0014818	0.0078854
0.0052448	0.0061255
0.0080213	-0.0002247
0.0047652	-0.0063063
-0.0019958	-0.0074870
-0.0070615	-0.0028922
-0.0065300	0.0039287
-0.0007804	0.0077060
0.0058011	0.0054683
0.0081441	-0.0011760
0.0043545	-0.0072298
-0.0028204	-0.0080798
-0.0080351	-0.0029959
-0.0073667	0.0042876
-0.0012775	0.0083582
0.0057151	0.0061822
0.0084139	-0.0006191
0.0048262	-0.0069851
-0.0023592	-0.0082036
-0.0078078	-0.0034202
-0.0075351	0.0037596
-0.0018615	0.0080092
0.0048860	0.0062792
0.0076717	0.0000434
0.0045411	-0.0058779
-0.0019534	-0.0070031
-0.0067463	-0.0025757
-0.0061362	0.0039020
-0.0005992	0.0073708
0.0055908	0.0050878
0.0076298	-0.0012765
0.0038537	-0.0069002
-0.0029785	-0.0074723
-0.0077579	-0.0024710
-0.0068833	0.0044244
-0.0009832	0.0080984
0.0055576	0.0058476
0.0079001	-0.0005950
0.0043853	-0.0063842
-0.0022428	-0.0072247
-0.0069405	-0.0025977
-0.0061895	0.0038818
-0.0006462	0.0072340
0.0053834	0.0049027
0.0072352	-0.0013093
0.0034427	-0.0066209
-0.0031406	-0.0069137
-0.0074983	-0.0018752
-0.0062589	0.0047430
-0.0002652	0.0079478
0.0060376	0.0052764
0.0079375	-0.0013323
0.0039986	-0.0069812
-0.0028583	-0.0074854
-0.0075491	-0.0025033
-0.0066359	0.0042248
-0.0008854	0.0076992
0.0053422	0.0054111
0.0073955	-0.0008047
0.0038259	-0.0061943
-0.0025564	-0.0066930
-0.0068446	-0.0019850
-0.0057613	0.0042890
-0.0001297	0.0073140
0.0057709	0.0047538
0.0074590	-0.0014892
0.0036431	-0.0067285
-0.0028140	-0.0070465
-0.0070765	-0.0022497
-0.0059971	0.0040049
-0.0004846	0.0069970
0.0052102	0.0045194
0.0067356	-0.0014646
0.0029429	-0.0063333
-0.0032509	-0.0063300
-0.0070905	-0.0014224
-0.0056036	0.0046709
0.0001304	0.0073039
0.0057876	0.0044355
0.0070698	-0.0018086
0.0029640	-0.0067278
-0.0034771	-0.0065923
-0.0074250	-0.0014611
-0.0059084	0.0048535
-0.0000475	0.0076500
0.0057924	0.0048678
0.0072852	-0.0013768
0.0033867	-0.0063983
-0.0029033	-0.0064734
-0.0068249	-0.0016293
-0.0054503	0.0044067
0.0001241	0.0070434
0.0056341	0.0042956
0.0068881	-0.0017320
0.0029359	-0.0064570
-0.0032257	-0.0062950
-0.0069333	-0.0013671
-0.0053865	0.0046035
0.0002425	0.0071156
0.0057081	0.0042905
0.0069073	-0.0017211
0.0029752	-0.0063804
-0.0030790	-0.0061981
-0.0066648	-0.0013637
-0.0050868	0.0044171
0.0004258	0.0067412
0.0056665	0.0038428
0.0066468	-0.0020798
0.0026150	-0.0065421
-0.0033843	-0.0061756
-0.0068266	-0.0012746
-0.0051377	0.0044359
0.0003617	0.0066304
0.0054635	0.0036618
0.0062660	-0.0021937
0.0021307	-0.0064636
-0.0038329	-0.0058675
-0.0071196	-0.0008003
-0.0052334	0.0049646
0.0004285	0.0071250
0.0056342	0.0040953
0.0065139	-0.0018054
0.0024751	-0.0061145
-0.0033633	-0.0055995
-0.0065395	-0.0006947
-0.0046260	0.0048387
0.0009387	0.0067650
0.0059418	0.0035781
0.0065817	-0.0023590
0.0023385	-0.0065986
-0.0036348	-0.0059606
-0.0068888	-0.0009227
-0.0050228	0.0047483
0.0005246	0.0068380
0.0055796	0.0038463
0.0063859	-0.0019102
0.0024206	-0.0060739
-0.0032467	-0.0055435
-0.0063027	-0.0007973
-0.0044601	0.0045033
0.0008304	0.0063130
0.0055091	0.0032718
0.0060055	-0.0022789
0.0019514	-0.0060933
-0.0035480	-0.0052586
-0.0062833	-0.0004113
-0.0041457	0.0047459
0.0012632	0.0062571
0.0058394	0.0029207
0.0060830	-0.0027886
0.0017530	-0.0065826
-0.0039412	-0.0055969
-0.0067561	-0.0005553
-0.0046110	0.0047745
0.0008480	0.0064204
0.0054963	0.0031953
0.0058433	-0.0024189
0.0016584	-0.0061553
-0.0038684	-0.0051844
-0.0065454	-0.0002424
-0.0043452	0.0049376
0.0010740	0.0064515
0.0056303	0.0031695
0.0059046	-0.0024212
0.0017149	-0.0061044
-0.0037599	-0.0051191
-0.0063904	-0.0002318
-0.0042119	0.0048586
0.0011074	0.0063246
0.0055462	0.0030957
0.0057780	-0.0023518
0.0016775	-0.0058866
-0.0036041	-0.0048540
-0.0060406	-0.0000766
-0.0037839	0.0047859
0.0014442	0.0060193
0.0056664	0.0026707
0.0056690	-0.0027340
0.0014352	-0.0061090
-0.0038450	-0.0049023
-0.0061916	-0.0000246
-0.0038426	0.0048445
0.0014204	0.0060409
0.0056275	0.0026807
0.0056241	-0.0026832
0.0014488	-0.0060029
-0.0037105	-0.0048005
-0.0059411	-0.0000350
-0.0035709	0.0046358
0.0015693	0.0056349
0.0055378	0.0021793
0.0052713	-0.0031249
0.0009070	-0.0062523
-0.0043151	-0.0048014
-0.0064941	0.0001910
-0.0040059	0.0050305
0.0012807	0.0061465
0.0054202	0.0027731
0.0053650	-0.0024930
0.0012488	-0.0056683
-0.0037397	-0.0043921
-0.0057858	0.0003058
-0.0033372	0.0048056
0.0017323	0.0056527
0.0055543	0.0021761
0.0052031	-0.0030078
0.0009115	-0.0059803
-0.0041065	-0.0044866
-0.0060867	0.0003620
-0.0035555	0.0049315
0.0015647	0.0058114
0.0054173	0.0023838
0.0051263	-0.0027234
0.0009610	-0.0056343
-0.0038826	-0.0041568
-0.0057085	0.0005688
-0.0031164	0.0049434
0.0019471	0.0056376
0.0056688	0.0021054
0.0052527	-0.0030113
0.0010258	-0.0058879
-0.0038234	-0.0044054
-0.0056639	0.0002610
-0.0031647	0.0045489
0.0017140	0.0052145
0.0052237	0.0017854
0.0046765	-0.0030955
0.0004810	-0.0056864
-0.0041747	-0.0039901
-0.0057467	0.0007301
-0.0030259	0.0049090
0.0019423	0.0053821
0.0054039	0.0017849
0.0047365	-0.0031670
0.0004339	-0.0057280
-0.0042637	-0.0039511
-0.0058135	0.0008423
-0.0030407	0.0050589
0.0019799	0.0055420
0.0054918	0.0019449
0.0048869	-0.0030171
0.0006611	-0.0056220
-0.0039746	-0.0039441
-0.0055252	0.0007069
-0.0028443	0.0047910
0.0020152	0.0052178
0.0053669	0.0016737
0.0046789	-0.0031571
0.0004766	-0.0056319
-0.0040707	-0.0039014
-0.0055545	0.0007079
-0.0028982	0.0047144
0.0018475	0.0051237
0.0050770	0.0016855
0.0043674	-0.0029369
0.0003068	-0.0052032
-0.0039677	-0.0033876
-0.0051628	0.0011163
-0.0023336	0.0048601
0.0023984	0.0049630
0.0054539	0.0013004
0.0045092	-0.0033974
0.0002572	-0.0056107
-0.0041153	-0.0036918
-0.0053375	0.0008911
-0.0025250	0.0046672
0.0021563	0.0047892
0.0051332	0.0011845
0.0041298	-0.0033937
-0.0001113	-0.0054514
-0.0043905	-0.0033969
-0.0054687	0.0012550
-0.0025124	0.0050251
0.0022778	0.0050923
0.0053265	0.0014164
0.0043744	-0.0032381
0.0001700	-0.0053885
-0.0041071	-0.0034521
-0.0052487	0.0010770
-0.0024281	0.0047722
0.0021967	0.0048653
0.0051318	0.0013245
0.0041907	-0.0031448
0.0001334	-0.0051638
-0.0039306	-0.0032389
-0.0049126	0.0011204
-0.0020868	0.0045621
0.0023677	0.0044448
0.0050280	0.0008425
0.0038282	-0.0035117
-0.0003710	-0.0052965
-0.0044299	-0.0031182
-0.0052993	0.0014349
-0.0023185	0.0049899
0.0022936	0.0049302
0.0051195	0.0013568
0.0041186	-0.0030076
0.0001491	-0.0048895
-0.0037063	-0.0029392
-0.0044933	0.0012660
-0.0016276	0.0044389
0.0026696	0.0040926
0.0050685	0.0004359
0.0036674	-0.0037808
-0.0005531	-0.0053505
-0.0044620	-0.0030436
-0.0051405	0.0014519
-0.0020875	0.0047971
0.0023998	0.0045169
0.0049568	0.0008632
0.0036864	-0.0033806
-0.0004172	-0.0050030
-0.0042271	-0.0027859
-0.0048492	0.0015827
-0.0018055	0.0047897
0.0026085	0.0044013
0.0050598	0.0006989
0.0036920	-0.0035354
-0.0004781	-0.0051163
-0.0043296	-0.0028501
-0.0049848	0.0015742
-0.0019645	0.0048640
0.0024704	0.0045958
0.0050331	0.0010191
0.0038793	-0.0031620
-0.0000333	-0.0048453
-0.0037066	-0.0028631
-0.0043914	0.0011711
-0.0016603	0.0041263
0.0023006	0.0037520
0.0043882	0.0003859
0.0029667	-0.0033238
-0.0008799	-0.0044582
-0.0041759	-0.0020736
-0.0043310	0.0020607
-0.0011328	0.0047967
0.0030661	0.0040004
0.0051117	0.0001900
0.0034338	-0.0038308
-0.0007543	-0.0050728
-0.0043545	-0.0026114
-0.0047049	0.0017134
-0.0015774	0.0046762
0.0026564	0.0040875
0.0048136	0.0004322
0.0032930	-0.0035060
-0.0007279	-0.0047481
-0.0041913	-0.0023628
-0.0044690	0.0018393
-0.0013412	0.0046779
0.0028436	0.0040009
0.0049415	0.0003011
0.0033764	-0.0036619
-0.0006849	-0.0049400
-0.0042226	-0.0026036
-0.0046363	0.0015805
-0.0016830	0.0044985
0.0023739	0.0040354
0.0044982	0.0006427
0.0031748	-0.0030451
-0.0004738	-0.0042341
-0.0035800	-0.0020926
-0.0037392	0.0016398
-0.0008489	0.0040066
0.0028198	0.0031121
0.0043657	-0.0004157
0.0024878	-0.0038903
-0.0014992	-0.0046073
-0.0046381	-0.0019118
-0.0045567	0.0022800
-0.0012671	0.0049051
0.0028302	0.0040505
0.0047416	0.0003880
0.0031210	-0.0033347
-0.0007329	-0.0043620
-0.0038710	-0.0019963
-0.0039259	0.0018963
-0.0008928	0.0043146
0.0028826	0.0034006
0.0044931	-0.0001550
0.0026793	-0.0036421
-0.0012124	-0.0043880
-0.0042452	-0.0017865
-0.0041120	0.0022377
-0.0008795	0.0046753
0.0030574	0.0036987
0.0047765	0.0000370
0.0030239	-0.0035767
-0.0008518	-0.0044624
-0.0039236	-0.0020042
-0.0038926	0.0018998
-0.0008111	0.0042786
0.0029710	0.0033282
0.0045876	-0.0002386
0.0028140	-0.0037441
-0.0010234	-0.0045697
-0.0040618	-0.0021232
-0.0040638	0.0017354
-0.0010898	0.0041139
0.0025747	0.0032699
0.0041644	-0.0000950
0.0025223	-0.0033987
-0.0010525	-0.0041543
-0.0038256	-0.0018518
-0.0037275	0.0016841
-0.0009265	0.0037164
0.0023188	0.0027098
0.0034134	-0.0004871
0.0014398	-0.0032901
-0.0021079	-0.0033717
-0.0044401	-0.0004755
-0.0036014	0.0033352
0.0000060	0.0052011
0.0038661	0.0036228
0.0051970	-0.0003792
0.0030241	-0.0039823
-0.0010816	-0.0046355
-0.0041531	-0.0019391
-0.0040135	0.0020734
-0.0008636	0.0044535
0.0029058	0.0035187
0.0045195	0.0000646
0.0028793	-0.0032810
-0.0006613	-0.0040585
-0.0033706	-0.0018121
-0.0032291	0.0016135
-0.0004469	0.0035192
0.0027318	0.0024232
0.0037685	-0.0008115
0.0017857	-0.0036509
-0.0017523	-0.0038362
-0.0041500	-0.0011229
-0.0035317	0.0025123
-0.0002788	0.0043546
0.0032402	0.0029985
0.0044404	-0.0005883
0.0024552	-0.0037883
-0.0012259	-0.0042951
-0.0038919	-0.0018293
-0.0036517	0.0016816
-0.0008379	0.0035872
0.0022813	0.0025247
0.0032555	-0.0005637
0.0013297	-0.0031755
-0.0019817	-0.0031813
-0.0040585	-0.0004690
-0.0031879	0.0029493
0.0001023	0.0044613
0.0034137	0.0028479
0.0042747	-0.0007658
0.0020131	-0.0037264
-0.0017154	-0.0038344
-0.0041487	-0.0009966
-0.0034757	0.0026931
-0.0001858	0.0045114
0.0033011	0.0031309
0.0044436	-0.0004034
0.0024684	-0.0034724
