jMRUI Data Textfile

Filename: NAAG.txt

PointsInDataset: 2048      
DatasetsInFile: 1         
SamplingInterval: 2.5E-1    
ZeroOrderPhase: 0E0       
BeginTime: 0E0       
TransmitterFrequency: 1.2322E8  
MagneticField: 2.9E0     
TypeOfNucleus: 0E0       
NameOfPatient: NAAG
DateOfExperiment: 
Spectrometer: 
AdditionalInfo: NAAG
SignalNames: NAAG.txt;


Signal and FFT
sig(real)	sig(imag)	fft(real)	fft(imag)
Signal 1 out of 1 in file
8.7623700	-0.2240740
7.7494500	-3.7291200
5.2448600	-6.3191200
1.8901800	-7.4136200
-1.4931600	-6.8298900
-4.1282300	-4.7990500
-5.4664400	-1.8699100
-5.2869400	1.2490600
-3.7089300	3.8545200
-1.1400900	5.3854300
1.8140300	5.5227000
4.4675900	4.2506800
6.1945200	1.8722000
6.5758800	-1.0407600
5.5188900	-3.7719100
3.3002400	-5.6441400
0.5013060	-6.2100200
-2.1563000	-5.3806600
-4.0212900	-3.4416200
-4.6927300	-0.9502080
-4.1079900	1.4417200
-2.5202400	3.1695000
-0.3940430	3.8826500
1.7294700	3.4937800
3.3536500	2.1619300
4.1155400	0.2383210
3.8461500	-1.8063400
2.6064300	-3.4700600
0.6901480	-4.3253800
-1.4251700	-4.1305100
-3.1888900	-2.9125100
-4.1300300	-0.9807300
-4.0021900	1.1516100
-2.8618700	2.9200500
-1.0450300	3.8805300
0.9481420	3.8335600
2.6101300	2.8583600
3.5623900	1.2576000
3.6294200	-0.5491260
2.8460100	-2.1352400
1.4211600	-3.1500900
-0.3141590	-3.3715300
-1.9640600	-2.7397900
-3.1355200	-1.3783000
-3.5226400	0.4108410
-2.9950400	2.1968400
-1.6567400	3.5230000
0.1615280	4.0392000
1.9899100	3.6149500
3.3617400	2.3827900
3.9549500	0.6904730
3.6765700	-1.0167300
2.6631500	-2.3315100
1.2117800	-2.9849400
-0.3170800	-2.8857600
-1.5842000	-2.1073900
-2.3265800	-0.8498630
-2.3900200	0.6010600
-1.7537500	1.9159400
-0.5488110	2.7765700
0.9469920	2.9496800
2.3587000	2.3631900
3.3114200	1.1499000
3.5471600	-0.3741580
3.0129000	-1.8016000
1.8775400	-2.7635300
0.4686050	-3.0432600
-0.8412670	-2.6275900
-1.7466600	-1.6830700
-2.0777000	-0.4813770
-1.8123700	0.6843990
-1.0507500	1.5609400
0.0208390	1.9674300
1.1605200	1.8140600
2.1021600	1.1205000
2.6019100	0.0306626
2.5031500	-1.1965100
1.7991200	-2.2396200
0.6583730	-2.8073100
-0.6131760	-2.7379800
-1.6684500	-2.0606000
-2.2354400	-0.9842590
-2.2019700	0.1800290
-1.6344400	1.1275500
-0.7313720	1.6490800
0.2556140	1.6691800
1.0931900	1.2341200
1.6071600	0.4746180
1.6964700	-0.4294650
1.3390900	-1.2736800
0.6020110	-1.8535700
-0.3521150	-2.0042600
-1.2827900	-1.6540000
-1.9284200	-0.8683770
-2.0914900	0.1469890
-1.7164000	1.1019400
-0.9187170	1.7200300
0.0539547	1.8368600
0.9132740	1.4525800
1.4301500	0.7169000
1.4988100	-0.1387550
1.1448700	-0.8832970
0.4897720	-1.3448500
-0.2976480	-1.4325300
-1.0377400	-1.1330500
-1.5611400	-0.5033840
-1.7286400	0.3304660
-1.4631600	1.1788100
-0.7887280	1.8171000
0.1478510	2.0462500
1.0991900	1.7673400
1.7894000	1.0338800
2.0110800	0.0482355
1.7026700	-0.9042080
0.9682290	-1.5556200
0.0318954	-1.7443100
-0.8467690	-1.4535600
-1.4540500	-0.7929730
-1.6678300	0.0555069
-1.4629500	0.8932170
-0.8942750	1.5408800
-0.0796980	1.8570000
0.8104850	1.7545700
1.5697100	1.2263400
1.9933100	0.3699810
1.9399200	-0.6111280
1.3932600	-1.4510200
0.4891120	-1.9037600
-0.5167680	-1.8331700
-1.3335300	-1.2664600
-1.7364300	-0.3836150
-1.6382000	0.5518610
-1.1019000	1.2855800
-0.2993800	1.6456600
0.5548510	1.5720000
1.2605100	1.1054200
1.6633300	0.3595570
1.6686100	-0.5035250
1.2530800	-1.2912400
0.4817760	-1.8049600
-0.4818680	-1.8837800
-1.3952400	-1.4618800
-1.9965500	-0.6132750
-2.0917600	0.4478740
-1.6311100	1.4251000
-0.7360230	2.0375600
0.3403830	2.1158100
1.3013800	1.6526300
1.9020400	0.7906900
2.0119100	-0.2380990
1.6283500	-1.1865600
0.8525480	-1.8482100
-0.1464950	-2.0851100
-1.1619600	-1.8385100
-1.9740600	-1.1378200
-2.3831400	-0.1102950
-2.2585500	1.0230500
-1.5915600	1.9845400
-0.5236880	2.5132400
0.6760520	2.4525400
1.6882200	1.8120900
2.2466100	0.7710910
2.2236900	-0.3823670
1.6610300	-1.3485500
0.7375840	-1.9058700
-0.3008940	-1.9588000
-1.2143100	-1.5366600
-1.8161700	-0.7614730
-1.9937800	0.1893370
-1.7148700	1.1117500
-1.0341900	1.8006600
-0.0983460	2.0850200
0.8676440	1.8756400
1.6071700	1.2090000
1.9082500	0.2587240
1.6810200	-0.7051490
0.9982390	-1.4020300
0.0741715	-1.6375900
-0.8117580	-1.3677700
-1.4116600	-0.7026150
-1.5831700	0.1458810
-1.3144000	0.9410990
-0.7026440	1.4878500
0.0891993	1.6670600
0.8733980	1.4427600
1.4660400	0.8582580
1.7117000	0.0330482
1.5158100	-0.8442640
0.8831050	-1.5428900
-0.0570713	-1.8460900
-1.0641000	-1.6252100
-1.8485100	-0.8996710
-2.1665300	0.1513070
-1.9071900	1.2390500
-1.1320100	2.0599800
-0.0502404	2.3932700
1.0551100	2.1611400
1.9139200	1.4340000
2.3334600	0.3916560
2.2267300	-0.7316300
1.6129500	-1.6950900
0.6074610	-2.2868000
-0.5907790	-2.3554100
-1.7212600	-1.8461200
-2.5070600	-0.8338150
-2.7251800	0.4682580
-2.2827100	1.7454400
-1.2640900	2.6651200
0.0797675	2.9802100
1.4040700	2.6098800
2.3768200	1.6621000
2.7753700	0.3907970
2.5366100	-0.8889450
1.7510500	-1.8886900
0.6181080	-2.4069400
-0.6093780	-2.3538000
-1.6724200	-1.7517400
-2.3437500	-0.7273590
-2.4653500	0.5021880
-1.9891000	1.6582500
-1.0078300	2.4560300
0.2463010	2.6817600
1.4523100	2.2660700
2.2925200	1.3184900
2.5530800	0.1001990
2.1904900	-1.0591200
1.3359400	-1.8660300
0.2399310	-2.1462500
-0.8130200	-1.8767700
-1.5818700	-1.1665200
-1.9146600	-0.2080120
-1.7615300	0.7735280
-1.1698100	1.5596900
-0.2742620	1.9706700
0.7181010	1.8985800
1.5601700	1.3423000
2.0215500	0.4280740
1.9600800	-0.6058360
1.3794400	-1.4701800
0.4412730	-1.9162100
-0.5820670	-1.8209500
-1.3983400	-1.2278700
-1.7910200	-0.3251290
-1.6798700	0.6255450
-1.1271700	1.3742900
-0.2987630	1.7476600
0.5928640	1.6757100
1.3383800	1.1883500
1.7654200	0.3982150
1.7632400	-0.5181010
1.3070600	-1.3434200
0.4793830	-1.8586000
-0.5280250	-1.8996800
-1.4492000	-1.4184700
-2.0173300	-0.5177610
-2.0537400	0.5646170
-1.5342300	1.5256400
-0.6010630	2.0956900
0.4860640	2.1242700
1.4367200	1.6184600
2.0157400	0.7249300
2.0968900	-0.3267410
1.6753700	-1.2890400
0.8511130	-1.9472700
-0.1982180	-2.1515400
-1.2453000	-1.8385000
-2.0466500	-1.0498400
-2.3901700	0.0582697
-2.1544800	1.2310200
-1.3606000	2.1685800
-0.1874720	2.6103900
1.0672600	2.4213500
2.0741300	1.6418900
2.5739000	0.4774300
2.4531200	-0.7689740
1.7653500	-1.7906300
0.6980900	-2.3590200
-0.4911340	-2.3676000
-1.5395500	-1.8356400
-2.2268700	-0.8875850
-2.4061100	0.2748180
-2.0264400	1.4026300
-1.1518800	2.2384800
0.0339890	2.5704800
1.2538100	2.2938100
2.2004800	1.4566000
2.6257500	0.2628150
2.4204600	-0.9799610
1.6508600	-1.9531000
0.5339160	-2.4235200
-0.6366160	-2.3055700
-1.5796300	-1.6682600
-2.0962500	-0.6953580
-2.1012700	0.3754930
-1.6206400	1.3082100
-0.7722870	1.9069700
0.2566460	2.0427500
1.2360000	1.6765400
1.9311300	0.8787830
2.1577200	-0.1683910
1.8408900	-1.2024100
1.0526400	-1.9480900
0.0029797	-2.2029000
-1.0206400	-1.9051000
-1.7447000	-1.1534200
-1.9938900	-0.1692530
-1.7348500	0.7799220
-1.0677300	1.4611100
-0.1798330	1.7299300
0.7116800	1.5477700
1.4060800	0.9716000
1.7492000	0.1336150
1.6549600	-0.7800520
1.1257100	-1.5554600
0.2669030	-1.9909100
-0.7192330	-1.9511900
-1.5748200	-1.4193800
-2.0590800	-0.5198720
-2.0282900	0.5075370
-1.4880700	1.3797000
-0.5927440	1.8611100
0.4085140	1.8357100
1.2534000	1.3320300
1.7408600	0.4982880
1.7727300	-0.4523660
1.3589500	-1.2993400
0.5996740	-1.8569300
-0.3392980	-2.0006000
-1.2517500	-1.6857100
-1.9227300	-0.9635500
-2.1735300	0.0130008
-1.9151500	1.0093300
-1.1902200	1.7631500
-0.1779070	2.0624600
0.8508670	1.8182300
1.6166500	1.0986400
1.9202700	0.1072690
1.7004900	-0.8858380
1.0400300	-1.6290700
0.1253520	-1.9558100
-0.8151740	-1.8131000
-1.5677900	-1.2548300
-1.9710100	-0.4163060
-1.9369400	0.5150010
-1.4651700	1.3287200
-0.6515450	1.8272500
0.3172900	1.8717600
1.1967000	1.4294100
1.7467800	0.6002550
1.8082800	-0.3974640
1.3607000	-1.2882800
0.5339280	-1.8270100
-0.4347670	-1.8771300
-1.2802400	-1.4477600
-1.7908100	-0.6775620
-1.8603100	0.2201240
-1.4987000	1.0226400
-0.8107150	1.5490500
0.0382072	1.6882100
0.8548480	1.4103000
1.4488200	0.7712690
1.6673000	-0.0889645
1.4353700	-0.9637510
0.7903700	-1.6222800
-0.1101760	-1.8742900
-1.0226600	-1.6359200
-1.6893900	-0.9667280
-1.9227000	-0.0564594
-1.6659400	0.8365290
-1.0056200	1.4695600
-0.1336840	1.6871900
0.7186950	1.4544500
1.3456900	0.8482770
1.6088600	0.0226438
1.4538900	-0.8319280
0.9117000	-1.5229600
0.0935181	-1.8861200
-0.8207730	-1.8172800
-1.6101600	-1.3055700
-2.0621400	-0.4542860
-2.0362900	0.5290070
-1.5181300	1.3823400
-0.6359230	1.8678000
0.3733110	1.8489300
1.2379200	1.3339800
1.7355000	0.4676300
1.7528800	-0.5217160
1.3035900	-1.3925600
0.5065150	-1.9501700
-0.4549200	-2.0802800
-1.3739100	-1.7587600
-2.0540000	-1.0488100
-2.3395100	-0.0929670
-2.1480700	0.9034380
-1.5011000	1.7067800
-0.5368310	2.1104000
0.5111370	1.9977900
1.3734200	1.3880600
1.8254900	0.4391890
1.7576600	-0.5978470
1.2050600	-1.4572500
0.3271360	-1.9365000
-0.6497370	-1.9446500
-1.4988000	-1.5089900
-2.0436500	-0.7493410
-2.1837200	0.1602050
-1.9008900	1.0265400
-1.2579100	1.6668400
-0.3926310	1.9380900
0.4987820	1.7703200
1.1989900	1.1956700
1.5260800	0.3559350
1.3928400	-0.5260750
0.8421740	-1.2099100
0.0382721	-1.5137900
-0.7868300	-1.3722000
-1.4093600	-0.8501780
-1.6803300	-0.1115340
-1.5579100	0.6406060
-1.1009000	1.2229000
-0.4372550	1.5104000
0.2728540	1.4509600
0.8673390	1.0647400
1.2067600	0.4389080
1.1998300	-0.2815770
0.8311560	-0.9151350
0.1806520	-1.2838100
-0.5821860	-1.2673400
-1.2389900	-0.8511510
-1.5901300	-0.1432390
-1.5233500	0.6540030
-1.0531900	1.3091700
-0.3136060	1.6374400
0.4909510	1.5548100
1.1516700	1.0923900
1.5111500	0.3732100
1.4926000	-0.4301400
1.1036000	-1.1372200
0.4261380	-1.5912500
-0.3979340	-1.6830500
-1.1860800	-1.3733300
-1.7462100	-0.7121150
-1.9227200	0.1562970
-1.6474300	1.0167100
-0.9739040	1.6380300
-0.0736207	1.8449300
0.8116820	1.5773700
1.4457000	0.9113490
1.6703200	0.0311539
1.4466200	-0.8330570
0.8523100	-1.4742800
0.0453135	-1.7580300
-0.7849020	-1.6411600
-1.4592700	-1.1659800
-1.8379300	-0.4432240
-1.8404900	0.3678460
-1.4630500	1.0835600
-0.7892580	1.5303700
0.0159840	1.5896000
0.7406210	1.2396500
1.1846500	0.5747130
1.2251900	-0.2158550
0.8593360	-0.9055250
0.2042610	-1.3042800
-0.5460770	-1.3170300
-1.1872600	-0.9639240
-1.5646400	-0.3594470
-1.6062100	0.3332190
-1.3242700	0.9494980
-0.7976350	1.3565800
-0.1489510	1.4708900
0.4758180	1.2676100
0.9293080	0.7881250
1.0922300	0.1419010
0.9087480	-0.5078100
0.4144650	-0.9815410
-0.2612490	-1.1379900
-0.9283210	-0.9244650
-1.3962300	-0.3990810
-1.5370300	0.2882630
-1.3236600	0.9485410
-0.8287590	1.4157100
-0.1896350	1.5916700
0.4397850	1.4598800
0.9281040	1.0719300
1.1865000	0.5226370
1.1739100	-0.0718243
0.8980120	-0.5894570
0.4174860	-0.9180630
-0.1593010	-0.9778400
-0.6900030	-0.7483450
-1.0333200	-0.2863660
-1.0946600	0.2809040
-0.8622320	0.7924020
-0.4135730	1.1073300
0.1132610	1.1527400
0.5710300	0.9425550
0.8524650	0.5612880
0.9159110	0.1246510
0.7814840	-0.2609180
0.5083730	-0.5222260
0.1707800	-0.6234820
-0.1562090	-0.5602600
-0.4021540	-0.3553650
-0.5078900	-0.0602744
-0.4403300	0.2451930
-0.2114740	0.4659680
0.1120750	0.5207970
0.4221250	0.3768700
0.6053210	0.0708416
0.5881180	-0.2988660
0.3676370	-0.6083030
0.0121086	-0.7558710
-0.3685730	-0.6983040
-0.6654680	-0.4589960
-0.8047580	-0.1096470
-0.7605700	0.2598400
-0.5486350	0.5659920
-0.2133090	0.7431040
0.1808040	0.7460940
0.5516660	0.5552720
0.8058750	0.1878680
0.8573020	-0.2902630
0.6575870	-0.7665210
0.2249910	-1.1065300
-0.3470310	-1.1977000
-0.9121160	-0.9928510
-1.3179900	-0.5318170
-1.4574200	0.0707034
-1.3001700	0.6649490
-0.8940660	1.1136400
-0.3406390	1.3264900
0.2381270	1.2719500
0.7263200	0.9713110
1.0289700	0.4871370
1.0812700	-0.0854574
0.8601750	-0.6267940
0.3989780	-1.0086800
-0.2051220	-1.1240300
-0.8036030	-0.9237740
-1.2341700	-0.4439790
-1.3727300	0.1947160
-1.1775400	0.8210820
-0.7043270	1.2686600
-0.0851205	1.4286200
0.5182420	1.2778900
0.9636990	0.8748170
1.1621400	0.3308790
1.0875400	-0.2238660
0.7706450	-0.6679970
0.2876150	-0.9058470
-0.2508300	-0.8804690
-0.7133580	-0.5877380
-0.9722370	-0.0884238
-0.9387680	0.4930310
-0.5989430	0.9933480
-0.0307753	1.2577500
0.6111000	1.1936100
1.1426900	0.8064840
1.4116900	0.2005540
1.3463000	-0.4572730
0.9723260	-0.9929440
0.3960390	-1.2761900
-0.2341720	-1.2491200
-0.7682630	-0.9291190
-1.0845100	-0.3952860
-1.1076600	0.2305470
-0.8208350	0.8033120
-0.2743960	1.1780800
0.4130240	1.2414500
1.0711400	0.9474780
1.5176600	0.3442400
1.6133200	-0.4259870
1.3117900	-1.1614300
0.6813430	-1.6618400
-0.1138360	-1.7924100
-0.8661080	-1.5244200
-1.3881600	-0.9377270
-1.5630300	-0.1887160
-1.3655300	0.5384010
-0.8559770	1.0771000
-0.1578810	1.3096000
0.5690290	1.1837900
1.1561400	0.7214140
1.4562300	0.0194561
1.3779800	-0.7603550
0.9179950	-1.4214800
0.1755380	-1.7820700
-0.6638720	-1.7312800
-1.3779400	-1.2701400
-1.7751100	-0.5168560
-1.7540600	0.3285520
-1.3313700	1.0469300
-0.6287300	1.4642900
0.1703140	1.4942500
0.8735320	1.1486500
1.3238700	0.5219250
1.4260300	-0.2373890
1.1584200	-0.9569280
0.5762030	-1.4701000
-0.1936420	-1.6473800
-0.9706910	-1.4289600
-1.5581600	-0.8499060
-1.7950600	-0.0436667
-1.6075000	0.7863590
-1.0375000	1.4234800
-0.2337930	1.7035500
0.5942380	1.5639700
1.2410100	1.0569000
1.5618900	0.3245100
1.5036600	-0.4489910
1.1041200	-1.0872900
0.4703650	-1.4581100
-0.2500770	-1.4918000
-0.8969830	-1.1878700
-1.3237700	-0.6148720
-1.4257300	0.0969117
-1.1685700	0.7762150
-0.6071660	1.2487800
0.1187320	1.3863100
0.8187070	1.1493100
1.3079600	0.6038310
1.4648400	-0.0981576
1.2660100	-0.7684070
0.7860120	-1.2411700
0.1649890	-1.4176300
-0.4377640	-1.2821700
-0.8849240	-0.8921170
-1.0858400	-0.3533390
-1.0058100	0.2054880
-0.6671890	0.6546890
-0.1471470	0.8842770
0.4306780	0.8272150
0.9173830	0.4823460
1.1752400	-0.0738625
1.1208900	-0.6988320
0.7577560	-1.2218800
0.1805590	-1.4975900
-0.4535010	-1.4531700
-0.9758830	-1.1094300
-1.2584600	-0.5680740
-1.2456000	0.0260627
-0.9583250	0.5289360
-0.4768380	0.8304580
0.0850685	0.8705330
0.6029920	0.6423810
0.9604050	0.1909390
1.0671700	-0.3908180
0.8810010	-0.9722980
0.4269760	-1.4091200
-0.1967590	-1.5804700
-0.8373730	-1.4290000
-1.3294400	-0.9854130
-1.5465100	-0.3635030
-1.4407800	0.2751370
-1.0540400	0.7723110
-0.4974230	1.0187000
0.0877339	0.9768840
0.5694190	0.6786030
0.8512610	0.2052980
0.8833830	-0.3348710
0.6641890	-0.8259520
0.2399070	-1.1601700
-0.2980070	-1.2562000
-0.8240230	-1.0809600
-1.2042300	-0.6674570
-1.3340600	-0.1164210
-1.1746500	0.4266630
-0.7705080	0.8150510
-0.2371860	0.9482950
0.2772260	0.8033060
0.6402080	0.4361450
0.7720040	-0.0433774
0.6593210	-0.5097150
0.3465300	-0.8549530
-0.0845955	-1.0077700
-0.5348910	-0.9392330
-0.9030610	-0.6630140
-1.0996500	-0.2349850
-1.0648000	0.2499630
-0.7886940	0.6713270
-0.3255350	0.9109440
0.2112180	0.8900010
0.6774610	0.6000720
0.9432820	0.1118930
0.9357950	-0.4451730
0.6611740	-0.9252880
0.1974180	-1.2114200
-0.3358560	-1.2452500
-0.8145610	-1.0332100
-1.1388600	-0.6333700
-1.2473500	-0.1350640
-1.1205000	0.3589450
-0.7810770	0.7462040
-0.2942150	0.9389740
0.2370460	0.8832910
0.6883290	0.5791400
0.9445830	0.0909556
0.9364770	-0.4624850
0.6665230	-0.9406800
0.2107180	-1.2256200
-0.3071660	-1.2587000
-0.7574650	-1.0543800
-1.0438100	-0.6865640
-1.1240300	-0.2576530
-1.0090100	0.1334790
-0.7471770	0.4121220
-0.4068510	0.5347440
-0.0637003	0.4887840
0.2079560	0.2924460
0.3459650	-0.0044121
0.3162330	-0.3242260
0.1286450	-0.5773570
-0.1579040	-0.6893010
-0.4498790	-0.6294330
-0.6512000	-0.4261780
-0.6998730	-0.1582460
-0.5914530	0.0759968
-0.3778340	0.1967630
-0.1431490	0.1705420
0.0297585	0.0159856
0.0859524	-0.2105900
0.0087922	-0.4386570
-0.1841580	-0.6033340
-0.4509320	-0.6560800
-0.7331820	-0.5693100
-0.9620010	-0.3412780
-1.0671900	-0.0032852
-0.9947600	0.3762690
-0.7297910	0.7000890
-0.3137150	0.8668420
0.1569610	0.8064750
0.5555480	0.5106390
0.7660070	0.0423332
0.7223070	-0.4816410
0.4290680	-0.9280170
-0.0437899	-1.1873400
-0.5864570	-1.2010100
-1.0807400	-0.9683550
-1.4251900	-0.5380340
-1.5496300	0.0065023
-1.4228300	0.5608270
-1.0585200	1.0130000
-0.5199010	1.2614200
0.0838262	1.2389100
0.6160700	0.9372070
0.9471550	0.4193150
0.9940960	-0.1907930
0.7490230	-0.7421240
0.2824050	-1.1023200
-0.2811410	-1.1962700
-0.8033190	-1.0223600
-1.1711200	-0.6429970
-1.3201900	-0.1582480
-1.2390900	0.3232210
-0.9610160	0.7054710
-0.5520100	0.9175040
-0.1004000	0.9211540
0.2950420	0.7188250
0.5429380	0.3590700
0.5832940	-0.0673571
0.4097550	-0.4471420
0.0777631	-0.6776130
-0.3097250	-0.7014470
-0.6362780	-0.5268130
-0.8118630	-0.2225580
-0.8008900	0.1094280
-0.6271930	0.3711390
-0.3571820	0.4978790
-0.0727359	0.4699570
0.1525430	0.3075430
0.2664690	0.0575483
0.2425410	-0.2185530
0.0816424	-0.4534020
-0.1851620	-0.5828280
-0.4957960	-0.5599520
-0.7654330	-0.3731410
-0.9079840	-0.0592475
-0.8660820	0.2986660
-0.6365580	0.5938080
-0.2774460	0.7317620
0.1093280	0.6646870
0.4127550	0.4078360
0.5493120	0.0316847
0.4857720	-0.3645230
0.2417150	-0.6839270
-0.1237820	-0.8550330
-0.5307920	-0.8417480
-0.8942710	-0.6441860
-1.1356700	-0.2967910
-1.1945900	0.1337160
-1.0436300	0.5543700
-0.7031740	0.8619200
-0.2468930	0.9698300
0.2108790	0.8384780
0.5464730	0.4945930
0.6665580	0.0281851
0.5393010	-0.4345300
0.2032560	-0.7714360
-0.2487550	-0.9008830
-0.7015040	-0.8002900
-1.0500000	-0.5035620
-1.2215000	-0.0842607
-1.1841700	0.3647530
-0.9474330	0.7483380
-0.5593770	0.9828630
-0.1023590	1.0106000
0.3178400	0.8158450
0.5936500	0.4373030
0.6461490	-0.0326542
0.4538130	-0.4683810
0.0654816	-0.7477120
-0.4114040	-0.7916670
-0.8445810	-0.5901290
-1.1189200	-0.2025410
-1.1692400	0.2651070
-0.9925690	0.6949880
-0.6399460	0.9888300
-0.1964650	1.0865800
0.2398440	0.9720720
0.5751050	0.6712410
0.7338910	0.2477990
0.6739770	-0.2042740
0.4008690	-0.5758170
-0.0246126	-0.7676650
-0.4944130	-0.7211210
-0.8803370	-0.4416640
-1.0732600	-0.0030655
-1.0191400	0.4733440
-0.7361590	0.8573380
-0.3058160	1.0504100
0.1565070	1.0120600
0.5374190	0.7638240
0.7535700	0.3745860
0.7650910	-0.0622665
0.5766050	-0.4500380
0.2321890	-0.7046780
-0.1917210	-0.7677890
-0.5968590	-0.6194200
-0.8811290	-0.2886660
-0.9646100	0.1450330
-0.8166640	0.5669010
-0.4718850	0.8582500
-0.0244648	0.9344730
0.4000600	0.7738530
0.6852020	0.4241390
0.7592510	-0.0157099
0.6124380	-0.4293940
0.2918170	-0.7174910
-0.1192370	-0.8196610
-0.5252790	-0.7212990
-0.8382630	-0.4492810
-0.9907110	-0.0637005
-0.9459140	0.3513070
-0.7074940	0.6998820
-0.3254370	0.8933920
0.1083530	0.8749250
0.4800390	0.6411930
0.6865750	0.2502860
0.6695810	-0.1921240
0.4354310	-0.5653230
0.0520635	-0.7720180
-0.3757720	-0.7665990
-0.7409420	-0.5628190
-0.9631650	-0.2213380
-1.0037000	0.1733300
-0.8654460	0.5350550
-0.5852160	0.7912190
-0.2247280	0.8916530
0.1379490	0.8157160
0.4198900	0.5792710
0.5508890	0.2377750
0.4947860	-0.1212420
0.2658090	-0.3996270
-0.0703625	-0.5190770
-0.4152110	-0.4483610
-0.6698770	-0.2142860
-0.7677490	0.1092960
-0.6930700	0.4290780
-0.4791990	0.6632640
-0.1908180	0.7628170
0.0989040	0.7172790
0.3260350	0.5485290
0.4450250	0.3004300
0.4324920	0.0301695
0.2905650	-0.1988500
0.0507174	-0.3267750
-0.2264800	-0.3122960
-0.4618140	-0.1493770
-0.5794740	0.1232340
-0.5339170	0.4281960
-0.3292290	0.6727620
-0.0203792	0.7805420
0.3054730	0.7177740
0.5591760	0.5025080
0.6774560	0.1942230
0.6375040	-0.1287600
0.4558650	-0.3923740
0.1774290	-0.5418940
-0.1371850	-0.5478820
-0.4213400	-0.4075160
-0.6106560	-0.1457780
-0.6539920	0.1838660
-0.5282500	0.5043570
-0.2518800	0.7303770
0.1119100	0.7930000
0.4686200	0.6648080
0.7206330	0.3732350
0.7992640	-0.0059952
0.6866140	-0.3736340
0.4180950	-0.6389600
0.0664608	-0.7452670
-0.2831670	-0.6799960
-0.5557160	-0.4697940
-0.6993110	-0.1676890
-0.6898500	0.1598400
-0.5319300	0.4429100
-0.2594900	0.6177780
0.0655873	0.6393310
0.3620730	0.4957800
0.5483260	0.2190490
0.5678560	-0.1176370
0.4111490	-0.4188100
0.1223140	-0.5973210
-0.2145250	-0.6038660
-0.5039910	-0.4423200
-0.6706110	-0.1647810
-0.6793350	0.1495270
-0.5392810	0.4203240
-0.2937170	0.5863900
-0.0046402	0.6150410
0.2608720	0.5033550
0.4408250	0.2763730
0.4878360	-0.0152447
0.3805690	-0.3005160
0.1348950	-0.5008300
-0.1921420	-0.5510040
-0.5124160	-0.4227550
-0.7315020	-0.1397340
-0.7800370	0.2252910
-0.6382590	0.5724190
-0.3425320	0.8072390
0.0285501	0.8701500
0.3810000	0.7508710
0.6327840	0.4850870
0.7318010	0.1388830
0.6619010	-0.2097890
0.4408240	-0.4861550
0.1153850	-0.6295530
-0.2444090	-0.6032380
-0.5549580	-0.4045760
-0.7357060	-0.0723232
-0.7316010	0.3157290
-0.5337990	0.6595130
-0.1880320	0.8654020
0.2161140	0.8765970
0.5727800	0.6919900
0.7932360	0.3650070
0.8312160	-0.0163599
0.6911360	-0.3583870
0.4193120	-0.5868820
0.0858967	-0.6609720
-0.2332930	-0.5752750
-0.4701280	-0.3556320
-0.5735490	-0.0532999
-0.5182210	0.2617640
-0.3130660	0.5117060
-0.0055159	0.6280880
0.3248590	0.5729140
0.5861490	0.3549530
0.7026110	0.0318253
0.6405780	-0.3061720
0.4199580	-0.5653510
0.1059620	-0.6788110
-0.2145360	-0.6249340
-0.4607190	-0.4282880
-0.5783270	-0.1460770
-0.5477000	0.1509200
-0.3816490	0.3946530
-0.1190610	0.5304240
0.1816870	0.5240940
0.4502100	0.3690910
0.6159570	0.0927182
0.6258070	-0.2431500
0.4631030	-0.5526660
0.1591600	-0.7487140
-0.2109290	-0.7709410
-0.5495220	-0.6073200
-0.7671630	-0.2990740
-0.8100080	0.0734478
-0.6730780	0.4170920
-0.3961800	0.6526520
-0.0477509	0.7322770
0.2942440	0.6446690
0.5575820	0.4117450
0.6860570	0.0823311
0.6476200	-0.2745910
0.4425310	-0.5790470
0.1093280	-0.7548800
-0.2772300	-0.7498730
-0.6210110	-0.5549360
-0.8307540	-0.2127450
-0.8488680	0.1909930
-0.6705940	0.5525710
-0.3448690	0.7820520
0.0430389	0.8288420
0.3986500	0.6918380
0.6435280	0.4131660
0.7306190	0.0619391
0.6485770	-0.2834720
0.4192720	-0.5495880
0.0929253	-0.6785530
-0.2583500	-0.6381370
-0.5514250	-0.4315080
-0.7098310	-0.1028270
-0.6858140	0.2676190
-0.4787280	0.5820700
-0.1401030	0.7539240
0.2396480	0.7357270
0.5591410	0.5345200
0.7374090	0.2079110
0.7361400	-0.1565210
0.5655390	-0.4686220
0.2750550	-0.6587260
-0.0636767	-0.6901120
-0.3738390	-0.5613620
-0.5867730	-0.3031140
-0.6526690	0.0273226
-0.5507440	0.3538660
-0.2979960	0.5949260
0.0483752	0.6830120
0.4005480	0.5862850
0.6627710	0.3230760
0.7608670	-0.0392559
0.6668820	-0.4034160
0.4080460	-0.6726860
0.0562718	-0.7804760
-0.2963680	-0.7073850
-0.5650990	-0.4811190
-0.6925670	-0.1629570
-0.6573310	0.1709230
-0.4729440	0.4460980
-0.1824550	0.6021780
0.1488150	0.6023780
0.4432080	0.4420580
0.6257820	0.1544120
0.6439720	-0.1916980
0.4861350	-0.5060170
0.1900890	-0.7020130
-0.1649430	-0.7246010
-0.4821760	-0.5688720
-0.6780120	-0.2812100
-0.7070560	0.0575666
-0.5720100	0.3590580
-0.3169030	0.5525420
-0.0097659	0.6000330
0.2763930	0.4993320
0.4782370	0.2790590
0.5515830	-0.0091571
0.4781470	-0.2991380
0.2710090	-0.5207630
-0.0234715	-0.6147090
-0.3319370	-0.5497560
-0.5711770	-0.3363790
-0.6728870	-0.0286501
-0.6068670	0.2896490
-0.3921710	0.5311340
-0.0905236	0.6328260
0.2151450	0.5744230
0.4472880	0.3802750
0.5544810	0.1067730
0.5201230	-0.1769590
0.3599840	-0.4064700
0.1140250	-0.5331530
-0.1624660	-0.5301310
-0.4072470	-0.3960040
-0.5611320	-0.1575750
-0.5813140	0.1311580
-0.4556360	0.3979790
-0.2113270	0.5706530
0.0885154	0.5996420
0.3624790	0.4759890
0.5367680	0.2354980
0.5687560	-0.0535036
0.4582710	-0.3134850
0.2430970	-0.4816420
-0.0170052	-0.5250120
-0.2590190	-0.4433070
-0.4307610	-0.2626270
-0.4980820	-0.0261765
-0.4477140	0.2138790
-0.2891290	0.4035500
-0.0557944	0.4959010
0.1975010	0.4628650
0.4050590	0.3067940
0.5083800	0.0651830
0.4761140	-0.1968400
0.3167020	-0.4059790
0.0767327	-0.5049760
-0.1751140	-0.4710700
-0.3713410	-0.3208710
-0.4657980	-0.1009170
-0.4432390	0.1298580
-0.3173640	0.3170740
-0.1221120	0.4214710
0.0977485	0.4228120
0.2938220	0.3206370
0.4204070	0.1348800
0.4428130	-0.0942726
0.3479700	-0.3109960
0.1531980	-0.4559660
-0.0932321	-0.4844060
-0.3236360	-0.3831610
-0.4720870	-0.1781010
-0.4967690	0.0730599
-0.3935390	0.3001830
-0.1950320	0.4437220
0.0429293	0.4714770
0.2600540	0.3835600
0.4071360	0.2067500
0.4542060	-0.0160080
0.3924540	-0.2353800
0.2337270	-0.4029400
0.0098811	-0.4779660
-0.2295190	-0.4360810
-0.4247820	-0.2788100
-0.5206400	-0.0391319
-0.4843990	0.2227220
-0.3199160	0.4351190
-0.0696174	0.5378520
0.1980690	0.5024850
0.4110940	0.3411260
0.5162760	0.1002800
0.4928160	-0.1562110
0.3532900	-0.3666250
0.1350850	-0.4855810
-0.1113890	-0.4902920
-0.3328380	-0.3810850
-0.4807710	-0.1799330
-0.5189610	0.0715612
-0.4322300	0.3168060
-0.2344570	0.4945820
0.0294288	0.5552540
0.2920980	0.4779260
0.4828220	0.2805080
0.5503090	0.0164033
0.4795840	-0.2423080
0.2954320	-0.4283370
0.0515918	-0.4992470
-0.1882680	-0.4464710
-0.3688880	-0.2920350
-0.4546680	-0.0776386
-0.4328310	0.1473420
-0.3118360	0.3349480
-0.1187240	0.4451100
0.1038900	0.4520240
0.3035670	0.3513530
0.4290360	0.1655700
0.4452980	-0.0575431
0.3471990	-0.2563760
0.1641180	-0.3747330
-0.0483930	-0.3812800
-0.2276170	-0.2802120
-0.3251120	-0.1080900
-0.3211450	0.0811401
-0.2268570	0.2352870
-0.0755703	0.3186440
0.0904480	0.3177640
0.2312540	0.2394300
0.3157190	0.1054020
0.3247580	-0.0523361
0.2542550	-0.1955930
0.1184410	-0.2858140
-0.0490461	-0.2935990
-0.2005180	-0.2100170
-0.2874680	-0.0540944
-0.2778740	0.1293740
-0.1697950	0.2832940
0.0060525	0.3583190
0.1968360	0.3305460
0.3465280	0.2088730
0.4144260	0.0294953
0.3856100	-0.1583510
0.2709490	-0.3078610
0.0998735	-0.3852400
-0.0886039	-0.3738670
-0.2530050	-0.2746060
-0.3548960	-0.1054460
-0.3652450	0.0990567
-0.2727320	0.2911620
-0.0914189	0.4192280
0.1375290	0.4425860
0.3542240	0.3469330
0.4977260	0.1526350
0.5264540	-0.0894796
0.4323510	-0.3142000
0.2425010	-0.4631110
0.0082849	-0.5017440
-0.2119380	-0.4264030
-0.3687040	-0.2603580
-0.4307500	-0.0439859
-0.3876190	0.1754640
-0.2487620	0.3516550
-0.0420147	0.4454160
0.1887640	0.4317390
0.3896400	0.3077340
0.5082660	0.0981658
0.5095040	-0.1464530
0.3889720	-0.3618930
0.1773920	-0.4896260
-0.0678597	-0.4960140
-0.2812640	-0.3828040
-0.4097930	-0.1845550
-0.4271100	0.0448422
-0.3368330	0.2495270
-0.1663630	0.3855410
0.0433539	0.4276440
0.2470800	0.3703060
0.4019510	0.2264130
0.4732650	0.0258238
0.4414520	-0.1873290
0.3095140	-0.3615380
0.1069120	-0.4503140
-0.1147410	-0.4271310
-0.2954720	-0.2964230
-0.3860170	-0.0943327
-0.3641640	0.1225610
-0.2410020	0.2961190
-0.0547427	0.3848140
0.1439680	0.3737810
0.3078520	0.2743140
0.4036450	0.1158740
0.4157810	-0.0637195
0.3455460	-0.2258380
0.2092890	-0.3360140
0.0369803	-0.3686800
-0.1307720	-0.3133470
-0.2501070	-0.1806630
-0.2860500	-0.0040163
-0.2254950	0.1671840
-0.0844981	0.2823360
0.0951218	0.3071640
0.2596940	0.2359930
0.3622510	0.0929400
0.3774380	-0.0781359
0.3068770	-0.2295050
0.1745310	-0.3237860
0.0165153	-0.3414950
-0.1289690	-0.2816900
-0.2284220	-0.1589930
-0.2571880	-0.0003749
-0.2034440	0.1577560
-0.0729909	0.2743610
0.1074090	0.3126780
0.2923790	0.2523120
0.4285290	0.0996438
0.4712380	-0.1096300
0.4010330	-0.3192140
0.2318610	-0.4698510
0.0070847	-0.5186380
-0.2148870	-0.4518600
-0.3786370	-0.2868190
-0.4460220	-0.0638673
-0.4027210	0.1660560
-0.2578210	0.3529180
-0.0399241	0.4557320
0.2074980	0.4483360
0.4316240	0.3247150
0.5787750	0.1036650
0.6068590	-0.1703090
0.4991630	-0.4337170
0.2736090	-0.6194140
-0.0183672	-0.6765220
-0.3050230	-0.5871810
-0.5153800	-0.3727320
-0.5998360	-0.0866608
-0.5424650	0.2022510
-0.3616760	0.4291090
-0.1015370	0.5474740
0.1807700	0.5363110
0.4266310	0.4006300
0.5852830	0.1689140
0.6218220	-0.1110160
0.5249070	-0.3786770
0.3126070	-0.5719810
0.0324785	-0.6424330
-0.2475410	-0.5703140
-0.4569520	-0.3732600
-0.5436690	-0.1030320
-0.4898520	0.1696990
-0.3160160	0.3768940
-0.0722697	0.4723920
0.1785950	0.4419600
0.3786750	0.3022920
0.4872430	0.0922730
0.4860810	-0.1382150
0.3798160	-0.3382000
0.1939850	-0.4637460
-0.0284760	-0.4856410
-0.2338970	-0.3969590
-0.3692390	-0.2180850
-0.3968900	0.0048867
-0.3078940	0.2109220
-0.1271960	0.3420780
0.0929456	0.3622870
0.2897420	0.2689500
0.4100690	0.0923837
0.4258090	-0.1159970
0.3390150	-0.3008290
0.1770260	-0.4179660
-0.0180443	-0.4430670
-0.2002020	-0.3734480
-0.3280360	-0.2259720
-0.3711220	-0.0335789
-0.3158730	0.1593650
-0.1707630	0.3045730
0.0317672	0.3611700
0.2403040	0.3086710
0.3975310	0.1563320
0.4580260	-0.0566681
0.4037550	-0.2721450
0.2503000	-0.4313950
0.0409647	-0.4936720
-0.1682700	-0.4471830
-0.3260150	-0.3092320
-0.3981840	-0.1175800
-0.3730690	0.0816160
-0.2600610	0.2443260
-0.0854496	0.3357970
0.1123690	0.3354180
0.2884870	0.2408980
0.3995530	0.0712977
0.4146420	-0.1338290
0.3260630	-0.3220580
0.1549200	-0.4423220
-0.0528980	-0.4613090
-0.2403860	-0.3750800
-0.3577600	-0.2103230
-0.3777740	-0.0145689
-0.3019360	0.1600360
-0.1563510	0.2721540
0.0191033	0.3002630
0.1825300	0.2439350
0.2985570	0.1200210
0.3430710	-0.0425699
0.3060200	-0.2076360
0.1938800	-0.3368670
0.0309750	-0.3971470
-0.1431230	-0.3698490
-0.2822970	-0.2588890
-0.3475020	-0.0927479
-0.3203020	0.0825308
-0.2099720	0.2178980
-0.0503277	0.2775720
0.1125020	0.2499430
0.2356300	0.1488170
0.2914990	0.0057836
0.2724990	-0.1414390
0.1886060	-0.2591190
0.0617190	-0.3232060
-0.0797098	-0.3213210
-0.2047050	-0.2535370
-0.2839500	-0.1333710
-0.2958580	0.0122320
-0.2339410	0.1466710
-0.1120240	0.2326990
0.0368790	0.2446190
0.1697220	0.1784570
0.2478020	0.0546578
0.2501700	-0.0887742
0.1799530	-0.2098250
0.0611929	-0.2764360
-0.0712952	-0.2749280
-0.1835040	-0.2105800
-0.2503560	-0.1024180
-0.2587720	0.0235747
-0.2074910	0.1396670
-0.1063500	0.2198190
0.0239687	0.2432580
0.1533810	0.1996510
0.2475480	0.0946882
0.2773300	-0.0475221
0.2296290	-0.1887040
0.1143190	-0.2875850
-0.0371236	-0.3140180
-0.1816930	-0.2597220
-0.2793800	-0.1406270
-0.3056480	0.0098409
-0.2568990	0.1526710
-0.1481400	0.2546130
-0.0059828	0.2948420
0.1387050	0.2665070
0.2560130	0.1755510
0.3205660	0.0393382
0.3154280	-0.1145810
0.2371540	-0.2515000
0.1000900	-0.3364260
-0.0637264	-0.3443120
-0.2116030	-0.2698790
-0.3030400	-0.1318040
-0.3134060	0.0319557
-0.2422350	0.1765000
-0.1123600	0.2646920
0.0392262	0.2778420
0.1739140	0.2185460
0.2618280	0.1062740
0.2868350	-0.0304450
0.2467770	-0.1611510
0.1516610	-0.2581800
0.0219266	-0.3000420
-0.1134790	-0.2752920
-0.2212760	-0.1869970
-0.2716400	-0.0554003
-0.2481250	0.0846160
-0.1553990	0.1926620
-0.0200883	0.2361250
0.1170620	0.2019940
0.2149770	0.1016130
0.2459660	-0.0339100
0.2035020	-0.1651350
0.1016620	-0.2570110
-0.0318374	-0.2876590
-0.1645640	-0.2511930
-0.2664960	-0.1560700
-0.3143670	-0.0219336
-0.2946680	0.1233060
-0.2068330	0.2468370
-0.0661652	0.3166010
0.0961350	0.3097810
0.2385890	0.2217400
0.3207950	0.0708899
0.3168560	-0.1043150
0.2250270	-0.2564790
0.0688500	-0.3443290
-0.1108320	-0.3453630
-0.2691520	-0.2610670
-0.3698860	-0.1136950
-0.3929700	0.0623151
-0.3359500	0.2296710
-0.2115680	0.3551600
-0.0443372	0.4139430
0.1327600	0.3928740
0.2825660	0.2939150
0.3706440	0.1365330
0.3744960	-0.0437617
0.2919960	-0.2028390
0.1444890	-0.3003390
-0.0283120	-0.3125690
-0.1805710	-0.2401760
-0.2747690	-0.1070040
-0.2922170	0.0491133
-0.2358310	0.1890190
-0.1255320	0.2827690
0.0099843	0.3147100
0.1408490	0.2833950
0.2409130	0.1990440
0.2906440	0.0810242
0.2799090	-0.0443763
0.2112890	-0.1475360
0.1021650	-0.2019170
-0.0173105	-0.1924410
-0.1118990	-0.1222750
-0.1527720	-0.0138412
-0.1280330	0.0978092
-0.0471304	0.1770940
0.0630637	0.2001510
0.1684910	0.1618510
0.2393970	0.0751774
0.2581710	-0.0353445
0.2214840	-0.1419760
0.1381420	-0.2201710
0.0256235	-0.2519550
-0.0927174	-0.2277110
-0.1901880	-0.1481610
-0.2408680	-0.0266318
-0.2262760	0.1105820
-0.1429150	0.2284140
-0.0068558	0.2923590
0.1483220	0.2801100
0.2808440	0.1903550
0.3540090	0.0442852
0.3477330	-0.1211630
0.2636130	-0.2651620
0.1222860	-0.3546150
-0.0443327	-0.3712380
-0.2016970	-0.3130030
-0.3190720	-0.1918720
-0.3734230	-0.0305585
-0.3522820	0.1404510
-0.2568180	0.2865560
-0.1042880	0.3750470
0.0727405	0.3835100
0.2326420	0.3080010
0.3359520	0.1667560
0.3577220	-0.0036391
0.2956120	-0.1591080
0.1699650	-0.2617390
0.0160126	-0.2904810
-0.1278690	-0.2449000
-0.2306140	-0.1418110
-0.2741680	-0.0079464
-0.2542510	0.1273850
-0.1784640	0.2373910
-0.0640567	0.3010220
0.0641753	0.3059420
0.1772610	0.2519220
0.2480950	0.1531820
0.2595090	0.0369602
0.2111650	-0.0632989
0.1212830	-0.1186920
0.0211157	-0.1151710
-0.0561024	-0.0584843
-0.0869062	0.0287629
-0.0647728	0.1163500
-0.0000780	0.1773660
0.0859185	0.1959390
0.1691600	0.1694650
0.2291570	0.1063330
0.2521740	0.0220392
0.2322940	-0.0640729
0.1722080	-0.1313180
0.0842296	-0.1608950
-0.0099559	-0.1408560
-0.0830198	-0.0717098
-0.1097730	0.0304802
-0.0766485	0.1366010
0.0115766	0.2131210
0.1317520	0.2338170
0.2497590	0.1893480
0.3322060	0.0902873
0.3571440	-0.0374262
0.3194610	-0.1618290
0.2298810	-0.2544630
0.1097170	-0.2965230
-0.0151928	-0.2808710
-0.1192030	-0.2115370
-0.1803240	-0.1026580
-0.1837780	0.0227587
-0.1262570	0.1356120
-0.0194018	0.2065560
0.1103640	0.2144990
0.2276560	0.1547400
0.2987520	0.0425135
0.3029990	-0.0907629
0.2398770	-0.2076730
0.1284890	-0.2771380
0.0000276	-0.2835790
-0.1128710	-0.2295630
-0.1851460	-0.1321660
-0.2038360	-0.0161631
-0.1683200	0.0924437
-0.0884305	0.1708190
0.0176243	0.2022020
0.1254200	0.1787390
0.2079500	0.1045480
0.2418020	-0.0026673
0.2148130	-0.1139490
0.1319540	-0.1964870
0.0157812	-0.2242090
-0.0999951	-0.1871800
-0.1816850	-0.0953255
-0.2067440	0.0253717
-0.1700890	0.1422700
-0.0835498	0.2265420
0.0299866	0.2603910
0.1440920	0.2392450
0.2347310	0.1700930
0.2836520	0.0685281
0.2803610	-0.0438561
0.2241380	-0.1420330
0.1260300	-0.2015540
0.0089591	-0.2046690
-0.0962396	-0.1469770
-0.1591460	-0.0412504
-0.1598400	0.0845862
-0.0962884	0.1956540
0.0146660	0.2614640
0.1433210	0.2655020
0.2572180	0.2090850
0.3307080	0.1086930
0.3503850	-0.0108129
0.3156840	-0.1233480
0.2364770	-0.2065640
0.1301700	-0.2444660
0.0193320	-0.2291550
-0.0709809	-0.1628830
-0.1177030	-0.0597766
-0.1061610	0.0549384
-0.0362205	0.1500540
0.0752731	0.1973710
0.1981960	0.1813120
0.2983720	0.1047400
0.3486430	-0.0119674
0.3369920	-0.1381590
0.2686030	-0.2429570
0.1620310	-0.3036820
0.0423675	-0.3098850
-0.0651223	-0.2631370
-0.1391420	-0.1746940
-0.1647370	-0.0631091
-0.1354320	0.0478782
-0.0557217	0.1324340
0.0573806	0.1679440
0.1760910	0.1419410
0.2682400	0.0578609
0.3069680	-0.0638431
0.2799090	-0.1909450
0.1935890	-0.2895240
0.0709034	-0.3346730
-0.0569910	-0.3173150
-0.1604420	-0.2448400
-0.2186530	-0.1365650
-0.2226630	-0.0171664
-0.1747360	0.0889231
-0.0863416	0.1610650
0.0237579	0.1848360
0.1315690	0.1546080
0.2115190	0.0762804
0.2424570	-0.0316650
0.2146700	-0.1410230
0.1347030	-0.2212790
0.0248461	-0.2494050
-0.0835429	-0.2178730
-0.1604270	-0.1370670
-0.1866860	-0.0309762
-0.1589170	0.0715613
-0.0881702	0.1458960
0.0055554	0.1772980
0.0997222	0.1623220
0.1740160	0.1071880
0.2130480	0.0254189
0.2081870	-0.0641898
0.1596420	-0.1398910
0.0782930	-0.1809580
-0.0146545	-0.1735370
-0.0920096	-0.1164970
-0.1286900	-0.0240557
-0.1106960	0.0772314
-0.0408032	0.1568240
0.0619957	0.1905780
0.1691950	0.1685950
0.2524330	0.0973442
0.2917980	-0.0040797
0.2798620	-0.1109050
0.2212370	-0.1993860
0.1296350	-0.2511610
0.0246139	-0.2554000
-0.0711979	-0.2100790
-0.1352530	-0.1232480
-0.1496640	-0.0134647
-0.1068700	0.0924409
-0.0140925	0.1654450
0.1063980	0.1831090
0.2227440	0.1376660
0.3032830	0.0394911
0.3267050	-0.0860221
0.2882590	-0.2069290
0.1997140	-0.2947110
0.0839990	-0.3316360
-0.0322962	-0.3133550
-0.1252720	-0.2473690
-0.1774660	-0.1496290
-0.1796060	-0.0412374
-0.1317700	0.0544506
-0.0443997	0.1153390
0.0619596	0.1254940
0.1599640	0.0805453
0.2223610	-0.0089746
0.2306390	-0.1190080
0.1817870	-0.2187450
0.0897360	-0.2805470
-0.0194952	-0.2888400
-0.1167930	-0.2441950
-0.1789970	-0.1613410
-0.1944130	-0.0629196
-0.1636030	0.0276180
-0.0968077	0.0911653
-0.0104125	0.1154610
0.0760129	0.0960325
0.1422890	0.0369175
0.1709780	-0.0487648
0.1519790	-0.1397990
0.0870304	-0.2109550
-0.0085183	-0.2401090
-0.1087940	-0.2160330
-0.1851640	-0.1432050
-0.2157540	-0.0409355
-0.1925760	0.0631387
-0.1232160	0.1422890
-0.0269284	0.1785600
0.0723725	0.1663930
0.1527690	0.1117260
0.1984510	0.0285189
0.2012340	-0.0649374
0.1609060	-0.1488520
0.0855344	-0.2044870
-0.0085737	-0.2175650
-0.0987819	-0.1825580
-0.1610540	-0.1061840
-0.1771880	-0.0075336
-0.1415540	0.0866036
-0.0638998	0.1501640
0.0336195	0.1665510
0.1241330	0.1337870
0.1849910	0.0639499
0.2040690	-0.0222814
0.1813760	-0.1028760
0.1265970	-0.1602520
0.0549140	-0.1840570
-0.0166515	-0.1715150
-0.0717587	-0.1269410
-0.0969727	-0.0613606
-0.0846784	0.0083443
-0.0363584	0.0621850
0.0356355	0.0823371
0.1099720	0.0596076
0.1624860	-0.0018923
0.1746370	-0.0847517
0.1405840	-0.1637190
0.0694596	-0.2145160
-0.0181415	-0.2220880
-0.0975976	-0.1848290
-0.1480330	-0.1136280
-0.1574030	-0.0272406
-0.1239290	0.0532665
-0.0549831	0.1088800
0.0348519	0.1254680
0.1257730	0.0959717
0.1953970	0.0226465
0.2230980	-0.0812877
0.1959630	-0.1924160
0.1144330	-0.2818090
-0.0053717	-0.3231810
-0.1347820	-0.3017350
-0.2407860	-0.2198190
-0.2962390	-0.0966750
-0.2878870	0.0376824
-0.2192140	0.1516420
-0.1078270	0.2204060
0.0205117	0.2309210
0.1382880	0.1829000
0.2212480	0.0873391
0.2519220	-0.0359028
0.2224710	-0.1609450
0.1371370	-0.2598480
0.0132548	-0.3083370
-0.1209650	-0.2925440
-0.2327810	-0.2143420
-0.2941170	-0.0923721
-0.2902840	0.0426920
-0.2244850	0.1573390
-0.1161170	0.2252740
0.0061683	0.2343190
0.1133970	0.1879230
0.1835620	0.1017920
0.2052700	-0.0018510
0.1779990	-0.0997282
0.1105970	-0.1714480
0.0193479	-0.2023090
-0.0743527	-0.1858320
-0.1475850	-0.1260220
-0.1812380	-0.0380221
-0.1659640	0.0544952
-0.1062160	0.1256500
-0.0198264	0.1555970
0.0675102	0.1373040
0.1309120	0.0786898
0.1544070	-0.0008409
0.1351050	-0.0777063
0.0822310	-0.1318120
0.0124668	-0.1515160
-0.0556353	-0.1348130
-0.1058830	-0.0878128
-0.1267610	-0.0223723
-0.1127140	0.0459868
-0.0653723	0.1001700
0.0054462	0.1246010
0.0823137	0.1095780
0.1437100	0.0555572
0.1703400	-0.0250541
0.1520800	-0.1104620
0.0922914	-0.1762070
0.0071784	-0.2034360
-0.0797767	-0.1851060
-0.1457250	-0.1275080
-0.1752040	-0.0469798
-0.1632880	0.0360151
-0.1149200	0.1025440
-0.0420866	0.1387510
0.0392383	0.1373060
0.1115170	0.0979127
0.1580050	0.0277661
0.1659420	-0.0584351
0.1305050	-0.1402680
0.0579318	-0.1961000
-0.0344234	-0.2096100
-0.1223250	-0.1757820
-0.1821580	-0.1033800
-0.1986760	-0.0123325
-0.1695990	0.0730017
-0.1052520	0.1316630
-0.0239853	0.1516940
0.0539927	0.1317830
0.1116510	0.0794865
0.1377690	0.0079955
0.1276900	-0.0667887
0.0834933	-0.1284510
0.0142005	-0.1623310
-0.0646382	-0.1586410
-0.1333280	-0.1160150
-0.1729230	-0.0436729
-0.1714080	0.0397728
-0.1284670	0.1114640
-0.0562510	0.1517530
0.0246336	0.1507640
0.0922292	0.1111350
0.1301870	0.0459886
0.1317330	-0.0263900
0.0997141	-0.0883410
0.0438950	-0.1267600
-0.0223584	-0.1345640
-0.0845931	-0.1106660
-0.1290150	-0.0597929
-0.1444570	0.0075464
-0.1251860	0.0758504
-0.0737802	0.1274120
-0.0022251	0.1472410
0.0704299	0.1285070
0.1237870	0.0758144
0.1430590	0.0042683
0.1241140	-0.0656478
0.0743053	-0.1151220
0.0089901	-0.1327910
-0.0541905	-0.1169920
-0.1004600	-0.0743611
-0.1206740	-0.0164735
-0.1117320	0.0433970
-0.0759471	0.0923645
-0.0205658	0.1193190
0.0425426	0.1166780
0.0981320	0.0828379
0.1307790	0.0242943
0.1297240	-0.0444317
0.0934065	-0.1042280
0.0311798	-0.1374990
-0.0392340	-0.1344380
-0.0977513	-0.0964931
-0.1287170	-0.0354233
-0.1254600	0.0313648
-0.0910204	0.0867212
-0.0356043	0.1182480
0.0272092	0.1201230
0.0836131	0.0927905
0.1214570	0.0419600
0.1315970	-0.0221251
0.1096630	-0.0854644
0.0582268	-0.1322540
-0.0119479	-0.1486850
-0.0832725	-0.1277580
-0.1359370	-0.0728975
-0.1544090	0.0018929
-0.1330330	0.0760999
-0.0780416	0.1294800
-0.0050760	0.1485730
0.0664169	0.1302120
0.1191760	0.0810500
0.1421170	0.0142211
0.1315470	-0.0547132
0.0905028	-0.1108950
0.0275796	-0.1421300
-0.0440815	-0.1404920
-0.1082270	-0.1042730
-0.1483400	-0.0398263
-0.1520970	0.0381870
-0.1160520	0.1095510
-0.0482090	0.1542140
0.0334429	0.1590070
0.1063960	0.1224000
0.1509670	0.0550216
0.1563620	-0.0242513
0.1230720	-0.0946514
0.0612829	-0.1394690
-0.0131713	-0.1495120
-0.0831034	-0.1237630
-0.1331660	-0.0683468
-0.1519560	0.0049278
-0.1338260	0.0800909
-0.0807582	0.1392680
-0.0035166	0.1663900
0.0793980	0.1520090
0.1459410	0.0974111
0.1770980	0.0157324
0.1633890	-0.0712543
0.1083490	-0.1398730
0.0273215	-0.1720980
-0.0578536	-0.1607870
-0.1257610	-0.1107290
-0.1610660	-0.0358321
-0.1572430	0.0455968
-0.1165130	0.1153300
-0.0482973	0.1583750
0.0326759	0.1650510
0.1084680	0.1327170
0.1608840	0.0672064
0.1756750	-0.0169661
0.1471670	-0.0989590
0.0813212	-0.1568690
-0.0048161	-0.1745330
-0.0878517	-0.1471260
-0.1454450	-0.0829502
-0.1633330	-0.0004728
-0.1391120	0.0779934
-0.0816430	0.1331420
-0.0070772	0.1533950
0.0662196	0.1363850
0.1218510	0.0878857
0.1479810	0.0196471
0.1388490	-0.0528314
0.0959000	-0.1126460
0.0284460	-0.1445810
-0.0471504	-0.1390630
-0.1107780	-0.0958796
-0.1442020	-0.0257034
-0.1371970	0.0521250
-0.0914896	0.1153990
-0.0204693	0.1463170
0.0553918	0.1371590
0.1153820	0.0920667
0.1446990	0.0246028
0.1376870	-0.0472307
0.0977583	-0.1061090
0.0351759	-0.1389280
-0.0357126	-0.1385400
-0.0989527	-0.1044540
-0.1394180	-0.0431743
-0.1457930	0.0320397
-0.1139930	0.1029810
-0.0497361	0.1505450
0.0315121	0.1603840
0.1082210	0.1280940
0.1592850	0.0614346
0.1708240	-0.0217852
0.1404270	-0.0994590
0.0771739	-0.1520930
-0.0021068	-0.1680500
-0.0782608	-0.1454780
-0.1345820	-0.0911619
-0.1596840	-0.0177789
-0.1486580	0.0589370
-0.1034510	0.1226170
-0.0329515	0.1587260
0.0476645	0.1575900
0.1193200	0.1175860
0.1635380	0.0470410
0.1680250	-0.0367933
0.1310940	-0.1122190
0.0627040	-0.1596980
-0.0186684	-0.1679320
-0.0920662	-0.1368720
-0.1403620	-0.0766454
-0.1543610	-0.0034070
-0.1336860	0.0656599
-0.0851663	0.1162030
-0.0203049	0.1387120
0.0469733	0.1292650
0.1022330	0.0899169
0.1327570	0.0289635
0.1304840	-0.0396799
0.0949809	-0.0989646
0.0348442	-0.1331770
-0.0339024	-0.1330440
-0.0924981	-0.0991979
-0.1255450	-0.0421447
-0.1258870	0.0214679
-0.0961908	0.0746035
-0.0468812	0.1050150
0.0081153	0.1078570
0.0556103	0.0853734
0.0858239	0.0447969
0.0933275	-0.0039572
0.0771424	-0.0499753
0.0408571	-0.0826846
-0.0072717	-0.0936286
-0.0551297	-0.0789056
-0.0893259	-0.0413809
-0.0993200	0.0088922
-0.0815224	0.0571091
-0.0412347	0.0885691
0.0088857	0.0939627
0.0533733	0.0726285
0.0794370	0.0323004
0.0808985	-0.0142811
0.0591457	-0.0540017
0.0213802	-0.0770910
-0.0223126	-0.0787816
-0.0615135	-0.0592047
-0.0870533	-0.0226239
-0.0921145	0.0231930
-0.0735912	0.0676336
-0.0337370	0.0987779
0.0188931	0.1063550
0.0705373	0.0854975
0.1058790	0.0395736
0.1132270	-0.0197402
0.0889916	-0.0757760
0.0392626	-0.1124200
-0.0223073	-0.1194690
-0.0792432	-0.0955039
-0.1173620	-0.0474130
-0.1282050	0.0125968
-0.1100420	0.0706875
-0.0670839	0.1143000
-0.0081051	0.1339220
0.0548434	0.1242880
0.1079130	0.0856195
0.1378360	0.0246912
0.1353690	-0.0453217
0.0988156	-0.1072550
0.0358331	-0.1445970
-0.0379371	-0.1468430
-0.1034110	-0.1132310
-0.1440680	-0.0530436
-0.1508900	0.0176744
-0.1242820	0.0814021
-0.0726878	0.1240660
-0.0091634	0.1378670
0.0522316	0.1217160
0.0990260	0.0802158
0.1218810	0.0223326
0.1157790	-0.0398151
0.0813035	-0.0925264
0.0255610	-0.1230980
-0.0383786	-0.1233070
-0.0943267	-0.0925696
-0.1276910	-0.0390165
-0.1302960	0.0225817
-0.1031030	0.0755554
-0.0555160	0.1067710
-0.0016693	0.1103970
0.0444293	0.0886159
0.0727277	0.0495479
0.0787245	0.0039563
0.0630720	-0.0375940
0.0303520	-0.0663685
-0.0119721	-0.0762670
-0.0543404	-0.0646211
-0.0863175	-0.0332799
-0.0988723	0.0106873
