jMRUI Data Textfile

Filename: PCr.txt

PointsInDataset: 2048      
DatasetsInFile: 1         
SamplingInterval: 2.5E-1    
ZeroOrderPhase: 0E0       
BeginTime: 0E0       
TransmitterFrequency: 1.2322E8  
MagneticField: 2.9E0     
TypeOfNucleus: 0E0       
NameOfPatient: PCr
DateOfExperiment: 
Spectrometer: 
AdditionalInfo: PCr
SignalNames: PCr.txt;


Signal and FFT
sig(real)	sig(imag)	fft(real)	fft(imag)
Signal 1 out of 1 in file
5.1000000	-0.0000000
4.8886700	-1.2795500
4.3152000	-2.4004700
3.4877200	-3.2627400
2.5244200	-3.8393500
1.5086700	-4.1509800
0.4818360	-4.2202900
-0.5262250	-4.0431000
-1.4579800	-3.5989700
-2.2158000	-2.8921900
-2.6908800	-1.9891500
-2.8154400	-1.0199900
-2.6014200	-0.1378450
-2.1372200	0.5387810
-1.5441600	0.9628280
-0.9230680	1.1518600
-0.3272740	1.1470000
0.2226930	0.9712940
0.6996470	0.6197920
1.0410000	0.0878502
1.1574600	-0.5865780
0.9763970	-1.3027000
0.4894300	-1.9190400
-0.2309240	-2.3066200
-1.0591100	-2.3985100
-1.8703400	-2.2031200
-2.5836100	-1.7753200
-3.1666400	-1.1696100
-3.6045400	-0.4117310
-3.8617000	0.4910830
-3.8706100	1.5116700
-3.5598500	2.5695900
-2.9024600	3.5332200
-1.9487600	4.2610600
-0.8177980	4.6566300
0.3485560	4.7002400
1.4382100	4.4376800
2.3933800	3.9369600
3.1941600	3.2467600
3.8193400	2.3869800
4.2190000	1.3758600
4.3237000	0.2691180
4.0855400	-0.8236700
3.5209700	-1.7631600
2.7220100	-2.4320300
1.8249700	-2.7801700
0.9566560	-2.8330500
0.1937690	-2.6596000
-0.4391490	-2.3248500
-0.9373050	-1.8624700
-1.2782000	-1.2853600
-1.4113500	-0.6223850
-1.2854100	0.0513678
-0.8928250	0.6191070
-0.2974980	0.9632970
0.3779110	1.0168500
0.9990720	0.7895440
1.4705200	0.3522350
1.7567000	-0.2083160
1.8629100	-0.8305630
1.7954900	-1.4866400
1.5350800	-2.1556600
1.0454600	-2.7869200
0.3121010	-3.2861500
-0.6199270	-3.5402900
-1.6396300	-3.4667700
-2.6039900	-3.0536300
-3.3910200	-2.3624600
-3.9371500	-1.4929600
-4.2359200	-0.5350330
-4.3038900	0.4576950
-4.1433500	1.4569000
-3.7324600	2.4241900
-3.0509900	3.2835200
-2.1213100	3.9274700
-1.0310500	4.2572600
0.0832096	4.2299800
1.0836400	3.8796900
1.8792300	3.2974400
2.4431000	2.5846500
2.7908400	1.8128900
2.9401300	1.0168100
2.8846700	0.2207720
2.6030400	-0.5261080
2.0949200	-1.1382200
1.4150400	-1.5184700
0.6755080	-1.6047900
0.0103967	-1.4051800
-0.4755330	-0.9959920
-0.7402690	-0.4838430
-0.7994440	0.0418709
-0.6903240	0.5336450
-0.4345780	0.9735250
-0.0288354	1.3382000
0.5306630	1.5729800
1.2103000	1.5988100
1.9203300	1.3505000
2.5337600	0.8194640
2.9333800	0.0694314
3.0562700	-0.7873870
2.9067200	-1.6378700
2.5312800	-2.4067700
1.9774000	-3.0618700
1.2676500	-3.5868100
0.4082740	-3.9470100
-0.5768320	-4.0792100
-1.6159900	-3.9158900
-2.5907600	-3.4283700
-3.3721400	-2.6568400
-3.8695600	-1.7037600
-4.0600300	-0.6937470
-3.9791200	0.2733400
-3.6830400	1.1449300
-3.2115800	1.9018900
-2.5791400	2.5238900
-1.7984400	2.9646400
-0.9155620	3.1594600
-0.0252528	3.0616200
0.7496920	2.6808800
1.3042800	2.0944400
1.5920300	1.4200900
1.6334300	0.7685590
1.4881100	0.2069990
1.2129100	-0.2436960
0.8369360	-0.5805150
0.3704000	-0.7848760
-0.1628620	-0.8128900
-0.6980290	-0.6189280
-1.1324800	-0.1954650
-1.3617500	0.4016160
-1.3252500	1.0633900
-1.0306000	1.6692500
-0.5404970	2.1321400
0.0669897	2.4180300
0.7353100	2.5297700
1.4376200	2.4719000
2.1535400	2.2264500
2.8363300	1.7603200
3.4000300	1.0592300
3.7409100	0.1620000
3.7812700	-0.8330140
3.5057000	-1.7973100
2.9648100	-2.6193700
2.2444500	-3.2385500
1.4231700	-3.6448100
0.5481980	-3.8490000
-0.3554390	-3.8496200
-1.2536300	-3.6235600
-2.0782300	-3.1486300
-2.7319900	-2.4401700
-3.1237500	-1.5720200
-3.2108400	-0.6628910
-3.0187100	0.1656170
-2.6241600	0.8320200
-2.1142700	1.3111900
-1.5504300	1.6158400
-0.9613460	1.7607800
-0.3664040	1.7393700
0.1930600	1.5308500
0.6426650	1.1324300
0.8966400	0.5898740
0.8990980	0.0005086
0.6559050	-0.5176270
0.2339890	-0.8713710
-0.2718040	-1.0228100
-0.7810260	-0.9855760
-1.2501400	-0.7933210
-1.6622100	-0.4664260
-1.9960700	-0.0030295
-2.2027800	0.5994840
-2.2112700	1.3108000
-1.9620200	2.0503500
-1.4454400	2.7033700
-0.7167210	3.1624600
0.1245820	3.3676500
0.9765310	3.3187300
1.7697200	3.0539200
2.4726400	2.6132000
3.0679200	2.0151100
3.5221000	1.2637600
3.7757500	0.3789190
3.7647400	-0.5767260
3.4587500	-1.4977400
2.8885800	-2.2676000
2.1413800	-2.8024300
1.3254500	-3.0776100
0.5285680	-3.1207100
-0.2027000	-2.9782900
-0.8513240	-2.6827900
-1.3991700	-2.2440800
-1.8046700	-1.6702100
-2.0089200	-0.9987030
-1.9678500	-0.3108920
-1.6868100	0.2857180
-1.2312900	0.6979850
-0.7037440	0.8838060
-0.2015010	0.8604470
0.2161790	0.6805230
0.5311600	0.3948040
0.7416550	0.0295977
0.8323500	-0.4059590
0.7652070	-0.8911380
0.4999560	-1.3688900
0.0295854	-1.7480100
-0.5965220	-1.9346300
-1.2809900	-1.8731000
-1.9148100	-1.5683900
-2.4177300	-1.0752200
-2.7563700	-0.4631800
-2.9305100	0.2163210
-2.9420600	0.9379110
-2.7732500	1.6820300
-2.3926100	2.4056400
-1.7851000	3.0302900
-0.9829130	3.4605900
-0.0720981	3.6231700
0.8329650	3.4994500
1.6313600	3.1299400
2.2663200	2.5875200
2.7257600	1.9397800
3.0163800	1.2271800
3.1340500	0.4706740
3.0551200	-0.3006420
2.7561300	-1.0269400
2.2464900	-1.6213900
1.5878700	-2.0011900
0.8828570	-2.1254600
0.2380590	-2.0135200
-0.2743760	-1.7308000
-0.6319020	-1.3527400
-0.8457500	-0.9325010
-0.9293250	-0.4942650
-0.8768970	-0.0535503
-0.6696180	0.3547890
-0.3038710	0.6661560
0.1810930	0.8049240
0.6997880	0.7210830
1.1473100	0.4191220
1.4398600	-0.0417628
1.5423600	-0.5765760
1.4659200	-1.1121800
1.2402000	-1.6078500
0.8837630	-2.0467000
0.3955420	-2.4085100
-0.2264250	-2.6484100
-0.9549460	-2.7014500
-1.7177100	-2.5122200
-2.4108700	-2.0693400
-2.9358400	-1.4194700
-3.2352200	-0.6498890
-3.3046700	0.1485500
-3.1745500	0.9128000
-2.8776000	1.6130200
-2.4279500	2.2319200
-1.8269400	2.7377900
-1.0897200	3.0752800
-0.2699550	3.1839500
0.5396830	3.0325000
1.2351500	2.6438000
1.7399700	2.0914100
2.0296000	1.4689300
2.1258700	0.8528330
2.0679600	0.2836130
1.8828100	-0.2244270
1.5771800	-0.6560670
1.1557700	-0.9749750
0.6491700	-1.1286300
0.1272440	-1.0766600
-0.3159410	-0.8219980
-0.5979330	-0.4210730
-0.6808900	0.0360340
-0.5797380	0.4628550
-0.3414210	0.8061990
-0.0119220	1.0495200
0.3842460	1.1912800
0.8380620	1.2183300
1.3306000	1.0972400
1.8106900	0.7921070
2.1962800	0.2961760
2.4020300	-0.3470320
2.3758400	-1.0504600
2.1194900	-1.7154400
1.6796900	-2.2678200
1.1174800	-2.6746600
0.4786890	-2.9327400
-0.2135970	-3.0411500
-0.9413980	-2.9816500
-1.6657400	-2.7235800
-2.3154800	-2.2504600
-2.8033800	-1.5878500
-3.0605000	-0.8098790
-3.0660100	-0.0172385
-2.8517300	0.6998800
-2.4790600	1.2895000
-2.0056000	1.7390800
-1.4653400	2.0528200
-0.8750330	2.2253600
-0.2586390	2.2336100
0.3322430	2.0539400
0.8211140	1.6913900
1.1338100	1.1974900
1.2324000	0.6609270
1.1321800	0.1751030
0.8897650	-0.1962840
0.5714110	-0.4333050
0.2240460	-0.5462980
-0.1312050	-0.5479170
-0.4812910	-0.4338680
-0.7962510	-0.1877860
-1.0194700	0.1937240
-1.0838500	0.6761850
-0.9443220	1.1836100
-0.6040390	1.6218200
-0.1152630	1.9145200
0.4458050	2.0283200
1.0125300	1.9711900
1.5466000	1.7683600
2.0309500	1.4358100
2.4457400	0.9723040
2.7492600	0.3756810
2.8813700	-0.3303140
2.7897900	-1.0813200
2.4609300	-1.7838700
1.9331300	-2.3478000
1.2818500	-2.7186400
0.5870030	-2.8887800
-0.0951839	-2.8818200
-0.7375450	-2.7240600
-1.3239900	-2.4255000
-1.8254200	-1.9847000
-2.1912000	-1.4123000
-2.3651500	-0.7533440
-2.3161700	-0.0883918
-2.0609200	0.4906150
-1.6615700	0.9150030
-1.1990000	1.1615700
-0.7397840	1.2483300
-0.3189180	1.2090900
0.0519163	1.0670500
0.3604130	0.8273020
0.5753740	0.4926220
0.6506120	0.0884737
0.5499180	-0.3246130
0.2750440	-0.6638630
-0.1245790	-0.8559070
-0.5689040	-0.8664640
-0.9802150	-0.7082590
-1.3098600	-0.4231170
-1.5418100	-0.0527395
-1.6738700	0.3798780
-1.6938600	0.8655910
-1.5715900	1.3866900
-1.2743100	1.8967500
-0.7948790	2.3213200
-0.1710460	2.5821500
0.5198670	2.6297900
1.1889800	2.4625700
1.7681100	2.1193800
2.2252200	1.6527600
2.5547000	1.1025900
2.7532700	0.4889090
2.8022300	-0.1726980
2.6715200	-0.8478060
2.3432100	-1.4727900
1.8365800	-1.9686000
1.2146800	-2.2713200
0.5652880	-2.3590800
-0.0319199	-2.2567900
-0.5303540	-2.0162300
-0.9181740	-1.6864500
-1.1985400	-1.2959100
-1.3660800	-0.8576270
-1.3993300	-0.3909030
-1.2756600	0.0602313
-0.9973560	0.4289260
-0.6079650	0.6493980
-0.1846330	0.6872560
0.1903810	0.5551420
0.4604940	0.3028540
0.6078430	-0.0106136
0.6417970	-0.3429730
0.5742440	-0.6748840
0.4021820	-0.9945360
0.1116350	-1.2753600
-0.3002400	-1.4669400
-0.8027330	-1.5090000
-1.3277900	-1.3602500
-1.7902800	-1.0221300
-2.1200700	-0.5402120
-2.2847500	0.0176446
-2.2889000	0.5911150
-2.1530400	1.1444800
-1.8900100	1.6608300
-1.4975400	2.1208600
-0.9724690	2.4856600
-0.3346500	2.6994300
0.3594710	2.7125500
1.0265300	2.5093600
1.5848700	2.1205000
1.9835600	1.6104200
2.2129500	1.0486000
2.2913700	0.4843010
2.2398700	-0.0586484
2.0651900	-0.5661990
1.7636300	-1.0126200
1.3419700	-1.3524600
0.8375860	-1.5345300
0.3200240	-1.5290200
-0.1300100	-1.3482200
-0.4514790	-1.0451300
-0.6232140	-0.6901170
-0.6607360	-0.3415030
-0.5939750	-0.0298489
-0.4436950	0.2351710
-0.2144410	0.4436010
0.0917023	0.5687020
0.4528220	0.5700000
0.8157210	0.4152660
1.1068300	0.1056380
1.2601700	-0.3151830
1.2440700	-0.7755640
1.0687700	-1.2050800
0.7710310	-1.5586100
0.3882610	-1.8199900
-0.0583270	-1.9857200
-0.5597840	-2.0437600
-1.0996500	-1.9659900
-1.6357800	-1.7217400
-2.1005200	-1.3028000
-2.4219000	-0.7410790
-2.5528100	-0.1044760
-2.4883700	0.5276850
-2.2601800	1.0934400
-1.9127600	1.5623700
-1.4799800	1.9274900
-0.9784560	2.1840000
-0.4208250	2.3132900
0.1633750	2.2862000
0.7181130	2.0838200
1.1726600	1.7200900
1.4686900	1.2482000
1.5845100	0.7441970
1.5399500	0.2779610
1.3791400	-0.1093520
1.1442700	-0.4072800
0.8594350	-0.6188160
0.5348800	-0.7394430
0.1861630	-0.7500290
-0.1491440	-0.6298340
-0.4126850	-0.3797390
-0.5462750	-0.0372219
-0.5189830	0.3298990
-0.3415540	0.6484950
-0.0581758	0.8676570
0.2781160	0.9707800
0.6286470	0.9658230
0.9750840	0.8634750
1.3060300	0.6614390
1.5971900	0.3475550
1.8029100	-0.0806989
1.8682700	-0.5960250
1.7547100	-1.1374200
1.4614900	-1.6278300
1.0275900	-2.0025900
0.5127040	-2.2300900
-0.0292446	-2.3116900
-0.5656190	-2.2633500
-1.0803200	-2.0946400
-1.5551100	-1.8017900
-1.9541100	-1.3801100
-2.2257800	-0.8453400
-2.3233400	-0.2461440
-2.2296200	0.3439780
-1.9686100	0.8518950
-1.5949700	1.2308900
-1.1686700	1.4705600
-0.7323600	1.5854500
-0.3063630	1.5927800
0.0977022	1.4970900
0.4577700	1.2933400
0.7338330	0.9854510
0.8800210	0.6044240
0.8687180	0.2103000
0.7093660	-0.1261610
0.4478080	-0.3508790
0.1459210	-0.4448090
-0.1445390	-0.4216410
-0.3962910	-0.3082870
-0.6008060	-0.1238280
-0.7496310	0.1271030
-0.8194860	0.4423690
-0.7746080	0.8024610
-0.5861040	1.1599400
-0.2544880	1.4487000
0.1816440	1.6087100
0.6581360	1.6099900
1.1110400	1.4599700
1.4983100	1.1902600
1.8035300	0.8337170
2.0217400	0.4092920
2.1406000	-0.0748747
2.1334100	-0.6039660
1.9708200	-1.1401400
1.6431900	-1.6222000
1.1766500	-1.9842400
0.6300200	-2.1816400
0.0732969	-2.2070000
-0.4379990	-2.0855800
-0.8758380	-1.8547200
-1.2329200	-1.5427700
-1.5038900	-1.1629300
-1.6709900	-0.7248250
-1.7066000	-0.2531370
-1.5916400	0.2034770
-1.3359000	0.5824740
-0.9842450	0.8313970
-0.6025650	0.9297390
-0.2520440	0.8937970
0.0311285	0.7617900
0.2379620	0.5706590
0.3716240	0.3413840
0.4287390	0.0824671
0.3927650	-0.1931660
0.2452710	-0.4530740
-0.0133742	-0.6459900
-0.3503110	-0.7201890
-0.7052730	-0.6476770
-1.0125700	-0.4374620
-1.2257300	-0.1287400
-1.3286400	0.2307450
-1.3273600	0.6054830
-1.2308500	0.9778880
-1.0367900	1.3366800
-0.7340470	1.6592200
-0.3198990	1.9036700
0.1818180	2.0194800
0.7167920	1.9700700
1.2155400	1.7523200
1.6187100	1.3988100
1.8957600	0.9612830
2.0454200	0.4872100
2.0797000	0.0056666
2.0051800	-0.4687760
1.8166100	-0.9195970
1.5077000	-1.3143100
1.0902300	-1.6059500
0.6054970	-1.7509500
0.1176480	-1.7315200
-0.3085400	-1.5663500
-0.6309680	-1.3017900
-0.8394710	-0.9895650
-0.9461360	-0.6665150
-0.9656310	-0.3497710
-0.9013270	-0.0486332
-0.7478200	0.2183460
-0.5072520	0.4163800
-0.2056970	0.5048690
0.1046710	0.4588200
0.3615140	0.2858980
0.5166830	0.0263298
0.5528880	-0.2648430
0.4821260	-0.5410520
0.3285950	-0.7772790
0.1099090	-0.9653530
-0.1690970	-1.0974700
-0.5059970	-1.1527900
-0.8830760	-1.0991300
-1.2576200	-0.9101120
-1.5697600	-0.5852850
-1.7643600	-0.1583440
-1.8125800	0.3135810
-1.7188800	0.7726910
-1.5097300	1.1800200
-1.2133000	1.5192000
-0.8458260	1.7841200
-0.4140410	1.9622000
0.0693645	2.0279300
0.5710070	1.9530600
1.0361400	1.7264900
1.4049400	1.3689700
1.6357300	0.9308390
1.7195100	0.4732270
1.6764500	0.0452122
1.5378500	-0.3280960
1.3273900	-0.6399090
1.0553200	-0.8851860
0.7286160	-1.0477100
0.3675540	-1.1020500
0.0140156	-1.0298100
-0.2771220	-0.8378940
-0.4591820	-0.5644960
-0.5133710	-0.2670030
-0.4535560	0.0007297
-0.3134200	0.2066750
-0.1258950	0.3429750
0.0901199	0.4128410
0.3269800	0.4138770
0.5733790	0.3319060
0.8007420	0.1507560
0.9634880	-0.1293400
1.0151200	-0.4792420
0.9298580	-0.8449970
0.7148010	-1.1671600
0.4043540	-1.4027900
0.0412061	-1.5358400
-0.3422760	-1.5701700
-0.7294320	-1.5126300
-1.1092400	-1.3602700
-1.4605600	-1.1022800
-1.7449900	-0.7351760
-1.9157900	-0.2791660
-1.9381000	0.2179700
-1.8065500	0.6941290
-1.5477700	1.0953400
-1.2060500	1.3926800
-0.8225520	1.5831100
-0.4225720	1.6755600
-0.0186443	1.6742800
0.3749140	1.5729500
0.7293650	1.3640300
1.0025500	1.0558400
1.1546100	0.6831130
1.1680400	0.3014540
1.0575600	-0.0321749
0.8628260	-0.2803170
0.6287470	-0.4336340
0.3873830	-0.5026690
0.1533300	-0.5004600
-0.0659416	-0.4300290
-0.2548530	-0.2863440
-0.3832280	-0.0707262
-0.4152710	0.1943880
-0.3285830	0.4631400
-0.1295970	0.6801020
0.1460590	0.8019360
0.4490430	0.8125210
0.7370140	0.7219830
0.9865570	0.5517550
1.1893400	0.3178260
1.3376100	0.0249570
1.4120900	-0.3243170
1.3832800	-0.7139290
1.2265000	-1.1053600
0.9399590	-1.4442900
0.5524990	-1.6799000
0.1144520	-1.7842900
-0.3224480	-1.7591600
-0.7225830	-1.6260900
-1.0701700	-1.4087300
-1.3585400	-1.1203800
-1.5752800	-0.7660080
-1.6962500	-0.3558570
-1.6944200	0.0812526
-1.5576400	0.4969690
-1.3019900	0.8376350
-0.9701950	1.0649600
-0.6153150	1.1693500
-0.2803250	1.1671400
0.0127345	1.0848700
0.2580550	0.9425690
0.4514450	0.7482930
0.5786650	0.5070020
0.6169240	0.2353520
0.5491660	-0.0306402
0.3805110	-0.2429070
0.1439500	-0.3600610
-0.1100360	-0.3651090
-0.3335720	-0.2700980
-0.4978670	-0.1050340
-0.5956580	0.1003400
-0.6298000	0.3285650
-0.5984140	0.5722850
-0.4891610	0.8210990
-0.2877080	1.0493000
0.0058910	1.2158300
0.3657990	1.2783400
0.7436560	1.2125600
1.0855400	1.0234600
1.3516400	0.7406960
1.5258200	0.4019320
1.6098200	0.0362050
1.6082800	-0.3411520
1.5173400	-0.7197750
1.3260200	-1.0802600
1.0297700	-1.3875500
0.6450780	-1.5985900
0.2133830	-1.6803700
-0.2104100	-1.6257400
-0.5778240	-1.4561000
-0.8621110	-1.2090800
-1.0593600	-0.9200410
-1.1764100	-0.6105880
-1.2160000	-0.2910620
-1.1713300	0.0266156
-1.0342400	0.3175460
-0.8103680	0.5444420
-0.5289160	0.6714440
-0.2380420	0.6820110
0.0122536	0.5881410
0.1887930	0.4241990
0.2832210	0.2296510
0.3049970	0.0328400
0.2660410	-0.1533980
0.1694430	-0.3227600
0.0109620	-0.4618960
-0.2082790	-0.5443940
-0.4685080	-0.5385220
-0.7289160	-0.4240850
-0.9397140	-0.2064130
-1.0613800	0.0829384
-1.0784000	0.3996660
-0.9987800	0.7051460
-0.8410140	0.9772980
-0.6191510	1.2074800
-0.3374320	1.3877100
0.0019126	1.4998100
0.3846180	1.5163100
0.7762010	1.4136600
1.1275600	1.1885600
1.3920400	0.8650860
1.5428300	0.4870130
1.5793400	0.1000880
1.5189100	-0.2637020
1.3810500	-0.5897290
1.1763000	-0.8714450
0.9078160	-1.0971300
0.5833590	-1.2443900
0.2273260	-1.2878300
-0.1180890	-1.2148100
-0.4052910	-1.0376700
-0.5997030	-0.7927030
-0.6918770	-0.5258900
-0.6954710	-0.2747740
-0.6334280	-0.0585525
-0.5230920	0.1180270
-0.3711500	0.2517630
-0.1813030	0.3304940
0.0325215	0.3341700
0.2391010	0.2474370
0.3961250	0.0743865
0.4667440	-0.1560420
0.4354940	-0.3989700
0.3127950	-0.6113540
0.1253990	-0.7668240
-0.0997518	-0.8581850
-0.3463970	-0.8874980
-0.6072780	-0.8528680
-0.8725530	-0.7431450
-1.1187800	-0.5452570
-1.3085800	-0.2587900
-1.4030200	0.0936272
-1.3788400	0.4688780
-1.2387800	0.8182310
-1.0078600	1.1049300
-0.7187920	1.3129700
-0.3970870	1.4423000
-0.0563421	1.4956600
0.2942050	1.4682400
0.6371990	1.3488700
0.9410490	1.1317900
1.1665500	0.8300010
1.2827900	0.4789540
1.2815300	0.1267030
1.1799400	-0.1837280
1.0099500	-0.4281500
0.8019080	-0.6025340
0.5741400	-0.7124570
0.3349850	-0.7599250
0.0941132	-0.7383170
-0.1271940	-0.6394760
-0.2962910	-0.4672570
-0.3812940	-0.2464180
-0.3670570	-0.0189060
-0.2636910	0.1712000
-0.1014110	0.2943780
0.0846450	0.3430640
0.2689540	0.3257220
0.4397610	0.2532770
0.5912980	0.1289400
0.7116990	-0.0506889
0.7774480	-0.2844340
0.7600330	-0.5546000
0.6409170	-0.8245610
0.4241880	-1.0492400
0.1375400	-1.1922300
-0.1794560	-1.2382400
-0.4917310	-1.1930400
-0.7785990	-1.0720900
-1.0312800	-0.8872510
-1.2416300	-0.6418060
-1.3924400	-0.3372560
-1.4579700	0.0141822
-1.4156300	0.3820610
-1.2606000	0.7224000
-1.0125300	0.9927210
-0.7090530	1.1677000
-0.3901500	1.2451500
-0.0840673	1.2389400
0.1961560	1.1651300
0.4446250	1.0319800
0.6508010	0.8410550
0.7944190	0.5979350
0.8521060	0.3230020
0.8114270	0.0527935
0.6819530	-0.1708090
0.4947290	-0.3169480
0.2898150	-0.3768220
0.1001840	-0.3622010
-0.0573262	-0.2933450
-0.1787920	-0.1857140
-0.2618280	-0.0452754
-0.2961160	0.1248570
-0.2641390	0.3126500
-0.1522500	0.4906480
0.0361022	0.6212360
0.2752760	0.6712570
0.5250710	0.6263360
0.7464500	0.4952040
0.9149010	0.3014760
1.0229500	0.0693726
1.0715800	-0.1861080
1.0584400	-0.4579240
0.9730230	-0.7367910
0.8029580	-1.0012700
0.5470330	-1.2172400
0.2246390	-1.3487400
-0.1261760	-1.3733800
-0.4617470	-1.2917600
-0.7484830	-1.1245900
-0.9709490	-0.8998350
-1.1278700	-0.6394940
-1.2205300	-0.3551670
-1.2435400	-0.0546253
-1.1856600	0.2470750
-1.0402200	0.5219480
-0.8171250	0.7347410
-0.5464610	0.8570290
-0.2700030	0.8801800
-0.0256176	0.8181430
0.1651830	0.6982260
0.2987010	0.5466520
0.3798620	0.3791210
0.4104880	0.2024010
0.3846110	0.0243136
0.2946260	-0.1369830
0.1433440	-0.2529890
-0.0478720	-0.2954770
-0.2421270	-0.2507700
-0.4002170	-0.1275760
-0.4955460	0.0472814
-0.5209840	0.2422260
-0.4838490	0.4339400
-0.3939410	0.6112990
-0.2543770	0.7686330
-0.0623717	0.8949860
0.1809100	0.9690000
0.4596160	0.9646480
0.7408120	0.8645120
0.9835820	0.6712430
1.1542400	0.4087460
1.2376300	0.1119930
1.2373900	-0.1875170
1.1660400	-0.4707440
1.0331800	-0.7291220
0.8409230	-0.9546840
0.5897300	-1.1312800
0.2896130	-1.2349300
-0.0329921	-1.2440800
-0.3391370	-1.1527000
-0.5906060	-0.9765520
-0.7639570	-0.7477400
-0.8561050	-0.5009410
-0.8783480	-0.2607910
-0.8440930	-0.0385774
-0.7598660	0.1607630
-0.6261660	0.3281500
-0.4468650	0.4456620
-0.2389720	0.4922480
-0.0340765	0.4561950
0.1310470	0.3451810
0.2289940	0.1861010
0.2517520	0.0142057
0.2096750	-0.1412250
0.1209020	-0.2651170
-0.0004866	-0.3539810
-0.1488400	-0.4058770
-0.3211860	-0.4118960
-0.5067650	-0.3566130
-0.6810500	-0.2278250
-0.8102130	-0.0284038
-0.8640360	0.2189100
-0.8287930	0.4780410
-0.7113860	0.7134770
-0.5322970	0.9022950
-0.3129580	1.0366700
-0.0668820	1.1164100
0.1994050	1.1385600
0.4773830	1.0928600
0.7476250	0.9672870
0.9791210	0.7596150
1.1387600	0.4860210
1.2050900	0.1796480
1.1769800	-0.1208020
1.0712900	-0.3850590
0.9117370	-0.5986980
0.7170040	-0.7598270
0.4966880	-0.8688820
0.2569850	-0.9203250
0.0105921	-0.9031990
-0.2180840	-0.8103720
-0.3977560	-0.6492710
-0.5027180	-0.4453980
-0.5245420	-0.2350240
-0.4748380	-0.0513891
-0.3772960	0.0865035
-0.2548990	0.1754360
-0.1213920	0.2199760
0.0174982	0.2220280
0.1552530	0.1765140
0.2762090	0.0766788
0.3553400	-0.0751782
0.3675530	-0.2602890
0.3004390	-0.4458430
0.1614760	-0.5966030
-0.0254986	-0.6882520
-0.2320330	-0.7137190
-0.4367150	-0.6789700
-0.6288720	-0.5924610
-0.8027590	-0.4568870
-0.9480090	-0.2697120
-1.0449400	-0.0318423
-1.0694700	0.2427190
-1.0049400	0.5245130
-0.8524580	0.7765220
-0.6322340	0.9676730
-0.3747790	1.0831000
-0.1079860	1.1246200
0.1510120	1.1021700
0.3942860	1.0232500
0.6144090	0.8887710
0.7965770	0.6981290
0.9187350	0.4591500
0.9606040	0.1944280
0.9154230	-0.0619205
0.7957830	-0.2759070
0.6290370	-0.4262510
0.4452130	-0.5095910
0.2657120	-0.5354090
0.1001700	-0.5152030
-0.0474672	-0.4543910
-0.1696000	-0.3529150
-0.2506380	-0.2135270
-0.2719120	-0.0505830
-0.2227460	0.1084450
-0.1095530	0.2311380
0.0440428	0.2930680
0.2066820	0.2869000
0.3520130	0.2217280
0.4661930	0.1138340
0.5457720	-0.0238808
0.5888590	-0.1859480
0.5874580	-0.3693690
0.5277110	-0.5643010
0.3984600	-0.7485890
0.2018700	-0.8915340
-0.0420736	-0.9653070
-0.3011380	-0.9565290
-0.5431270	-0.8702160
-0.7466980	-0.7237490
-0.9038190	-0.5357190
-1.0133200	-0.3179340
-1.0716500	-0.0760834
-1.0687300	0.1823530
-0.9927410	0.4400840
-0.8404230	0.6692130
-0.6249150	0.8395290
-0.3747460	0.9307810
-0.1238620	0.9405910
0.1008350	0.8826910
0.2862640	0.7771230
0.4304350	0.6397180
0.5334580	0.4782920
0.5900890	0.2975910
0.5900610	0.1081200
0.5262400	-0.0690601
0.4042610	-0.2064350
0.2459000	-0.2810540
0.0827916	-0.2850580
-0.0557666	-0.2283790
-0.1529100	-0.1318870
-0.2058000	-0.0160527
-0.2186690	0.1067580
-0.1935160	0.2313760
-0.1261220	0.3520690
-0.0106301	0.4550350
0.1509180	0.5180200
0.3418250	0.5184650
0.5326770	0.4448910
0.6915440	0.3035130
0.7959110	0.1153520
0.8385250	-0.0940877
0.8238750	-0.3052370
0.7589030	-0.5079400
0.6455950	-0.6964400
0.4813030	-0.8608950
0.2663970	-0.9830700
0.0129343	-1.0405800
-0.2530270	-1.0173600
-0.4982660	-0.9130200
-0.6943830	-0.7443430
-0.8270870	-0.5376140
-0.8968780	-0.3171950
-0.9115730	-0.0981540
-0.8769690	0.1125270
-0.7929890	0.3082930
-0.6581060	0.4759250
-0.4782100	0.5954930
-0.2724050	0.6482880
-0.0703567	0.6273260
0.0979575	0.5427680
0.2135040	0.4180770
0.2730370	0.2793860
0.2847930	0.1453880
0.2589360	0.0243693
0.2002660	-0.0805262
0.1086130	-0.1629780
-0.0138723	-0.2094940
-0.1548040	-0.2036250
-0.2900230	-0.1357820
-0.3906940	-0.0114794
-0.4348100	0.1483360
-0.4154500	0.3155370
-0.3404230	0.4661530
-0.2241950	0.5872040
-0.0784719	0.6750090
0.0915513	0.7274210
0.2829050	0.7369500
0.4865690	0.6908290
0.6824690	0.5785500
0.8426530	0.4013890
0.9413710	0.1766170
0.9654920	-0.0672415
0.9182460	-0.3012490
0.8140780	-0.5057770
0.6688090	-0.6728910
0.4924410	-0.8007800
0.2896070	-0.8855280
0.0665414	-0.9173520
-0.1617010	-0.8847260
-0.3703560	-0.7835340
-0.5321960	-0.6242350
-0.6284590	-0.4311890
-0.6560770	-0.2339560
-0.6263480	-0.0562079
-0.5563670	0.0904647
-0.4596480	0.2042990
-0.3426130	0.2854480
-0.2088720	0.3292690
-0.0670878	0.3264890
0.0646108	0.2703700
0.1621010	0.1653680
0.2050020	0.0303250
0.1861400	-0.1069140
0.1141750	-0.2202870
0.0076844	-0.2946100
-0.1148720	-0.3271870
-0.2421190	-0.3217670
-0.3691150	-0.2802740
-0.4905370	-0.1991360
-0.5939270	-0.0732315
-0.6592030	0.0956344
-0.6657930	0.2925810
-0.6028010	0.4911730
-0.4750840	0.6623840
-0.3009040	0.7852580
-0.1028740	0.8523000
0.1013580	0.8665520
0.3023570	0.8334220
0.4945730	0.7540350
0.6688060	0.6254010
0.8082660	0.4471500
0.8922020	0.2293390
0.9051920	-0.0053004
0.8456190	-0.2272720
0.7272110	-0.4109410
0.5724320	-0.5429230
0.4023570	-0.6229100
0.2300090	-0.6571670
0.0612814	-0.6502420
-0.0983110	-0.6014260
-0.2372570	-0.5085860
-0.3378560	-0.3760610
-0.3831750	-0.2199770
-0.3664410	-0.0660806
-0.2960560	0.0592655
-0.1923850	0.1391470
-0.0784125	0.1705900
0.0293109	0.1609140
0.1234630	0.1193000
0.2013940	0.0502292
0.2577280	-0.0463130
0.2806890	-0.1684120
0.2557150	-0.3051200
0.1741640	-0.4349170
0.0407655	-0.5318830
-0.1258740	-0.5759170
-0.3004600	-0.5602380
-0.4610940	-0.4912780
-0.5954950	-0.3816380
-0.6996640	-0.2417050
-0.7710690	-0.0761970
-0.8024740	0.1121460
-0.7818790	0.3152020
-0.6991460	0.5148890
-0.5545440	0.6858350
-0.3626880	0.8042770
-0.1485160	0.8574180
0.0622617	0.8469640
0.2518950	0.7847510
0.4128820	0.6840620
0.5431530	0.5531630
0.6387690	0.3955800
0.6904650	0.2162460
0.6872220	0.0279990
0.6244010	-0.1474650
0.5102600	-0.2859000
0.3655700	-0.3702480
0.2160240	-0.3972190
0.0823727	-0.3763210
-0.0252196	-0.3223630
-0.1053310	-0.2471040
-0.1583150	-0.1560020
-0.1802620	-0.0519205
-0.1630190	0.0578801
-0.1004870	0.1576830
0.0036153	0.2262520
0.1327360	0.2454300
0.2621090	0.2086500
0.3682930	0.1234620
0.4373530	0.0064391
0.4664820	-0.1257010
0.4587580	-0.2623960
0.4157910	-0.3988050
0.3343570	-0.5298200
0.2098010	-0.6439990
0.0435638	-0.7230070
-0.1512170	-0.7478550
-0.3508830	-0.7079880
-0.5291190	-0.6068550
-0.6664750	-0.4600320
-0.7553320	-0.2872830
-0.7974840	-0.1042460
-0.7969510	0.0805901
-0.7540260	0.2621490
-0.6653050	0.4320760
-0.5296420	0.5751200
-0.3551560	0.6722460
-0.1614110	0.7088630
0.0256749	0.6824860
0.1832470	0.6043070
0.2990850	0.4934960
0.3725120	0.3682310
0.4087560	0.2396880
0.4115660	0.1127240
0.3799760	-0.0081764
0.3116070	-0.1131620
0.2097030	-0.1867110
0.0879851	-0.2137200
-0.0311022	-0.1879030
-0.1242970	-0.1164070
-0.1765190	-0.0171448
-0.1850260	0.0894219
-0.1563350	0.1883890
-0.0987837	0.2730380
-0.0166215	0.3409000
0.0899268	0.3871860
0.2190170	0.4014140
0.3608060	0.3705050
0.4959410	0.2865080
0.6009140	0.1533360
0.6571570	-0.0125997
0.6578360	-0.1886410
0.6079590	-0.3548480
0.5182350	-0.4996490
0.3976180	-0.6188160
0.2501360	-0.7094790
0.0780719	-0.7645950
-0.1114880	-0.7727830
-0.3024720	-0.7241600
-0.4720460	-0.6180060
-0.5984660	-0.4664320
-0.6694770	-0.2909910
-0.6856430	-0.1142660
-0.6566300	0.0479603
-0.5935540	0.1888840
-0.5031730	0.3065180
-0.3880290	0.3972010
-0.2518600	0.4524370
-0.1054570	0.4619630
0.0323426	0.4209840
0.1401460	0.3360870
0.2026640	0.2250870
0.2166970	0.1104060
0.1904500	0.0103030
0.1369860	-0.0662653
0.0667691	-0.1181520
-0.0153263	-0.1458830
-0.1068300	-0.1462300
-0.2014510	-0.1121110
-0.2853640	-0.0381230
-0.3396860	0.0725045
-0.3480730	0.2050770
-0.3043650	0.3373860
-0.2150150	0.4481510
-0.0947066	0.5243850
0.0414997	0.5629930
0.1838530	0.5662420
0.3276540	0.5352320
0.4679950	0.4668130
0.5943200	0.3565170
0.6898040	0.2052570
0.7368230	0.0244169
0.7250660	-0.1650320
0.6566430	-0.3394140
0.5446020	-0.4808570
0.4059820	-0.5818470
0.2543970	-0.6432430
0.0972352	-0.6679610
-0.0611146	-0.6556320
-0.2133150	-0.6025420
-0.3457660	-0.5068770
-0.4412520	-0.3750230
-0.4862350	-0.2236660
-0.4777590	-0.0754094
-0.4250340	0.0495601
-0.3445160	0.1402930
-0.2519710	0.1960530
-0.1570430	0.2214010
-0.0637489	0.2196460
0.0242887	0.1898620
0.0986809	0.1297420
0.1458780	0.0418452
0.1524990	-0.0619661
0.1128360	-0.1619390
0.0330894	-0.2373740
-0.0708299	-0.2746700
-0.1805340	-0.2711620
-0.2824120	-0.2325380
-0.3700950	-0.1662740
-0.4410700	-0.0763267
-0.4908450	0.0369201
-0.5098610	0.1716970
-0.4861560	0.3191260
-0.4122000	0.4617420
-0.2910030	0.5781500
-0.1368380	0.6511000
0.0301842	0.6736570
0.1920770	0.6494600
0.3381070	0.5873940
0.4640190	0.4949560
0.5667800	0.3753520
0.6396220	0.2302420
0.6718030	0.0655689
0.6537380	-0.1046190
0.5838660	-0.2600100
0.4720690	-0.3809440
0.3368310	-0.4559480
0.1978240	-0.4848510
0.0689026	-0.4756360
-0.0439608	-0.4376900
-0.1390760	-0.3765930
-0.2132690	-0.2941390
-0.2589800	-0.1931130
-0.2668990	-0.0825534
-0.2323890	0.0212293
-0.1608490	0.0994241
-0.0677326	0.1384190
0.0272144	0.1352370
0.1077630	0.0970904
0.1658760	0.0356471
0.2005100	-0.0396060
0.2122150	-0.1241300
0.1982700	-0.2155930
0.1524770	-0.3083410
0.0700319	-0.3900040
-0.0462549	-0.4435840
-0.1833040	-0.4541600
-0.3211450	-0.4157720
-0.4403810	-0.3337240
-0.5288150	-0.2208420
-0.5830230	-0.0905198
-0.6044360	0.0483981
-0.5935490	0.1915020
-0.5471110	0.3341970
-0.4606490	0.4668210
-0.3344260	0.5739920
-0.1780710	0.6393860
-0.0099517	0.6529830
0.1488590	0.6157470
0.2821630	0.5384710
0.3828120	0.4357040
0.4510830	0.3191410
0.4891220	0.1950440
0.4961640	0.0670136
0.4683870	-0.0587082
0.4035300	-0.1702060
0.3065620	-0.2521380
0.1916810	-0.2921810
0.0785538	-0.2872590
-0.0150538	-0.2451020
-0.0794242	-0.1800070
-0.1138890	-0.1058090
-0.1225650	-0.0309809
-0.1085180	0.0410342
-0.0710389	0.1072250
-0.0080858	0.1603690
0.0781574	0.1885820
0.1772500	0.1799720
0.2716150	0.1293450
0.3426350	0.0420900
0.3778490	-0.0676264
0.3744990	-0.1832210
0.3373600	-0.2921840
0.2729650	-0.3883870
0.1848410	-0.4691770
0.0733588	-0.5301920
-0.0599021	-0.5625530
-0.2070210	-0.5551360
-0.3523030	-0.5006460
-0.4763210	-0.4011310
-0.5630850	-0.2687840
-0.6056320	-0.1212420
-0.6064190	0.0254809
-0.5726840	0.1616410
-0.5105630	0.2831890
-0.4224340	0.3871590
-0.3092840	0.4672240
-0.1758990	0.5133940
-0.0343580	0.5165210
0.0974748	0.4744570
0.2020430	0.3952290
0.2688410	0.2946520
0.2973220	0.1898190
0.2942330	0.0928271
0.2676590	0.0088293
0.2223440	-0.0608499
0.1596220	-0.1135900
0.0816181	-0.1428180
-0.0040205	-0.1402590
-0.0831008	-0.1016380
-0.1390320	-0.0315300
-0.1596650	0.0564793
-0.1422320	0.1448190
-0.0930821	0.2188780
-0.0226802	0.2712580
0.0603127	0.3008310
0.1515890	0.3079930
0.2488420	0.2902970
0.3468580	0.2421880
0.4344250	0.1592740
0.4960800	0.0439000
0.5180410	-0.0923706
0.4943870	-0.2316400
0.4292570	-0.3562680
0.3336460	-0.4548340
0.2192710	-0.5236620
0.0939576	-0.5634480
-0.0383480	-0.5741170
-0.1735200	-0.5522700
-0.3028760	-0.4933520
-0.4124910	-0.3969580
-0.4873830	-0.2710410
-0.5179680	-0.1314930
-0.5043420	0.0031257
-0.4554020	0.1183400
-0.3835430	0.2075790
-0.2987640	0.2708460
-0.2062930	0.3098420
-0.1089830	0.3236690
-0.0120228	0.3086260
0.0742833	0.2622740
0.1364110	0.1885180
0.1633150	0.0995111
0.1520330	0.0124286
0.1092080	-0.0570505
0.0474293	-0.1002770
-0.0209822	-0.1166430
-0.0884043	-0.1098820
-0.1517170	-0.0828766
-0.2082580	-0.0351649
-0.2516650	0.0349663
-0.2713710	0.1255490
-0.2566880	0.2272680
-0.2027810	0.3243410
-0.1142430	0.3998760
-0.0036152	0.4423020
0.1141990	0.4486400
0.2277370	0.4227030
0.3311340	0.3700140
0.4216220	0.2935280
0.4949440	0.1934280
0.5427860	0.0709563
0.5547240	-0.0669775
0.5236120	-0.2064160
0.4505690	-0.3298500
0.3458310	-0.4225850
0.2246810	-0.4778000
0.1011910	-0.4970310
-0.0159849	-0.4861460
-0.1232010	-0.4501220
-0.2177650	-0.3906180
-0.2939540	-0.3080200
-0.3426620	-0.2060570
-0.3553570	-0.0949959
-0.3295890	0.0095865
-0.2719270	0.0921569
-0.1959750	0.1432630
-0.1166400	0.1622340
-0.0445240	0.1549220
0.0159101	0.1284600
0.0636449	0.0870464
0.0965566	0.0318073
0.1089810	-0.0355134
0.0936395	-0.1083050
0.0466837	-0.1740820
-0.0279102	-0.2180840
-0.1180800	-0.2293560
-0.2080560	-0.2052270
-0.2845370	-0.1512060
-0.3405650	-0.0766146
-0.3747890	0.0106849
-0.3873070	0.1066360
-0.3757470	0.2089710
-0.3349620	0.3128600
-0.2607760	0.4080860
-0.1549820	0.4805200
-0.0276531	0.5173500
0.1053040	0.5126440
0.2279720	0.4694300
0.3297780	0.3969650
0.4069640	0.3053260
0.4596760	0.2012650
0.4874110	0.0881350
0.4866870	-0.0305386
0.4529130	-0.1471300
0.3851010	-0.2492120
0.2897020	-0.3232080
0.1803490	-0.3601420
0.0732607	-0.3595510
-0.0187687	-0.3288320
-0.0898559	-0.2786040
-0.1399490	-0.2174640
-0.1705370	-0.1498020
-0.1807980	-0.0778604
-0.1673450	-0.0059246
-0.1277890	0.0571306
-0.0653062	0.0994396
0.0095706	0.1111770
0.0817156	0.0895969
0.1371730	0.0405044
0.1681390	-0.0248951
0.1739710	-0.0955007
0.1579770	-0.1643130
0.1228110	-0.2283520
0.0681798	-0.2851080
-0.0073581	-0.3288140
-0.1020170	-0.3499170
-0.2074540	-0.3386560
-0.3094500	-0.2903880
-0.3926120	-0.2088740
-0.4461210	-0.1050760
-0.4667500	0.0077349
-0.4573700	0.1191730
-0.4224930	0.2237360
-0.3644300	0.3186670
-0.2830510	0.3998820
-0.1791490	0.4596360
-0.0585797	0.4881840
0.0664130	0.4785560
0.1802160	0.4310660
0.2694940	0.3541980
0.3277600	0.2610860
0.3559210	0.1639720
0.3587920	0.0704071
0.3404520	-0.0164689
0.3020310	-0.0943667
0.2434730	-0.1582720
0.1676400	-0.2000550
0.0832287	-0.2119400
0.0037830	-0.1914230
-0.0570111	-0.1439940
-0.0907236	-0.0814742
-0.0966808	-0.0169867
-0.0800620	0.0400686
-0.0472725	0.0857289
-0.0021593	0.1191500
0.0541913	0.1385620
0.1202110	0.1390470
0.1900420	0.1141790
0.2525510	0.0604923
0.2944590	-0.0185446
0.3057440	-0.1121900
0.2837030	-0.2062410
0.2329770	-0.2885270
0.1617430	-0.3524290
0.0770208	-0.3963310
-0.0174757	-0.4199670
-0.1196160	-0.4209220
-0.2249880	-0.3942860
-0.3243300	-0.3359570
-0.4047570	-0.2471090
-0.4543790	-0.1363560
-0.4672990	-0.0176719
-0.4455730	0.0947376
-0.3968960	0.1912440
-0.3298290	0.2681990
-0.2500780	0.3254270
-0.1603610	0.3621890
-0.0635455	0.3750560
0.0338191	0.3595230
0.1207990	0.3141920
0.1852540	0.2442540
0.2189580	0.1613760
0.2211620	0.0796918
0.1981240	0.0104524
0.1590620	-0.0411458
0.1114790	-0.0750949
0.0591540	-0.0928005
0.0039117	-0.0936284
-0.0506533	-0.0746047
-0.0968516	-0.0335493
-0.1242390	0.0268388
-0.1240580	0.0972961
-0.0937700	0.1643630
-0.0384620	0.2154770
0.0318584	0.2434630
0.1071380	0.2475240
0.1808860	0.2304690
0.2501790	0.1946180
0.3125540	0.1397160
0.3626700	0.0644696
0.3917690	-0.0295719
0.3908050	-0.1349920
0.3552040	-0.2390160
0.2878720	-0.3276430
0.1982400	-0.3907770
0.0979700	-0.4250010
-0.0036713	-0.4323580
-0.1016720	-0.4164300
-0.1934370	-0.3789040
-0.2751790	-0.3192970
-0.3397900	-0.2379170
-0.3782560	-0.1395840
-0.3838880	-0.0348913
-0.3563920	0.0623887
-0.3027700	0.1403110
-0.2342790	0.1928800
-0.1615310	0.2206420
-0.0910592	0.2276510
-0.0254943	0.2173520
0.0333074	0.1905610
0.0810548	0.1469740
0.1106060	0.0888181
0.1150010	0.0235102
0.0918599	-0.0371331
0.0458796	-0.0810244
-0.0125341	-0.1006330
-0.0716989	-0.0952946
-0.1231470	-0.0696126
-0.1632300	-0.0293765
-0.1911250	0.0218379
-0.2052510	0.0829158
-0.2012350	0.1523600
-0.1733120	0.2248810
-0.1182870	0.2904420
-0.0391194	0.3369800
0.0546736	0.3552070
0.1503350	0.3422940
0.2367480	0.3019970
0.3076370	0.2413460
0.3611630	0.1664700
0.3967310	0.0806340
0.4118480	-0.0142905
0.4017750	-0.1143900
0.3624150	-0.2113750
0.2943300	-0.2935900
0.2047420	-0.3500930
0.1057900	-0.3751370
0.0100101	-0.3700150
-0.0739790	-0.3410970
-0.1428020	-0.2956260
-0.1961670	-0.2383790
-0.2332870	-0.1714870
-0.2509410	-0.0971959
-0.2448590	-0.0210364
-0.2134300	0.0474729
-0.1608670	0.0975897
-0.0971998	0.1219040
-0.0347819	0.1195730
0.0164664	0.0960098
0.0519468	0.0593375
0.0716923	0.0162313
0.0770491	-0.0299316
0.0675791	-0.0775549
0.0407311	-0.1235190
-0.0054115	-0.1610610
-0.0684752	-0.1808940
-0.1402190	-0.1751320
-0.2085630	-0.1413590
-0.2620880	-0.0839751
-0.2940820	-0.0118750
-0.3035100	0.0658669
-0.2926160	0.1432470
-0.2633020	0.2174130
-0.2152170	0.2859400
-0.1470760	0.3438410
-0.0601080	0.3830320
0.0391995	0.3950670
0.1394710	0.3753870
0.2280610	0.3260800
0.2956320	0.2551270
0.3387100	0.1726480
0.3586830	0.0867756
0.3583570	0.0019369
0.3388970	-0.0795658
0.2995130	-0.1543570
0.2400800	-0.2160470
0.1644720	-0.2564260
0.0817636	-0.2692170
0.0040030	-0.2537400
-0.0582192	-0.2158130
-0.0994886	-0.1651290
-0.1201760	-0.1109170
-0.1238110	-0.0588529
-0.1134200	-0.0111380
-0.0896850	0.0307456
-0.0522333	0.0631584
-0.0028788	0.0798709
0.0519574	0.0747146
0.1018720	0.0455060
0.1361030	-0.0036572
0.1478490	-0.0635276
0.1363970	-0.1236040
0.1057870	-0.1761520
0.0612129	-0.2176990
0.0059732	-0.2473300
-0.0588112	-0.2635080
-0.1317040	-0.2622250
-0.2078990	-0.2381950
-0.2783080	-0.1883590
-0.3319180	-0.1151310
-0.3600600	-0.0268424
-0.3597520	0.0651396
-0.3339000	0.1507460
-0.2884270	0.2241080
-0.2285630	0.2832770
-0.1570500	0.3274270
-0.0754078	0.3540450
0.0130217	0.3585700
0.1009430	0.3369370
0.1779380	0.2891650
0.2340610	0.2212240
0.2638530	0.1435720
0.2680750	0.0671738
0.2520400	-0.0003595
0.2219150	-0.0560213
0.1817220	-0.0995472
0.1331230	-0.1302420
0.0778504	-0.1452130
0.0205500	-0.1405470
-0.0305264	-0.1146050
-0.0659198	-0.0708820
-0.0790151	-0.0180924
-0.0689787	0.0328795
-0.0405658	0.0732075
-0.0010254	0.0987522
0.0436063	0.1095200
0.0902051	0.1067480
0.1372640	0.0901299
0.1819640	0.0574656
0.2182420	0.0070720
0.2377320	-0.0589479
0.2332230	-0.1332350
0.2023200	-0.2049020
0.1487270	-0.2635220
0.0802539	-0.3027570
0.0050089	-0.3213090
-0.0715343	-0.3208560
-0.1466670	-0.3028340
-0.2180630	-0.2667090
-0.2811000	-0.2111050
-0.3283340	-0.1368620
-0.3518880	-0.0495308
-0.3472440	0.0408768
-0.3157700	0.1230550
-0.2641410	0.1884930
-0.2010560	0.2338030
-0.1335580	0.2599180
-0.0654622	0.2690690
0.0012975	0.2620380
0.0638245	0.2378460
0.1164910	0.1960450
0.1519470	0.1397160
0.1644310	0.0766072
0.1530800	0.0172239
0.1228070	-0.0290913
0.0820447	-0.0575073
0.0389037	-0.0683223
-0.0016167	-0.0646847
-0.0376125	-0.0493425
-0.0678637	-0.0229596
-0.0892523	0.0147836
-0.0963234	0.0623154
-0.0836010	0.1139740
-0.0490889	0.1604960
0.0036227	0.1921960
0.0662864	0.2028290
0.1294210	0.1915550
0.1859090	0.1618240
0.2323910	0.1182110
0.2678090	0.0636804
0.2905850	-0.0007176
0.2969540	-0.0736614
0.2819650	-0.1508210
0.2425990	-0.2239920
0.1806950	-0.2831340
0.1034310	-0.3201650
0.0208211	-0.3319900
-0.0581230	-0.3207660
-0.1280270	-0.2914040
-0.1869670	-0.2482860
-0.2340190	-0.1936260
-0.2667520	-0.1285510
-0.2808530	-0.0558102
-0.2723640	0.0182871
-0.2408970	0.0845431
-0.1913600	0.1340340
-0.1327330	0.1617100
-0.0745754	0.1680050
-0.0235622	0.1574320
0.0176851	0.1353220
0.0489953	0.1051320
0.0698326	0.0682071
0.0776865	0.0259122
0.0690698	-0.0178168
0.0424393	-0.0557975
0.0007839	-0.0796840
-0.0482306	-0.0835654
-0.0949145	-0.0666320
-0.1313170	-0.0330797
-0.1536150	0.0105922
-0.1617020	0.0588827
-0.1566290	0.1088490
-0.1381180	0.1590040
-0.1042100	0.2067230
-0.0533708	0.2464870
0.0125804	0.2706660
0.0871035	0.2725740
0.1604110	0.2497630
0.2229900	0.2052310
0.2688670	0.1457290
0.2965260	0.0783951
0.3071310	0.0081189
0.3016770	-0.0626304
0.2794270	-0.1317150
0.2388670	-0.1949320
0.1804340	-0.2454960
0.1087710	-0.2761240
0.0325826	-0.2824220
-0.0381326	-0.2651870
-0.0957264	-0.2299790
-0.1370300	-0.1842490
-0.1627070	-0.1340650
-0.1745980	-0.0826658
-0.1732630	-0.0316162
-0.1576640	0.0166689
-0.1271720	0.0573118
-0.0842594	0.0838162
-0.0355733	0.0909952
0.0097024	0.0779462
0.0433114	0.0489028
0.0609399	0.0112932
0.0628336	-0.0276600
0.0518219	-0.0634577
0.0304315	-0.0943650
-0.0006500	-0.1192980
-0.0416391	-0.1355100
-0.0911084	-0.1381570
-0.1439920	-0.1223190
-0.1919590	-0.0861227
-0.2262110	-0.0326719
-0.2409240	0.0307065
-0.2350730	0.0954711
-0.2114980	0.1550810
-0.1741310	0.2062960
-0.1255360	0.2479280
-0.0666053	0.2783520
0.0015327	0.2939830
0.0750564	0.2901360
0.1466280	0.2637850
0.2071600	0.2162100
0.2491800	0.1534910
0.2695710	0.0843536
0.2698840	0.0167580
0.2541730	-0.0444792
0.2260800	-0.0975789
0.1873430	-0.1416480
0.1387260	-0.1744390
0.0824196	-0.1919750
0.0238121	-0.1905080
-0.0290536	-0.1693960
-0.0682565	-0.1326990
-0.0892213	-0.0881603
-0.0922106	-0.0441312
-0.0811417	-0.0064801
-0.0607108	0.0225068
-0.0339795	0.0427451
-0.0021165	0.0538545
0.0337346	0.0536927
0.0701676	0.0391999
0.1008630	0.0089847
0.1183950	-0.0343378
0.1174280	-0.0839530
0.0971352	-0.1311580
0.0611836	-0.1687090
0.0153749	-0.1929920
-0.0352928	-0.2037210
-0.0880551	-0.2016930
-0.1414460	-0.1865650
-0.1929980	-0.1565030
-0.2376540	-0.1100250
-0.2684110	-0.0486245
-0.2790210	0.0219596
-0.2669510	0.0929949
-0.2345270	0.1558620
-0.1874890	0.2049920
-0.1320280	0.2387420
-0.0724152	0.2578670
-0.0108044	0.2630060
0.0509370	0.2532510
0.1090820	0.2269770
0.1575360	0.1842520
0.1896600	0.1288940
0.2012810	0.0684035
0.1927990	0.0115470
0.1688700	-0.0348849
0.1359040	-0.0680207
0.0991464	-0.0883894
0.0613525	-0.0975910
0.0237767	-0.0960957
-0.0115893	-0.0829177
-0.0405460	-0.0573830
-0.0573903	-0.0215317
-0.0574997	0.0188675
-0.0400071	0.0557223
-0.0086200	0.0816790
0.0300502	0.0928361
0.0694978	0.0893537
0.1055940	0.0737427
0.1366740	0.0483037
0.1616890	0.0137266
0.1781330	-0.0301167
0.1816210	-0.0819150
0.1676500	-0.1371100
0.1343880	-0.1881760
0.0844443	-0.2270740
0.0242580	-0.2483330
-0.0385370	-0.2507210
-0.0979871	-0.2364890
-0.1510220	-0.2089250
-0.1963910	-0.1701630
-0.2324630	-0.1208660
-0.2558420	-0.0619075
-0.2620990	0.0034296
-0.2482150	0.0686734
-0.2149700	0.1256840
-0.1674550	0.1676400
-0.1132050	0.1915150
-0.0591796	0.1984190
-0.0096184	0.1917230
0.0339163	0.1744740
0.0706528	0.1480360
0.0986033	0.1128880
0.1141940	0.0707501
0.1139770	0.0262011
0.0971981	-0.0137544
0.0672737	-0.0421242
0.0309424	-0.0548106
-0.0044384	-0.0519921
-0.0336575	-0.0371275
-0.0546758	-0.0144216
-0.0674408	0.0133412
-0.0716735	0.0450689
-0.0655337	0.0797257
-0.0463330	0.1142850
-0.0128235	0.1431080
0.0326911	0.1595070
0.0841278	0.1585930
0.1336360	0.1394620
0.1745740	0.1052500
0.2034830	0.0610711
0.2198730	0.0114110
0.2242580	-0.0411853
0.2161740	-0.0953193
0.1938240	-0.1487040
0.1557050	-0.1967170
0.1029490	-0.2329410
0.0405041	-0.2515410
-0.0239219	-0.2499220
-0.0826026	-0.2298100
-0.1304290	-0.1960310
-0.1657410	-0.1538890
-0.1890190	-0.1070480
-0.2006510	-0.0573135
-0.1996430	-0.0062372
-0.1843210	0.0429569
-0.1544740	0.0848833
-0.1132160	0.1135760
-0.0669870	0.1251730
-0.0234449	0.1198310
0.0114191	0.1015090
0.0350490	0.0757801
0.0479148	0.0472333
0.0514665	0.0182596
0.0461631	-0.0101051
0.0311462	-0.0361949
0.0057876	-0.0563760
-0.0281610	-0.0656312
-0.0656206	-0.0598401
-0.0993865	-0.0381820
-0.1228350	-0.0039198
-0.1323690	0.0370362
-0.1280080	0.0787918
-0.1119190	0.1175170
-0.0861377	0.1515690
-0.0512991	0.1798770
-0.0073069	0.2000920
0.0446656	0.2081700
0.1005390	0.1999210
0.1535270	0.1734910
0.1962910	0.1309820
0.2236930	0.0779740
0.2343320	0.0212105
0.2299260	-0.0339663
0.2131700	-0.0847256
0.1857750	-0.1298440
0.1481520	-0.1677550
0.1008950	-0.1952980
0.0467438	-0.2083320
-0.0086720	-0.2039010
-0.0581447	-0.1823920
-0.0955327	-0.1480450
-0.1179970	-0.1073440
-0.1263590	-0.0663472
-0.1234800	-0.0287489
-0.1119580	0.0041236
-0.0929053	0.0316561
-0.0666144	0.0521508
-0.0344552	0.0624620
-0.0003376	0.0594901
0.0296221	0.0424774
0.0492432	0.0143609
0.0548572	-0.0189262
0.0465830	-0.0508312
0.0274922	-0.0766570
0.0013765	-0.0945173
-0.0291973	-0.1043220
-0.0631659	-0.1058180
-0.0995396	-0.0973758
-0.1355710	-0.0765897
-0.1661640	-0.0423060
-0.1852340	0.0034736
-0.1882300	0.0553381
-0.1741290	0.1062170
-0.1455270	0.1500250
-0.1068620	0.1834560
-0.0620836	0.2058410
-0.0134642	0.2174320
0.0377308	0.2176270
0.0894398	0.2046340
0.1374940	0.1768910
0.1760560	0.1351650
0.1997180	0.0836462
0.2058910	0.0290619
0.1958130	-0.0217406
0.1735200	-0.0641556
0.1435370	-0.0966064
0.1089760	-0.1194180
0.0713094	-0.1328440
0.0317796	-0.1358950
-0.0068799	-0.1269340
-0.0399679	-0.1055760
-0.0621898	-0.0743779
-0.0700443	-0.0388883
-0.0635650	-0.0058094
-0.0461798	0.0195661
-0.0228002	0.0349652
0.0024911	0.0408160
0.0275541	0.0384514
0.0514746	0.0283444
0.0728060	0.0097848
0.0883539	-0.0177669
0.0936592	-0.0527583
0.0850104	-0.0906628
0.0616022	-0.1250060
0.0262812	-0.1497620
-0.0156860	-0.1615470
-0.0589679	-0.1602040
-0.1000150	-0.1475280
-0.1372080	-0.1252510
-0.1694490	-0.0938905
-0.1945090	-0.0533136
-0.2086270	-0.0045116
-0.2078600	0.0489170
-0.1903040	0.1009020
-0.1575750	0.1447860
-0.1144350	0.1757870
-0.0667683	0.1924040
-0.0192949	0.1959190
0.0254514	0.1885210
0.0663535	0.1715490
0.1019840	0.1451920
0.1294710	0.1097770
0.1450120	0.0675410
0.1457880	0.0233272
0.1319140	-0.0165396
0.1069370	-0.0465938
0.0764568	-0.0642443
0.0457570	-0.0701427
0.0180615	-0.0667747
-0.0055072	-0.0564242
-0.0244790	-0.0400531
-0.0374274	-0.0178687
-0.0416134	0.0089944
-0.0342893	0.0371480
-0.0147463	0.0612056
0.0144444	0.0756626
0.0480060	0.0771996
0.0800462	0.0658582
0.1062710	0.0443446
0.1248740	0.0160639
0.1356720	-0.0166248
0.1383680	-0.0526888
0.1314550	-0.0911724
0.1127210	-0.1295600
0.0810412	-0.1632200
0.0381005	-0.1865770
-0.0113377	-0.1953620
