jMRUI Data Textfile

Filename: sIns.txt

PointsInDataset: 2048      
DatasetsInFile: 1         
SamplingInterval: 2.5E-1    
ZeroOrderPhase: 0E0       
BeginTime: 0E0       
TransmitterFrequency: 1.2322E8  
MagneticField: 2.9E0     
TypeOfNucleus: 0E0       
NameOfPatient: sIns
DateOfExperiment: 
Spectrometer: 
AdditionalInfo: sIns
SignalNames: sIns.txt;


Signal and FFT
sig(real)	sig(imag)	fft(real)	fft(imag)
Signal 1 out of 1 in file
6.1000000	-0.0000000
5.8609500	-1.5814500
5.2052500	-3.0027400
4.2347500	-4.1605400
3.0590400	-5.0194900
1.7532300	-5.5855800
0.3538580	-5.8601700
-1.1073600	-5.8123900
-2.5616900	-5.3920900
-3.8892400	-4.5742400
-4.9473100	-3.4005500
-5.6237900	-1.9854000
-5.8784600	-0.4791840
-5.7438000	0.9862380
-5.2867300	2.3325600
-4.5609800	3.5282200
-3.5860500	4.5492400
-2.3671900	5.3414900
-0.9388820	5.8163800
0.6040480	5.8860200
2.1150800	5.5131800
3.4416100	4.7391900
4.4772200	3.6686600
5.1850500	2.4217900
5.5782900	1.0881300
5.6757200	-0.2859480
5.4680700	-1.6703400
4.9218500	-3.0093500
4.0178100	-4.2005600
2.7938500	-5.1146000
1.3582100	-5.6441800
-0.1397880	-5.7485300
-1.5625500	-5.4617800
-2.8244300	-4.8606000
-3.8930900	-4.0158800
-4.7551600	-2.9645300
-5.3759300	-1.7208100
-5.6868500	-0.3161510
-5.6125600	1.1661900
-5.1185500	2.5914300
-4.2437300	3.8123000
-3.0930400	4.7211900
-1.7942300	5.2796900
-0.4492300	5.5065100
0.8861160	5.4357700
2.1824800	5.0787600
3.3964300	4.4190200
4.4436400	3.4440300
5.2098200	2.1880500
5.5944900	0.7516870
5.5569900	-0.7196480
5.1318400	-2.0853900
4.4028800	-3.2539000
3.4557100	-4.1915800
2.3435100	-4.8941300
1.0899700	-5.3451900
-0.2758540	-5.4964800
-1.6824200	-5.2864600
-3.0084000	-4.6843400
-4.1144000	-3.7261900
-4.8935600	-2.5150800
-5.3060800	-1.1832900
-5.3746500	0.1571260
-5.1464800	1.4415000
-4.6519900	2.6404800
-3.8917400	3.7219800
-2.8607900	4.6198100
-1.5901200	5.2362100
-0.1715620	5.4793400
1.2559200	5.3094500
2.5515400	4.7604300
3.6192000	3.9207500
4.4237100	2.8881400
4.9683300	1.7306700
5.2536100	0.4814880
5.2513700	-0.8318740
4.9148200	-2.1494800
4.2179300	-3.3647300
3.1937600	-4.3483900
1.9415400	-4.9962700
0.5952570	-5.2675800
-0.7254030	-5.1875500
-1.9478000	-4.8141800
-3.0418800	-4.1952500
-3.9857700	-3.3479900
-4.7311200	-2.2756900
-5.1977100	-1.0065900
-5.3039400	0.3770560
-5.0119200	1.7449300
-4.3540700	2.9587000
-3.4212200	3.9194400
-2.3204800	4.5902900
-1.1330900	4.9805200
0.0984332	5.1059600
1.3473400	4.9578800
2.5648600	4.5048900
3.6599800	3.7267300
4.5155700	2.6534000
5.0320500	1.3787600
5.1681600	0.0357233
4.9504200	-1.2508800
4.4452900	-2.4015300
3.7159200	-3.3849700
2.7954800	-4.1882700
1.6959600	-4.7802300
0.4434780	-5.0987700
-0.8897140	-5.0739500
-2.1838200	-4.6706800
-3.3054400	-3.9193800
-4.1546300	-2.9110700
-4.6928800	-1.7595300
-4.9340300	-0.5572560
-4.9073500	0.6442850
-4.6225700	1.8183700
-4.0640200	2.9267500
-3.2180200	3.8944200
-2.1118100	4.6180000
-0.8325550	5.0042800
0.4904170	5.0122900
1.7296600	4.6687200
2.8000800	4.0462800
3.6688300	3.2212000
4.3306000	2.2415600
4.7703700	1.1283700
4.9443600	-0.0937369
4.7954000	-1.3626200
4.2922200	-2.5705000
3.4629200	-3.5912100
2.3967900	-4.3255500
1.2116000	-4.7336800
0.0089804	-4.8326400
-1.1512700	-4.6631600
-2.2418200	-4.2521200
-3.2340500	-3.5994800
-4.0690500	-2.6989600
-4.6584100	-1.5753700
-4.9170000	-0.3082110
-4.8048800	0.9789860
-4.3481600	2.1586700
-3.6235200	3.1416600
-2.7179900	3.8932800
-1.6931800	4.4145100
-0.5791810	4.7052500
0.6001580	4.7397700
1.7926500	4.4745800
2.9036400	3.8831500
3.8162200	2.9911600
4.4337800	1.8845200
4.7155400	0.6824150
4.6805500	-0.5066280
4.3789500	-1.6153500
3.8531700	-2.6152500
3.1184300	-3.4863400
2.1764200	-4.1854800
1.0500300	-4.6401300
-0.1895360	-4.7747100
-1.4265200	-4.5512300
-2.5356800	-3.9945500
-3.4252800	-3.1833000
-4.0588300	-2.2128500
-4.4423000	-1.1568000
-4.5889600	-0.0540900
-4.4906200	1.0715000
-4.1179400	2.1773400
-3.4500800	3.1826100
-2.5103900	3.9814500
-1.3800100	4.4815800
-0.1771150	4.6418600
0.9851860	4.4823000
2.0332300	4.0604100
2.9369200	3.4323100
3.6838100	2.6278100
4.2459000	1.6569700
4.5670200	0.5413360
4.5824000	-0.6565260
4.2569100	-1.8302800
3.6137700	-2.8592300
2.7317000	-3.6507400
1.7119500	-4.1666800
0.6383190	-4.4167400
-0.4418070	-4.4259500
-1.5040900	-4.2026700
-2.5148500	-3.7320200
-3.4074800	-2.9996100
-4.0885700	-2.0266900
-4.4718400	-0.8886000
-4.5165100	0.2997840
-4.2427000	1.4230500
-3.7132400	2.4023600
-2.9959600	3.2058000
-2.1342600	3.8272800
-1.1467900	4.2530300
-0.0543548	4.4433700
1.0891800	4.3453600
2.1882000	3.9276900
3.1286200	3.2117100
3.8185900	2.2745800
4.2186600	1.2210100
4.3410900	0.1430630
4.2209100	-0.9040550
3.8818300	-1.8949100
3.3233300	-2.8039900
2.5381600	-3.5789200
1.5458700	-4.1398500
0.4151410	-4.4080300
-0.7443910	-4.3438200
-1.8173000	-3.9667700
-2.7209700	-3.3431500
-3.4215300	-2.5503300
-3.9181000	-1.6440700
-4.2100000	-0.6516100
-4.2738000	0.4063670
-4.0691600	1.4845200
-3.5694800	2.4989000
-2.7941900	3.3438700
-1.8174900	3.9300700
-0.7452450	4.2171600
0.3242630	4.2189700
1.3288600	3.9787100
2.2415800	3.5340000
3.0441800	2.8982800
3.6981900	2.0719700
4.1381200	1.0733800
4.2940700	-0.0359837
4.1284400	-1.1534500
3.6596900	-2.1657600
2.9557300	-2.9879900
2.1013200	-3.5844000
1.1630900	-3.9581600
0.1766570	-4.1203400
-0.8368160	-4.0632300
-1.8401400	-3.7595400
-2.7616300	-3.1882000
-3.5057000	-2.3669000
-3.9870400	-1.3656600
-4.1650800	-0.2893700
-4.0543300	0.7595970
-3.7043700	1.7131100
-3.1650500	2.5423600
-2.4631200	3.2354000
-1.6070000	3.7670900
-0.6143070	4.0866900
0.4608950	4.1343300
1.5243400	3.8752900
2.4669700	3.3266900
3.2030900	2.5564400
3.6953000	1.6544900
3.9498000	0.6967020
3.9879000	-0.2733650
3.8167500	-1.2335400
3.4223100	-2.1542000
2.7897700	-2.9762600
1.9353500	-3.6154100
0.9239700	-3.9919700
-0.1424520	-4.0657900
-1.1595300	-3.8513900
-2.0543700	-3.4029500
-2.7961500	-2.7807100
-3.3781800	-2.0238300
-3.7878500	-1.1488800
-3.9892600	-0.1733210
-3.9334600	0.8562310
-3.5895100	1.8550500
-2.9730400	2.7201300
-2.1505700	3.3665900
-1.2150400	3.7557300
-0.2497870	3.8957700
0.6943240	3.8167500
1.5936500	3.5395500
2.4254600	3.0632800
3.1432200	2.3799900
3.6749100	1.5048100
3.9478300	0.4968750
3.9230500	-0.5466070
3.6145800	-1.5213100
3.0795000	-2.3508800
2.3865500	-3.0024300
1.5861000	-3.4735800
0.7028320	-3.7631500
-0.2453600	-3.8498700
-1.2191500	-3.6963900
-2.1441700	-3.2763500
-2.9251100	-2.6039800
-3.4794500	-1.7431200
-3.7676600	-0.7877220
-3.7992100	0.1733370
-3.6111800	1.0826800
-3.2368900	1.9148500
-2.6882000	2.6532000
-1.9645100	3.2634700
-1.0802600	3.6865700
-0.0884237	3.8580300
0.9200420	3.7409700
1.8428400	3.3484800
2.6015200	2.7390300
3.1613100	1.9878700
3.5231000	1.1552200
3.6960000	0.2736680
3.6728100	-0.6379900
3.4281900	-1.5473300
2.9411500	-2.3908700
2.2246400	-3.0823900
1.3388700	-3.5432000
0.3768390	-3.7336100
-0.5689110	-3.6635400
-1.4354900	-3.3755900
-2.1954100	-2.9139800
-2.8372400	-2.3026800
-3.3384400	-1.5487200
-3.6532200	-0.6663690
-3.7263800	0.2977760
-3.5238900	1.2602600
-3.0577700	2.1226500
-2.3864400	2.8058600
-1.5897000	3.2734400
-0.7361160	3.5287100
0.1342860	3.5897200
1.0013200	3.4625600
1.8389700	3.1340400
2.5948500	2.5891900
3.1929900	1.8400000
3.5599200	0.9422480
3.6564600	-0.0137711
3.4924600	-0.9337590
3.1144700	-1.7504300
2.5759300	-2.4341700
1.9121200	-2.9778800
1.1377500	-3.3700000
0.2674410	-3.5780700
-0.6585700	-3.5569600
-1.5653200	-3.2763700
-2.3599000	-2.7471600
-2.9640200	-2.0264700
-3.3400000	-1.1967200
-3.4927500	-0.3332230
-3.4478600	0.5172050
-3.2237100	1.3326200
-2.8191200	2.0927600
-2.2257200	2.7563400
-1.4548500	3.2584600
-0.5573490	3.5321600
0.3807580	3.5395100
1.2652900	3.2898700
2.0257800	2.8322900
2.6305200	2.2277300
3.0759000	1.5216200
3.3603700	0.7363590
3.4646100	-0.1126210
3.3541300	-0.9912670
3.0031000	-1.8338000
2.4213400	-2.5543000
1.6636600	-3.0767300
0.8132840	-3.3626600
-0.0494855	-3.4178900
-0.8717870	-3.2741600
-1.6296700	-2.9609100
-2.3079200	-2.4885900
-2.8760400	-1.8558100
-3.2808100	-1.0737500
-3.4628700	-0.1879070
-3.3863400	0.7212670
-3.0598400	1.5614800
-2.5335400	2.2604000
-1.8741300	2.7844000
-1.1360200	3.1325200
-0.3489600	3.3121500
0.4703320	3.3166000
1.2936400	3.1223800
2.0648000	2.7088300
2.7061500	2.0849400
3.1452400	1.3023300
3.3435400	0.4433120
3.3071300	-0.4085410
3.0725000	-1.1952700
2.6787700	-1.8907600
2.1474700	-2.4841000
1.4843800	-2.9550900
0.7009670	-3.2624500
-0.1627300	-3.3553700
-1.0329300	-3.2008100
-1.8209000	-2.8065200
-2.4537600	-2.2225800
-2.8962700	-1.5196900
-3.1493500	-0.7597700
-3.2281900	0.0204695
-3.1379600	0.8026480
-2.8663000	1.5639100
-2.3983300	2.2579100
-1.7424700	2.8162400
-0.9465160	3.1713000
-0.0903330	3.2851300
0.7409880	3.1636800
1.4854400	2.8468200
2.1147200	2.3818800
2.6214400	1.8006000
2.9950100	1.1160700
3.2061300	0.3404510
3.2132500	-0.4916130
2.9869400	-1.3138800
2.5341200	-2.0426500
1.9036900	-2.6058400
1.1686300	-2.9670400
0.3969210	-3.1283700
-0.3683950	-3.1115600
-1.1069800	-2.9327400
-1.8007800	-2.5905300
-2.4131900	-2.0763000
-2.8858200	-1.3982800
-3.1570800	-0.5999780
-3.1903000	0.2425530
-2.9909900	1.0443900
-2.6011200	1.7406300
-2.0746700	2.3008600
-1.4526200	2.7204900
-0.7552230	2.9976700
0.0041868	3.1148800
0.7961990	3.0403300
1.5627000	2.7489300
2.2263500	2.2468500
2.7171800	1.5809600
2.9981100	0.8248970
3.0718700	0.0511177
2.9655300	-0.6917480
2.7050500	-1.3812100
2.2996600	-2.0033700
1.7473400	-2.5311200
1.0565200	-2.9165600
0.2661520	-3.1051300
-0.5526800	-3.0621900
-1.3168300	-2.7926400
-1.9597000	-2.3393700
-2.4489900	-1.7614300
-2.7822000	-1.1078800
-2.9652800	-0.4058750
-2.9919800	0.3297100
-2.8406000	1.0743600
-2.4910100	1.7784500
-1.9488800	2.3721300
-1.2583100	2.7887800
-0.4920840	2.9912500
0.2744440	2.9824500
0.9879410	2.7935100
1.6236700	2.4590000
2.1712500	1.9981900
2.6125800	1.4158700
2.9105000	0.7210780
3.0183400	-0.0518623
2.9042000	-0.8378160
2.5723400	-1.5568900
2.0655000	-2.1420300
1.4462400	-2.5593900
0.7704300	-2.8079000
0.0716786	-2.9002700
-0.6332720	-2.8408600
-1.3243700	-2.6181400
-1.9606500	-2.2174500
-2.4805800	-1.6442800
-2.8220900	-0.9394200
-2.9486200	-0.1734260
-2.8629200	0.5770200
-2.5989700	1.2548700
-2.1986400	1.8331700
-1.6904900	2.3043900
-1.0861100	2.6588100
-0.3956010	2.8700200
0.3513120	2.8998500
1.0961600	2.7199000
1.7636500	2.3338300
2.2875200	1.7833300
2.6327700	1.1329500
2.7992500	0.4439670
2.8053100	-0.2441060
2.6651000	-0.9124330
2.3770500	-1.5449300
1.9324800	-2.1091800
1.3370000	-2.5527000
0.6277200	-2.8189600
-0.1282150	-2.8727100
-0.8543280	-2.7162900
-1.4909400	-2.3854600
-2.0089900	-1.9279700
-2.4031600	-1.3807200
-2.6713800	-0.7620370
-2.7977300	-0.0834120
-2.7530200	0.6298050
-2.5130100	1.3263400
-2.0808900	1.9366700
-1.4965700	2.3965100
-0.8251120	2.6702700
-0.1318220	2.7582100
0.5386310	2.6832600
1.1651700	2.4683000
1.7351200	2.1214600
2.2243700	1.6402500
2.5898800	1.0308100
2.7816000	0.3263730
2.7662700	-0.4103540
2.5457400	-1.1045400
2.1565200	-1.6950000
1.6508100	-2.1508200
1.0728300	-2.4683000
0.4473160	-2.6521200
-0.2124870	-2.6964800
-0.8853140	-2.5813800
-1.5273900	-2.2873200
-2.0759300	-1.8172700
-2.4698000	-1.2087500
-2.6733900	-0.5260150
-2.6870200	0.1630610
-2.5370900	0.8094790
-2.2541300	1.3898800
-1.8553800	1.8944200
-1.3447500	2.3068800
-0.7292670	2.5938400
-0.0382449	2.7125000
0.6708940	2.6322800
1.3263000	2.3545400
1.8664000	1.9156500
2.2588000	1.3708500
2.5008700	0.7704760
2.6031500	0.1453010
2.5692900	-0.4894430
2.3885400	-1.1161800
2.0466500	-1.6987300
1.5466500	-2.1818500
0.9232250	-2.5086000
0.2386210	-2.6439900
-0.4381420	-2.5881200
-1.0546700	-2.3698800
-1.5853800	-2.0261900
-2.0226900	-1.5827400
-2.3576900	-1.0498100
-2.5666100	-0.4357140
-2.6144200	0.2341010
-2.4739100	0.9081160
-2.1460600	1.5186600
-1.6662800	2.0049300
-1.0915400	2.3334700
-0.4770370	2.5022800
0.1410040	2.5267600
0.7451630	2.4192700
1.3211100	2.1781600
1.8401700	1.7947900
2.2552200	1.2725900
2.5144700	0.6431300
2.5842000	-0.0344285
2.4641700	-0.6912870
2.1847400	-1.2726500
1.7880400	-1.7508900
1.3072800	-2.1201300
0.7590450	-2.3781100
0.1532110	-2.5104400
-0.4884210	-2.4903000
-1.1206800	-2.2944700
-1.6811200	-1.9236600
-2.1108100	-1.4117500
-2.3757500	-0.8161170
-2.4741800	-0.1955550
-2.4254300	0.4089630
-2.2496200	0.9777280
-1.9539000	1.4991600
-1.5354700	1.9518700
-0.9985390	2.2971900
-0.3713660	2.4893000
0.2908260	2.4964400
0.9207710	2.3179700
1.4623200	1.9848400
1.8860500	1.5431100
2.1873100	1.0325800
2.3696900	0.4757990
2.4278100	-0.1154660
2.3432600	-0.7227930
2.0973200	-1.3076100
1.6907200	-1.8135700
1.1552600	-2.1846500
0.5475780	-2.3869000
-0.0712665	-2.4185000
-0.6563220	-2.3017600
-1.1855900	-2.0635900
-1.6497600	-1.7193800
-2.0343000	-1.2723200
-2.3092000	-0.7277370
-2.4352600	-0.1105820
-2.3833300	0.5286010
-2.1524100	1.1252700
-1.7732900	1.6229800
-1.2947100	1.9908700
-0.7619490	2.2250700
-0.2031420	2.3342100
0.3678460	2.3213500
0.9356240	2.1765000
1.4682900	1.8858800
1.9162700	1.4505500
2.2274500	0.8998610
2.3684900	0.2886320
2.3373700	-0.3210770
2.1584700	-0.8812140
1.8643700	-1.3676000
1.4780900	-1.7726600
1.0087900	-2.0882600
0.4632380	-2.2929700
-0.1368440	-2.3547600
-0.7461240	-2.2476700
-1.3038600	-1.9705000
-1.7543500	-1.5531900
-2.0657500	-1.0459500
-2.2345700	-0.4984510
-2.2736700	0.0561618
-2.1937900	0.6017830
-1.9932700	1.1256400
-1.6635700	1.6024300
-1.2063800	1.9898400
-0.6484060	2.2405200
-0.0417124	2.3223900
0.5518890	2.2331100
1.0821700	1.9983100
1.5229400	1.6551400
1.8679500	1.2334300
2.1147900	0.7481680
2.2504500	0.2078580
2.2503700	-0.3688100
2.0923900	-0.9420970
1.7752400	-1.4559900
1.3275300	-1.8565300
0.7997800	-2.1114100
0.2448690	-2.2172300
-0.2996770	-2.1902000
-0.8154630	-2.0479700
-1.2919100	-1.7968200
-1.7100600	-1.4337300
-2.0352200	-0.9613390
-2.2254900	-0.4035600
-2.2506900	0.1910420
-2.1081900	0.7620740
-1.8240900	1.2580900
-1.4389600	1.6512000
-0.9885900	1.9360200
-0.4935000	2.1152100
0.0358377	2.1837900
0.5835010	2.1248400
1.1155500	1.9204900
1.5814600	1.5696700
1.9300000	1.0992000
2.1289100	0.5589100
2.1746900	0.0036836
2.0860900	-0.5253070
1.8867300	-1.0074100
1.5903900	-1.4338100
1.1996400	-1.7915200
0.7183790	-2.0536000
0.1677610	-2.1842200
-0.4077880	-2.1557000
-0.9503650	-1.9651800
-1.4082900	-1.6385800
-1.7523100	-1.2188100
-1.9775500	-0.7465900
-2.0910300	-0.2475950
-2.0952600	0.2655570
-1.9810000	0.7793960
-1.7350200	1.2658300
-1.3567600	1.6804300
-0.8709660	1.9755600
-0.3258220	2.1195900
0.2229360	2.1088200
0.7313000	1.9637100
1.1764800	1.7129300
1.5510100	1.3771200
1.8474100	0.9644190
2.0464400	0.4802910
2.1188100	-0.0567834
2.0398900	-0.6069820
1.8067500	-1.1158400
1.4445600	-1.5324100
0.9975040	-1.8265100
0.5102100	-1.9934800
0.0129890	-2.0439500
-0.4792940	-1.9872700
-0.9552630	-1.8217400
-1.3925700	-1.5390500
-1.7533400	-1.1394600
-1.9943000	-0.6454410
-2.0850600	-0.1027520
-2.0216200	0.4331400
-1.8255000	0.9162570
-1.5293800	1.3218800
-1.1600500	1.6434900
-0.7310450	1.8785900
-0.2496620	2.0154200
0.2681130	2.0315200
0.7873760	1.9058600
1.2579300	1.6355800
1.6304800	1.2447200
1.8744000	0.7776950
1.9850200	0.2819870
1.9758400	-0.2080700
1.8623100	-0.6753380
1.6499500	-1.1101600
1.3355900	-1.4957300
0.9205720	-1.8009600
0.4250580	-1.9876200
-0.1083170	-2.0271300
-0.6253990	-1.9152800
-1.0791300	-1.6739500
-1.4431400	-1.3388400
-1.7115200	-0.9420620
-1.8861400	-0.5022970
-1.9623900	-0.0288575
-1.9247700	0.4645200
-1.7562600	0.9480120
-1.4544000	1.3763800
-1.0416700	1.7028200
-0.5618510	1.8968300
-0.0641928	1.9535700
0.4136350	1.8886800
0.8522830	1.7229000
1.2434400	1.4685100
1.5754900	1.1275700
1.8242900	0.7028030
1.9571300	0.2120630
1.9478400	-0.3056680
1.7920700	-0.7985030
1.5115400	-1.2191900
1.1439600	-1.5401100
0.7258850	-1.7556200
0.2807390	-1.8713500
-0.1799990	-1.8893300
-0.6445560	-1.8010500
-1.0882200	-1.5938400
-1.4712200	-1.2659000
-1.7501000	-0.8379260
-1.8949600	-0.3522400
-1.9007400	0.1411730
-1.7845500	0.6020680
-1.5715600	1.0090300
-1.2802400	1.3547300
-0.9178330	1.6323300
-0.4886980	1.8245400
-0.0084970	1.9046400
0.4878430	1.8493500
0.9515540	1.6543700
1.3360800	1.3407400
1.6129400	0.9472820
1.7765800	0.5140400
1.8356800	0.0686968
1.7983600	-0.3750380
1.6629100	-0.8070330
1.4213300	-1.2075900
1.0727000	-1.5428100
0.6358520	-1.7732200
0.1509150	-1.8701400
-0.3323930	-1.8282900
-0.7720450	-1.6656100
-1.1447800	-1.4108000
-1.4439100	-1.0878700
-1.6669100	-0.7090690
-1.8031600	-0.2806300
-1.8321400	0.1838140
-1.7339600	0.6536480
-1.5045600	1.0839600
-1.1639800	1.4297300
-0.7512100	1.6620900
-0.3088400	1.7753800
0.1317600	1.7807200
0.5546540	1.6916400
0.9510240	1.5129500
1.3059800	1.2414300
1.5917100	0.8773780
1.7733600	0.4376790
1.8239900	-0.0402937
1.7381400	-0.5080340
1.5340600	-0.9225520
1.2430800	-1.2590300
0.8940040	-1.5111500
0.5038060	-1.6801500
0.0807736	-1.7617300
-0.3632670	-1.7417400
-0.8021480	-1.6040600
-1.1954100	-1.3451000
-1.5003700	-0.9836130
-1.6882600	-0.5579800
-1.7532300	-0.1123630
-1.7082200	0.3188290
-1.5714000	0.7175120
-1.3537200	1.0758600
-1.0568000	1.3834900
-0.6823810	1.6187700
-0.2454720	1.7519100
0.2197840	1.7582500
0.6669450	1.6323000
1.0528800	1.3921100
1.3515700	1.0707800
1.5568500	0.7010900
1.6731100	0.3043830
1.7019900	-0.1089060
1.6356400	-0.5284890
1.4620600	-0.9326590
1.1783900	-1.2858700
0.8019050	-1.5485000
0.3696630	-1.6924100
-0.0735499	-1.7115200
-0.4909790	-1.6199900
-0.8625520	-1.4398900
-1.1811300	-1.1877500
-1.4404500	-0.8699800
-1.6250100	-0.4900320
-1.7104400	-0.0611143
-1.6748500	0.3861880
-1.5128600	0.8082550
-1.2419700	1.1626300
-0.8961840	1.4224900
-0.5114220	1.5816100
-0.1129270	1.6470400
0.2866690	1.6257600
0.6783420	1.5161200
1.0447400	1.3104200
1.3555800	1.0068200
1.5749000	0.6210200
1.6757300	0.1881390
1.6517900	-0.2473090
1.5179400	-0.6469630
1.2993300	-0.9889880
1.0174800	-1.2666600
0.6834200	-1.4774000
0.3025020	-1.6116500
-0.1136950	-1.6506900
-0.5383670	-1.5758100
-0.9313630	-1.3819800
-1.2516600	-1.0858100
-1.4721000	-0.7214650
-1.5862900	-0.3271020
-1.6033200	0.0686565
-1.5349700	0.4510130
-1.3854600	0.8119190
-1.1515600	1.1381900
-0.8327080	1.4049800
-0.4429900	1.5805500
-0.0150986	1.6395900
0.4075730	1.5757100
0.7858090	1.4040000
1.0963000	1.1519100
1.3325100	0.8452430
1.4950800	0.4994130
1.5800600	0.1217920
1.5745100	-0.2774570
1.4632500	-0.6754130
1.2418300	-1.0359300
0.9257640	-1.3201300
0.5486500	-1.5009900
0.1500310	-1.5719000
-0.2387000	-1.5434600
-0.6006770	-1.4315600
-0.9285470	-1.2459400
-1.2130200	-0.9878610
-1.4347600	-0.6582740
-1.5666400	-0.2697100
-1.5855300	0.1479710
-1.4850700	0.5532530
-1.2801500	0.9068220
-0.9997610	1.1842500
-0.6732690	1.3789700
-0.3200900	1.4943700
0.0502842	1.5317300
0.4288760	1.4838400
0.7966440	1.3393300
1.1218500	1.0945900
1.3684200	0.7638790
1.5099700	0.3796250
1.5396400	-0.0181016
1.4690500	-0.3957820
1.3175300	-0.7346460
1.0998300	-1.0277800
0.8216370	-1.2694600
0.4856390	-1.4457600
0.1029190	-1.5345400
-0.2997860	-1.5152500
-0.6835090	-1.3817200
-1.0095700	-1.1483600
-1.2528200	-0.8449470
-1.4065400	-0.5036240
-1.4763500	-0.1473950
-1.4682700	0.2121140
-1.3806800	0.5668630
-1.2062300	0.9015960
-0.9423920	1.1892700
-0.6021190	1.3971700
-0.2161140	1.5000400
0.1758230	1.4908400
0.5387260	1.3817700
0.8521520	1.1948400
1.1094000	0.9492960
1.3079100	0.6550910
1.4390300	0.3167870
1.4857600	-0.0558094
1.4305200	-0.4392670
1.2675800	-0.7977400
1.0105900	-1.0938900
0.6894170	-1.3022500
0.3382210	-1.4159100
-0.0169208	-1.4422000
-0.3622920	-1.3913500
-0.6905410	-1.2670600
-0.9900150	-1.0661300
-1.2385200	-0.7873430
-1.4072100	-0.4423390
-1.4723900	-0.0596712
-1.4269800	0.3218850
-1.2833300	0.6666070
-1.0654600	0.9526700
-0.7964580	1.1734000
-0.4903030	1.3289700
-0.1535540	1.4157400
0.2050750	1.4219100
0.5655380	1.3332200
0.8955790	1.1445900
1.1598400	0.8687310
1.3330200	0.5350130
1.4079400	0.1787940
1.3932200	-0.1713200
1.3026900	-0.4996310
1.1450200	-0.7992390
0.9211770	-1.0618500
0.6314610	-1.2701600
0.2862740	-1.3995600
-0.0883225	-1.4283700
-0.4552590	-1.3496200
-0.7787460	-1.1754800
-1.0359100	-0.9312830
-1.2199600	-0.6433110
-1.3333900	-0.3292120
-1.3771800	0.0023872
-1.3447100	0.3436590
-1.2252800	0.6779260
-1.0147000	0.9768780
-0.7246570	1.2077300
-0.3834500	1.3457900
-0.0268947	1.3836700
0.3144800	1.3308000
0.6231640	1.2040400
0.8924950	1.0165700
1.1172200	0.7734390
1.2849000	0.4766710
1.3753800	0.1355270
1.3694600	-0.2266660
1.2604100	-0.5751370
1.0599800	-0.8747040
0.7941650	-1.1018300
0.4917290	-1.2494900
0.1735960	-1.3220700
-0.1495430	-1.3247400
-0.4705270	-1.2559100
-0.7759510	-1.1086400
-1.0417000	-0.8798470
-1.2380700	-0.5801420
-1.3414200	-0.2363050
-1.3442400	0.1161190
-1.2564200	0.4452990
-1.0971600	0.7321460
-0.8836670	0.9700470
-0.6249130	1.1564600
-0.3247860	1.2836000
0.0084473	1.3360000
0.3543400	1.2972300
0.6809290	1.1610500
0.9542720	0.9385740
1.1505700	0.6558650
1.2625400	0.3434460
1.2960200	0.0250571
1.2598800	-0.2866060
1.1573300	-0.5848310
0.9852610	-0.8593230
0.7419250	-1.0902900
0.4368790	-1.2515400
0.0950082	-1.3209400
-0.2490840	-1.2909500
-0.5628990	-1.1715800
-0.8260520	-0.9837800
-1.0318300	-0.7481960
-1.1800200	-0.4774850
-1.2672700	-0.1774880
-1.2828300	0.1443440
-1.2133400	0.4705050
-1.0532900	0.7722490
-0.8129920	1.0174600
-0.5180480	1.1825100
-0.2000450	1.2598500
0.1149850	1.2563600
0.4124590	1.1841100
0.6859140	1.0507700
0.9279330	0.8570560
1.1230900	0.6027620
1.2490200	0.2964560
1.2855200	-0.0391631
1.2251800	-0.3710340
1.0778500	-0.6666230
0.8656150	-0.9045710
0.6119610	-1.0779600
0.3329150	-1.1885300
0.0363159	-1.2370200
-0.2710180	-1.2173600
-0.5745000	-1.1195100
-0.8489090	-0.9388660
-1.0644900	-0.6849040
-1.1982000	-0.3822750
-1.2422900	-0.0629473
-1.2043300	0.2453060
-1.0989900	0.5261860
-0.9380180	0.7733010
-0.7258950	0.9818420
-0.4641090	1.1406700
-0.1603440	1.2315100
0.1650880	1.2364500
0.4811980	1.1483800
0.7560260	0.9767870
0.9676010	0.7443160
1.1087300	0.4766550
1.1827500	0.1928260
1.1940600	-0.0973489
1.1411600	-0.3874920
1.0174700	-0.6658400
0.8195240	-0.9109110
0.5559260	-1.0957600
0.2499850	-1.1983700
-0.0665958	-1.2108700
-0.3648750	-1.1411900
-0.6270690	-1.0060600
-0.8467020	-0.8208270
-1.0212700	-0.5935790
-1.1437800	-0.3276200
-1.2001600	-0.0298890
-1.1751200	0.2818060
-1.0620800	0.5789970
-0.8699610	0.8308730
-0.6214700	1.0152400
-0.3438520	1.1246100
-0.0586864	1.1635300
0.2222900	1.1396700
0.4929520	1.0558200
0.7442090	0.9089670
0.9584280	0.6969700
1.1118600	0.4275980
1.1839000	0.1224920
1.1667100	-0.1875040
1.0682800	-0.4728620
0.9068690	-0.7145870
0.7008930	-0.9060050
0.4618140	-1.0465900
0.1948330	-1.1332500
-0.0936960	-1.1562100
-0.3885160	-1.1030000
-0.6640370	-0.9678120
-0.8911280	-0.7589170
-1.0477700	-0.4985830
-1.1262100	-0.2149910
-1.1318500	0.0682000
-1.0751600	0.3374640
-0.9629480	0.5867560
-0.7957190	0.8094540
-0.5728600	0.9917940
-0.3013690	1.1135200
-0.0009768	1.1558200
0.2988710	1.1110300
0.5686320	0.9869980
0.7884140	0.8029480
0.9512670	0.5798350
1.0583100	0.3322000
1.1100600	0.0671635
1.1009500	-0.2093410
1.0216100	-0.4845760
0.8671550	-0.7360990
0.6451670	-0.9369380
0.3770730	-1.0656400
0.0913737	-1.1142700
-0.1866980	-1.0887700
-0.4420030	-1.0019100
-0.6684290	-0.8641320
-0.8615770	-0.6794100
-1.0114900	-0.4487860
-1.1016000	-0.1785930
-1.1152500	0.1135180
-1.0451100	0.3999630
-0.8987220	0.6517460
-0.6957740	0.8484130
-0.4591820	0.9827050
-0.2062140	1.0570600
0.0541149	1.0752400
0.3161220	1.0357700
0.5695000	0.9325000
0.7951370	0.7616680
0.9686240	0.5301720
1.0694800	0.2582520
1.0896600	-0.0258478
1.0354200	-0.2958490
0.9212830	-0.5352190
0.7609410	-0.7376610
0.5616610	-0.9007260
0.3262520	-1.0181100
0.0605095	-1.0770900
-0.2200880	-1.0634100
-0.4902190	-0.9703050
-0.7219470	-0.8048570
-0.8946270	-0.5867760
-1.0006900	-0.3403590
-1.0435800	-0.0851984
-1.0299000	0.1678740
-0.9620830	0.4132650
-0.8372200	0.6429560
-0.6528910	0.8412570
-0.4153330	0.9866650
-0.1433260	1.0600300
0.1356720	1.0533700
0.3948680	0.9729640
0.6166020	0.8346620
0.7943010	0.6548910
0.9271850	0.4440160
1.0124000	0.2066660
1.0410600	-0.0517561
1.0016000	-0.3179750
0.8879910	-0.5692410
0.7067900	-0.7791610
0.4773150	-0.9272680
0.2246770	-1.0057300
-0.0296485	-1.0186900
-0.2731380	-0.9752040
-0.5001460	-0.8812990
-0.7047570	-0.7373150
-0.8747130	-0.5423220
-0.9916770	-0.3019740
-1.0381900	-0.0333846
-1.0064600	0.2372530
-0.9026330	0.4831490
-0.7434010	0.6858160
-0.5474400	0.8383550
-0.3279260	0.9413640
-0.0913241	0.9951610
0.1572050	0.9946730
0.4065580	0.9311620
0.6367890	0.7995720
0.8234780	0.6058840
0.9467070	0.3686760
0.9984580	0.1133230
0.9833270	-0.1372780
0.9123550	-0.3690900
0.7948410	-0.5762930
0.6342970	-0.7548580
0.4314040	-0.8958900
0.1913350	-0.9844030
-0.0706042	-1.0049300
-0.3298940	-0.9500600
-0.5602580	-0.8256650
-0.7426980	-0.6488280
-0.8699780	-0.4399650
-0.9437870	-0.2147340
-0.9672990	0.0185984
-0.9391260	0.2549690
-0.8534830	0.4853560
-0.7064500	0.6927760
-0.5034630	0.8551460
-0.2620560	0.9534600
-0.0073581	0.9796310
0.2367980	0.9384660
0.4550750	0.8425650
0.6413840	0.7041050
0.7933440	0.5296260
0.9052900	0.3215070
0.9656900	0.0845582
0.9613280	-0.1677950
0.8853730	-0.4130540
0.7433110	-0.6259250
0.5522270	-0.7872460
0.3337560	-0.8894600
0.1056660	-0.9350800
-0.1220570	-0.9297800
-0.3443110	-0.8756630
-0.5540270	-0.7699450
-0.7372570	-0.6100110
-0.8745550	-0.4007960
-0.9481740	-0.1585580
-0.9500950	0.0922928
-0.8851460	0.3274720
-0.7670560	0.5305950
-0.6104510	0.6952410
-0.4246970	0.8204270
-0.2139150	0.9035230
0.0173152	0.9364740
0.2574660	0.9085330
0.4863360	0.8136270
0.6800460	0.6568160
0.8196140	0.4548270
0.8972230	0.2300050
0.9159590	0.0018234
0.8836220	-0.2181440
0.8055450	-0.4246320
0.6819320	-0.6123590
0.5116110	-0.7704140
0.2990930	-0.8822230
0.0591863	-0.9316110
-0.1848390	-0.9107850
-0.4087210	-0.8244440
-0.5953120	-0.6870360
-0.7378290	-0.5151860
-0.8364350	-0.3208230
-0.8912870	-0.1098160
-0.8977610	0.1133550
-0.8477330	0.3390240
-0.7360760	0.5494880
-0.5674060	0.7226640
-0.3577920	0.8400990
-0.1297960	0.8938050
0.0958290	0.8872180
0.3060920	0.8298750
0.4954680	0.7300310
0.6602670	0.5907970
0.7925540	0.4125550
0.8787820	0.1994880
0.9046300	-0.0351608
0.8627040	-0.2696240
0.7574650	-0.4801200
0.6036930	-0.6490410
0.4195510	-0.7692470
0.2192260	-0.8417990
0.0102902	-0.8693580
-0.2027460	-0.8506110
-0.4119980	-0.7801540
-0.6023900	-0.6539770
-0.7539650	-0.4762790
-0.8491330	-0.2622110
-0.8798510	-0.0341018
-0.8497150	0.1864620
-0.7696130	0.3852770
-0.6503660	0.5564880
-0.4978550	0.6977890
-0.3140880	0.8040900
-0.1030320	0.8649620
0.1236940	0.8681730
0.3461280	0.8069100
0.5413950	0.6853240
0.6917470	0.5181790
0.7897210	0.3247140
0.8370470	0.1210250
0.8385740	-0.0836963
0.7961170	-0.2847930
0.7070330	-0.4760400
0.5685790	-0.6450510
0.3845870	-0.7742650
0.1690940	-0.8472650
-0.0562234	-0.8561000
-0.2693850	-0.8043640
-0.4552190	-0.7039180
-0.6074970	-0.5677670
-0.7250750	-0.4043660
-0.8055320	-0.2173820
-0.8415730	-0.0106864
-0.8232470	0.2057330
-0.7444990	0.4139610
-0.6091370	0.5924160
-0.4316030	0.7235330
-0.2317550	0.7995960
-0.0272265	0.8227920
0.1713000	0.7998220
0.3589210	0.7353940
0.5309200	0.6296040
0.6776000	0.4811020
0.7839940	0.2934300
0.8351530	0.0793652
0.8233680	-0.1404430
0.7521150	-0.3440490
0.6338670	-0.5155820
0.4834060	-0.6484250
0.3115160	-0.7423800
0.1235230	-0.7974740
-0.0766843	-0.8094930
-0.2807100	-0.7709060
-0.4728590	-0.6765890
-0.6331880	-0.5300070
-0.7446350	-0.3450190
-0.7993260	-0.1416620
-0.7997190	0.0612796
-0.7540250	0.2518020
-0.6695620	0.4246760
-0.5490830	0.5765250
-0.3927300	0.7002730
-0.2038450	0.7836880
0.0061454	0.8135430
0.2179400	0.7825390
0.4100430	0.6939470
0.5661670	0.5605210
0.6793260	0.3983990
0.7500590	0.2204170
0.7805810	0.0335046
0.7696510	-0.1583180
0.7122380	-0.3481680
0.6043080	-0.5226810
0.4490160	-0.6638450
0.2594170	-0.7554090
0.0553277	-0.7894630
-0.1437250	-0.7685760
-0.3246120	-0.7021290
-0.4817290	-0.5997270
-0.6128510	-0.4666510
-0.7134060	-0.3045930
-0.7739740	-0.1167980
-0.7832610	0.0867012
-0.7345480	0.2882180
-0.6308570	0.4670890
-0.4849140	0.6069080
-0.3138010	0.7003720
-0.1320860	0.7485540
0.0517838	0.7555790
0.2335580	0.7230090
0.4077580	0.6483450
0.5633990	0.5287770
0.6846380	0.3672070
0.7563240	0.1757210
0.7706470	-0.0264604
0.7301640	-0.2194650
0.6450920	-0.3892700
0.5269770	-0.5298680
0.3834430	-0.6399950
0.2177570	-0.7174240
0.0331762	-0.7555530
-0.1616630	-0.7451920
-0.3508940	-0.6803700
-0.5150380	-0.5638430
-0.6378700	-0.4080430
-0.7118420	-0.2305930
-0.7383860	-0.0474449
-0.7232400	0.1315590
-0.6705520	0.3018570
-0.5803280	0.4592400
-0.4510980	0.5950950
-0.2855820	0.6959250
-0.0947779	0.7479410
0.1030180	0.7435910
0.2879800	0.6853230
0.4454430	0.5838720
0.5689980	0.4523610
0.6581560	0.3005330
0.7128300	0.1332150
0.7291890	-0.0462196
0.7002670	-0.2304910
0.6210040	-0.4057030
0.4938960	-0.5538660
0.3308630	-0.6592350
0.1496740	-0.7141160
-0.0326879	-0.7201470
-0.2051500	-0.6843740
-0.3627770	-0.6132720
-0.5024770	-0.5092770
-0.6179460	-0.3723400
-0.6981560	-0.2050880
-0.7309110	-0.0173553
-0.7090730	0.1737670
-0.6349190	0.3488730
-0.5194160	0.4929240
-0.3768850	0.5991380
-0.2189270	0.6676180
-0.0518782	0.7001930
0.1206780	0.6956940
0.2927430	0.6494510
0.4524830	0.5574570
0.5836620	0.4219920
0.6712950	0.2542730
0.7076660	0.0718600
0.6944880	-0.1076020
0.6398120	-0.2720000
0.5521540	-0.4159890
0.4362530	-0.5374310
0.2935280	-0.6322240
0.1266100	-0.6918680
-0.0558616	-0.7059540
-0.2382340	-0.6679190
-0.4018670	-0.5798400
-0.5316250	-0.4526500
-0.6204100	-0.3015000
-0.6687510	-0.1395520
-0.6801390	0.0254343
-0.6559140	0.1895830
-0.5937220	0.3480750
-0.4907370	0.4911800
-0.3490760	0.6046240
-0.1791160	0.6744460
0.0021231	0.6930440
0.1766970	0.6621070
0.3316690	0.5904030
0.4612730	0.4881690
0.5641590	0.3622750
0.6382790	0.2156310
0.6776660	0.0509646
0.6738470	-0.1242740
0.6209940	-0.2960500
0.5209790	-0.4468020
0.3844730	-0.5615760
0.2270930	-0.6330390
0.0632504	-0.6619970
-0.0979972	-0.6533410
-0.2524130	-0.6107170
-0.3962390	-0.5340660
-0.5218350	-0.4218360
-0.6170430	-0.2760580
-0.6691700	-0.1061690
-0.6708740	0.0716411
-0.6237460	0.2394820
-0.5369960	0.3838320
-0.4222560	0.4985150
-0.2883170	0.5828070
-0.1395570	0.6365340
0.0211059	0.6562120
0.1873690	0.6354130
0.3469460	0.5691880
0.4836280	0.4592270
0.5829140	0.3157470
0.6373420	0.1544830
0.6478650	-0.0092269
0.6205040	-0.1651860
0.5609830	-0.3087480
0.4714560	-0.4370820
0.3517200	-0.5445770
0.2038020	-0.6213000
0.0361405	-0.6560290
-0.1361530	-0.6418360
-0.2955780	-0.5801730
-0.4282760	-0.4804370
-0.5277010	-0.3553180
-0.5936040	-0.2152880
-0.6274750	-0.0661381
-0.6282170	0.0889399
-0.5915040	0.2447240
-0.5134040	0.3907500
-0.3954620	0.5123990
-0.2472880	0.5958790
-0.0844168	0.6337190
0.0772241	0.6269180
0.2264770	0.5823620
0.3582640	0.5075880
0.4705390	0.4068430
0.5596200	0.2813180
0.6178490	0.1331180
0.6356500	-0.0303347
0.6066620	-0.1952100
0.5321770	-0.3447100
0.4215550	-0.4648970
0.2882120	-0.5489190
0.1440310	-0.5968550
-0.0038707	-0.6116420
-0.1519590	-0.5944220
-0.2960000	-0.5429930
-0.4273840	-0.4545440
-0.5332630	-0.3305410
-0.6008010	-0.1798640
-0.6226470	-0.0175607
-0.5997680	0.1401820
-0.5396630	0.2814510
-0.4513940	0.4007370
-0.3411470	0.4966330
-0.2115100	0.5672530
-0.0647585	0.6072130
0.0926957	0.6087170
0.2484570	0.5661180
0.3867110	0.4805560
0.4936980	0.3611580
0.5623420	0.2217420
0.5929330	0.0753156
0.5896160	-0.0697999
0.5555940	-0.2096730
0.4907540	-0.3409490
0.3935000	-0.4568570
0.2652870	-0.5464600
0.1141860	-0.5980930
-0.0454983	-0.6046690
-0.1976410	-0.5670670
-0.3297940	-0.4931600
-0.4360380	-0.3932440
-0.5154670	-0.2752420
-0.5678290	-0.1431220
-0.5899650	0.0005928
-0.5759540	0.1504590
-0.5209960	0.2956270
-0.4261100	0.4215110
-0.3000230	0.5147770
-0.1566520	0.5682350
-0.0098286	0.5822730
0.1310680	0.5620150
0.2616760	0.5125090
0.3794030	0.4356590
0.4792580	0.3311460
0.5523060	0.2004890
0.5882390	0.0509078
0.5803810	-0.1042550
0.5294960	-0.2492370
0.4436080	-0.3712890
0.3339470	-0.4641300
0.2099550	-0.5272210
0.0769170	-0.5617620
-0.0623207	-0.5667240
-0.2032200	-0.5381140
-0.3365400	-0.4721020
-0.4491330	-0.3696280
-0.5283280	-0.2388920
-0.5669360	-0.0936224
-0.5653650	0.0518246
-0.5294820	0.1871860
-0.4659450	0.3076560
-0.3785610	0.4112790
-0.2683200	0.4947540
-0.1368880	0.5511870
0.0093827	0.5717870
0.1582860	0.5504270
0.2947040	0.4877540
0.4058230	0.3917480
0.4850650	0.2742750
0.5321450	0.1460490
0.5495130	0.0135875
0.5381420	-0.1198850
0.4959720	-0.2506510
0.4202450	-0.3711010
0.3118850	-0.4696880
0.1784630	-0.5346260
0.0332662	-0.5588540
-0.1091250	-0.5427410
-0.2377560	-0.4926770
-0.3473850	-0.4166710
-0.4365690	-0.3202840
-0.5035760	-0.2058220
-0.5435500	-0.0751731
-0.5493330	0.0661626
-0.5154880	0.2072500
-0.4425550	0.3338680
-0.3383070	0.4333730
-0.2149550	0.4989810
-0.0842250	0.5305520
0.0462487	0.5315870
0.1728220	0.5048900
0.2925020	0.4503070
0.3992920	0.3662290
0.4833660	0.2536290
0.5340220	0.1193880
0.5444600	-0.0238745
0.5149760	-0.1616420
0.4522680	-0.2824740
0.3654370	-0.3807240
0.2616190	-0.4553430
0.1444050	-0.5060210
0.0159766	-0.5298920
-0.1189770	-0.5215150
-0.2508870	-0.4762660
-0.3666440	-0.3946140
-0.4540090	-0.2839840
-0.5060910	-0.1566630
-0.5228160	-0.0251135
-0.5085220	0.1020530
-0.4676550	0.2207480
-0.4018960	0.3285980
-0.3108370	0.4211690
-0.1955760	0.4904310
-0.0622657	0.5269340
0.0773294	0.5242790
0.2090310	0.4826680
0.3211260	0.4089260
0.4076180	0.3129720
0.4677380	0.2033120
0.5024370	0.0847648
0.5107510	-0.0401318
0.4889990	-0.1674410
0.4334820	-0.2890110
0.3446440	-0.3930310
0.2294510	-0.4678830
0.1000180	-0.5066820
-0.0307293	-0.5093560
-0.1533670	-0.4808810
-0.2633580	-0.4271270
-0.3588410	-0.3515030
-0.4368570	-0.2548310
-0.4912080	-0.1384030
-0.5138360	-0.0076410
-0.4988750	0.1267000
-0.4464420	0.2510310
-0.3633150	0.3535880
-0.2599690	0.4280920
-0.1460550	0.4739580
-0.0275359	0.4932190
0.0926484	0.4866960
0.2112370	0.4524710
0.3215130	0.3878600
0.4131080	0.2933410
0.4752220	0.1753450
0.5011040	0.0455833
0.4906400	-0.0828228
0.4492450	-0.1998150
0.3839900	-0.3004270
0.2998690	-0.3832010
0.1989350	-0.4465430
0.0827429	-0.4860800
-0.0439994	-0.4952500
-0.1716620	-0.4688510
-0.2874680	-0.4069320
-0.3798220	-0.3160850
-0.4422480	-0.2070840
-0.4742650	-0.0904864
-0.4788040	0.0267123
-0.4583190	0.1411380
-0.4126240	0.2501200
-0.3401200	0.3483550
-0.2413850	0.4270240
-0.1222590	0.4763240
0.0061419	0.4897660
0.1307640	0.4671690
0.2411070	0.4142080
0.3318100	0.3389140
0.4017170	0.2477050
0.4504700	0.1438320
0.4754740	0.0291769
0.4717370	-0.0922290
0.4348320	-0.2119590
0.3647790	-0.3182450
0.2678680	-0.3998700
0.1549310	-0.4502620
0.0371825	-0.4689740
-0.0774807	-0.4596590
-0.1852360	-0.4262240
-0.2839110	-0.3701520
-0.3695660	-0.2909700
-0.4349950	-0.1894260
-0.4715480	-0.0707437
-0.4731250	0.0547202
-0.4394720	0.1742260
-0.3763640	0.2770320
-0.2925500	0.3574360
-0.1956850	0.4144920
-0.0901582	0.4489310
0.0217678	0.4598580
0.1366820	0.4438840
0.2474060	0.3974590
0.3433410	0.3206230
0.4138490	0.2192710
0.4523720	0.1040730
0.4584500	-0.0133455
0.4362760	-0.1243430
0.3910230	-0.2246500
0.3257360	-0.3124980
0.2410960	-0.3852350
0.1380820	-0.4372960
0.0213028	-0.4613060
-0.0997782	-0.4516800
-0.2129590	-0.4081030
-0.3074600	-0.3363060
-0.3773090	-0.2455230
-0.4216880	-0.1444360
-0.4422650	-0.0384945
-0.4397280	0.0696224
-0.4122970	0.1770560
-0.3573810	0.2778840
-0.2750940	0.3628090
-0.1708720	0.4219480
-0.0550262	0.4488790
0.0606531	0.4430970
0.1669450	0.4091680
0.2591580	0.3533230
0.3358340	0.2800430
0.3955110	0.1911550
0.4342510	0.0879314
0.4460520	-0.0256121
0.4259600	-0.1410060
0.3736270	-0.2467880
0.2946180	-0.3323380
0.1984250	-0.3915020
0.0945389	-0.4235240
-0.0106357	-0.4308460
-0.1139790	-0.4156040
-0.2131090	-0.3775940
-0.3033390	-0.3152430
-0.3767620	-0.2288040
-0.4244160	-0.1232140
-0.4401350	-0.0082503
-0.4233540	0.1043640
-0.3788590	0.2050100
-0.3137220	0.2886100
-0.2337110	0.3539350
-0.1417660	0.4005910
-0.0395096	0.4262290
0.0696019	0.4262780
0.1781580	0.3965220
0.2756080	0.3366180
0.3516870	0.2518690
0.4001560	0.1518090
0.4202680	0.0465194
0.4150790	-0.0567713
0.3880190	-0.1544940
0.3403910	-0.2446600
0.2716820	-0.3237760
0.1823460	-0.3853780
0.0768012	-0.4215620
-0.0358490	-0.4265390
-0.1441720	-0.3996890
-0.2383320	-0.3458760
-0.3129260	-0.2728030
-0.3668740	-0.1873480
-0.4007220	-0.0935094
-0.4136340	0.0066969
-0.4025010	0.1103210
-0.3639360	0.2110490
-0.2976500	0.2993840
-0.2086070	0.3655960
-0.1061920	0.4034690
-0.0008467	0.4122300
0.0995153	0.3953960
0.1908870	0.3575120
0.2715920	0.3012990
0.3392560	0.2273160
0.3888840	0.1362810
0.4137400	0.0320972
0.4085290	-0.0769225
0.3725920	-0.1798350
0.3107490	-0.2667770
0.2311260	-0.3320910
0.1415230	-0.3747790
0.0469165	-0.3961900
-0.0502529	-0.3969000
-0.1474810	-0.3752590
-0.2395540	-0.3287810
-0.3181430	-0.2572900
-0.3742180	-0.1653570
-0.4016980	-0.0620423
-0.3997640	0.0420689
-0.3722460	0.1385370
-0.3246230	0.2229410
-0.2609130	0.2938420
-0.1827400	0.3498930
-0.0911391	0.3875570
0.0104791	0.4013480
0.1146770	0.3865720
0.2111810	0.3425660
0.2902830	0.2740010
0.3461560	0.1892240
0.3778290	0.0967621
0.3873170	0.0024675
0.3764800	-0.0907776
0.3450970	-0.1808470
0.2916370	-0.2636050
0.2160920	-0.3319720
0.1226120	-0.3777630
0.0197840	-0.3951460
-0.0818774	-0.3832520
-0.1735700	-0.3460920
-0.2505060	-0.2898850
-0.3114050	-0.2198080
-0.3558480	-0.1385170
-0.3817110	-0.0474115
-0.3848140	0.0505549
-0.3611610	0.1488760
-0.3101230	0.2381010
-0.2361430	0.3088530
-0.1476010	0.3552290
-0.0535454	0.3762510
0.0394120	0.3744550
0.1279470	0.3528440
0.2102390	0.3125650
0.2831900	0.2530750
0.3410120	0.1745930
0.3764930	0.0808366
0.3841610	-0.0202074
0.3631070	-0.1182900
0.3174020	-0.2044180
0.2538190	-0.2734920
0.1785310	-0.3243320
0.0951742	-0.3573260
0.0055468	-0.3716970
-0.0878057	-0.3645950
-0.1793360	-0.3328040
-0.2605450	-0.2757780
-0.3225500	-0.1976710
-0.3594770	-0.1067230
-0.3703110	-0.0123028
-0.3579790	0.0783536
-0.3264690	0.1614930
-0.2782080	0.2355330
-0.2136530	0.2983450
-0.1333050	0.3454540
-0.0404556	0.3707140
0.0576060	0.3691250
0.1510770	0.3397610
0.2309460	0.2866490
0.2918720	0.2169260
0.3327200	0.1375970
0.3545690	0.0531961
0.3578910	-0.0340520
0.3411650	-0.1219560
0.3020180	-0.2059310
0.2400420	-0.2785240
0.1590600	-0.3314990
0.0670198	-0.3591160
-0.0265877	-0.3603140
-0.1140470	-0.3382830
-0.1912090	-0.2978320
-0.2566570	-0.2425580
-0.3091560	-0.1739080
-0.3455280	-0.0927118
-0.3607710	-0.0018573
-0.3504520	0.0921352
-0.3136620	0.1800700
-0.2542990	0.2530820
-0.1796890	0.3056750
-0.0974828	0.3367170
-0.0130234	0.3478510
0.0710299	0.3406910
0.1527790	0.3150070
0.2285810	0.2693220
0.2920990	0.2034160
0.3358740	0.1207600
0.3544070	0.0288803
0.3465950	-0.0628010
0.3157760	-0.1462430
0.2674080	-0.2169420
0.2061330	-0.2735910
0.1343500	-0.3157520
0.0532627	-0.3415060
-0.0346113	-0.3470390
-0.1235680	-0.3285770
-0.2051550	-0.2852680
-0.2708150	-0.2208130
-0.3149870	-0.1425610
-0.3365110	-0.0586265
-0.3374780	0.0249518
-0.3205080	0.1050820
-0.2866100	0.1801000
-0.2352270	0.2472590
-0.1663850	0.3013820
-0.0831938	0.3358970
0.0073485	0.3456520
0.0960663	0.3295160
0.1747490	0.2908720
0.2385980	0.2356630
0.2863630	0.1694240
0.3183010	0.0954585
0.3336890	0.0153711
0.3299190	-0.0686458
0.3039520	-0.1517280
0.2550390	-0.2262740
0.1866370	-0.2841890
0.1059650	-0.3199420
0.0214212	-0.3323310
-0.0603882	-0.3237750
-0.1359560	-0.2977630
-0.2037890	-0.2564610
-0.2619830	-0.2002380
-0.3065300	-0.1294150
-0.3318330	-0.0467538
-0.3331870	0.0413630
-0.3094590	0.1261660
-0.2639930	0.1994320
-0.2030450	0.2561380
-0.1328960	0.2950480
-0.0576755	0.3170080
0.0205902	0.3224030
0.0999851	0.3098290
0.1764830	0.2770370
0.2434230	0.2234360
0.2933030	0.1522020
0.3207230	0.0702951
0.3244400	-0.0137853
0.3070880	-0.0929968
0.2728800	-0.1634510
0.2250340	-0.2237690
0.1648370	-0.2728140
0.0929468	-0.3077370
0.0117979	-0.3239790
-0.0729033	-0.3173740
-0.1529350	-0.2868230
-0.2202150	-0.2355550
-0.2695760	-0.1699890
-0.2997640	-0.0969819
-0.3121060	-0.0214045
-0.3079940	0.0542914
-0.2871970	0.1284120
-0.2482970	0.1977490
-0.1909090	0.2566420
-0.1179170	0.2982990
-0.0359065	0.3175550
0.0466919	0.3131290
0.1225410	0.2877760
0.1874170	0.2462790
0.2400050	0.1927940
0.2798540	0.1294880
0.3052330	0.0573928
0.3126640	-0.0213515
0.2985990	-0.1017530
0.2620150	-0.1762590
0.2059720	-0.2370750
0.1369040	-0.2789750
0.0620800	-0.3006690
-0.0129940	-0.3038570
-0.0854471	-0.2908250
-0.1537550	-0.2624570
-0.2154880	-0.2181910
-0.2660190	-0.1578990
-0.2993680	-0.0841695
-0.3106990	-0.0031195
-0.2987160	0.0770451
-0.2662070	0.1488380
-0.2183770	0.2077580
-0.1601830	0.2525100
-0.0946249	0.2832410
-0.0231324	0.2992770
0.0524094	0.2982380
0.1277410	0.2772620
0.1960740	0.2354470
0.2500400	0.1756460
0.2844460	0.1041750
0.2979560	0.0285497
0.2925460	-0.0452045
0.2712660	-0.1138180
0.2360410	-0.1758850
0.1871710	-0.2297000
0.1248290	-0.2716800
0.0513180	-0.2967340
-0.0277835	-0.3004480
-0.1046390	-0.2815390
-0.1717570	-0.2427550
-0.2244240	-0.1895760
-0.2613380	-0.1276210
-0.2831430	-0.0606513
-0.2901510	0.0094904
-0.2810700	0.0811294
-0.2537740	0.1507350
-0.2075330	0.2123620
-0.1449670	0.2591840
-0.0721590	0.2861410
0.0032895	0.2918520
0.0749579	0.2784740
0.1392130	0.2496910
0.1947170	0.2083760
0.2404270	0.1556740
0.2737880	0.0920990
0.2906550	0.0196929
0.2871220	-0.0565589
0.2619510	-0.1293140
0.2177930	-0.1912150
0.1602640	-0.2374170
0.0954995	-0.2665820
0.0279359	-0.2797620
-0.0401693	-0.2781590
-0.1073050	-0.2615380
-0.1706480	-0.2285490
-0.2251470	-0.1786800
-0.2646280	-0.1143070
-0.2842530	-0.0411823
-0.2826120	0.0331590
-0.2619580	0.1020320
-0.2264750	0.1614850
-0.1798760	0.2102090
-0.1241180	0.2477480
-0.0600871	0.2725390
0.0104067	0.2814180
0.0830018	0.2710590
0.1509570	0.2403140
0.2071820	0.1916920
0.2467820	0.1308130
0.2683730	0.0641802
0.2733220	-0.0031906
0.2636150	-0.0686382
0.2400270	-0.1307680
0.2020000	-0.1874300
0.1492850	-0.2344950
0.0840187	-0.2665290
0.0115399	-0.2790070
-0.0608225	-0.2705120
-0.1262520	-0.2433230
-0.1805350	-0.2019860
-0.2223590	-0.1509380
-0.2517720	-0.0928977
-0.2681520	-0.0291412
-0.2693290	0.0387148
-0.2526160	0.1069460
-0.2170000	0.1694980
-0.1648130	0.2196720
-0.1015710	0.2526080
-0.0339914	0.2668750
0.0324367	0.2640680
0.0946717	0.2468470
0.1513910	0.2169220
0.2010710	0.1745320
0.2405080	0.1197320
0.2650790	0.0544310
0.2706590	-0.0165065
0.2558520	-0.0860856
0.2229000	-0.1474890
0.1765880	-0.1963100
0.1219420	-0.2312030
0.0623796	-0.2526420
-0.0004215	-0.2608740
-0.0649995	-0.2547120
-0.1282620	-0.2321580
-0.1849100	-0.1923760
-0.2287400	-0.1375090
-0.2550230	-0.0728619
-0.2622830	-0.0052264
-0.2522660	0.0595524
-0.2281840	0.1180870
-0.1926030	0.1690870
-0.1465390	0.2115950
-0.0903864	0.2433220
-0.0258481	0.2605030
0.0427288	0.2594890
0.1087950	0.2389440
0.1656620	0.2010230
0.2087990	0.1506270
0.2368140	0.0932409
0.2505270	0.0329005
0.2509660	-0.0283176
0.2379020	-0.0890643
0.2100530	-0.1468600
0.1668110	-0.1972020
0.1101170	-0.2344840
0.0449854	-0.2541890
-0.0218578	-0.2548170
-0.0843295	-0.2381910
-0.1387420	-0.2079590
-0.1838050	-0.1674400
-0.2190600	-0.1183990
-0.2430990	-0.0615920
-0.2530470	0.0014533
-0.2457960	0.0669334
-0.2201100	0.1288400
-0.1780240	0.1807300
-0.1244390	0.2180320
-0.0651639	0.2393010
-0.0047637	0.2456180
0.0542989	0.2387050
0.1107480	0.2192390
0.1626840	0.1866730
0.2064230	0.1406630
0.2370360	0.0829599
0.2503020	0.0182124
0.2447200	-0.0470410
0.2221320	-0.1066020
0.1865010	-0.1565380
0.1417920	-0.1955320
0.0904683	-0.2235550
0.0336680	-0.2400300
-0.0272252	-0.2429810
-0.0889608	-0.2298960
-0.1461460	-0.1996820
-0.1926970	-0.1542280
-0.2240800	-0.0983375
-0.2388000	-0.0380100
-0.2381290	0.0217622
-0.2243780	0.0781540
-0.1990660	0.1299250
-0.1623800	0.1757110
