jMRUI Data Textfile

Filename: dataset1_nWS.txt

PointsInDataset: 2048      
DatasetsInFile: 1         
SamplingInterval: 2.5E-1    
ZeroOrderPhase: 0E0       
BeginTime: 0E0       
TransmitterFrequency: 1.2322E8  
MagneticField: 2.9E0     
TypeOfNucleus: 0E0       
NameOfPatient: dataset1_nWS
DateOfExperiment: 
Spectrometer: 
AdditionalInfo: dataset1_nWS
SignalNames: dataset1_nWS.txt;


Signal and FFT
sig(real)	sig(imag)	fft(real)	fft(imag)
Signal 1 out of 1 in file
49919.3290000	-21.8776490
49715.3960000	-16.2875550
49467.0940000	6.9230177
49241.6480000	10.4233280
48975.8850000	9.7316723
48751.2810000	1.7698140
48526.4500000	6.2167996
48334.6350000	-14.1349050
48080.5370000	13.9403540
47869.4300000	0.6143286
47628.2180000	-13.5872240
47416.1970000	-7.4299502
47205.0970000	-11.0000880
46948.3310000	19.6042740
46740.9780000	-7.4904213
46527.2610000	18.9947100
46281.8850000	13.8169050
46089.1420000	-22.8116910
45891.5150000	10.3973370
45654.6220000	-1.9692685
45436.8880000	5.7933631
45231.1210000	-16.7663730
44993.2110000	16.9185290
44789.9500000	20.3228510
44585.4350000	-22.8547750
44382.9250000	-6.3916291
44190.5790000	-5.2183885
43948.1100000	-9.5754455
43736.5360000	4.3669437
43559.2490000	-1.7200060
43338.1490000	13.8832740
43164.9470000	-14.1742690
42929.1720000	-4.7159425
42728.5820000	-23.4910490
42542.0380000	-18.6800180
42323.1160000	-10.0535430
42157.2980000	-6.3766539
41928.5720000	-20.0263950
41757.8360000	22.7671950
41530.6970000	19.8432190
41370.3180000	-20.6738460
41169.8420000	23.0285870
40963.8200000	2.1832152
40774.7580000	-18.9319920
40568.7070000	22.6664040
40380.1690000	14.2191380
40190.4880000	17.3947990
40002.9280000	-8.8740077
39803.6860000	4.9184482
39634.7710000	-5.9392041
39452.5090000	13.1148200
39251.2160000	0.0636540
39066.7670000	-21.2711480
38903.0180000	15.4297070
38691.3940000	-4.8123878
38548.0540000	-13.6401380
38357.8460000	8.1294201
38177.6230000	0.3812568
37980.4360000	12.8735240
37809.6750000	-7.8420439
37633.4660000	16.9921380
37441.6270000	12.3149180
37303.8510000	21.7784640
37122.3760000	-10.2546830
36952.8020000	23.1900040
36749.3430000	19.1553540
36584.9340000	-4.1516749
36399.6030000	4.4357126
36238.8960000	-12.7816390
36054.6620000	-20.4863170
35896.1570000	-12.8770160
35720.1810000	14.2178890
35552.3830000	-16.5760750
35380.5490000	13.2046840
35207.5640000	-5.7765109
35054.7410000	-20.1411210
34903.0390000	11.4405430
34740.4440000	16.8205360
34577.0060000	-7.9510103
34407.6390000	-16.6775610
34263.8400000	-16.5542650
34082.0210000	-9.3477549
33941.1700000	1.3097954
33785.3270000	11.0831620
33630.5260000	-6.4466446
33474.4090000	-2.0308745
33289.0300000	20.3994630
33152.9610000	19.1794710
32983.2770000	-6.3695669
32849.1050000	-12.8723880
32665.7170000	-19.9758950
32505.7790000	12.3575890
32354.0900000	16.1844940
32192.4960000	-15.1169980
32046.8210000	-10.8791420
31918.3650000	-4.9525127
31754.3700000	23.3897310
31599.2940000	13.9125220
31472.5240000	-15.4977160
31298.6190000	1.5772041
31164.2740000	22.9915350
30999.5950000	-6.3374750
30881.5550000	5.0159773
30754.4590000	2.1837723
30575.0460000	9.6684802
30424.3740000	-21.4630830
30316.9630000	12.8313570
30145.4880000	7.8708117
30005.0520000	-8.4804225
29885.9310000	-17.8072550
29710.8450000	-1.5245281
29598.5090000	-1.7695278
29444.7940000	-1.7850551
29300.9370000	17.5606460
29164.4760000	-1.3273317
29059.5170000	12.4726680
28887.1320000	5.8312372
28781.1650000	4.1722140
28630.0930000	-6.9812485
28496.6820000	14.7792410
28361.8680000	-8.1973796
28239.6690000	20.9655190
28108.1750000	12.4460060
27988.2140000	-3.4951353
27819.5020000	-18.4471870
27698.3430000	0.4351854
27583.3990000	1.0532124
27424.2990000	-2.2023741
27337.6060000	9.5610677
27192.2140000	12.9237230
27045.1140000	13.5119810
26929.0930000	-19.5114870
26804.9440000	6.2372709
26702.6980000	22.7015780
26553.3720000	-4.6209348
26439.2850000	9.7789368
26320.3390000	11.1812550
26160.2490000	13.0547890
26045.7400000	6.3736353
25942.3570000	14.6116110
25830.9790000	8.7942218
25676.9260000	15.9800610
25591.7210000	20.7807870
25467.6390000	6.8744402
25353.8100000	2.3292868
25219.3020000	0.1918124
25076.1510000	-19.4674000
24975.7160000	-7.5930934
24855.2530000	3.4769195
24759.5500000	5.7681001
24607.0340000	19.2812900
24532.7510000	-17.7171510
24380.3530000	-13.1440320
24302.8360000	18.9844990
24145.7780000	7.4648128
24032.7410000	-21.3257700
23945.9330000	11.2419700
23812.7910000	1.0993200
23713.8960000	-15.9067130
23609.7800000	-4.6553346
23473.1150000	-23.4561050
23385.5030000	-7.7173176
23258.1660000	-13.5985080
23182.5060000	-14.3834720
23072.6320000	17.1264580
22953.1980000	-9.4621871
22817.4030000	10.2498220
22730.2140000	-22.8146080
22625.1460000	19.1567730
22501.6170000	-10.7609730
22390.2520000	-14.7083560
22306.4810000	6.0072584
22197.7810000	15.8845040
22109.4800000	11.5850640
21983.0130000	-6.7430776
21894.1560000	7.3732667
21783.5840000	-22.4975690
21676.1350000	22.2064530
21586.9010000	-1.8976999
21462.1650000	-12.1108120
21393.5650000	12.1572020
21286.4510000	14.3094540
21157.2660000	13.5791240
21095.0580000	-8.0611372
20964.4930000	5.4692685
20884.7420000	4.2782969
20761.3430000	4.3875692
20682.4260000	0.0777355
20565.4000000	5.6372395
20489.3550000	9.2383361
20376.9340000	19.1388550
20321.1040000	18.3050040
20199.4790000	-1.0187263
20111.3540000	4.3500720
20027.3410000	-23.4911980
19918.1580000	-2.3789190
19828.4240000	-18.2917740
19714.5000000	10.5508830
19663.4840000	-9.9008845
19566.2660000	-7.8514348
19449.9400000	-1.3275128
19387.6600000	4.9869991
19250.4180000	-5.2060823
19198.9130000	1.0552614
19076.6180000	-1.4362332
18990.0500000	-4.4652607
18929.5000000	12.0789260
18816.7900000	-14.2092670
18723.0730000	-8.9019229
18628.2410000	-18.7290870
18546.7050000	18.6243290
18462.1880000	-19.8364710
18392.8130000	-19.3777310
18287.7320000	6.8514996
18202.1570000	14.6737100
18134.6740000	-18.7685280
18038.0690000	-22.3272910
17945.3530000	-20.6834290
17888.3590000	-8.6538789
17808.7520000	-8.4222170
17727.3160000	6.7649893
17606.6990000	7.4206467
17526.3770000	-6.1499358
17457.9770000	20.9201880
17365.4950000	-11.8934660
17301.7200000	-12.7408810
17193.3420000	-19.1501240
17128.3190000	8.4082372
17043.1790000	-14.1191540
16976.4950000	-8.0833411
16901.5610000	-13.5468790
16807.3860000	-22.3505120
16756.3590000	12.5382990
16664.6630000	4.7401177
16557.3770000	15.6473600
16500.3640000	1.0188372
16427.2380000	9.1215120
16340.0620000	-3.8762108
16280.6470000	-22.0435790
16206.9380000	22.0920400
16123.3000000	-2.0926914
16015.5440000	17.5778150
15958.6880000	-2.0356409
15866.6190000	10.8498120
15804.2420000	1.8699694
15719.0260000	13.4598320
15652.7460000	-0.2443494
15569.9250000	-1.2925650
15539.7750000	-22.9931000
15450.6950000	11.3473010
15360.1060000	5.6326496
15303.4520000	20.9641460
15225.9670000	-2.7399725
15139.2980000	-17.8440510
15075.8830000	19.5689040
15035.6880000	15.4905500
14954.6800000	11.6027590
14880.7910000	1.0863517
14782.4530000	12.5810480
14718.2100000	6.0201613
14673.9480000	-3.8095364
14600.1520000	-5.6263396
14506.2710000	15.3839730
14459.3200000	-8.7748066
14374.1470000	3.8038389
14336.8060000	-3.6817060
14264.9650000	2.5573502
14187.5510000	21.8148860
14132.5630000	-18.4842530
14066.0780000	-18.7616580
14010.2900000	-7.2570448
13910.0220000	16.2794650
13849.7230000	3.2031369
13785.0760000	3.9529340
13746.3250000	2.7524879
13667.7860000	21.0755040
13595.3970000	-13.2984480
13547.8750000	-8.6113978
13472.2160000	-14.1591310
13398.2200000	-4.4075628
13328.6800000	-15.9377510
13281.4400000	14.6929180
13224.3670000	-1.3422489
13167.6370000	-21.5561060
13100.4000000	-1.8694079
13057.6930000	-16.3176370
12992.1450000	0.3787408
12924.3670000	-8.1596930
12849.0160000	7.1038193
12787.3350000	21.6480160
12711.1260000	2.9694374
12688.3690000	23.2306350
12588.5770000	2.9311489
12549.9590000	-8.9961293
12500.4670000	13.9961000
12415.1660000	-7.6862395
12392.3590000	6.7558180
12323.5000000	-11.6271770
12246.7490000	-13.6820090
12200.2560000	-5.9921375
12157.8760000	10.5192640
12093.6030000	-15.9603110
12053.7220000	-13.2291610
11959.6290000	-22.6882520
11910.2130000	-8.2783198
11873.7010000	-20.8715500
11803.2350000	23.3763350
11727.5230000	-12.0033660
11678.0670000	-20.3731930
11635.3100000	7.7496536
11576.6080000	-8.3256370
11521.0880000	17.4806930
11473.4840000	8.5085366
11407.3740000	5.4136950
11383.6350000	-18.4604000
11333.7820000	6.7250749
11256.0460000	15.0387490
11230.7860000	-14.4969080
11175.9070000	-6.3133799
11107.6260000	6.1441235
11041.5890000	1.0789493
11022.9180000	18.7891620
10952.3540000	7.1834811
10896.9230000	6.2205633
10849.1540000	16.4785790
10814.8170000	-21.4754170
10759.0120000	6.6958586
10703.4870000	17.7429380
10645.0770000	17.1994980
10572.4490000	-19.3694880
10547.9750000	-14.9032130
10490.7980000	21.7420960
10430.8100000	-4.4693225
10394.6870000	23.2741400
10341.7560000	-15.6343310
10309.4430000	-20.5980820
10242.4210000	-4.2401795
10210.9000000	-15.7772250
10142.2310000	4.6227471
10092.9840000	-0.3983545
10062.2660000	-9.5025963
10013.6170000	0.8659783
9982.7839000	18.6388200
9895.1164000	-16.0689330
9876.7939000	-21.6080280
9841.5518000	5.3454569
9756.9678000	-18.6330280
9721.4005000	3.5137822
9663.7816000	-3.8026358
9659.2585000	-13.4022490
9576.0805000	19.5757610
9573.6527000	-17.4047250
9498.8053000	5.2649630
9474.4068000	12.0464930
9423.6950000	23.1865670
9357.2281000	-2.9430467
9308.1024000	8.5157111
9280.3641000	-13.5031770
9254.4603000	-12.3934090
9196.6811000	-1.2156368
9149.5426000	3.6654052
9114.1250000	19.0657140
9069.3435000	16.8738640
9014.3582000	0.8183029
8989.2465000	13.8642040
8920.8920000	8.6046411
8912.4948000	-13.7798150
8847.8470000	20.3492660
8799.0042000	20.3524110
8774.1272000	-17.3239210
8729.2106000	2.6608868
8681.7909000	-18.2233600
8650.2822000	-0.7495383
8594.7155000	-22.3911020
8571.6164000	13.4783370
8546.3973000	-3.3903286
8473.0035000	9.7737165
8448.1054000	16.0764250
8431.9133000	0.0210549
8384.9495000	19.8293540
8329.6960000	-12.7654650
8305.2593000	-3.0855389
8241.9188000	18.4107890
8231.2286000	13.6248670
8188.7666000	-2.9970411
8144.0093000	-18.0908790
8113.9901000	-5.6901061
8043.9693000	-0.0132924
8002.3377000	-4.2265483
7971.3385000	16.2524380
7944.6477000	-15.8495220
7929.6845000	-10.6895680
7874.5461000	15.1184310
7823.6061000	17.4293460
7789.9823000	18.5786170
7742.7688000	-10.0385580
7718.1136000	20.5620480
7692.8525000	5.2602113
7646.6697000	5.1043120
7599.5427000	16.4623890
7577.7580000	21.6456500
7540.7985000	10.8404970
7529.4808000	-22.6814500
7493.9402000	-18.2535370
7425.7812000	11.3814150
7418.0418000	12.4864500
7376.6622000	-19.1962610
7352.9796000	22.2555170
7305.4069000	-9.1718003
7276.2077000	0.6381468
7229.4768000	20.7559980
7192.5259000	3.8262946
7150.1099000	-9.2956238
7138.0368000	-15.3380820
7116.4807000	-12.7376360
7068.2144000	5.5573454
7047.4851000	-13.2034550
7009.5009000	10.6775280
6970.2387000	-19.5436630
6908.5099000	-14.9697420
6881.0126000	18.1737960
6854.1396000	-21.1701260
6836.1796000	-17.3064140
6802.2283000	7.4214234
6789.2129000	0.9466244
6741.8137000	6.9731765
6696.4592000	7.3967293
6689.1645000	14.6363990
6657.5972000	4.6830071
6621.2587000	-13.7039100
6604.3176000	-20.2611450
6560.3391000	4.1921785
6509.2553000	5.9587252
6511.7767000	18.2214300
6439.4181000	8.9334843
6445.9381000	-22.7855300
6385.4172000	-10.4141680
6381.3100000	-23.0486670
6341.5106000	19.1888670
6314.0039000	-19.2152830
6281.1725000	-3.3613491
6254.3135000	19.0735760
6216.2664000	-16.5280910
6182.1379000	9.3318392
6139.6495000	-21.8233600
6118.5692000	22.6086600
6121.0550000	-0.8181189
6074.3461000	-13.3961480
6033.9262000	5.0061035
6005.8730000	-0.2051386
6004.8061000	-0.0981219
5953.5318000	2.0172721
5912.2217000	11.0505590
5886.9907000	3.1979995
5876.7998000	12.5931670
5865.6518000	-1.1025046
5822.1918000	20.7151090
5804.6978000	18.4537240
5790.0383000	3.2354164
5754.9234000	22.9514340
5698.0154000	-22.0315240
5700.8283000	-6.6709675
5677.9949000	14.9375160
5634.5194000	20.2655840
5625.0441000	-19.6629580
5597.7239000	4.0027665
5537.8598000	-0.4293178
5530.6667000	22.7283590
5486.6023000	-0.4768282
5473.4205000	-11.7530350
5432.5455000	2.6584360
5416.0069000	8.7283335
5376.5526000	8.4611391
5383.0559000	-5.0074091
5368.9634000	13.9237690
5303.8724000	-0.5105755
5278.9314000	-2.5502702
5297.6810000	19.2165470
5239.3946000	7.4780221
5236.7085000	8.2463967
5178.6608000	12.5729540
5162.1294000	-13.8107400
5166.7162000	-17.9310890
5104.3120000	11.0845010
5079.6100000	15.6199780
5096.2579000	14.9986710
5050.1244000	-18.0397680
5052.0538000	4.4763401
5009.3441000	-13.2360220
4961.4698000	-4.8999895
4977.4932000	-15.6797890
4945.2542000	-1.1782893
4924.5547000	-0.7539412
4885.0226000	2.9594398
4865.2213000	-11.7173480
4834.4144000	-21.6933740
4843.1189000	8.3632752
4782.4744000	-7.8055419
4778.1230000	-7.8843254
4757.0563000	-17.6668900
4741.7165000	12.4049800
4693.6021000	20.1601820
4691.1496000	-4.0527306
4669.6783000	-4.0887003
4664.2271000	-7.0400185
4626.3722000	-6.7601383
4598.9452000	-16.6695020
4598.8410000	7.0207856
4568.6075000	22.4143100
4515.9427000	16.8274240
4519.5428000	1.9318016
4484.6707000	-4.6098630
4457.0572000	1.8073329
4433.5113000	-22.8752280
4434.8661000	3.7362698
4409.5788000	16.7401520
4389.7657000	-16.3256890
4351.7886000	-10.8525080
4362.0246000	-3.1670539
4343.3396000	-16.9016280
4326.9810000	14.9925490
4291.5251000	11.3374700
4289.8204000	-12.5633570
4229.3180000	12.1497500
4208.1679000	5.2691626
4186.2912000	-11.0706040
4205.6991000	9.8203398
4146.8812000	-5.9353300
4164.5410000	-4.2794444
4150.4500000	15.4365870
4123.1310000	-3.6951601
4105.7729000	-22.6386410
4093.1140000	-16.7315650
4033.3106000	4.5522730
4030.8163000	9.6106026
4013.6629000	-15.2832800
3989.1406000	-4.4678888
3952.6118000	-9.2945229
3972.3806000	-19.6192570
3956.8899000	-3.6488140
3939.1446000	-9.1335243
3921.8220000	-20.0904310
3867.0968000	4.6178139
3884.3894000	2.6681032
3868.7292000	-23.4600450
3829.3922000	-19.3747610
3817.5078000	-9.1370703
3795.1572000	13.6992380
3752.0653000	8.5260605
3775.6181000	-6.9613675
3723.8392000	22.5990280
3723.8608000	-22.5418060
3712.0720000	-5.7579451
3694.1843000	-13.6100390
3662.9983000	15.5664290
3633.8765000	9.0473714
3651.7290000	-20.2294420
3640.4221000	6.0455635
3600.0486000	-22.9649260
3575.8888000	-0.9111478
3572.0634000	5.2158153
3538.7756000	-3.7596559
3542.5261000	-12.2549630
3504.8027000	22.1681970
3518.8218000	20.4659460
3505.8248000	16.7330530
3485.5160000	-19.4343750
3442.1093000	4.3257544
3418.3527000	20.1090530
3426.8718000	-1.5006057
3395.4226000	-3.1488245
3371.3782000	-13.6792940
3357.8154000	-22.2254230
3359.6346000	16.0420040
3345.8155000	-13.2844120
3325.6731000	-4.9362496
3285.5818000	-7.4242938
3293.6872000	11.4490300
3254.5067000	-4.0586227
3263.3549000	9.0921191
3255.4619000	-7.4806905
3245.4611000	9.7235831
3229.1654000	-16.5394990
3192.6042000	19.7515700
3192.5175000	-1.9084914
3152.7837000	2.0185530
3148.3184000	-21.9973660
3133.8825000	-14.2090180
3114.4997000	4.0869504
3093.5955000	-3.2213990
3104.7865000	23.2217020
3080.0487000	-19.4756260
3071.0029000	-19.1152300
3046.4685000	12.3158410
3050.9290000	-14.1746100
3035.3533000	-21.3683960
3002.7237000	-8.0779388
2999.9731000	-5.7166951
3000.5799000	15.8953140
2962.5138000	1.2373233
2961.7641000	17.0020460
2931.4834000	-2.9960362
2939.3886000	-10.7987920
2892.0340000	16.9136110
2893.1112000	-15.3355740
2888.0317000	-12.9407040
2857.9194000	23.4400410
2847.7486000	10.5584620
2850.4196000	-18.6123060
2830.1693000	6.9743520
2818.4700000	14.2742310
2803.0006000	-3.4672951
2784.3427000	-21.2074420
2786.2345000	-4.1502721
2785.4046000	22.0035330
2751.7000000	16.2855840
2737.3135000	5.9317106
2708.6232000	-3.9286222
2725.1186000	-15.6983740
2704.6415000	-8.1351343
2682.1199000	-20.1189910
2669.1018000	23.4556320
2653.7994000	20.6331320
2674.0919000	-8.0708513
2644.7589000	11.0833500
2639.5314000	-21.2410420
2597.7914000	12.8342520
2584.2515000	9.3869439
2589.6549000	-11.7722810
2575.7399000	-21.7872390
2549.9128000	-8.6452254
2572.4697000	14.0552030
2539.2105000	0.8612182
2510.1620000	6.0758892
2505.9058000	4.6465410
2510.3694000	16.0188600
2494.7393000	-22.5190450
2498.8554000	-16.6311040
2484.4458000	13.2461400
2437.7661000	-20.6203220
2438.7875000	-10.3878790
2441.4489000	-2.0254572
2444.8558000	5.6659602
2421.3051000	10.2560890
2390.9412000	0.0328019
2404.0488000	-3.7228979
2385.7209000	10.6675630
2344.6726000	18.6886010
2357.5709000	0.2700176
2325.3166000	14.0545940
2347.4285000	-21.6128400
2323.1358000	-12.7651180
2295.1570000	-18.2248080
2307.6566000	8.5280235
2287.5356000	-16.2082920
2295.5819000	-10.6277120
2265.4739000	-11.2027520
2244.8063000	-13.7095350
2268.3357000	-17.6528670
2255.1141000	19.6223640
2243.0110000	-20.0006140
2232.9658000	12.6991170
2219.0928000	-1.1763477
2181.3440000	-22.7405850
2198.0808000	-21.3044670
2182.1086000	-6.4372013
2146.5004000	17.3447480
2171.0588000	-17.5491290
2165.7324000	-13.7346290
2139.2504000	4.2754914
2129.7251000	13.3125180
2106.5275000	20.5962690
2110.5354000	-0.1415724
2090.2131000	22.2539100
2086.4598000	16.0010040
2073.8896000	7.2702149
2080.2481000	4.0374364
2062.3430000	-10.2962050
2060.5579000	-22.4676130
2042.3012000	4.8067976
2037.5341000	18.6222040
2035.7194000	-16.5972320
2027.5518000	-9.8502855
2005.8385000	7.5325711
2009.9431000	15.2570160
1993.7919000	-4.0484004
1963.8467000	-13.9111660
1973.6401000	8.2363545
1949.5792000	-0.1744655
1942.8730000	-17.2065150
1947.5888000	17.5105390
1909.5242000	1.9296447
1928.4916000	3.7352265
1923.2035000	3.9545034
1894.5271000	21.7514350
1881.9996000	22.3787890
1886.8680000	17.5647220
1867.5978000	3.0753759
1874.8040000	-3.2057372
1868.6989000	2.2187361
1862.6116000	19.2797600
1812.8366000	12.3996590
1844.6276000	12.7019640
1831.0151000	18.5195480
1813.9527000	18.4217230
1803.7387000	5.5743978
1810.5580000	3.1260497
1768.9656000	-6.3881435
1762.0485000	-10.9250270
1756.8740000	9.5100589
1740.8137000	10.9841670
1742.5798000	19.4605360
1755.5918000	15.8151220
1742.2654000	-20.7567590
1729.3207000	16.8230160
1695.5953000	-22.2370150
1724.0036000	-17.5521060
1680.4328000	21.9578480
1682.0202000	-19.9370980
1689.9111000	4.5707498
1686.7445000	-5.2499479
1661.6977000	-18.1999960
1658.1030000	14.6058170
1636.9141000	-22.6226010
1629.7891000	2.8709591
1628.4665000	9.9308373
1638.1283000	2.2083688
1628.1958000	-8.1995401
1604.6039000	-18.1568530
1587.0926000	21.2705410
1600.1536000	5.8091187
1593.1386000	21.6612220
1577.8032000	16.1663040
1596.3028000	-18.4695250
1564.7887000	22.1647960
1561.1950000	-4.6116729
1569.2936000	-0.9882348
1555.9902000	15.5862480
1525.3969000	-19.5082320
1533.3400000	10.8493400
1547.7911000	-17.4790000
1515.5143000	6.7812960
1534.0436000	-6.2655828
1521.2766000	22.9455320
1478.5493000	15.1259150
1480.2848000	-22.6681350
1497.4537000	12.9432260
1460.6670000	-5.7181417
1458.0049000	12.7936970
1458.4639000	19.2434550
1444.1083000	7.9658688
1460.1606000	-14.3160860
1446.5444000	4.6862737
1446.6844000	-8.2670470
1408.7414000	-6.5341329
1412.6347000	5.3882644
1437.1096000	3.6431693
1387.1946000	-12.9948740
1412.9059000	-16.2584930
1405.7795000	-4.1739987
1372.2697000	8.3065763
1378.8349000	21.1469070
1379.0922000	-12.2893290
1365.4199000	13.7834380
1353.9698000	19.6688420
1368.3829000	15.6825620
1336.1179000	12.6979320
1364.7167000	-22.9128310
1354.8800000	1.1294144
1319.7956000	-14.6589130
1322.4451000	-22.4210430
1339.9125000	-7.1349100
1331.7487000	20.0624910
1329.1413000	-7.9103427
1284.5079000	1.2195592
1302.7678000	17.4586980
1285.7416000	-13.4621080
1287.4460000	-6.2082755
1298.7269000	10.6780450
1272.1722000	13.3744350
1257.7606000	-1.7269301
1279.8456000	-18.7572630
1248.9374000	-19.2553690
1249.6346000	-1.0747868
1222.7211000	-2.3934204
1235.5969000	-5.5757443
1246.2699000	15.1592890
1215.4881000	7.9478104
1218.8590000	-22.7914030
1221.0318000	-13.9348740
1224.8048000	-20.6334620
1218.9125000	8.1603780
1198.6717000	-3.2889258
1185.8591000	-12.7383420
1169.1761000	-2.8058959
1181.5360000	12.9292420
1177.0269000	10.8181320
1167.7504000	-21.1434070
1178.3347000	9.5929367
1170.7793000	21.0676180
1132.2342000	3.6197609
1149.8175000	13.3803810
1122.6152000	16.7373110
1146.9708000	-14.7686070
1130.5858000	-6.3352364
1126.8123000	-16.0109980
1101.1342000	-18.2700370
1104.1944000	-14.8430780
1127.2926000	17.1041950
1112.5969000	22.0591230
1115.5744000	11.3858920
1083.7125000	17.8068950
1069.8916000	1.2319159
1072.9476000	6.5337161
1056.6768000	0.3734566
1091.1935000	4.9623723
1049.7049000	12.0258710
1068.4574000	-9.2606733
1068.0066000	-1.4111947
1038.6702000	16.1933900
1033.1313000	-1.9949694
1058.9616000	-6.6529637
1046.3559000	-2.2613373
1013.6718000	10.6658710
1008.1083000	-20.0132010
1005.6107000	-16.9729600
998.0864500	-3.5582389
1007.9765000	17.1586060
998.5443700	-0.1094981
997.9309100	-2.4806436
1001.4859000	4.5324004
982.5388100	-10.5735310
971.7825300	18.7254960
989.9581900	4.0636241
973.7719300	-20.8874780
980.0898200	-9.4601198
951.1101400	15.0258260
961.1212000	-16.5910390
974.5448900	-10.2053500
972.0141500	2.0318087
976.3653300	-7.8409456
931.9970800	-19.4822600
926.0844400	14.3694710
922.5405400	11.6096840
923.0932500	11.8694360
940.6406300	-18.5442530
934.4973400	15.7853290
927.0288800	12.3277890
922.4571700	-4.5726679
935.6305600	11.6605160
927.4532200	15.1034920
896.6195400	-22.2935580
879.5983900	11.9842690
904.4026100	-11.5435690
878.2485900	-17.5392170
910.6352000	20.2924360
887.7346900	18.0382390
868.6209900	-21.2818790
877.0699800	5.3618209
866.2873100	-0.2969705
854.7495400	17.9940670
854.9866200	23.1347980
856.9639900	-19.6043970
864.5342800	-0.1836817
859.1098100	18.8727660
866.2038700	-10.5492190
835.6073300	-13.3671850
833.5426000	-19.9730200
833.5857100	-19.5667170
850.4306500	-7.3403633
807.1490500	-13.3356050
830.9043900	-21.2501750
830.1040300	1.8330051
822.7499500	11.7861610
790.1815100	20.3099480
804.0370000	-19.6693670
811.7885400	9.4885329
792.8794600	-11.6137670
791.1346900	-19.6464250
792.9258700	-11.6068420
770.9671300	15.9134470
801.1112900	2.0009112
769.0702900	-17.0946890
794.7604600	-15.5706360
782.7823000	7.9722513
757.0003700	6.3040253
789.3422200	-3.1284942
768.0779000	21.6035960
746.2646700	-12.8845870
770.2082900	-9.5491080
753.7314100	-18.4371950
729.5262300	-7.5235668
766.0589600	-21.7718030
736.7307900	13.6743030
718.5780000	-13.5019250
736.7771500	7.9080831
751.9103600	-11.1030070
728.4733200	-23.4555220
744.3025800	-17.3160840
730.5056000	-12.7566450
706.2917200	-4.1725519
736.0249500	14.3312750
700.7067000	16.1330610
685.9233600	9.3374371
688.2052000	-1.0103109
705.1953300	-4.8023084
692.4835400	14.8265710
704.5148100	-17.1750470
712.8702600	-23.4821390
701.5335100	-7.1928973
673.4011300	-21.7099890
660.5025600	-4.9331311
698.7072600	-11.7871310
672.9462900	7.8186450
689.9205700	8.3661698
683.5725900	-21.0990400
669.6585000	19.1709780
644.8209200	-10.8021250
638.1765300	9.8160215
662.9463000	-16.2150340
673.5154100	-22.1262580
673.3737300	18.2653420
630.1156600	13.8079330
661.7036400	-18.5309100
633.0813300	0.1652731
628.3944000	8.3692851
646.9079100	4.5486039
643.7234500	9.6819062
636.1949900	21.7512330
642.9409400	-9.6568317
602.0314600	-22.6336390
606.7293600	9.3646493
637.6633600	-5.4442116
615.1589300	-12.2038360
602.9420900	21.4471830
607.5613200	-19.6772920
598.3987700	-9.7871739
591.0349900	22.1543130
603.6607900	-3.2106111
579.0260700	-6.1590559
580.7974200	4.0275686
599.4269300	-2.4493124
584.4240800	-8.1125081
598.3172500	-8.8334901
583.2208600	-0.9577488
583.6569100	-7.6983155
596.7033200	-10.3228020
553.1801900	18.4509380
582.7176600	21.0459530
590.7792400	0.0993391
579.5233500	10.8003080
548.4925500	-0.8113738
560.1981900	9.4120793
541.9702600	-11.4156790
575.0612200	-21.8966720
577.6440700	1.9524051
535.7180200	-10.4686340
532.1493100	11.9216420
557.4055800	-2.7719427
559.7535500	18.1964200
531.1779200	14.4238290
551.3048500	13.7578100
541.9583300	14.9645140
519.4448700	21.1874450
516.5065000	-0.5816758
551.5543600	-0.2498574
512.5517000	5.2190493
542.5130900	22.2309500
520.0404500	-22.0705320
539.3622700	0.5640540
522.7484900	-0.5960104
496.7692700	-19.3792280
530.2449400	18.5603430
519.1176600	12.5460600
498.2579800	-22.8586660
490.8785500	15.9266270
497.1250300	3.0481800
495.2655000	4.7888094
513.5769800	22.5356380
494.9880000	13.1920830
483.0967800	3.8605039
491.9270900	-4.0155183
487.5298900	10.9556620
472.8572600	14.7156140
465.3933700	-4.1370158
493.0757700	-10.4620120
467.5164600	-21.4410560
489.1375600	16.2334520
464.8969300	11.4694890
466.2325500	-17.9312460
493.0462400	-1.2830656
471.6291600	-17.6942140
481.3986800	8.2154344
469.0435500	-19.7626070
451.1442400	0.9901995
476.1432600	18.4475940
475.5149200	23.0474440
435.3093300	-0.9097723
454.6759000	15.7162760
459.6139300	-13.5906430
448.7337600	13.3858800
447.2606700	2.8166267
461.8011000	14.3423550
436.8035700	23.4952790
440.2645600	9.1851450
444.1402900	-22.7681390
425.0973700	20.7614120
411.6336600	-9.6841008
426.5010800	21.3926400
444.9677600	-9.8376211
425.1146200	-21.5919040
413.8039300	18.0018040
439.2324600	-3.3437483
409.3230000	18.6428840
411.8569300	-15.9371840
404.9943600	-22.3540110
393.2501900	5.4517760
415.3562600	8.7758126
415.1003200	13.1963280
395.1253700	-0.0575640
410.9774400	-21.7525960
392.8806800	20.8019240
394.3833300	-8.0836002
416.0383200	-19.2724710
408.8379400	-1.3647009
395.6700900	-20.5007090
401.8201600	-6.6249214
402.3810900	-1.6628630
400.4079600	-17.6174720
374.8793100	-6.3362869
393.1204200	-22.9883280
391.8076800	-8.0511277
375.9751800	14.8388300
388.8172200	-2.4530381
369.9937600	23.1572590
362.4452000	-7.7774204
392.1741000	-4.7090365
365.3665000	-16.5267970
358.2909900	-0.6822278
371.8959200	-15.3565940
371.6289300	12.3613220
349.8894700	-0.4885301
358.0951500	1.7294554
376.0780600	-12.5949460
386.9925000	14.4425610
372.8861000	5.7090141
381.8050900	-9.5196042
368.6046400	-17.1898500
334.3782800	16.0421840
334.5384800	11.2378980
335.8779500	22.2265340
347.3179900	12.1398810
348.1849400	17.0011760
349.4506700	16.2581880
342.4710800	-18.1359920
362.0738900	-4.7039107
349.2413300	-9.0069392
330.1104200	-0.0331969
329.7346800	-1.7157924
360.3385200	-2.9823140
354.8336100	-17.7619780
336.9694900	-18.9013230
345.9213700	-2.1676779
339.6935400	-1.9027158
317.0026700	13.0260150
307.1484100	9.3895708
324.9088900	8.5937091
305.9334900	15.1884510
312.7373800	16.0606200
337.4651100	-3.4350954
342.9387600	-21.2905530
322.1826700	-18.0238850
325.0378800	4.7293218
314.7303400	7.9535336
296.3261000	-20.8549250
336.8627300	12.3583910
327.5295900	4.3347749
328.8494600	-0.6764390
314.9721600	-1.1935217
328.0648700	-22.2402810
310.4321100	-0.2300233
315.9601700	-21.7555200
309.9705700	-17.8548980
310.0835500	8.6300915
313.4100900	9.0958747
291.6156400	2.1414694
289.9699500	-7.1116064
292.0907500	-5.6114494
275.1305700	7.0461548
276.0817900	15.1441170
316.7107000	-20.9728670
276.8656400	8.2232046
283.1345300	-10.6594580
300.5862600	-22.6515500
280.8584500	9.4620973
278.9481700	3.1135135
302.0345900	-15.1945710
266.6810300	21.7617570
276.5892800	-18.4587920
293.4104700	15.5315680
263.1674400	-21.4945210
274.1185400	-2.4235704
266.8018800	3.5611160
258.0314600	-19.8406300
295.9808400	-21.5897840
287.7300000	19.5312680
292.2395300	-8.1612199
277.3913900	21.5854070
270.8619000	-4.1107250
290.8601100	14.9891240
289.4391400	20.5003520
287.2564200	20.4879560
265.6111100	5.2684474
254.5278500	9.3781837
266.5042900	4.5009858
263.3094000	-5.1230467
246.0147700	-7.4602031
241.8060500	-2.5179853
248.7881800	-16.3930800
266.2567400	13.5424020
259.1467100	16.9114480
275.6641000	7.1163390
237.2035800	11.2415060
268.8454500	7.3491028
250.4295900	-21.7945530
233.3251900	5.2325026
263.9280900	-2.3602826
246.6442600	-20.2582130
264.7514300	2.2360823
263.1725100	1.1299938
249.3174200	-2.3330248
242.8594800	19.3455590
247.0612500	-19.9064640
236.5584800	-13.0991320
247.6979400	-14.5211420
250.1207300	-0.0709625
236.0024100	18.8846390
219.0907800	6.6220988
252.5455100	5.3074282
248.5167500	8.1744034
215.2410200	0.6205390
247.1005000	0.1330733
249.8639100	-5.1008220
229.6760900	11.9555500
246.7575000	20.2145070
222.9995700	-4.1578408
230.7747300	-10.2455670
204.5420200	7.3728109
235.0462200	-22.1153200
235.5582100	-0.5956819
235.7065900	-16.7301080
239.0760400	-11.2960570
207.0353600	-3.2769846
216.4070600	20.7717310
208.5871100	-2.7749530
227.8404100	-21.1462820
206.8624700	18.9741440
226.9488600	-0.6609650
199.2787300	-5.9941773
214.7168200	-10.8314370
204.1697900	10.4134000
204.9039000	-12.7991320
214.4675400	4.1072901
224.4041300	-12.9574380
198.1651700	-4.3051695
188.2462000	-17.3798850
226.7835600	-15.8148910
189.2702600	1.5763081
199.4085200	3.3442251
193.1461600	17.0051810
224.0289600	-4.9343418
215.4192700	21.0573480
196.0437700	22.4274180
191.8692700	13.1366200
179.5190700	19.8947470
194.9224300	-6.9035325
195.4035200	1.5905273
190.7424300	-8.7476365
188.5828300	21.4931780
185.8109000	13.1079200
180.0536900	-2.9576422
189.4673100	-0.7517883
183.5790000	-3.2582382
185.0882800	-18.0871250
177.3110100	13.2597550
189.4691300	16.8304440
196.9089600	7.9518478
173.5320800	5.1021646
205.9783900	-10.2208100
176.7520500	6.3118104
166.1000900	6.3190120
194.8996500	-21.1694620
173.5939900	9.3877677
185.2249600	-22.9084570
184.5261200	-1.8564290
172.1445200	-5.2710154
178.4409500	23.0617320
180.2097200	-3.4303576
197.9553700	-20.9231470
184.8684200	-4.2341517
187.1724400	21.6844300
179.8543200	-18.9970880
167.6385800	7.3915063
156.0344500	16.0664710
153.7297800	-6.5132019
176.9732100	-9.3168472
193.1411400	21.7256800
151.1275500	-9.7706830
155.3013200	14.4014800
144.2545300	13.7425660
190.1618500	15.8369410
177.2975400	10.6248670
168.7630300	5.1172989
163.3018300	-4.3534830
143.4802300	-14.5588460
165.6824900	17.7578140
159.9702000	-7.1352037
153.8249900	3.8666465
157.8641200	-14.2753390
170.4959000	11.9444010
167.2762400	-5.3880176
156.6463400	19.0178960
177.3061000	19.5185210
157.7980400	0.4245478
156.6248000	-20.1369410
173.4137300	-20.4242770
151.6772200	-12.4790950
155.5018900	-20.9935290
134.6105000	14.6289420
130.5114400	-2.0084738
135.2584300	20.7899580
172.7963900	20.3751690
154.6618100	19.3005770
160.2559500	-22.8722460
143.7009200	-8.1685296
126.2088200	-1.3716621
142.7153400	-11.0078090
156.5908400	14.5571880
138.2912900	20.4034860
123.7330200	-14.4013480
161.1238000	0.2849819
138.1902500	5.2871993
156.4653800	5.1594873
134.5987600	-11.1990460
154.0623600	-20.0017810
159.1745900	-13.0253840
121.4628500	-17.3400580
117.2010400	21.3988500
147.9089700	17.6101010
137.0689700	-18.8840650
155.9565700	21.9415570
124.4192700	20.2157450
123.1059100	-11.7777830
134.3459400	12.5774920
136.8422400	10.0615160
118.6021200	-5.8696856
125.2136900	-0.0076289
111.0452500	-8.4183487
150.9798700	-15.5087970
128.8733500	-3.6269422
130.0129200	19.8432880
137.5788200	16.1049440
137.8323700	-13.0724320
130.0834000	6.0528509
129.0361200	0.8467439
143.2626900	-8.7158506
118.7453200	17.8518170
128.9912400	-18.3561990
121.2571800	-15.5290050
146.5953100	23.0707620
141.1792200	-18.4424660
146.8467000	-17.5664360
131.2583900	20.3468240
119.9042700	8.5671308
139.5357900	-2.2151639
119.8948800	4.1509511
109.0465700	-1.3556017
143.3768600	0.4984439
117.4403400	16.8233970
107.7305500	-2.9674016
136.2293800	22.6187990
141.1323300	-23.4648440
140.1069000	-15.0537190
102.5849700	-17.2740820
94.7221240	4.9154059
104.0203800	-20.8654750
128.7831000	-16.6201400
127.8909500	10.4385260
119.9941900	-19.8792110
93.6248070	-15.0266190
100.6838500	22.7375970
99.1064260	-2.8905375
127.3542900	9.8183543
135.7834500	-6.7355545
92.9705810	21.3184600
103.6797200	-12.9236290
108.3387000	-9.3068295
96.6542410	-11.6977760
114.4694200	-10.6482200
96.5444810	-16.0320220
118.9478600	-17.7500300
131.1880700	20.3589720
113.7017800	17.8561590
86.1644390	-8.9717647
106.6822200	-22.9912340
85.0170200	6.6623538
121.5955900	23.1237200
122.8869000	13.6074580
120.9886100	-5.0116369
108.2557900	-22.0319780
84.2102440	-16.5677690
117.7577600	19.3748550
109.8862900	-7.5162134
119.4534400	-22.1784540
122.4941300	-6.8402030
92.0626710	12.4293580
92.2593950	17.8127040
87.5465850	-17.0164710
90.6272160	-3.6694414
88.6826060	-8.6426900
105.3896200	-21.9670620
77.0641890	-7.4239956
100.4656000	-12.3260550
110.7183400	-11.0949480
77.2838920	-18.8931570
100.5893100	-15.8101000
91.3110920	-2.6358869
104.4176400	-20.4191150
112.7462400	-12.7513010
93.5977240	2.0462080
85.2630800	20.2775940
81.6050200	-16.7791710
100.5870400	1.7536529
83.6777440	-4.8711728
83.9694970	6.5403750
72.6393910	-0.5412155
94.1668130	-22.4992470
75.2242950	9.3182554
75.6441380	-22.8727320
108.3317200	-3.7061421
92.8163830	-19.6287770
95.0562410	-3.8902932
81.6916350	-10.5050860
80.1771910	18.7044420
72.5508470	-5.9383817
86.1744310	-8.3905074
103.6141300	-12.7261430
100.3335100	-21.9630920
105.5910500	16.4043530
107.2208600	-14.7776490
90.2848930	-22.3528420
100.9006300	5.6925039
90.5506240	-0.4759512
89.5527200	-15.9611610
65.4651350	12.2559520
72.8262210	12.7536400
99.5493870	6.6956923
69.6379960	21.4058000
66.1469150	-6.8936128
99.3498970	-21.6714870
79.1296350	-17.3364370
71.3162920	-16.8180350
81.2139460	-4.9070877
94.7172150	-1.5597406
79.8454840	-10.3303290
71.1672020	-1.9435672
103.0400600	-22.8364820
58.6285120	-21.8343040
77.8292100	-22.5998500
56.5860940	5.0332386
89.5075600	-3.9264507
74.0641550	15.8131910
74.3670250	-4.2391165
80.0465940	22.9812000
58.8009470	-13.8924580
69.2933680	16.9522410
60.7119730	-1.0011128
61.1218970	-5.3756629
77.5805640	3.9503352
87.6285640	-21.8560940
93.2006910	19.0827360
68.5401600	-0.4078482
87.3235710	-8.2236273
89.9318540	0.9544036
72.3272780	16.3560230
52.1154960	9.9617420
95.3764530	-9.4187583
80.6260310	14.6384350
82.3721810	8.3501285
69.7100180	-0.2024647
91.4960200	17.6712810
89.4430360	5.6277186
65.6257940	-19.4834030
57.5068750	17.6974380
58.9900060	5.6906197
56.9361430	2.0499115
59.8890310	-21.4770080
48.0221410	5.6989912
55.0698570	14.4754050
64.3591430	-15.9061610
54.3905740	-18.3716580
54.6718730	10.5707180
79.9152240	-20.1038130
75.1641140	-0.8791831
70.9449220	20.5937080
48.4273690	-7.1936593
75.9359840	-18.5453100
61.3451280	10.4787120
47.8687480	23.4234910
78.8804890	-23.4768590
82.8267590	19.7166330
84.6502060	17.7741270
79.4294300	11.2341370
56.9360610	14.8132810
86.5801770	-4.5592740
65.8816640	18.6496290
57.6954700	-9.8484623
63.5014900	-1.1320642
55.1405110	9.9216597
59.9080630	22.6214640
53.6032720	-12.3030310
57.1460760	-8.2826870
66.5580460	14.3865420
42.3328590	17.0854100
79.9890830	6.3924640
37.2802080	-5.6286920
73.3748120	-18.5218620
53.7074120	12.1878020
56.7422750	5.5660216
41.9104410	1.4102933
55.7371350	6.9723063
62.6055400	-14.5200760
50.1727040	-18.5478940
51.0679170	-23.2926230
53.8353900	12.1349550
78.2222590	17.4341620
73.5369710	5.7124053
72.5353300	-0.1347346
73.2183290	22.9039250
59.8911010	-5.0492801
35.9763300	-3.0814091
44.0839470	-13.3452450
75.1847150	8.1119778
43.3504220	5.0819799
57.1525650	12.0294510
39.1685930	-15.4313740
64.2151840	13.0595470
75.3068870	-17.7367620
32.8799690	-14.4432900
50.0366300	-7.2034845
48.8643850	-1.4347681
39.9554640	5.9936927
70.0756890	-16.6843180
45.1082510	16.4906010
63.5895210	-9.1498965
39.8510520	22.9836030
70.8106280	20.0529100
69.6183180	-15.1747090
51.0285290	-8.2176159
54.9392390	22.1970880
51.5695180	21.1868200
60.6710260	3.7877219
58.9066890	-1.8267839
28.1200520	-2.9411712
47.6599600	7.4288287
37.3949100	-15.1138650
56.5868940	5.5553863
70.8180260	-16.2192470
47.7533390	-20.3059800
69.4307930	-20.8883660
29.9419220	14.3475740
67.8475830	10.0297390
35.9759790	-21.3391870
29.4344560	-0.3833611
48.4620150	15.2846970
51.2445330	-2.9649064
45.9210960	-13.7905870
69.5955520	12.3844370
33.4162240	-18.9508850
44.0719530	9.1248394
69.0027020	-4.5643775
24.0345740	-9.9290528
69.7561550	-22.0826630
33.8004750	23.3661330
28.1650470	4.3469692
23.1991570	-0.2734637
62.0230510	9.5633426
35.0850200	7.3337606
25.5111620	-16.8783020
41.4058260	-13.1324280
58.6656750	20.7385270
61.3006300	-17.9293940
31.3073780	2.8305999
54.8044320	-12.0246090
37.1879270	-4.0215148
49.1591930	-15.4426820
43.3778530	10.8479200
48.8889100	-20.7704400
45.4427540	11.2886260
28.1834940	10.3634800
30.2372310	6.7872988
39.5672870	20.2370820
55.4944490	-0.5434334
21.8458040	-6.5258145
52.6164180	5.8495222
45.4623070	8.5390132
55.2556070	-6.1295543
59.3810850	1.7789012
18.9870240	6.5449735
34.8743370	-23.1418050
17.1847760	-21.2650440
30.3374950	23.3346660
48.7752360	21.9479260
20.6797300	-15.1002710
43.5493810	-15.0753410
53.5996380	-6.7597421
42.6666170	5.0850194
24.5955850	-17.1007650
23.1814000	-1.5962840
40.2873270	23.1162150
41.0510700	-19.3280660
51.9382820	6.3102704
22.3000330	20.6106690
33.7835380	11.4869770
45.9642310	5.2624399
21.1269620	9.0998357
25.2712150	19.2929890
26.0702050	12.4303370
51.9520020	-17.9493270
39.4896750	-18.2234900
46.3330550	13.1409090
19.0263290	2.6911071
16.3813600	-1.7246653
50.8893670	6.1608824
38.0285800	19.7065700
56.5002210	-11.6535050
38.7564500	6.2041838
43.2786350	-12.9821440
32.0336460	5.8605826
18.9379780	-21.4391330
12.4448430	-8.2679937
15.4642740	17.3028150
49.9076210	-13.7371950
42.7002180	15.5164650
46.1655940	11.0054530
14.6856310	13.5203460
30.5410420	23.4652940
31.4093170	-21.8990580
21.6864410	-11.7112170
42.6620370	19.9485050
51.0999560	-4.3828740
12.7673960	0.5573867
30.5957560	-3.4916664
32.1503960	-1.8088032
10.3716700	12.9281830
14.3888220	14.7911580
17.4619840	15.0613720
54.2711870	-9.5181049
24.2749400	13.0589440
54.4097570	-9.6496239
47.6381990	15.6503650
43.2771420	-5.6924443
35.1691440	6.3396456
40.7640450	0.9716047
44.5980730	-3.1198727
50.4321310	-21.3771180
10.4602330	-17.6008610
10.1611380	-23.0187980
21.4537520	-2.0620073
37.5927830	0.1947803
21.9177110	9.8010462
34.7857330	-4.6239448
35.8531160	-3.4236011
44.3879090	-22.2934170
28.5741030	-12.0836750
28.0999380	18.4795500
44.0909240	17.0887160
32.6391460	4.9764931
47.4044100	-13.0615640
32.1950240	2.9631468
12.1559420	11.1697620
21.7963100	-10.2231520
34.0222240	2.2023218
7.7568619	-13.4872330
28.4731660	-8.1764896
25.8678420	6.7485466
19.9026170	21.6852870
18.7623760	-13.8739150
9.7269845	-23.0128950
4.9002800	-2.0731173
5.0691287	-7.6551175
39.0069260	10.4843230
44.2080360	18.8800370
29.0142430	-2.3199475
33.7911850	-20.7317760
6.6635610	-8.5000273
41.7531030	-0.0476972
20.0302080	-2.0479275
35.8547700	-21.2164360
16.3525130	16.0717430
20.7507130	-4.2832563
25.1725730	22.5032270
47.3796550	7.5481606
27.2922870	11.7055610
6.5200127	23.0628070
4.1842397	-20.7834330
47.3291020	-2.3772559
31.7614390	23.1057380
17.5395800	8.8708082
22.8755880	-21.2920830
14.3995100	-5.2211676
42.4351330	-20.5070410
10.1012970	0.7685633
29.2614300	2.7328492
7.7163921	-14.7638840
37.4564270	0.2552081
38.0943710	14.5601720
29.7498150	22.4853900
19.6390000	13.8416120
12.7886360	8.5150453
9.0445123	18.4397950
30.4352640	21.8247880
26.2891730	-3.5256041
3.6193910	-2.0833176
8.4410999	4.3276892
20.9834400	-3.7062297
0.6372573	-8.5051678
16.1665640	9.9759563
33.7735910	-10.4587110
23.2117280	-10.3679270
25.4299420	17.6293920
17.9212000	-7.6788711
45.2073150	3.6977557
27.6918910	15.4851680
38.1160650	9.0987898
6.1346085	-22.8562120
10.2708220	10.3425580
27.2655540	-7.4305984
44.3443960	-12.4220610
41.3652110	8.0654537
3.1578855	9.9927296
21.2260270	-19.4042710
27.2806640	-7.0696813
11.5683530	-16.8483720
6.2724202	-13.0256650
24.0749410	-11.5198750
28.1733900	12.6321750
16.3545330	-0.6421172
15.9642580	-23.2720660
7.6301103	7.8105407
31.1370780	17.5391830
43.2137230	-12.4279990
41.8180900	3.4126026
16.1195420	-19.1305310
-0.1595486	23.0937520
12.0886020	14.6739780
4.8064236	-6.1782263
12.3034830	15.9489200
16.1138760	18.6231810
3.3750669	-10.5741610
17.7607470	21.8675600
22.5835700	-8.1820448
8.6593343	12.2379380
-2.3378451	9.1203563
7.7504692	-3.7938104
6.1981169	-15.7372010
0.3088820	-7.5418985
23.6219000	-4.6320513
1.9923881	-14.1957510
9.8024603	-8.1063829
30.4009780	19.5556620
25.4891770	2.8941252
41.5321510	5.8729334
-1.5217083	-6.4298571
22.2968410	12.3610860
-0.7848746	-3.9500466
22.8735760	6.0690568
25.7576770	-19.2373330
1.8803960	3.2894869
11.4082050	20.2272430
-2.8524685	-21.0149020
33.5080540	-1.1000690
23.9059500	11.0217610
10.6163100	-1.3911257
23.4661350	20.8269780
23.8883970	3.9090955
40.8046430	23.2205590
-5.4245707	-13.6601930
18.0085810	-11.7195660
0.4880410	1.2526781
13.3445050	-13.2047700
30.7999640	-23.3325900
12.5211480	2.9587801
34.6582430	11.0237800
21.2116230	-9.7290870
22.3714780	1.7702953
18.5046130	-2.8868623
31.7562560	7.4531034
11.0339490	5.9577380
6.1711818	-16.2648280
28.0620040	-16.5696880
20.2489150	-4.4318362
28.1099700	20.8693200
23.5896130	10.8746650
24.6415130	8.4014307
7.4511169	-9.8883209
16.8282120	-8.2652119
23.6651480	-10.5606170
39.4319860	-11.5471310
6.6677129	-20.3579050
15.8888150	-20.6665750
-1.1613436	-17.4979110
38.9820750	-16.8963750
0.4569056	-15.6790520
0.3045091	10.3051350
31.4547520	-18.6407990
30.5887330	-5.0342690
27.0172350	19.5964100
-2.0786581	-3.5763581
-3.5631351	13.4391200
-2.5183865	-5.8480367
-5.5095480	6.1511286
5.6026699	-16.3452030
34.6164040	-14.7597900
31.3646140	-3.2695284
19.8685350	-16.4438430
10.7502110	-11.5609180
-2.0128973	1.1745150
16.4125380	-5.8534083
8.6875825	-15.4451070
36.6251460	-13.8741050
26.4723570	6.1613806
0.9276202	-17.6767160
6.3864987	7.2912191
-6.8765753	7.2048647
-4.3302697	11.0409520
21.5353820	-20.1671430
-6.2152327	-3.4780076
13.4505680	-11.8708500
22.9355060	-15.2108480
24.9636370	16.0721320
8.1629061	22.6185570
25.4823360	-2.1577929
15.3926630	14.0970380
0.9261689	-20.4436480
-6.9806702	-17.9376420
32.7634380	-3.6677908
8.8169782	-13.7877270
-9.6048369	-5.0440164
21.8803970	-3.3135394
29.1519790	22.5393380
2.2845506	-6.7195018
4.6393771	-3.7207030
30.0035600	18.5999530
23.9979030	-15.9102600
-8.3722268	7.6429849
26.7951830	22.9538360
28.7092190	-15.3440370
-4.9309620	1.8796918
10.0083950	-9.3405582
4.7046139	-19.5686220
34.4175790	6.4731261
30.9955670	-1.5641041
10.3346880	18.2691260
-6.7524769	-4.4377459
-7.6178318	-2.5753323
-5.8347237	18.8485630
-10.2538200	18.1801210
16.2505630	-14.3514170
32.7172740	14.7886350
18.1591770	10.2862340
-10.0758790	19.4225040
33.3836810	-5.7454522
-9.1797336	20.4918710
-5.4450582	22.3456730
17.1023090	-3.6334578
7.0333444	-22.0924280
16.8700890	-4.3460385
-5.4717398	19.8515340
0.5473627	-22.2649930
6.1726481	0.7977931
30.1537270	-5.5833873
21.4455380	-5.9159095
-0.1544014	-19.7923700
10.3306370	22.5815600
4.6485165	-4.5872466
-2.2936065	12.5520870
6.5151931	5.5348226
-7.7214995	-21.0237230
1.2694587	-19.8579320
34.2601070	0.8305139
9.4604455	-15.9942040
28.5665780	14.1659130
33.4087820	17.4707120
-8.3449844	-19.5805250
-0.4745042	23.4032640
12.9918480	20.5974820
-1.5035650	-13.0732780
5.7270786	10.8108010
24.8147070	0.8035166
-8.1776419	-11.7458460
11.1536260	11.0233320
-8.2584988	-16.9667310
2.4978169	-21.9617650
32.0777290	-4.0237339
-6.0113610	-13.7510080
15.4562440	3.3076222
-11.7698100	-21.3882730
4.8585052	4.1344146
18.2754110	-20.7059500
12.1516870	-12.0276920
-13.4490040	8.6779590
3.2387353	-2.0371619
8.1042701	-1.4991985
9.3268512	19.2865820
0.7366017	5.8504314
2.1270863	10.5791230
24.6786550	5.2388008
22.3703140	-22.6326220
32.3146040	1.8715327
-10.4565400	1.4213294
-13.8055260	-11.7015050
13.3253100	-14.8387620
27.0990950	3.2595766
31.5245490	23.0619040
18.9322870	-7.0436838
0.7030608	19.7894990
-12.7604310	-3.7080329
-9.9951029	20.8351650
-2.0634472	-15.6139510
0.1244075	-8.8891860
23.5259240	-21.8056000
20.7920850	14.2927000
13.9272600	-7.9825327
29.8916410	9.7062722
-4.3405852	-13.1849970
21.7652370	12.3810930
10.0926000	-8.6842458
31.5141000	4.3019113
21.0931150	4.0034130
4.5627942	8.7562776
16.5689630	-5.2257940
-7.5170180	-21.1550800
5.7045582	-12.4462760
13.8988590	-2.9537967
-7.5427469	-0.9695605
5.7901807	-15.2810410
16.6212710	-8.2004304
-6.2450500	-19.4003150
0.0925369	-6.5488096
27.8734520	-21.3130390
-14.7423500	14.5238400
15.9561130	7.3492210
24.8705470	16.3032760
0.0146647	18.9508160
8.1838649	15.7402890
-0.1467402	23.1584540
18.9688100	7.0359330
15.2403080	-20.2445970
0.1479441	7.0303311
18.4576290	-15.2608530
1.3701931	10.6164750
-12.4736700	12.3049260
23.5391960	17.9645140
-4.1146408	10.7889540
-2.4845889	-12.5770420
-11.0202980	-3.3851420
16.7551360	-0.3201832
22.9524930	-10.0022720
30.4291150	16.0487920
-9.0814176	1.8865073
-14.5228340	-9.0942548
-12.6771850	-3.4627110
-11.2359570	-20.3586340
-10.8526590	2.4029904
24.1487430	15.9378890
-2.4973502	15.1371500
-10.9038820	-8.3930340
-8.2937535	16.2703560
-8.0910985	-12.5485370
9.1671080	1.7792421
-14.0648110	-19.1021250
-1.2819163	-4.4004416
11.5639040	-9.4265289
27.9573850	3.2593277
16.2775950	13.7935100
26.8800080	12.1368440
1.8724595	-16.0291130
27.0673950	0.4867768
22.9042100	-9.1657991
1.3591277	-1.0310738
-15.6688790	1.5482612
27.0356550	6.4630762
6.1962638	-5.9000103
5.0621365	16.2166500
-14.6418150	-1.6874038
16.4885650	-18.1294050
14.1347570	-22.7373220
17.0127170	-21.8912080
-1.5805798	-14.8090590
-5.7504724	0.1559571
21.7942580	18.1137290
-10.9699160	8.2937806
-16.7114280	-7.3659923
16.1648580	12.3537050
16.7739100	-5.3429291
1.8503398	22.1939850
5.7268246	-9.3877583
2.0684389	21.5840870
-16.3790000	-13.3471730
-16.4878940	-13.7387230
-17.4004270	-23.0697390
14.7745460	21.1255460
4.5324383	13.7896960
24.6722780	10.3579440
21.7363350	-10.9934280
-5.6006704	16.5668210
-7.6385361	3.8585796
21.6999370	19.2167120
1.3231625	-6.2688604
24.7397530	-15.8216760
11.2227530	-9.7115160
28.9413480	21.6407620
13.4249590	15.5933910
24.3487990	12.4208800
-15.3367320	-22.1229770
24.2933810	17.0290850
28.6247200	-16.8849230
-8.1416618	6.4722663
7.2993029	-1.1838170
-16.2293960	-0.2422186
-14.3030130	-22.7745160
18.7534070	7.4212968
20.8348410	11.6833110
14.0581640	-8.1541446
22.7729090	13.1389010
-11.2982460	13.9524740
9.6618801	13.4242470
15.7544720	-3.5350988
24.9946910	21.3200800
-10.9749290	5.3654949
-4.0623261	14.6866960
3.6137512	20.0265920
26.4856450	-5.6539222
4.5336975	9.5071660
-2.2775782	2.0383122
4.2852599	9.5244094
-4.8432059	-11.5858470
19.5918810	18.6069610
4.0345828	3.6164791
16.0554190	3.9545155
16.5635490	-5.1571813
-2.7709556	-14.8464820
19.5338330	-13.3403520
-10.9299480	-3.5141633
15.8697330	-11.8926920
2.4536299	19.7387620
4.9000608	10.6221580
12.5518090	-9.5988283
-1.6340515	16.8305900
-18.5550560	-6.1977636
17.8660610	2.0857329
-8.4579558	6.2827249
-13.0068940	-7.0930367
19.4802460	22.0610790
5.6298597	-19.9505140
10.2353760	-0.4873317
23.0613590	23.3733580
-11.7079670	0.6452530
20.3908860	9.5594600
15.3167030	3.8129595
5.8835987	8.8677086
22.8684220	-15.3783910
10.2110280	17.1334660
26.2358580	15.5044690
-14.2286150	-13.5083290
-14.5968440	17.6912320
-9.2591650	-18.5748140
-10.7848980	1.9680016
2.3336662	-4.5207165
-2.0475288	13.6647910
1.6803554	10.8214510
2.3949806	7.8404992
17.4270330	-18.7021630
-6.8662325	8.4886083
-10.0230880	13.0549580
-10.7464750	23.0184240
21.4080930	-13.2393260
14.5947220	10.5645040
-8.6932446	-11.5962090
-10.0706750	-20.0997120
0.8424683	-20.8384010
4.9926878	22.6457400
21.8890710	8.9233156
-16.3228350	21.6988450
25.3078940	11.3092410
-13.6337060	-22.0397060
-3.7298117	-1.2319576
18.2924510	0.4917183
26.3359780	14.1879880
20.9515970	-10.4941580
0.0881618	16.4160080
3.0209301	-0.2161466
16.4975750	19.7809820
8.0283989	10.2035570
13.8410060	21.7264150
3.7000680	-15.5214450
26.4756270	18.3128850
20.6666170	12.9404870
7.7695216	-14.3610620
17.2454710	-5.4345500
19.5993780	-18.1242080
1.9268310	0.4970759
-10.2753730	-18.6830920
24.0999330	-1.2469555
21.1545630	-13.8959230
16.1056450	-17.2654230
16.4860010	18.1604950
-15.4839410	22.8046790
-13.5382300	17.0681250
19.6859680	5.9054583
9.7292022	18.8785800
5.3687909	-0.4653611
-12.4483800	-18.2538490
4.3894837	-9.2654097
-0.5669963	14.4598820
25.0104590	-4.7261702
-14.6939850	-7.3534472
-3.3880458	2.9659480
20.4735560	2.1022935
-18.1973140	20.6110410
-5.1396882	4.1298536
-11.6738260	11.9475240
14.0692690	22.5005780
-12.6700600	0.6104419
-16.1827450	-7.1298456
14.5665840	-4.6068337
-20.1309900	9.8819538
-13.2804240	-5.4031529
13.7246450	-16.6785870
15.5952570	19.4374250
13.6547460	10.1574670
14.7650720	6.1360405
4.7734780	4.0728489
-11.1162580	4.5947384
-14.8271210	10.6548690
-9.8093746	7.0718315
-15.8355060	-17.2389990
