jMRUI Data Textfile

Filename: dataset4_WS.txt

PointsInDataset: 2048      
DatasetsInFile: 1         
SamplingInterval: 2.5E-1    
ZeroOrderPhase: 0E0       
BeginTime: 0E0       
TransmitterFrequency: 1.2322E8  
MagneticField: 2.9E0     
TypeOfNucleus: 0E0       
NameOfPatient: dataset4_WS
DateOfExperiment: 
Spectrometer: 
AdditionalInfo: dataset4_WS
SignalNames: dataset4_WS.txt;


Signal and FFT
sig(real)	sig(imag)	fft(real)	fft(imag)
Signal 1 out of 1 in file
258.8872700	-104.2197800
471.8744700	-209.6062300
324.6321100	-370.2191300
135.7252700	-425.2015600
-47.0336600	-393.5277500
-173.6395800	-286.8375100
-229.0994700	-146.4777300
-200.4267200	-23.4481340
-124.1228100	54.4836930
-47.8181100	71.8226390
20.3036360	40.1532900
58.0559380	-4.6364284
50.0793630	-47.7938710
20.7396650	-76.6694280
-28.2024460	-93.6968380
-57.0902140	-84.1119300
-78.9612100	-57.2535160
-87.5840110	-22.0837270
-89.6474390	-2.2648270
-90.4553210	22.3256330
-71.7701770	33.1693950
-58.3924420	55.3049920
-32.3271370	77.3144280
-7.7878867	83.7711120
20.7046410	68.2519320
42.1761770	36.6699150
53.9498760	4.4180227
42.1903210	-29.1514690
15.9737890	-42.4474120
-26.9562370	-48.0297030
-57.0361350	-18.9230620
-57.1927930	10.7375930
-59.4101130	45.2174170
-31.8305760	78.5670710
-2.1247459	92.5661820
40.2098050	85.9194200
71.3437540	64.8258360
84.3108740	37.7357180
78.1601780	10.4410540
74.6312700	-25.1580680
62.3320390	-36.6442750
49.6492780	-58.9894150
29.3435020	-65.5237250
2.6267093	-58.0806660
-12.7495980	-44.5763380
-18.8409130	-28.0115930
-25.2393700	-9.5035826
-17.6607370	-3.2536532
-11.3536400	5.9682288
10.4462650	9.9284772
27.6031750	-16.1664100
23.2332280	-26.5582350
-0.7892551	-53.1985490
-28.5097000	-55.7970860
-54.0865970	-47.0718640
-73.0323700	-7.8157082
-62.5290140	16.2700400
-51.8585260	47.4419020
-9.2007250	67.8442350
37.0753930	62.5923620
64.1687810	39.2357810
77.9148230	6.8386786
63.5279130	-41.7530810
43.9612380	-59.0819130
1.9769826	-65.9975820
-30.2532490	-69.1763390
-56.9151340	-36.7351930
-63.8617800	-15.9055470
-59.4912170	-1.1123323
-37.9465660	24.5074740
-28.2550520	27.7547670
-25.5563430	34.4224600
-6.9503136	31.6855060
5.5761065	33.9785170
8.2824578	16.4219950
18.7031180	7.9681558
11.3314080	-5.2267417
9.7283541	-7.6730035
3.9112700	-21.5887540
-11.8131720	-13.5372030
-34.8993830	0.0028670
-38.2193910	13.2960580
-32.8622720	38.7148630
-13.9067400	50.6792210
17.4485030	53.3333450
40.4499730	41.3601610
57.1529400	10.4686590
49.9358350	-9.7557996
30.3094750	-39.4312630
13.0773850	-46.9616030
-26.4543900	-44.7069360
-42.6264190	-22.4010960
-38.0810050	5.2056308
-38.8249350	33.4693010
-13.3271530	41.9110180
11.4954820	43.2727360
45.0438230	37.1308280
53.0607590	10.4118650
49.8788110	-11.6328120
52.6407660	-28.5902190
30.2767640	-52.3348360
8.0835320	-63.4006200
-13.2746670	-51.6152780
-30.9964940	-47.1567900
-49.3430410	-42.2202120
-58.0805680	-9.3183580
-54.8047150	11.2517390
-42.9072710	19.6565400
-29.3167370	42.7996250
-6.1669192	45.4524430
5.5178035	40.4386700
16.4008210	25.6217380
34.6720470	14.3031490
27.8934020	-7.3948075
13.4745930	-26.9279580
-2.5548623	-15.9343170
-14.5795850	-9.5078966
-24.1579930	1.0029337
-13.9013200	15.8657310
-10.7354530	37.9240940
12.6073280	34.8032250
24.5822680	15.3913060
35.5950400	8.3910652
28.7339870	-18.8674900
19.5937310	-25.7057130
5.3420253	-43.4117090
-5.1488220	-39.5489810
-28.9192820	-24.1630970
-30.5843300	-7.6344248
-34.3427340	10.2540040
-40.8477520	15.3888560
-23.8338620	32.6086920
-12.2037730	43.2141340
2.6981410	48.9166380
21.1534700	40.6615670
31.2944040	27.0443140
37.2929300	21.2445280
47.7556960	-5.6403152
41.0169060	-19.1219230
27.2799020	-28.3021800
18.4727060	-31.7656050
-1.9027791	-36.5714770
-13.4895990	-25.6023100
-15.8677490	-11.2025540
-10.3759550	2.8040494
-7.0819315	-1.8996049
-3.4187776	-2.0155275
2.9266235	-2.9790380
7.7605218	-11.9990230
-3.7422640	-26.4249910
-9.2570069	-19.6187300
-17.4002480	-17.1451310
-41.1882510	-14.8611120
-37.1283880	4.2518877
-28.4520550	14.7623090
-21.0586220	39.0420420
-5.8619632	44.8674480
6.7564030	35.5825580
23.8952960	36.1028020
29.8922120	9.6851199
33.0348080	4.3142515
35.6227930	-26.4408000
10.8512030	-38.7832220
-5.4759895	-40.3303740
-20.0069030	-27.6858900
-28.0901400	-18.6115510
-41.9810600	-1.7406565
-41.5231100	11.7564970
-43.6454280	33.0620940
-28.0329670	48.7147010
-10.3785970	55.2093890
19.2880820	51.0038410
25.1368950	35.9896130
29.8606240	25.5593840
40.1632810	14.1957170
29.6381150	2.7622234
20.2236950	-9.8053166
9.8984789	-5.0295210
7.0183538	3.6113330
16.6221640	-3.7378749
23.7679100	6.4006443
31.6480640	4.0399704
24.1746060	-2.0524070
30.7984540	-11.7025130
31.9292100	-29.7916820
14.6978140	-40.1116720
3.5180530	-38.6627920
-14.3083830	-50.8563820
-18.1145760	-39.7411490
-32.3610890	-35.1263280
-39.6663750	-16.9147800
-37.9288380	7.0841867
-38.9188090	20.0388160
-22.4509330	21.0747130
-11.5511360	25.3640290
7.9279615	21.5836390
18.1778100	27.4059200
17.7424240	15.4232700
22.8929630	-1.0457446
7.4240346	-14.3409550
-1.8066844	-15.5599410
-7.7647744	-12.5474100
-13.5218750	-3.4399986
-17.4757660	6.9292205
-12.2223260	7.0831746
-10.1447450	9.5003075
-3.5214620	19.2061060
15.8986660	13.7735710
13.9383990	3.3042121
14.6229900	-3.7901541
12.2305990	-8.3416581
4.2068749	-13.0088730
-16.1680010	-18.6843640
-16.5734110	-12.4184810
-14.2465380	7.8132457
-18.1046570	16.3794130
-10.3450850	27.7878990
2.9165449	36.9375860
8.7999273	37.2178100
27.6278560	27.4676010
40.6578130	15.5102460
43.5169600	2.1340495
37.9307040	-11.1488460
26.6244690	-25.3156810
25.4076230	-27.0191140
4.4525750	-34.2940200
-2.7306455	-37.4531380
-24.7929060	-25.7209160
-21.6484700	-13.3859310
-29.9602100	-0.5678730
-23.9897560	1.8611518
-10.0500140	10.9344840
2.9186251	22.4301200
8.2383936	17.6226830
18.3106130	-0.7806186
8.0906093	-8.8167257
16.2266280	-9.6253601
2.2393418	-12.5775780
-7.1954347	-17.7732470
-4.4630153	-11.0972720
-9.9902453	-6.7273158
-8.0529247	1.9979678
-9.5323707	2.9980012
0.2726187	-4.4588344
0.7634802	-8.9924367
-1.0162495	-4.2674591
2.4908613	-4.6949108
-1.8909480	-21.5565900
-11.8505580	-23.3335960
-26.1061760	-9.5760789
-25.6030700	-2.0474533
-27.3594510	0.7137382
-36.6261960	12.2698460
-19.9439400	26.0775730
-10.7627370	31.1407220
-6.4336270	35.0332660
6.8384096	29.7535590
27.3127780	30.1923710
19.0249030	13.7034270
29.0995900	7.4916968
13.1991370	-11.3131060
13.3454350	-18.6990750
-1.5250451	-11.8802650
-2.8130413	-4.8152602
-14.5081640	-2.4256081
-6.6294543	12.1145910
0.6698219	12.0805510
5.6431790	7.1787877
20.8154890	4.5043067
12.0899570	9.5642096
19.0986370	2.6792014
16.7067610	-7.7386191
3.7115874	-18.8628270
5.6332820	-26.6628190
-10.9336450	-22.2460740
-11.1152410	-12.5051580
-16.3971120	-7.6689360
-11.4566040	8.9670062
-6.7990702	9.0681195
-9.9062368	12.9054790
4.7501336	5.5114764
17.7076090	3.5548224
10.5682010	-6.7530219
17.0360600	-12.9122230
11.0940460	-18.9292740
-5.8820657	-28.2907630
-7.2449687	-20.1235140
-16.6012140	-19.1666470
-20.8025660	-2.9224244
-37.7042350	-0.1355578
-30.8041460	17.7786040
-15.8413260	28.5730140
-2.4794136	26.2081120
4.4146842	24.5079210
13.7262200	16.7692260
24.2716560	7.9169932
24.0668010	7.7980242
15.1785930	-12.5749310
12.0254190	-13.6268850
-0.6772108	-15.8796480
3.2881137	-22.4991360
-13.0847050	-6.1651331
-7.2151145	-10.5581210
-7.3735720	-3.9644857
-15.3560420	5.0723996
-14.5788370	9.6773320
-1.6446035	-1.8286878
-4.9191022	-1.2072856
3.8497094	-5.9396589
3.3363584	3.1923740
-1.7414333	-10.7980870
-13.5081870	-9.2300032
-16.9088220	-1.6842480
-9.2862225	10.3961530
-5.7868892	21.1845520
-7.2877584	19.7716040
8.1126428	25.3770920
18.8860490	24.1366170
18.0038430	18.2025250
24.2385430	13.3924530
33.9283240	1.2749529
16.1208050	-14.8874530
17.6609560	-27.7668000
0.3937082	-26.1415620
-1.8260789	-25.4339190
-15.1007550	-11.7913410
-5.2494189	-15.5499400
-11.9236460	0.6090631
-12.4641430	-4.5585493
-10.4033760	3.6181238
-8.6748600	-6.1044962
-0.7265751	-6.8649403
-4.5622130	3.9710761
3.9266512	-3.4378263
-8.0102770	-10.4828170
-6.1314894	0.6152545
-15.3927230	1.4289648
-6.5424251	-1.8315174
-6.4958669	12.2312060
-7.0025923	5.7298475
-10.9398610	9.5171801
0.9467488	17.9538960
2.9920926	16.0183010
4.1590060	1.4790339
7.8012697	3.4113146
6.6640445	-3.0990970
-3.1873410	-5.8930705
-11.6515040	-14.6564290
-19.4328750	0.5215680
-15.5011070	3.9039959
-22.8629160	20.3416600
-11.9173400	29.3764590
-10.8876800	20.8344040
0.9800758	26.3715160
16.4441260	24.9333670
20.6752540	14.4805850
36.7546780	0.8600657
36.6021670	-6.6341381
27.9879660	-17.3631380
16.4712670	-20.2363910
15.3542290	-27.5738320
4.1931310	-20.6560670
-0.9250814	-16.2853350
-13.0051100	-10.0738500
0.6907088	-13.1970180
-4.7847117	-4.8897872
-6.1408805	-0.7813290
3.9952435	-7.1855233
0.4676320	-14.1517880
-3.6640591	-12.1482070
-12.3072030	-5.0369739
-13.4402290	-14.3654960
-23.4561550	0.5722860
-18.1501800	0.8083556
-18.9642860	6.9967068
-22.0921040	16.9429400
-13.3672110	29.6818380
-2.8386449	19.7814900
10.5983440	26.5750720
18.7675250	24.4077270
28.6805260	6.9130751
26.9281240	8.0195968
28.0120800	-6.3212800
21.5975600	-13.4141360
9.9526840	-21.1571530
3.6351663	-26.0443650
-15.4691250	-11.4817920
-8.3775535	-16.8461430
-20.1549880	-2.2851247
-19.4906780	3.3479981
-17.4649720	12.7788890
-9.0271671	19.9911510
4.1148484	15.2958950
9.8420251	19.0287510
20.6670860	4.1927737
20.7907550	-4.6940506
6.6770748	-12.6010910
9.0370198	-3.7148092
-6.4944910	-14.8780420
-2.1542674	-14.1403410
-5.7406384	-1.8559446
-1.9375969	7.1803941
0.5313631	-0.9214402
6.7235109	12.9195830
6.5814326	8.9551617
3.4668574	1.9634395
7.1138660	-10.8489110
9.9691232	-4.5172573
8.7250121	-9.7876687
-2.1026438	-14.9694560
-8.6462657	-11.6260930
-15.7421030	-14.4717730
-21.4386600	3.2484167
-18.3103830	0.2403589
-3.9539609	15.4802580
0.9460976	12.8034390
-3.1107364	14.8769180
9.4439235	6.6629200
1.3495392	0.0825722
10.9680840	5.8055453
1.5086387	-6.1382081
-0.7958693	-7.5708840
10.0171160	-12.9851360
-4.3145461	-3.7067244
0.8951453	-2.7853034
-0.5844776	-0.1062027
-4.7701349	-3.4590372
-2.5251203	3.5071158
-10.2380750	6.5148722
-1.0200436	7.3773923
-0.0459236	-2.4058418
-2.6934969	2.1611542
-12.2123090	-2.4174743
-3.7801601	1.7926216
-15.2113140	1.8280053
-11.2570530	15.4544610
-12.2143110	14.3740630
-7.4967889	14.5603760
-3.6133087	21.3430300
2.3023455	14.5407130
12.8256820	15.1843470
18.8563760	12.6578540
21.6771030	-0.6579348
9.6300440	-9.7760823
2.8698690	-18.6627250
4.3790157	-6.9377065
3.3130147	-13.6355390
-14.5607280	-5.8874497
-5.7345827	-8.7077813
-9.3434458	-2.4101075
-5.2681779	6.5322139
3.6118055	9.0405555
6.9269427	14.7005050
12.5761790	7.4242774
16.3349370	-7.1849201
15.9545710	-3.3758291
12.5447910	-14.2552100
-4.2490971	-18.9719340
0.7847502	-8.1441828
-4.2476210	-4.1489225
-13.6510510	0.8062646
-10.5313260	5.3759187
-15.9027350	9.2558625
-7.0786339	12.6604540
-1.2927312	9.5691945
5.2218666	5.7836900
4.0549585	13.1924470
7.0230165	2.2277395
5.8188440	0.1180865
3.6358608	-5.1913173
-1.9090011	1.8073433
-12.7448750	-9.4355810
-6.1404120	7.3962814
-7.7823777	7.8050146
-4.4076026	10.1666270
2.8066778	17.5992260
6.4072976	15.9910210
11.1607040	17.3810720
20.6698350	11.9688280
20.5325670	3.7278755
12.8663860	-7.2911108
17.1145720	-4.6276696
3.1469056	-17.2695220
0.8919808	-10.7082130
-8.4770757	-8.0692796
-17.9413860	-15.7862240
-12.9710940	-10.0866700
-6.5825415	6.2617185
-9.9462518	13.2958140
-2.6343758	14.8088020
-3.9209442	17.0029650
-2.0961283	8.7273152
4.9963047	9.1640678
9.2354052	7.7032217
10.1094910	4.6256666
0.3086706	-5.7707564
-5.5041962	-0.5017291
-2.6394016	-4.5590524
-4.5393620	0.9269683
-5.8626651	8.6107195
6.7932158	7.0765274
0.9656169	4.0644894
5.3051119	-1.9974326
7.3188995	-2.5054814
16.7650130	1.5988317
10.5065220	-4.3637463
9.9645974	-9.7322738
-3.8261210	-8.2461006
-7.5350683	-9.6717698
-3.3054972	-8.1376761
-5.9606217	-7.3461453
-16.7191300	-3.3642678
-7.6164489	5.2530194
-4.7914985	9.4618954
-7.3986116	8.5124117
7.3295195	14.4898230
12.3308380	-0.1787264
12.8157000	-5.1220316
2.1527291	-1.8033065
10.5991600	-10.6380510
3.3353082	1.3774624
-1.6016599	0.9995103
4.9593494	-4.5503796
3.8308240	1.3142728
1.1273564	2.9024268
3.1780982	-6.8209317
-2.2431095	-3.4466044
-3.6370918	-2.7120598
-9.2185979	-2.7996164
1.6999343	-8.7064792
-6.3953579	-1.9475419
-14.3282790	-5.8709235
-2.7760623	9.8029986
-8.3187248	6.8943872
-11.8554090	9.1565927
0.4233239	13.8491030
-3.6308269	20.4681640
7.7588825	13.4950830
15.2768360	3.2793192
19.5010830	-1.2904710
10.1697210	-6.3395156
21.3861030	-10.4740900
11.5686070	-18.0420390
-1.6486276	-11.7098570
-5.3216230	-16.2710090
-13.4398370	-13.2002330
-4.2619691	-5.9066200
-4.8436854	-9.3252964
-17.1292670	-4.9495714
-12.5128790	-0.4789480
2.2230399	3.8733810
-4.1866082	2.5084998
0.3998073	-1.4670312
-0.0554895	-2.9225587
-4.9364325	-8.0781024
-6.3449894	-4.9623990
-2.1791760	0.5230871
0.4206711	-1.0762989
-4.8008737	7.6562034
-0.6582126	-2.1628696
3.9326676	2.6287587
2.9547331	6.9361494
-1.7629712	4.6485938
11.2772450	5.3386081
1.7635090	1.0836913
8.3782031	-7.2594817
-0.6472639	-8.6260722
2.3713580	-5.5084039
1.1522571	-10.3516960
-0.8866792	-1.6033559
-11.3325310	0.8379584
-8.8149277	2.1290232
-8.7611091	10.2105500
-10.5818530	16.6331470
-5.6537216	8.7161576
4.9731559	4.5158688
4.1807403	11.7586130
12.9266950	11.6950200
11.6181100	6.2515215
7.0164029	-0.1883556
10.9542580	-13.5484810
-0.5233990	-16.5013960
-0.6527611	-10.0274450
2.6259455	0.6760851
-10.3467740	1.5613876
-2.0180201	1.2182657
4.5740541	3.7427296
7.2697197	7.8729632
-1.3874506	-1.6806145
-0.4456953	-3.8062985
-4.0756310	-1.6258786
4.0168539	-6.4054818
-5.1695139	-11.0647980
-9.6506418	-4.1260592
-8.1215097	1.1663629
-16.1519660	-7.3543766
-15.0592710	0.9740682
-8.7848616	8.7338385
-9.8699393	15.3037310
2.5273073	12.0254520
-1.9816605	11.8980620
1.9171309	7.3639003
10.1442540	-4.0275140
12.1881700	1.9959950
9.2200991	-3.8213179
7.2255732	-13.8973370
-9.3862595	-6.7736717
-8.2096913	-4.3039473
-2.2483702	-6.2347298
-11.2721830	6.6933768
-11.0177600	5.0782808
-3.7686229	5.3854146
-4.3178276	4.4876908
7.0201469	5.1125180
3.5843973	4.5302080
10.6920810	7.5429779
0.7127985	-2.4354513
6.1361769	-4.3852436
-3.4968563	-7.3850937
1.0919473	-7.2316165
3.5657692	-2.2292237
-8.3592019	-1.5604911
4.8054727	-5.1723218
-4.9770343	4.3564431
8.3457828	6.3284782
9.3576148	5.2233318
9.1074296	4.8700742
1.2343343	-4.0622084
-5.1110738	0.7337092
-7.0369562	0.8694424
-8.4009039	-5.0945785
-12.3680020	-3.4411727
-5.2439326	-2.6085672
-13.2754090	7.7760195
-11.3176380	1.6875432
-2.3988038	9.9922700
-5.4509265	13.0764760
-2.2554016	13.2370300
12.6342560	0.0875251
13.3647390	7.5677603
3.3235268	4.4536712
7.4616628	-2.5231977
-5.4915842	-4.1964092
-0.5324490	-3.9322744
-10.0652220	2.8804585
1.4802179	5.5787646
-7.4826782	7.4953051
-9.3258294	8.6341422
5.6017555	12.2203190
-0.0890231	7.2658830
1.1094052	-3.3146653
4.1189840	4.7247814
-3.8542702	2.1433282
-1.8985463	-8.7193520
3.3783562	-3.0085328
2.3667411	3.9081513
-7.2833659	1.5766029
-2.9738032	4.8098196
4.1111553	0.3886944
7.2225211	-1.6088915
0.6507968	7.4134422
2.1762829	-1.4725866
9.4841882	-5.4970333
6.6811196	-0.1657919
-0.6960166	-8.4479728
8.5039518	-6.0595913
-0.2414113	-3.6385429
1.9587779	-2.0068892
-5.5694113	0.2065609
-13.2402740	-4.6362687
-8.9662861	5.2008980
-14.5394250	12.1427700
-5.3358009	14.0194530
2.2104409	16.6493180
2.0092296	3.3794787
9.3086814	3.3453257
15.9751220	2.8142706
5.5194048	-1.5689542
7.9249439	-6.8436303
2.5885300	-2.5066564
1.1909470	-10.4123170
3.4575424	-11.8243020
4.6038014	1.9731743
-6.6907790	-2.0547478
-4.6909942	5.7523188
5.4040135	0.4310238
0.9491013	-6.0269261
-3.2954645	-0.5781758
4.2789731	-0.5548675
-4.3309177	0.9059091
-2.3010852	2.7098952
4.6208921	-7.0008895
-10.5082900	-7.8894267
-3.7161419	4.2289990
2.4393578	2.5742068
-0.6754921	9.0267185
-3.0043690	-1.0270694
-1.5516578	1.9908067
2.2646986	2.8541870
13.1447960	1.6381013
9.4020427	-4.0008563
0.3956733	-9.0894888
8.5802065	-9.5728094
-2.6201140	-3.7752759
2.0138004	-3.9885212
-0.8961711	-9.4219246
-3.8130796	-3.2286705
-13.0286550	-5.2589545
-7.3400224	6.5621337
-8.8365315	5.9243847
-4.0201430	10.7281840
-0.4909856	6.9615240
-5.7132899	3.1449776
4.3625570	3.0060514
6.3852576	-5.1591413
4.4541008	-8.3523471
-4.5829608	-8.8211362
-7.9925504	5.0019515
-4.4334358	-7.8750990
-4.8895507	-7.1068783
-4.4329091	4.7826716
-2.0342777	-3.8386609
-4.9736747	1.8492714
-0.3203257	7.2576302
5.7782932	-0.8393328
-1.3502847	-5.4797817
-1.3834347	-9.7373065
-4.6599005	-6.3109160
-4.4909699	-0.1084007
-13.5651100	-6.1903874
-6.3184701	-1.6681359
-1.1286799	2.2129563
-5.5567591	8.5112517
-8.9400727	6.4659647
-9.5585914	1.1438054
4.5953330	5.0867786
4.0423169	7.0149678
2.1538327	-3.4293497
6.4988403	-5.8110365
4.2647269	-4.2779940
2.6749749	0.9774742
-3.3141904	0.0376295
-0.3784304	-5.5827551
-3.4201355	2.3878751
3.2191031	-1.6988316
4.1575238	-2.4975047
-2.0824820	0.7395367
5.8466507	2.4834545
0.9466200	3.9165859
-1.8045213	-7.6632534
7.5884090	3.1664553
-1.2985603	-2.3625414
-1.0516206	3.0825585
2.6049378	3.6356359
-0.3938234	-2.6363518
-4.7417160	-0.8824424
-10.1322550	4.0556380
-9.6339253	1.7442995
6.1053256	8.2850663
5.1443215	0.2575687
-2.6627547	3.7110394
12.4333780	-4.0630334
13.0962950	-5.0557846
7.9527290	-3.4920727
2.5958103	-5.5939441
-2.1720084	1.0828644
-7.8711648	-3.7771957
2.2973526	-10.1759680
-4.1292811	-3.7642021
-4.3170045	2.1452679
-9.4108411	8.3742059
2.6758860	5.2907415
-5.4874638	5.0492207
5.0634150	1.9812697
-2.9651493	-2.8871765
-2.2098095	7.6128024
-3.0095233	-0.6390641
-4.3437372	4.8629413
4.7972137	-5.2146772
-6.8491791	4.6379892
1.8282762	-3.5921992
-3.3915690	-5.5832765
4.2555190	-0.8526995
9.3145758	-5.9410605
-1.8805221	0.6533930
6.9394166	-0.6827238
6.3478591	3.0747328
-0.2988023	-0.7937502
-6.9682468	-6.7803229
5.5432986	2.2583294
3.7666805	1.4055637
4.1159416	6.6903789
-7.4787436	1.9779324
-6.6595859	2.1536011
5.6828681	7.1813503
8.4647787	9.9107922
5.3837666	-4.1729146
10.3744800	-4.4718475
5.7282786	0.0058182
4.7262150	-3.0015424
-3.7736693	2.7057242
2.7216217	-2.9716037
-1.5336424	-3.7267665
-6.9716841	-1.1491099
-5.1594665	5.2912737
-0.7561709	-1.9745006
-4.6422236	3.8361376
2.3459732	-1.0012580
4.3814427	-2.6966194
2.9259053	2.2268448
-4.5909879	-5.5276717
4.0062928	6.5877954
-2.0289432	5.3754977
7.9284271	-9.5613699
5.0815527	-2.4826963
-6.0850945	-9.8299724
0.6834088	4.6338065
-2.9867867	4.7219856
5.1593556	2.4999051
-1.6310485	-2.2212211
1.0989284	5.1775722
-3.8113144	2.7248116
2.3285894	-1.7649321
7.9809162	1.4516039
7.7622273	-1.3635178
6.5358495	3.4078277
-4.8739751	-2.0998881
-9.1234381	1.4762286
4.0626192	-5.8714658
-4.5331954	6.6444450
0.6128050	-1.2004948
-0.4111250	4.1955022
-6.5040096	-2.8657519
-6.5117625	3.3304338
9.3406106	6.3335622
-2.5612139	-0.8742702
9.8602405	-7.9737019
3.6447995	2.1883118
6.3093586	-9.3904465
-5.0841507	1.7582683
-8.2824360	-3.2623225
2.2850051	-0.3541765
-2.8209119	-7.9589163
-0.4177888	4.4182620
-1.4168412	-6.5228768
4.1835008	1.1800982
-6.5303784	3.6987247
-4.0675631	-1.0589999
3.1241343	2.3635660
-2.6396987	-8.3978166
-2.8999291	-4.8995653
1.5463257	2.7008711
2.7802705	2.2189586
-5.6442878	-3.9841768
-1.7371943	0.4495092
-8.3650692	-2.8495424
4.7194292	9.5355443
-5.7493366	10.5785920
8.2077303	0.7911806
4.8474284	4.7038731
3.0383832	6.5424958
-0.1793334	2.3454081
2.3005437	1.6852760
4.8137139	-2.9500602
-4.0826089	-4.4442089
-1.4182466	3.3582204
-6.8601091	3.0841620
3.9290763	3.4214461
-4.0299888	-0.6374726
-4.8381005	-1.6685202
-4.4824033	2.1227890
-4.7861955	8.3919831
-5.4609684	-1.7840183
8.2134811	5.9029895
-1.8303307	0.5286729
2.0220374	6.7318537
5.5041691	2.5474673
-7.5577546	-5.0203000
-4.8263121	2.8306074
-6.0756139	-0.2757384
4.2439359	2.1370433
7.1732027	8.0856792
2.4721252	2.8805162
-2.1581343	-4.1556393
-5.5785116	2.2156101
-5.1799870	-4.3816254
1.5558510	2.8640514
-3.5883250	1.3918853
-5.7706171	-5.4045065
-6.3019510	-5.0150287
-8.6853025	6.8932252
1.2027955	7.0565091
4.7751842	0.6922916
-3.2954619	9.3556126
-0.0152126	3.9408740
5.5279393	0.0604714
0.2142219	2.3394372
5.5841859	2.5420650
-4.5632730	-4.6335166
-5.0729830	2.6655474
6.3898665	-5.6450071
-0.9496912	5.7515378
-3.9406412	-5.4810074
0.5109529	2.1039576
-1.0821248	2.7757392
0.8225122	-4.5017236
-4.9516317	3.1402144
6.3590138	-0.9931087
-1.0916133	3.1384661
-2.3493845	5.0669385
-5.6912757	-7.5192342
0.1180707	-1.3099625
-3.5881406	2.2650894
-8.6240026	6.7324682
-8.9393430	-4.0730105
-2.3232792	2.9698948
-0.2525677	-2.0535986
-5.4066892	7.8072268
3.4838242	-3.0073354
1.1145383	1.9840179
3.6066525	-1.6376092
3.2387298	2.7384062
-1.1515190	0.8539335
6.2950447	-5.1712985
-1.0701977	-8.3041938
2.9707656	-4.4311061
1.7412321	-1.0081885
-2.6448747	1.2651572
4.1370503	1.0176639
2.1702201	2.5846429
-8.9102468	3.7054712
5.2029160	8.7035211
0.3673749	-3.4286151
6.1192788	3.2345110
1.0239194	4.5884277
-5.1547819	2.0536955
5.2818016	-1.7726542
1.3172551	-0.1570466
-0.6291125	-1.3742498
-3.3888777	-2.4922494
3.6902025	3.8374698
2.1392689	-3.3301055
-4.9482101	-6.0579915
3.8672468	3.2545378
5.7088411	5.3834172
8.3513411	-1.1776648
-2.8712310	6.4334570
-5.1797275	4.2310833
0.7039600	2.3117289
-2.1129574	1.9577590
1.7199043	-5.3076796
-4.6375567	-2.7873430
-1.3955372	4.8985421
1.8630936	-1.6651310
2.1636870	-3.4877216
0.6685175	3.4113383
-4.8827163	6.5495891
1.7396297	-5.8076203
-5.3327057	3.5487465
5.1423032	-2.1675594
-4.8248325	-4.0385558
1.0083521	1.7889452
7.1986856	-1.5834619
5.1033618	-7.1385750
5.3872468	-8.4858268
4.1667888	-7.5193468
-0.4880804	5.5657556
4.2954468	1.3408118
1.8247780	-1.1495889
4.2144389	-4.2502593
-3.5927599	-1.3956549
5.6310743	0.5206205
1.2042079	6.1930844
4.8980539	-1.9413089
3.1770128	-2.6699257
0.3745887	4.9240288
5.4013972	-7.5450911
4.3400373	2.3032489
4.9604520	2.7455632
6.7529946	2.3613203
5.1976830	0.1281763
-5.8379183	-4.3725370
5.3724323	8.0698155
-1.6516570	-3.7582939
4.5669821	-5.0307914
-2.8620910	-1.1526835
-0.7081103	1.6828078
6.5052196	0.8424394
-2.3366039	-4.1032923
5.4204873	1.2750582
-1.9416792	-3.7982368
-4.7129263	-1.0847179
-4.4776940	-5.6020900
-2.7490014	7.1334627
4.1594884	2.0343274
-2.5969508	1.7049536
1.1598934	-2.2628003
-3.0998282	2.9536152
-0.7088698	5.1987563
1.5532967	-6.7806432
6.0005805	-6.2729775
-1.5288891	-0.7356351
1.6719550	1.8203999
-2.9442792	6.0927385
-6.5055555	3.4781010
-1.0296090	4.4833534
-4.9643152	6.8013904
-2.8387962	3.9252018
-6.3079635	-1.0327792
-6.2467611	-8.1507103
1.3408099	-2.7298361
-1.7860562	5.4250934
-8.8129653	6.7127950
-2.3188147	2.6441317
4.7135460	-6.4207151
0.1480392	6.4367379
1.3465647	-3.7124938
-1.2212346	7.2129515
0.5928120	2.4210528
-5.8437429	7.0202652
1.2942826	1.5235175
1.2361802	4.0431841
3.2220807	-4.0320717
-0.1208944	-0.9417145
1.9436198	2.9970737
0.4690108	5.6966964
-0.5136933	-0.2997762
2.4932897	7.5425345
-1.1542782	5.0432913
-7.8302020	2.8043531
0.0208213	-5.4649454
7.8564610	5.0006868
-4.3051594	-4.3058594
-5.3085451	5.0746278
-3.9323049	-1.9583424
1.6761735	-0.9324697
3.3673949	4.6825278
-0.8124941	3.8044848
0.7651664	1.9378091
-1.2831717	-4.6648955
5.1072426	4.1050646
2.1917697	-2.8614966
5.9808159	-2.7678086
4.1627203	6.2858706
7.3912711	4.3084554
3.6606741	6.4563769
-7.0345393	-1.0708718
-5.6548515	-7.3824755
-1.6490388	6.5539012
4.4653651	0.4220378
-5.0872493	5.0797257
-0.1199261	7.2911848
1.6097633	-3.8580985
-1.9902334	6.4748316
7.3424972	-2.4705269
4.3681757	-2.5423396
1.9475596	-0.2748968
7.8165155	-0.6491194
-3.9650549	-0.9253925
-0.7939720	2.0115586
6.2133901	-4.7743624
1.3198940	1.6954799
1.8885807	1.2348675
6.4503707	-2.1865638
-7.5245362	-3.6581200
-1.0912288	-3.3104473
-2.0950714	-0.1709703
7.2030557	6.4842745
1.3653620	1.8744289
3.4876435	-5.7963302
1.4753245	1.0050547
5.4541386	-4.1714785
4.6397284	-3.0048077
-1.4930069	5.7325340
5.8514524	-1.2162992
-5.2565764	1.1833263
-2.1387240	6.1873267
-3.6128280	4.5294435
2.0077482	7.4577518
-2.9252196	7.7137632
-6.1499584	-4.8368563
6.8782909	-0.3284063
-0.9669341	-1.7290368
-2.9755771	-0.6506518
-4.4058394	0.2991868
5.2711809	-2.8879863
-5.2366634	-5.0699282
-7.3294972	-7.7565177
0.0383074	-6.2199907
-0.4430475	3.3726982
-5.4086974	-3.6458135
-0.7563137	-5.6173694
-3.6963490	0.1667342
6.9052630	4.6360085
-6.1918262	5.2121107
-0.4996486	6.5516456
2.5180659	7.0374189
-5.0137791	-2.8461687
3.1330584	1.3473279
-0.8502857	5.9340225
0.9242973	-4.2320634
-3.3486867	-6.9870729
1.4104067	-3.3621569
-3.3717278	-2.5446653
6.0644286	6.6158198
4.4457652	0.3221228
-1.4372156	-4.9734523
-6.7254578	1.9347126
-7.1341348	1.2368491
1.5377686	5.5609892
0.3208332	-2.1756600
1.8607093	-1.1576805
4.6273455	-5.3855841
-5.2461657	7.8802298
1.2030999	0.4541339
-0.5321095	4.7651728
-3.1305668	-5.5702285
-5.9385651	6.0544108
7.3066563	1.2387646
7.9900961	4.9846270
-5.2161104	5.8838164
-0.0107150	4.4288020
-5.3607321	-3.6286424
-5.8641758	-2.2629268
-7.0308817	-5.6669421
-2.4551452	-4.8451339
0.7234172	7.3526352
1.2608838	-6.6394060
-5.6209860	-3.6549565
5.9237815	-1.4422610
-2.6975738	3.0107236
6.9397028	2.2721460
5.9128000	-7.2883306
5.1922614	3.9178287
6.3947690	3.4185782
-4.7329833	-3.4831898
-5.8470735	-5.8436320
-4.4160412	6.0238713
5.8058518	1.4809443
6.7177014	-4.5662617
1.6817054	-2.7204597
1.9599034	-1.2737253
-3.3632368	-6.7464864
-5.0796094	1.6964907
2.9603075	2.8581616
6.5349015	0.6401807
-6.0780329	-2.5015811
-2.8904304	4.7624513
-2.7408251	-5.1695615
3.0647192	-7.4992058
6.0244133	-4.6511845
2.0209353	3.9276309
-6.4322456	-6.9620554
-1.3830494	-3.4465754
-3.5381848	3.1491926
-5.6396512	-4.9095128
7.0289632	-2.0882240
1.1782037	-5.4708497
0.7478763	-3.6044423
-0.6920425	2.8302837
-0.3804407	0.8533095
3.2497287	-6.5414998
3.0271272	-3.1198332
-6.6516550	-1.0497263
-5.1501171	6.2245267
-1.2088040	-1.3725832
1.1652537	-4.2406159
5.3714519	-1.0639388
4.3091345	2.0753908
0.2762917	3.1891530
5.8464644	0.6816093
-7.0635481	-0.1973506
5.9590363	-0.4291900
-2.8149191	3.8253572
-6.3841158	2.2017922
-3.5622316	-2.4099895
0.4891128	-4.7212932
1.7234856	-3.0894128
-5.3851713	5.9250552
4.4234469	0.4222528
1.5054256	3.7592321
-1.5478509	3.7622030
5.5484319	-3.1231984
-1.7729998	-7.2980623
1.1600489	0.9292751
-6.0558544	4.6681618
1.3730000	-4.5346029
4.9440336	-2.7949546
5.8665372	5.2686598
-5.5768829	-2.5178145
6.8166518	-3.3442104
2.5089504	6.5390677
7.7701790	-1.4267887
-0.0005123	-2.1660693
-3.0258246	-6.0831303
-6.6435867	6.6826762
0.1842838	3.3074797
-3.3883686	5.4911284
-5.9761138	-3.6371365
-3.8036517	-0.8274005
0.8003552	3.2527312
1.1142627	6.0288704
1.8094160	-6.5685549
-1.2495368	-2.1721830
2.4551502	2.4275458
5.0849519	3.7200270
-1.6105897	2.8903788
-0.6518359	-0.3842443
-7.2799048	-4.0168896
0.9805991	-4.6632703
6.1133457	5.5427583
-7.8434441	-2.3371450
-1.8815141	-4.6866014
-6.0302521	5.7453407
5.0644689	6.4700944
-5.7184418	-1.7003019
-0.3667994	4.5013920
2.1501640	2.5765205
-4.1604088	4.2297759
4.9525927	1.5863286
3.2638022	-5.2465843
1.7170030	-0.7041860
4.2452422	-7.7485392
3.1388183	-4.9817643
3.5246794	-6.3282941
-4.9629819	3.2652449
4.1747800	-4.9330706
-3.4628599	0.4339110
-2.2087373	3.9422393
3.3955764	-1.3339014
2.6355287	-2.8728868
5.5270478	-3.9044409
0.7554374	-5.0400448
-4.2606629	-7.5159926
6.9106454	-2.9843653
2.3122173	-4.9289373
-6.8106793	1.8303544
-3.0438613	-5.2711897
5.3657201	-3.3427200
4.0964968	-6.7434871
1.2890777	-0.3036666
0.3161673	6.2477871
-4.3299848	7.0333637
-5.3026272	-7.5334067
-3.7468534	-3.8194606
2.3538697	1.5028704
5.6695223	-2.6513734
0.8133725	5.8118982
1.4297248	-3.9240394
-2.3022075	4.0740819
3.8570279	5.9784049
3.4800130	5.8905676
-3.9592610	6.8711237
0.9272168	-5.2607188
5.1671571	4.2064800
4.4016482	5.2143866
-3.1811035	4.8967749
2.4964821	-6.0888888
-5.5619321	4.2088147
6.8076829	-2.3943473
-5.2238634	-1.7496252
-6.4559917	5.2789347
-0.7430060	-4.4334113
-0.2680854	0.1555804
2.1517343	-2.2962360
-3.9735687	0.9929443
2.3453771	6.9521841
-3.0713702	4.4002163
0.9244156	1.8837852
-2.3023433	4.6744412
-3.9170202	-6.0084328
3.7924109	4.5065696
-2.1715371	-3.9299229
-7.0523563	7.3821669
5.2476634	-3.6959396
5.9457654	2.7078535
-1.2829246	4.5262354
2.9842704	5.3560599
-6.9136429	1.1803448
-4.2108439	2.0488874
-4.7309890	-6.1554140
1.7760482	-1.8847916
6.5873338	1.1630251
4.7539809	-5.0605686
0.0500795	-1.6619992
-0.4293475	-3.3430708
-7.5681670	2.3927338
-2.9023979	-4.4067669
-4.1777789	6.3218978
-7.2531526	-3.6350007
-4.7350297	4.0116181
-3.0430813	-2.7231218
-7.3048668	-6.5431597
4.0323921	-3.4963634
1.7222787	-1.9757773
6.2816391	3.4552543
4.4332443	-3.1168274
1.2705209	3.6013450
3.6774668	0.8251148
-1.9465974	3.0710520
5.7725657	2.3127660
-6.2977676	-0.9316311
-6.3236802	-2.1812589
-3.6289745	2.8298770
-3.9185095	-5.8558865
-7.0485505	7.1231473
-2.0398324	6.0812927
3.3826481	0.3869411
2.1190349	6.0341718
4.4814717	-3.5502496
-5.7281189	-3.4303457
-3.6222738	-1.2500566
-6.8234618	4.9318551
4.0398083	5.1003022
-5.5184201	0.9593231
-0.3598823	-6.6534702
4.1104667	6.4424289
7.5155484	-2.9523230
2.6622022	-7.1627495
-4.9359698	2.8487515
-1.3922795	5.0542515
6.5919959	-4.8883596
7.1873320	-6.9375117
6.7065509	-2.9149956
2.4283864	5.9579158
0.5008952	3.2767479
-4.0205235	4.5462549
7.5366280	2.7718279
-6.7719649	6.1261108
-5.3025840	4.8608352
-2.1893773	4.0768369
1.2716314	5.7515016
6.1515811	-4.3576335
3.5029191	-5.1361434
3.2569812	1.7035611
0.5947792	-5.4600217
-4.9221226	2.9482592
-5.8790694	-7.1885356
-2.8018184	5.9171151
1.3833280	-6.5752243
-1.9312557	0.8821938
-2.0789129	1.3186818
-2.1832935	-6.5384858
-6.4514796	3.0023217
1.6968209	5.2828687
4.1225608	3.1239351
5.9585960	-1.8579445
5.6756115	6.5126116
-0.4640223	4.8486727
3.0930847	6.3789722
-2.3214872	-0.9358442
0.8793846	-2.6053691
6.2702653	3.7671848
0.6162160	2.6841399
-3.4452742	-2.4995153
-5.8714195	-1.4914316
3.8386295	4.6462263
-4.5518264	6.3857633
4.5728043	-6.0220197
3.1395913	2.7647120
-6.4330221	2.5587891
4.7983139	-1.4909521
-3.7504453	-6.3661303
3.0340565	1.8056532
2.9195256	-5.4248067
7.4195105	-3.5825225
-1.6617925	-5.8699966
4.2584107	-5.1524524
4.1449887	3.2062686
5.0432563	-1.7865817
-3.4410756	-2.6485096
6.6626526	6.3744533
0.4531658	-5.2691116
-1.8165605	0.8679009
-2.6685612	1.1986047
2.4550300	-5.6407025
-6.2420511	4.6010881
-4.7905641	-4.9381411
3.2208798	7.0439189
-0.5386224	-5.4290666
2.4910302	4.9992580
-1.0564072	-2.1132924
-0.4980905	-4.7084784
-2.0234942	-2.3177479
0.6575328	-2.1510606
4.8198685	-1.8184293
5.3545689	-1.7791657
1.3414111	-5.5094908
7.2379808	-6.8246487
-4.4028789	2.5728372
2.3673479	3.6799430
3.1656620	-7.0057056
6.1339146	4.4517197
7.1377102	-0.5921287
-1.8076005	1.4190981
1.2466922	3.6277384
-0.9950755	-1.4297795
4.8780773	7.5396995
-1.3567729	-2.0089717
3.6009635	-6.6553563
7.4092591	-2.8495838
0.0279305	-5.3880768
2.3169877	5.3250225
3.0153823	1.9477755
6.7970269	-5.6668585
5.6043671	-4.0741741
4.4116613	1.2836260
-5.5565853	4.4532149
-2.0361551	-1.4891562
-2.1507610	2.4220977
4.8921824	2.6957914
-2.7279641	-4.6275222
-3.4857203	-5.6020671
2.4300720	1.9899738
-6.2701227	4.1029061
1.2520871	1.9680992
2.0644563	-4.6599545
1.4413786	-4.3315888
0.4894967	5.5304831
5.8487508	-1.3955072
1.8245600	-5.0051535
-6.3356146	-0.4241862
3.4714834	6.1930643
1.4297476	2.6195808
-6.7737497	3.7065903
0.8638944	4.4665739
-2.3292086	2.1943755
2.0901975	1.4024327
3.7057643	7.2816202
-3.6381669	-6.2539498
-4.2727216	0.4676708
2.9330111	-2.4469015
0.6336590	4.0326823
4.5063987	3.7320899
4.9138526	3.7085644
-5.2880452	1.1537169
6.0510006	-0.3517735
-0.7813743	-2.8861166
-5.7144334	-3.8812548
-2.1954872	-4.8564245
-4.8063341	-0.4151701
1.8077855	0.9505337
7.4930954	-5.7866136
-3.0060733	6.3179134
-4.1175521	1.1315917
-5.9133349	-2.5885215
-4.3569201	-1.5044055
5.1347295	4.1228139
-3.7912330	0.7794284
5.2614017	-1.8605617
3.0562306	-1.4092179
-6.4112747	5.4192723
-2.5086849	1.3281827
0.5905174	0.8212116
0.1746907	2.6307737
5.1137876	-1.9532303
5.0966785	-6.2742839
-3.6487375	6.5671294
1.9824356	-3.5749376
1.0282091	1.0231925
-7.0684500	5.4972846
-0.5852087	-3.8636937
4.8267571	-4.2812662
6.3724281	-1.9670199
0.8948234	6.0939252
3.1017020	2.5608807
-5.3049842	0.4851541
1.4737119	-5.2072631
4.2537667	-4.0621469
-7.4590736	-4.9614679
1.4178800	-7.0051148
6.7754373	7.1587160
-0.3891028	2.7396511
-4.8794838	3.2786434
2.0283356	7.3544336
-2.9583435	-5.8600129
-7.2373054	-3.5059903
-6.6663169	4.3498715
-7.3620271	-2.1777843
1.2888796	-5.8374899
2.5491183	6.0624907
4.1524914	-1.8276849
2.9997693	6.0849582
4.2842839	0.8775441
2.6075877	2.1440263
2.0651967	2.5838243
-6.6050838	0.2545566
-0.9344822	1.8662885
-0.5450361	4.9674703
3.7883134	0.4083282
-3.1038241	-2.8260747
-2.0536863	0.1161287
-3.1953217	-4.0589514
-7.0432448	-6.1141222
-6.1830660	-6.3312060
-7.0040712	-2.2239664
-4.4960001	-6.2982373
2.8063222	-1.6170514
1.6489095	3.0584045
3.5942368	3.2282923
-0.7897894	0.9807422
0.8435964	2.0265277
-0.9593042	6.8476817
-3.5144933	1.7016864
1.5402236	-4.1038110
-0.7363208	-2.1611130
-3.5162096	-2.9550822
3.2305600	-2.6050614
-5.9125187	0.6071796
-6.8989931	5.6087425
0.3952171	-0.8291350
0.7828488	-0.8681435
-6.5256785	7.4613248
-5.2554926	5.9318824
2.1250928	4.8738590
-1.8916767	3.7979870
-6.3488929	-3.3375181
-2.6187458	-3.5874611
6.4330349	-2.4047714
-3.9421551	3.8320710
5.5148941	-3.4008622
-2.2474819	6.3156292
0.9361652	-6.2791457
6.3929295	4.5769696
-5.6038363	-3.4558858
7.2613959	-1.0634319
-2.6103557	3.2911115
6.3908687	7.3179543
-1.0074081	2.0501093
2.9671123	-2.0474220
-2.5624787	-3.3937804
4.2774069	-2.9426221
-5.5344441	0.0248741
4.2665366	-7.2459349
4.9519459	6.3315307
-1.0366418	2.8705860
-3.9296265	3.3818640
-6.6332889	-5.6156834
5.3376518	-2.1599437
4.3413316	2.9945908
3.4562688	-0.0897859
-2.2293050	4.0609148
-2.5219709	-7.0765054
1.9900562	1.9936184
-0.0573543	7.2375218
-2.9097946	1.1406563
6.6014441	-6.1829227
-0.2442620	1.7245000
-5.6422254	4.5278656
-0.6568987	6.6863348
7.4291615	-5.2883812
-4.6927860	-5.3648976
3.9004657	0.3907189
7.1469260	-2.0566542
2.5075387	-1.1729328
-1.3552776	-4.3581021
0.3471278	-1.1042171
-6.8277107	2.7544270
2.8854130	-3.0199029
4.2816056	4.6651068
3.1066384	5.5909801
2.8239745	3.4243776
7.4494212	7.0341776
-0.8464448	5.6638316
2.7208408	0.4846491
2.0191209	2.1380497
1.9956290	1.2971281
-5.1770533	-0.9815652
7.4096665	2.6169192
2.3761319	4.3026070
-1.7046898	-4.8446899
2.5968039	-6.7379237
3.6209674	5.9300254
-1.8430714	5.9197959
5.3386166	-0.2271361
-5.3425317	-5.5168205
-5.4972796	7.0955144
2.1883091	5.9928954
6.5556081	-6.1596180
-5.0938029	0.0271237
3.6115641	3.0396234
-7.0164796	-0.1315590
6.7313621	-6.3774309
-6.8896320	-7.0762498
-2.8345918	0.0619923
-5.0173130	0.8905646
-4.8554520	0.2397164
-5.6079902	-4.4166511
4.3589965	-6.1183411
-3.5405978	-1.2916516
-0.8564627	4.4747406
-5.6287995	6.0693749
7.0073600	-3.5921753
7.1897320	0.3951633
5.9612348	-4.0211878
6.6515904	-0.5074748
-0.2908340	-1.1413506
5.1024510	-4.8391565
-0.1081907	-5.9733737
-2.7493504	-3.2029387
5.7079092	-7.4465259
-6.6880384	6.0118349
-7.3051843	1.4395691
-2.0321714	-1.9762336
-3.6791116	-2.1731292
1.4427365	2.1963742
-3.0746122	1.9716780
-6.8121556	6.8823268
-6.0427633	4.1233567
1.1952495	-7.4823167
0.4569264	-2.8622210
-1.4207358	4.6946964
3.4038373	-4.9127684
-7.1824973	3.5504700
-6.0116450	7.2601475
-5.7659989	2.0927201
1.3693416	-3.1685217
1.4140524	-2.8141778
-1.3725524	0.4501963
5.6908181	-7.1337546
-0.4146747	0.3461587
6.7230899	1.9633433
-3.6057060	2.5854990
-5.4692755	1.7969143
-6.1960578	4.1198467
-2.5526289	-4.1734986
2.9446105	4.2851111
3.1172840	-2.3148830
-5.9265552	2.6113718
4.2071379	4.1463773
-6.7220258	-5.2301358
2.6246097	4.7157350
-1.7753485	-3.5730101
-6.5743084	-0.2744080
-4.8270573	7.3703003
-3.0742499	5.0330744
4.4799894	-0.5568252
-2.6466698	6.0941594
3.8380780	3.7232877
-5.2510706	-4.0647598
-2.2609134	-4.1936379
3.7785869	-2.5157188
-0.0394276	5.7558686
-4.8289415	3.5505856
3.4586815	7.3841067
-0.9000835	2.8242086
3.5516404	-7.4364984
4.0952965	3.6645480
-3.0678724	-4.7475231
1.9176109	0.3251178
0.2726192	-5.3148359
-6.2401292	-5.3968689
-7.0781388	6.4137742
-0.1134513	0.1165589
-4.8434694	-7.2414518
-7.3842118	-4.1626538
-0.9946221	-6.5704302
3.3574710	5.9560308
-6.7212485	5.6542833
2.0624126	2.4285453
-1.0440839	2.2796288
6.6442982	-0.1239831
7.4895546	-3.2486391
-6.8862138	6.3986407
-1.2222759	0.3629380
2.6607266	-0.4729092
-6.1970945	3.4613706
2.4672366	4.3108013
-6.3573860	3.3038902
3.4658580	-2.0577249
-5.8163127	-7.0682550
-1.1877109	5.7443817
-3.5653958	-7.3792926
4.7309297	-0.6756587
6.5595287	2.4969951
-2.3266418	-3.7669315
-6.7911731	7.0133143
3.0065512	-2.4161094
-0.7934003	2.2373372
2.0989385	-0.6017094
-2.2810673	0.6275371
2.8581126	-4.0062951
0.8480223	-5.9136160
-5.1888672	0.7842613
-0.6549507	0.7679754
-2.8499191	1.2451881
-6.9449703	-7.2247068
7.4535601	4.3331858
4.9282492	5.0424048
2.0126897	4.7783197
4.9114876	7.0351635
4.4327580	-0.9170150
2.4731908	-1.8576276
-6.6417824	1.4310056
2.4940371	-1.2034745
3.5154091	4.9168416
5.6122375	-2.5958312
5.3912994	-1.7674169
-2.0174553	7.1052907
-5.0761373	-1.6733294
-3.4379799	-3.9883992
3.6904391	4.5622728
-0.7113644	1.9162145
6.7894411	6.7473020
-5.7939268	-3.6808263
4.2218928	-3.5408663
0.2190515	-1.7842652
6.9122464	-5.5119151
-3.4552908	2.9249449
0.0464012	5.8525747
6.0718937	-4.7854346
5.7795863	4.1678430
-0.8245727	1.0937710
3.8135451	-7.0235257
5.7760609	-2.4575790
6.9968000	-5.1460140
0.0821704	2.7479503
1.9454259	-0.8833151
3.8476194	0.4160460
-2.4780046	-4.9053649
-5.9618104	2.0398106
2.3094438	-0.2900876
0.9485434	-2.3693622
-1.6244055	-0.6884212
4.9139651	-1.5447160
6.0141996	2.3831237
6.9397291	-2.7957039
-3.7500561	3.4356211
2.5584206	6.2839325
6.9699769	-5.6180525
-6.1151479	0.2455071
7.1609773	2.5756056
4.5123811	1.1847251
-7.4318627	4.0009787
4.4204781	-0.3710652
2.8171256	3.1474063
-1.2857984	-0.8755517
0.0006442	6.0433152
-0.9044323	5.7048656
6.8320191	-4.9513205
3.0903886	-6.5267632
4.5308901	-4.7115742
5.7297758	-2.1217809
4.1838257	-4.4331011
-5.9602737	-6.7324397
3.2914244	-1.9591245
-4.7069767	-2.2573044
0.2768825	3.5011393
-5.2370781	1.2457654
1.1252057	6.0934970
-6.5261486	-2.9040914
-1.2567497	-3.3575048
-5.8528359	-3.0860324
-5.1615164	-1.1748769
-1.8008073	3.6806585
1.5951938	-4.3823706
2.8793287	-6.7353547
6.0225786	0.8471266
-7.3032849	-2.6366321
2.5881632	6.5273101
4.9693971	3.3014576
-1.7836954	6.5339921
-3.8462710	3.2598775
7.3284953	4.4996318
0.1370476	4.3277013
-3.6214105	4.8217974
3.3513564	5.9665433
4.5290396	-3.1697133
2.7309944	-7.3727566
-4.8154593	1.2343987
2.6566294	3.8333576
-2.1185736	-5.3885041
0.4743182	-6.2322746
-5.1262830	4.4041185
-4.8401345	-5.3244385
3.2014937	5.0947704
5.7489663	2.0540592
3.2827088	-5.5927013
-5.9164308	-0.8629377
2.4679297	5.9558225
3.7220809	-2.6769582
-6.4699581	-6.2677499
6.7719107	-5.3944871
-4.0857932	-2.0153595
3.3299978	-6.0190942
-4.7269202	-5.5386072
1.5299894	-3.9801843
-6.4601086	-2.0570532
-5.5921786	-3.2160967
2.3957666	2.9556534
1.9224887	-4.9123414
3.6673124	-6.1358564
6.6085321	0.5405996
-2.1966621	-7.3226391
-5.0297936	1.3316718
-1.7968257	-1.9965080
-6.5462245	1.0445393
-0.5516485	-3.9870629
-6.3561173	-3.7516586
-6.1380176	-1.9706217
3.0297450	1.2988812
6.4875209	1.5973326
2.7870975	0.1654473
-6.9170656	1.2649581
-2.6923367	-1.4489212
-4.1828666	2.8139862
2.3187433	-1.8064116
-1.3326871	0.8129518
6.4164547	-0.5011715
-7.3389141	-1.3059609
-3.6301032	-0.9227311
-5.3821220	5.5871245
-5.4101404	-4.4516061
0.6942249	-4.7892836
4.7997562	1.5339673
-3.4723710	4.7835813
6.9890552	2.7731852
-4.4874331	-0.5482728
-5.7164663	-0.3519825
5.3600096	-0.3923029
-3.4922459	4.6919999
-7.4523149	1.0671844
-1.0931175	2.2816817
0.8824032	-5.6227156
-0.6673842	-4.8288450
-1.3014694	-5.0313763
0.8232416	-2.9725128
-4.1264985	1.0834194
2.7674922	2.9114497
-4.9986037	0.3284053
-4.9466663	0.4726032
-1.7663343	-4.0163147
1.3427454	-5.7438230
0.3730248	6.4385150
-7.4920416	-5.4574729
-7.2017918	2.4898431
0.6567079	6.3914729
-2.4797213	-0.6140409
0.6382492	0.4808695
7.3115692	-1.3825246
-5.3446065	-5.3817703
-0.7347018	6.1634108
-6.4791827	0.0641359
1.8987831	2.9200669
-3.7983273	-1.2997651
3.0120577	-4.8605070
-4.5163757	6.2408108
-0.1906430	-2.7386654
-4.3569327	-2.7482704
-3.1777545	0.6668395
-6.0379848	-3.0111331
7.2926719	-2.3851772
-0.5044442	0.8751949
2.2806828	-5.6000542
2.9595641	3.3848374
-6.6421244	-3.5454478
-2.8403681	-7.1650565
3.7661699	5.1370348
1.6965457	-0.6280837
3.9641207	7.2767957
0.9405345	3.1098526
0.3709245	3.5094294
3.9077752	6.4882379
-7.3295773	-3.7814626
1.6962488	-4.7842771
-6.7101045	5.5780272
-1.7917382	-2.7667940
-2.2804415	-4.8219506
7.4892220	0.9843589
-2.7323508	4.1197381
2.9546877	-0.0197941
-7.2857949	-5.5060118
-2.1885249	-6.7237100
3.9910752	-1.4644217
-3.6908679	6.6885873
4.2080862	-0.5385056
1.5972508	-5.9854479
5.2103219	-6.8620957
-1.4484753	1.1495987
6.4772543	1.2456811
4.6032153	-3.5872975
3.3037941	-0.0830193
-6.1433389	-6.4966530
1.6604710	-5.4033642
0.1062832	-7.0877415
4.8227192	5.8066604
-6.4537586	-4.4812066
-7.3901533	3.8465696
2.2838722	2.4837249
-4.2416498	-0.3708180
3.6625552	-0.6528802
4.6450967	-0.5253140
1.7477359	-6.1902251
-4.3912433	-7.4093059
-2.3531808	0.3945096
5.0831063	-1.6484040
6.4354658	-2.5669762
-7.3293731	-2.5799897
0.3717587	2.1448685
-0.3179417	-1.8486303
4.7980733	-1.2701247
-6.0240511	-4.4121482
5.1280225	5.3217540
-6.4988624	0.1054609
-1.1322309	6.2862060
-6.4725793	-5.9488685
4.9103184	-5.5777444
-2.8553981	0.2862776
0.6464045	-3.2136996
-3.1177327	-5.5433497
-4.2835466	4.0722389
0.7635289	5.1347304
3.0470536	7.3701162
-6.4053312	6.2827669
6.8763736	0.5891020
1.1424827	-3.2385728
3.1843939	-2.5821362
2.3372018	-4.4627785
4.1009251	-4.2307875
-4.7960471	6.9286007
6.6567694	-2.2812836
-2.2750410	-2.3056742
6.5415188	0.5142389
1.7459446	-1.5101367
3.3987654	6.7203102
6.3445198	3.2435338
-0.2070181	4.7328021
1.9346300	-6.2339231
0.0582289	1.5782332
-7.0286987	5.0822965
-5.2775582	-0.0285727
1.2345391	-4.1043025
-1.1124229	-1.5806149
6.5807515	6.1460569
-0.3507676	-2.7957323
1.0126790	-3.9687334
-2.2035409	6.6765491
-0.7610079	-2.2706697
-0.1134100	6.1518573
-3.3303435	-7.4514200
3.1574648	-0.4488729
-2.2045753	1.2185290
2.9849975	-1.3658531
-3.6016138	0.4888722
-0.7705066	-6.7058152
-2.7527516	7.1302825
-3.0662029	2.8550890
-5.9424996	-1.5790656
5.0968959	-4.5427772
3.9648711	-4.3202943
-5.7722597	-1.5181019
-4.6056920	-1.5583084
5.4399335	2.2525583
-6.4781533	3.7995823
-7.2863134	1.2379588
5.5924103	-6.3733586
-5.3072895	0.4311126
-4.8794901	0.5959901
-5.3846205	1.7762707
0.4840906	3.9793756
-3.5371345	1.4607299
5.9399257	-3.8804930
-0.8604968	1.1385494
-5.7606858	-0.5484537
-4.6343423	7.2044897
-1.1504265	2.8240270
-7.3277361	-2.0353952
-4.5991942	1.7856788
2.8546972	-1.6227556
6.4902765	-5.6966404
-2.7902437	-2.5825333
1.6648663	2.2321929
-2.6184640	-4.0385052
-3.9924811	6.3206929
-2.6820452	-4.8169094
-1.0218392	0.8368617
-4.6694602	-6.3443534
-6.3671446	-4.7115681
2.8221680	1.7528222
-3.1773650	-1.4583644
-2.7791129	-3.6026619
2.0392917	-3.6882603
-3.6515283	-2.5159913
-0.7545950	-2.2439472
-4.3663097	6.5623041
-1.1684763	7.2832665
-1.8989847	5.0051859
-3.6805738	1.5945795
-5.8181526	2.3939627
5.7495155	1.5314929
-5.5424640	-6.4278447
1.7466439	-7.2877646
2.2857230	6.0222346
-2.6911117	-5.6329777
-2.9055199	-4.4423191
-6.2171659	0.5517875
-5.9896297	6.0148610
5.4056536	-5.7655505
1.2791586	6.9914501
-3.7124705	-2.7555389
-2.3774951	0.7008071
-4.1949498	5.4568185
7.2777009	5.5346125
5.8114224	1.7982014
-0.8670171	4.2319160
-4.7137037	-1.2024428
-2.1089143	1.2748531
-2.5737806	-1.7041164
-1.6131275	-2.7794585
1.5882162	-4.1420734
5.0484281	0.7848234
0.7883133	-2.5561136
1.1323257	-5.6210314
-2.0873974	2.3256479
2.2337098	0.4395458
0.1862166	-6.7660775
-1.9710392	3.1615630
5.9824516	3.0185225
7.2355508	1.2032958
0.9458179	-5.2393363
-5.6470375	-0.7803015
-7.1415783	7.4401668
-4.2982147	-0.1730605
6.2616018	2.6667428
0.1024906	-0.4991788
3.5704447	-6.5091734
-3.9505208	5.2257912
-5.0939879	0.8992370
6.9743145	1.3226024
-0.0303409	-5.4200357
3.0306523	-2.4458274
-2.3791862	-4.8471736
5.3351776	-5.9555436
0.2106982	3.0523330
-4.4657676	-6.3933164
6.9037977	-6.0403202
-6.1333794	2.7217146
2.7819199	-7.0408849
1.3434453	5.7898925
-3.9810728	3.1454932
-0.8668131	6.2262459
-5.4590353	-2.5049437
3.1424617	1.4086550
-6.5041381	5.6568481
3.4091468	-1.5883869
-5.6299162	4.1774048
1.0873340	-4.9879278
0.2258231	-0.4317314
