jMRUI Data Textfile

Filename: dataset7_WS.txt

PointsInDataset: 2048      
DatasetsInFile: 1         
SamplingInterval: 2.5E-1    
ZeroOrderPhase: 0E0       
BeginTime: 0E0       
TransmitterFrequency: 1.2322E8  
MagneticField: 2.9E0     
TypeOfNucleus: 0E0       
NameOfPatient: dataset7_WS
DateOfExperiment: 
Spectrometer: 
AdditionalInfo: dataset7_WS
SignalNames: dataset7_WS.txt;


Signal and FFT
sig(real)	sig(imag)	fft(real)	fft(imag)
Signal 1 out of 1 in file
265.2665100	-107.6418000
475.5763100	-216.3602800
325.7104700	-366.8432600
132.3536000	-432.1757200
-46.7273030	-392.3109300
-174.6478200	-281.3855000
-225.5764800	-140.9849100
-201.2410800	-20.5194250
-127.0083400	54.8292150
-39.8056630	77.9379740
21.8182420	49.3079080
52.7751410	-3.2807977
47.1768670	-50.3296550
17.1277350	-84.5491250
-26.2292820	-88.1535130
-54.6632680	-76.7276650
-75.3375030	-55.4762710
-88.7647500	-28.6263300
-84.9722530	-5.6712648
-84.3853090	14.4955200
-77.0034170	37.1135830
-59.1147980	57.4474520
-34.2059200	75.1577510
-9.2169628	75.3148140
22.0061910	64.8646340
44.5803670	40.0145990
50.3942310	8.0945143
41.5000010	-21.2941900
10.0802520	-39.4893540
-20.1177930	-41.0541090
-48.1564670	-20.5333080
-61.0847210	14.0862000
-54.7832910	46.3633860
-27.8899860	72.2268730
3.4951358	82.4952100
36.0472220	75.5974770
65.5234900	60.0154700
74.2932360	29.8437870
78.9074730	3.3842285
75.6298130	-15.8982240
61.8314800	-37.8092090
45.1106020	-50.8550620
25.9545070	-57.7684160
5.6734359	-54.8455330
-10.3091380	-50.9167210
-23.6304650	-38.7555680
-26.8631210	-19.5003530
-21.3458440	-2.0336462
-7.4027462	10.4171830
8.3422012	5.9528241
21.2413480	-5.5111849
17.7341610	-24.2775530
6.0435555	-39.9065330
-20.6107960	-48.5110400
-44.6024520	-39.2000240
-62.5734840	-10.8290900
-62.6007510	19.3576930
-43.9081710	53.1454320
-8.5116369	66.1153480
29.3184620	62.4575870
57.8993780	35.5590260
67.1642250	4.2868619
60.6420540	-33.6507090
34.0067170	-56.4753890
0.5409605	-64.5964370
-27.8852880	-55.6581650
-47.9699450	-37.7437030
-52.2684850	-12.7061770
-49.8503940	6.3556734
-38.1145530	16.4869950
-28.8021130	24.1019900
-17.8607610	25.7576440
-7.0678861	29.7465210
-0.3797485	23.8621400
8.3579995	21.3108780
13.9908710	11.9068990
17.1400630	1.1417893
11.5669940	-9.1693938
3.1920704	-17.1055520
-13.2278650	-14.7361950
-26.3539930	-4.8828567
-29.5787560	10.1882490
-25.5906570	30.5759420
-6.4600918	45.3666540
15.2308210	47.3928840
37.2256640	33.8166340
50.6505390	11.9696010
48.3454030	-15.3009810
34.3455170	-36.8856630
6.6782063	-47.6500770
-19.9586370	-40.8710270
-35.1586760	-20.9052050
-37.9687280	6.5399963
-28.5808400	25.5225420
-10.5752720	42.7931230
15.1294570	43.2625950
34.4247820	33.1789420
50.2268010	9.5211127
49.7814230	-10.1177040
40.7545840	-27.4677360
23.6582830	-44.0183130
8.3646455	-47.4469360
-10.6291610	-51.6749120
-26.3751970	-44.6130450
-39.6777950	-31.1810560
-48.3887440	-16.7928170
-49.2664260	1.0917982
-39.6683380	17.7299160
-29.3394130	34.9118620
-11.7075750	39.2894000
9.7834146	36.8802050
18.7706180	22.8626280
27.5992280	7.4282117
18.7897850	-5.7201212
10.0388600	-19.0855640
-6.6376935	-17.2957870
-15.7633760	-11.4550720
-23.8561750	1.9276925
-19.2380240	19.7347280
-6.6342629	27.5030020
11.2034270	27.1203470
26.8024890	20.5171840
34.2021490	2.1086166
31.5687310	-13.8969820
19.5913760	-27.9784100
7.0290844	-33.4425210
-8.1813691	-29.8612420
-20.4695300	-23.7641900
-29.2908910	-10.8411860
-32.4321670	4.5122011
-24.0426070	12.2084350
-21.2590910	24.0482600
-6.8680276	29.2713740
4.1960005	32.6423070
12.0233400	28.2312120
23.8001290	25.1061490
32.3111070	14.3128770
35.2862000	-1.1192153
31.4695330	-13.1712490
23.0155980	-22.1547570
8.3201641	-29.6971440
-0.1944463	-26.6344810
-14.4175630	-20.7631370
-14.8461070	-9.5016092
-17.3985090	-0.8768418
-7.5455053	4.7715299
-2.5971916	6.1683638
1.9917043	0.8799999
6.7582833	-5.2507771
0.5831886	-15.7375460
-7.5307922	-16.2466650
-15.1932760	-16.9583410
-25.7610030	-7.0870415
-29.5850720	4.7573829
-24.2389530	14.6445880
-18.5735840	23.3289990
-4.4993963	28.2194270
10.0920940	31.6177660
18.9963250	24.2505070
25.7732810	11.9239690
27.4610720	-0.4489694
20.8794260	-13.0504590
12.0051960	-22.4381820
1.5879910	-30.4753820
-14.8429750	-26.9333400
-24.6798210	-21.0461380
-31.9634930	-6.4495165
-33.6172670	6.7546509
-28.6120750	24.5896670
-17.6443550	32.6259140
-6.1514030	34.7796630
8.8057255	36.1929920
21.7240640	29.3437910
24.7107110	19.6924180
27.5460640	9.0133099
20.2374280	-1.5757520
19.8187830	-4.6212021
14.8465870	-3.2752020
8.6438996	-2.9838054
9.5970574	-1.8813805
15.3076040	0.1007428
15.8681460	0.1271427
20.3069640	-5.1657700
17.9355230	-15.8938040
16.3093660	-20.4761650
7.5337021	-27.6768590
0.1925521	-28.6211190
-5.9493666	-30.1886090
-18.1919860	-23.9454580
-21.9386750	-17.2059510
-30.1347960	-8.4925742
-28.5469170	0.5066548
-22.7360970	9.5540925
-16.9574440	15.6370710
-10.3946400	19.4770010
1.9360260	21.4900710
10.1611780	15.1562250
12.5967520	11.2189210
15.8153930	0.5278500
8.9121071	-7.1162496
3.7465032	-11.7363670
-2.9318909	-12.4408150
-6.2246375	-5.9642991
-8.6410717	-1.1728186
-11.9919710	3.3929420
-6.3475980	9.9478658
1.7483733	8.5329387
7.5639291	8.3055007
7.1679595	5.3359325
7.1881120	0.6760989
3.0679187	-5.4109998
-1.8928776	-6.8773563
-7.5468869	-6.7856842
-11.1223820	-3.8619164
-12.0342820	3.0812382
-10.5842660	12.0659510
-9.2576645	17.4377290
1.4386898	19.1762460
4.7584143	21.5960120
14.6928180	16.6790070
19.5879950	9.4561429
23.9806230	0.4271070
25.3544090	-8.7592141
21.5619490	-17.1109940
11.9257440	-20.7848770
4.7508601	-26.5277350
-5.3702579	-23.2751820
-15.2366330	-16.6622950
-17.9078160	-8.3536930
-17.0123420	-1.0101234
-13.2330250	8.2227468
-9.5991816	12.2202640
-2.3749833	9.7537560
6.1466149	6.5165046
10.0711230	2.9842797
11.1596410	-2.9853334
8.9030700	-3.3543460
2.7761690	-9.9232989
-1.2528946	-8.0800665
-5.4825341	-7.2597238
-2.1895002	-2.8458745
-5.6482806	-0.7967683
-4.7338218	1.6389325
-1.7544525	-2.9419818
-0.4304993	-2.8751923
-0.0438738	-3.1673963
-2.6194634	-6.5229100
-1.9272847	-9.8884774
-8.8885997	-10.3575830
-11.9021970	-7.0774462
-16.5410690	-5.1208828
-15.9151890	3.1727184
-19.1849970	6.8675686
-18.1358420	14.6821660
-10.5664590	18.3865580
-2.3710040	20.8988740
7.1137714	20.0935100
15.4687170	13.1682100
15.7740180	8.9584750
16.7036480	0.5296869
9.7189369	-4.8626001
2.5519055	-10.9922650
0.5104197	-8.9404088
-6.1381758	-3.9599163
-8.4769934	1.0124703
-2.0195664	4.6714864
-0.7447181	6.6359667
1.5345486	8.0336683
7.7462751	3.9519114
9.0580810	4.8788079
11.8630810	-0.8763143
9.9314793	-8.0495815
6.5552337	-12.1621110
0.4186133	-10.8862950
-4.5592015	-8.8751731
-4.7888103	-9.6534715
-5.7792040	-3.0477081
-8.0055997	0.8972435
-5.2807739	2.8226861
-3.4729387	9.2542038
2.0708039	8.8539754
9.3611236	7.8694059
8.8147120	1.4418952
8.8391492	-7.1921799
5.4056102	-11.0261570
0.1328582	-16.3774540
-5.2949816	-12.6467170
-10.5310060	-11.0603740
-16.9612430	-7.9407983
-16.6859340	2.3591518
-15.3491050	10.6328020
-12.6628920	15.9169260
-1.4669912	17.0338460
1.9828762	14.9308520
9.4861977	9.4465198
10.8375320	6.7728752
12.8592990	-1.6008607
10.5009700	-4.2391076
7.0586961	-7.6628456
3.2656145	-10.2094560
-0.4117989	-10.0268700
-2.5182463	-8.6457396
-4.5796135	-6.0604530
-6.1043918	-5.4566876
-8.0431218	1.5638908
-6.9661190	5.1007986
-4.0504071	5.3336987
-2.4985475	5.4757066
-0.8244392	4.0771121
0.2710343	0.9141210
-3.6747628	-2.4336279
-6.3187238	-3.2546915
-6.2243896	-0.9515748
-9.3787745	4.6786288
-8.3467628	6.8815899
-3.8318107	9.4892882
0.1145792	13.2998170
5.9426585	14.6211420
12.9602320	7.7152029
16.5157790	2.0360270
16.8850090	-2.4263894
9.9498423	-7.3424887
7.4492702	-11.3231500
3.1436197	-14.0472150
-0.9570936	-11.6754750
-6.4644186	-5.4493324
-2.9845159	-2.9692010
-2.7387245	-1.5633616
-5.2012005	0.3263107
-2.7835585	1.1557372
-3.5304546	-1.2860728
-1.1000329	-1.0781930
-2.9582578	-4.3003563
-1.3817017	-0.3851386
-2.4158583	-0.9149827
-3.4698514	-0.7247670
-4.0261960	-2.8904730
-4.9384560	2.0728176
-4.7460274	-0.3100213
-3.3306908	5.6803986
-4.4752151	6.7346748
-0.4466383	4.5260826
0.4742311	2.7002655
3.8409742	0.7129404
4.2819212	0.1636359
0.7306480	-5.4282860
0.9498811	-3.4714407
-2.5210169	-7.4647654
-8.8627868	-3.6022345
-12.9977480	1.1419445
-11.2614960	9.9222240
-4.8010955	10.0620090
-2.7942957	16.0993960
1.5997992	14.6201430
6.8750724	16.6782140
12.3819630	11.7770890
13.3349580	1.7343622
14.5679240	-3.9691079
10.9489330	-4.9013195
7.5826476	-11.2000910
5.9557381	-11.7083180
1.0219533	-12.6455460
-2.4882652	-6.8485919
-3.6125795	-5.8242201
-4.1948375	-5.8021378
-4.3783940	-4.4072940
-2.7279174	-2.5719778
-1.3209433	-5.1856539
0.3055067	-2.6525931
-1.6741471	-7.0139487
-6.0194106	-3.5532785
-7.4499996	-2.5958144
-9.8796030	-4.2931291
-12.3799210	0.5844367
-11.1629270	4.3426692
-6.8548329	9.2758680
-7.6620978	13.4807730
-3.8249801	14.4324030
1.4735572	15.2388510
8.5910521	7.8917570
11.2161260	8.4966830
12.4701710	-1.2785371
10.0970130	-4.8229831
11.0099780	-9.6215818
3.2578509	-9.8639341
-0.9255638	-12.0915440
-2.5568987	-10.5221910
-8.2719540	-7.0788570
-7.8546441	-1.0782277
-10.4864080	0.8522544
-5.8220076	7.7089761
-6.0515357	9.5577801
-0.1858155	6.7267377
3.4293242	7.3923882
9.7762615	2.8675389
7.7201951	2.3005306
8.4395593	-0.9859551
3.2637812	-4.0373510
-0.4924520	-5.2725138
-1.6289010	-7.5637500
-2.7121720	-1.6208556
-5.0834823	-0.5128396
-3.9465266	4.4126721
0.8357893	3.1849239
1.7547443	6.1917357
3.1363844	1.6442837
4.3168902	-2.9057204
3.1475910	-1.9059605
5.4728773	-9.0280024
1.8396514	-7.1719940
-4.7948147	-4.2956781
-4.3917026	-3.1661844
-4.5698621	-3.2115257
-6.0116510	-0.6349807
-4.8354578	4.7948839
-3.0281764	7.6864751
-2.2898833	7.3277295
0.5237843	7.1133891
1.2666382	1.5447547
5.5652579	3.1951259
6.2098670	0.9482288
5.3470581	-0.3491632
0.9898371	-2.1283740
1.4370836	-2.2009039
-1.5117918	-3.0089287
-1.2118006	-5.6206915
-1.4829233	-5.7718231
-1.8625804	-2.7110270
-5.9566301	-0.8335310
-7.0200977	-2.2266755
-2.9847873	1.9965865
-4.4809191	-0.5698018
-3.4906567	0.0712959
-5.6457784	2.4346134
-5.1653174	4.5505927
-2.6086092	6.4739638
-5.1070388	8.2482148
-3.1460057	5.9488971
2.6632127	8.5747740
7.0525860	6.3417409
6.0248434	3.8887043
8.2295780	4.5045952
9.0923243	-3.0504438
7.1269840	-4.5794745
2.8390197	-4.2466332
-1.1400741	-8.4542817
-0.3476628	-3.3542607
-5.2951827	-6.2754165
-6.4705467	-3.5561078
-6.2685642	-0.7100565
0.0431848	3.7954257
0.2872335	6.5265190
4.0067501	4.9912163
4.3321633	3.2012224
4.9985995	-0.4905469
4.0744706	-3.9776428
4.7733911	-3.9013409
-0.6286578	-4.4226412
-2.2266940	-5.4016261
-2.8417246	-7.6610139
-5.3969357	-1.8055111
-8.2843770	0.0606197
-4.3916400	0.8449314
-3.4213196	2.3096267
0.7349729	6.1715535
2.7289506	4.1594947
2.5984639	0.8589766
2.5315017	2.6210852
0.1452652	0.0498151
2.0954005	-0.7542385
0.3070264	-2.5567910
-2.9043191	-3.0473477
-6.2461750	-0.3410079
-6.0993219	3.9045170
-1.3677595	6.7905123
-0.3558645	7.1050774
1.5048191	5.9145464
3.5285865	5.7833018
6.8796137	4.2847378
6.8093718	3.3153245
5.5840413	-0.5393771
5.3780744	-4.0539362
4.0861848	-4.3654325
-1.8480878	-9.3512994
-4.0422705	-5.7432270
-3.0978391	-5.6208824
-7.4268675	-0.8279176
-4.7082880	-0.5807929
-3.8356789	2.4679737
-5.5188812	4.0478130
-1.1429195	4.5847472
2.6960056	5.8978827
4.0895827	2.3913269
5.6508762	3.6810090
5.5824354	-1.9546570
4.7373399	-0.7657256
1.1375414	-4.1424178
0.0332042	-3.0342302
-1.0780702	0.0497999
1.5664988	1.8747036
-0.2695505	1.8318299
2.9298718	1.9057291
3.8923769	2.8975118
5.9255844	-0.0357071
2.8935288	-2.2261262
2.6981258	-1.8820606
0.1520138	-6.0675458
0.9154306	-7.6971495
-2.2736851	-6.8058600
-3.0737901	-1.6724363
-6.3653420	-2.7165471
-5.2927245	-2.2842202
-3.6090501	-0.4016476
-0.6147023	4.4604988
-3.5937815	4.9280076
-1.7797721	3.9504864
-0.4371032	5.2801046
0.5180581	2.8794266
5.0680143	-0.6576676
4.1787007	-1.2297687
1.7789033	-3.8052200
-0.4849701	-1.1987680
1.6103447	-1.6341999
1.0648144	-0.4591604
-1.5879595	-0.5328129
-1.2438983	-2.8104461
-0.9225167	-0.9502383
-0.2906387	-3.7651804
-0.3140958	-3.7613738
0.0284372	-0.3087147
-2.8604147	-1.9060789
-3.9138849	0.7156035
-7.0675019	2.3360448
-6.3148540	5.2801118
-2.6261510	3.8157156
-0.6516295	7.4160361
-0.0375512	7.7420636
3.1211669	5.6320259
6.2817370	4.6695665
5.4799606	-0.4794332
9.9414510	-0.1091501
7.0136621	-5.3789014
7.3156844	-3.2181785
-0.6395768	-4.5735906
-1.4249688	-7.3690654
-0.8295538	-4.1514747
-3.0521353	-1.6978388
-4.1622096	-0.1241131
-6.1003296	0.3887979
-3.6255591	1.5937552
-3.7242871	0.6819114
0.7308165	0.7310289
2.2478097	3.2135962
1.0202307	0.8301276
2.4818185	-3.1953890
-1.0939633	-1.5985496
-3.7374080	-1.5952590
0.2317948	-1.8815429
-1.8108831	0.3130296
-1.0271810	0.0128479
-3.8182926	5.8600258
-0.3799496	5.1556736
-0.4509963	1.3678539
3.9009977	0.6484810
2.6698302	-0.2812446
2.7061574	-4.6898135
5.1284252	-5.5576884
1.9442788	-2.8453331
-3.3725943	-2.0817006
-2.4943739	-2.6578247
-2.3537903	-2.0981024
-7.7821018	0.8885308
-2.1942995	2.2869306
-1.1442573	4.2905478
0.9369875	5.7233994
1.5888521	3.1147404
1.2677164	5.5870727
4.1054937	1.1201981
3.6280499	0.8970463
7.2686404	-2.6362045
1.3149476	-4.8877290
2.2038529	-1.6747370
-2.1353969	-2.2952335
-0.9577708	-1.7315307
-0.0268510	-3.1340828
-0.1622728	0.5679754
-2.6314932	-0.1615711
0.0882351	-0.0808215
3.8212585	-2.5302202
1.1755101	0.4012601
-0.5834521	-3.6885712
2.6054822	-1.7143528
-3.2179148	-4.9578779
-1.8986301	-4.1642792
-5.6797342	-3.0664840
-6.2036492	-2.3894318
-2.0966991	-0.2916620
-2.1531018	5.3694972
-3.0778005	2.8439995
2.1160759	2.0053476
4.2327665	1.4223323
4.4130450	-0.2114225
5.8696288	-1.3765871
4.8544950	0.5133539
2.0766347	-1.7180223
-0.9618708	-1.4794032
-3.3934713	-4.7390906
-1.5873609	-2.1861357
-3.0882950	1.4529295
-2.0652059	0.1947973
-3.4171768	-0.3578546
-4.3469023	3.5137908
0.6882623	5.7755665
1.8887569	3.1345828
-0.5238702	3.1480858
2.4784479	-1.2482708
2.1136415	-0.3723634
2.1619013	-3.0928296
0.7772478	1.1737053
0.0066070	1.1268602
-2.2834722	-3.0813649
0.5257471	2.2969648
1.1238734	-1.9550644
1.1797368	0.0326637
0.6515894	2.8293615
3.9095279	-0.1226167
-0.6705381	1.3262179
-0.9217640	-1.2532671
-1.9233915	-4.8173950
-1.5256986	-3.9752750
0.3860007	-0.4852697
-4.3139658	1.3313388
-5.7807400	-2.1214716
-5.6389740	1.7439628
-4.4062885	0.5271205
1.8383651	3.1751486
-1.0623407	4.6545137
4.3994808	1.2181843
1.2475441	-0.7463570
3.6690471	1.1499907
0.2234461	1.2513169
3.2064187	0.2513964
2.4419265	-3.2058856
-1.6876408	-1.6016697
-4.2907712	-1.4579647
-0.3552559	2.3245027
-0.7304189	-0.1613272
1.6174228	1.3990537
0.6278319	2.4274290
-1.0712825	1.3073177
1.3502469	1.1610044
0.4925120	2.3507437
-0.9624605	-2.4600499
2.3711152	-1.7262465
1.7689578	1.6078996
1.3582058	0.9451933
-1.0750426	-1.9827440
0.6996878	3.0661711
-0.6670319	3.6694804
1.8423921	4.3593489
4.5848178	1.7700056
1.3344461	0.6258871
6.4617792	2.9066257
4.3857652	-1.0127373
3.5716622	-4.7352848
-0.0027271	-2.2896376
-0.6227449	-1.8060273
-0.6312895	-6.6859599
-3.1587959	-3.5012818
-6.4316644	-3.1017392
-6.6281830	2.0364950
-2.0188473	0.4152663
-0.3771395	3.6867085
2.8988517	6.8397703
2.7591488	6.0578237
6.1287756	3.6755745
3.2001015	3.4096898
2.8212163	0.3706989
4.5312330	-2.6788863
1.6893314	-4.1784701
0.7737481	-5.6985697
2.3559782	-1.2576518
-0.4427819	-1.8995486
-3.5289096	-2.8081413
0.4979004	-0.3171812
1.9358213	-2.6948578
-1.8712531	-0.7959458
2.1659579	-1.8183067
-1.5744054	-2.7665373
-0.3319339	0.2500740
0.8454192	-2.5987667
-1.6468531	-1.4498497
-0.0970562	-1.0963256
-4.4938843	-1.7129217
-0.9736485	-1.4312436
-0.7642017	0.5378458
-0.1245104	4.9344704
1.2908440	3.4890695
0.6974533	1.8627898
2.7398814	2.7399539
2.2727162	-0.5009675
4.8124512	-1.8307892
4.1134041	-5.1097442
-1.5263420	-1.4431009
-0.3653211	-5.5274986
-1.1049745	-0.5893016
-1.6903920	-2.9468462
-2.9414814	0.2941242
-3.1972990	-1.7940981
-2.1653170	2.4086224
1.0012426	0.9511195
0.2346736	0.4985648
-1.4982933	-1.0292454
3.1291730	-0.1362829
3.5145716	-2.9698191
2.7475618	-0.3881725
2.1644619	0.8904012
1.0391664	0.8495200
-2.8580672	2.2229947
-1.2951643	2.3438265
-2.7550513	-1.5024427
-1.5708679	-1.1277137
0.9002711	0.8522953
-0.4976720	-1.8123286
3.9479074	-1.1569030
2.6313226	-4.4279308
-1.4366597	-2.6601863
-0.0576352	-2.6224505
0.0026389	-1.4674938
-2.6558233	-1.8212821
-5.9916393	-0.4985541
-1.0066565	2.2298251
-2.0898649	2.1098210
-1.1231364	1.4592220
-3.2682741	4.5430027
2.6507286	3.4785998
-0.6313079	4.0474420
1.3212181	0.5308307
4.2715662	-0.3116762
2.9223919	-0.0339486
2.2808205	-1.4330113
1.4544204	-2.8729007
-2.0252933	-2.7980175
0.5083959	0.2361619
-0.9420632	-0.9316658
-2.0059664	-0.8944104
-0.2941886	2.9799124
0.2224897	2.3238573
-2.1486648	-0.5349257
2.4464496	0.3505647
2.3361116	1.6596881
-1.7806798	-3.3036827
0.4238169	-3.6685685
-1.1601015	-3.4867776
-2.6931436	-1.8536616
-2.2292106	3.7519942
-2.3145575	-0.5350720
-1.4251433	0.8599567
-2.4514017	5.9511072
2.0668032	4.8484585
3.8641270	5.0029530
1.7179729	1.1186475
1.2737253	2.9300662
3.4648484	1.6256596
2.9060000	0.0060830
-1.4531454	-3.3874058
1.0812892	-1.9093678
-3.0971781	0.2254252
0.6145552	0.1385669
-3.3337018	-0.6592470
-4.0800483	1.8337009
1.3256929	1.3360237
0.3754559	1.0030077
0.5550338	-1.0001957
2.9757657	2.5156133
-0.5136707	2.0896865
1.1187463	-2.0011603
-0.7246852	-0.5558205
2.5721485	-2.2757214
-2.3068652	-2.5108484
-1.6195573	2.6570324
2.1659875	0.7426472
1.2857640	-0.4108961
-0.1556931	-2.0291498
2.2951697	-0.2883058
3.2526028	-2.3365724
3.7562775	-2.8427844
1.9255603	-1.8369638
2.5416547	-0.3062591
-2.3734170	-1.2981770
-2.4712461	-1.6602978
-0.0081540	1.3369799
1.0747744	-1.1712718
-1.7130798	0.1087287
0.1962508	3.2091833
-1.6645058	-0.0933636
-0.6480240	-0.7990635
3.8103841	2.7900549
0.1248133	0.3092515
0.8402922	-1.2275117
-0.2538733	0.5094190
-0.5549700	-1.8700132
-2.6877610	-3.5829378
-1.4316669	-0.3567480
0.6223165	1.2018831
0.4934296	1.8756915
-1.2704796	-1.7581637
1.6797601	2.4119118
-1.6809560	0.6730967
-1.5855714	-0.5565714
0.2139231	2.9080229
0.9215113	2.2689741
-1.0330084	1.7719779
0.5926207	0.0109775
0.1390475	0.9658111
1.1858264	-0.3012058
-2.9559808	-2.5985665
-0.2866449	2.4293134
0.9850672	-1.7261986
-0.8894958	-0.8158606
-1.9818263	-1.6991312
2.3358228	2.7972744
2.3976808	-0.7414730
-1.6515418	-1.9746901
-0.8269791	-3.3824882
0.2497673	-0.6063473
2.2887510	-0.8033584
0.6947371	-4.0731529
-3.3928321	-0.2408550
-3.4934350	-0.2451349
0.0050689	-1.3818776
0.4369917	-1.4463816
-2.7298286	1.4325792
1.4502524	-1.0609327
-1.4817207	0.3032831
1.6316950	2.1002183
4.0582949	-0.4348609
2.9152418	0.1301556
2.0360260	-3.0069540
-2.6141338	-3.3385412
0.5474926	-3.0636236
-1.8161362	-1.0667065
-0.8945828	-2.6893535
-2.1205560	-0.1928124
-2.6639678	-2.2677542
-0.4930476	0.2046489
-2.6254737	2.4638343
1.5423851	0.7227920
-1.7427621	-2.3168899
-0.6579877	-2.8298353
-3.1460590	0.3062788
-3.5007831	0.5148584
-4.1197671	0.6789167
-2.6371030	0.2840528
-1.7067510	-0.1768091
1.1586211	-0.7046556
-0.1162726	-0.2551145
-0.7129789	4.2497147
2.5252204	1.1863306
2.5690995	1.6560055
2.7098403	2.1362799
-1.3204462	-1.8370231
-0.9238152	-1.2745446
-0.2402343	-1.7113484
0.7789347	0.4253164
-3.5520371	-0.3965359
-0.0677214	-1.8765553
-2.9341932	2.0631826
-1.9311627	2.0305426
-1.5023024	0.8264019
-2.6541754	1.3197543
1.6726451	-1.0948711
0.7445280	0.4194411
0.1019503	0.5383453
0.1371069	-0.8571410
-2.0414383	-1.5727380
1.1543605	-1.2286678
0.1973742	2.1363869
-2.1542426	-2.6637035
-2.8873129	1.4765672
0.6558338	1.9149399
2.1300764	2.9093628
0.4386317	-1.2669080
2.0037951	1.0018497
-0.9583826	-0.2586635
1.9971782	-1.9659473
1.2582524	-1.3251885
-1.2618129	-0.4814670
-0.0226057	-0.7049168
-3.3498757	0.9507225
-0.3757634	-0.4465278
-2.7785006	-1.4109674
-3.6209878	0.3768355
-1.8098340	2.1295004
-0.5885258	4.4218909
2.5282998	-0.1599530
-0.3780988	0.6320204
2.8881861	-0.1397014
-1.3735631	-0.3378453
1.7313128	1.1417503
2.0359009	-3.2883467
2.2500831	-3.2949157
0.9060376	-3.2718137
-1.7505424	1.6502830
-2.6609532	-1.3673874
1.0543039	0.0503156
-1.2363101	-2.5239670
0.5390495	0.2139975
0.8173599	2.1074713
0.0869358	-2.3033990
-2.7164468	0.4084130
-0.2530711	-2.6030093
-1.9795823	1.5222451
-1.6120013	-2.3344920
-0.8957284	0.6127004
-0.6411811	3.5917693
0.1751578	1.9206886
-0.7429370	0.9216165
1.4790762	3.8128961
1.4345170	1.8263440
1.5295812	2.3999480
-0.9389149	-2.4388198
4.0507990	-1.7297699
-0.8924359	-0.0180349
1.5416840	-4.0369942
1.1514333	-2.0456123
-0.1164916	-2.3439414
-0.2633930	1.3180865
-3.7405539	-2.8777651
-3.5650516	2.5767519
-1.6647825	2.5995288
-0.9492775	3.5801350
-0.4120863	-0.1357123
0.4042363	0.0414336
1.8435675	2.6059619
-2.0822937	1.6481047
-1.6755225	1.0321621
-1.4000640	1.9886055
1.7099980	-1.3666745
1.5651379	-0.9145438
0.0397678	2.6379959
-1.9138898	2.8908491
1.0767264	-1.2499121
0.5664567	1.8635001
1.6868653	-1.8890790
1.8314527	-0.5654174
-1.8806754	1.8406873
2.9176221	-0.4541250
2.2853310	0.4854067
-0.5437552	-1.9174398
-0.6768022	0.2008666
-3.2146110	-0.4724407
-0.0118461	2.1972107
-0.7489925	1.1661748
-2.1577144	-1.2588223
-2.0768203	2.7559444
-0.2337012	1.0125737
0.4408807	-0.2091014
2.9704304	-0.7954398
3.6988850	1.7259459
-0.9547276	-1.3316578
-1.2224106	-0.8841454
1.5481389	1.5255992
-0.3771459	-1.1608245
-3.3163988	-3.2438515
0.2437258	0.1500703
-0.7926300	-1.7969697
-0.1384894	-2.1253570
2.6327063	2.5033017
-0.5414010	1.8127827
-1.5948597	-1.1748820
1.7464296	-1.9900526
0.7131131	-1.3726375
-2.8085469	-0.5533828
-2.7860269	-2.3682889
0.8840118	0.5057396
-2.0694408	0.3919861
-0.6079547	0.5534939
-0.8660536	1.9355043
0.2462139	-1.8594320
-1.1007556	0.1692714
0.0788779	-0.6201148
-1.9599088	-2.0476697
-1.9462078	-0.0253128
-0.8404969	0.3551314
-0.5864757	-2.3420662
-0.5991520	-2.5565920
-0.6718930	-0.7969112
-3.1323784	-1.3762897
0.1282249	1.7613321
0.0101525	-2.1056473
-2.5173547	-2.0821532
1.2977209	1.6236419
2.5492794	2.4231661
2.8264085	1.8016441
1.9304041	2.0288418
1.1332211	-1.8553756
-2.1272918	-2.2278370
2.2595593	-1.1694364
0.2396874	1.3004090
-2.1192594	-1.4264173
-0.8963753	-1.9180536
1.8826708	0.4749734
-1.1393341	-2.0630368
-1.0106740	0.9043084
-1.3046251	1.1553785
-0.3643016	2.1506488
1.2090652	-0.5061468
-2.1237078	1.6486291
0.0820193	0.0887943
-2.0580759	-2.0493392
0.1686250	-2.1963778
0.8214500	0.3315183
0.9395744	0.2162541
-2.2211078	0.4061427
-2.8981032	0.3620874
-2.5361444	3.3933047
3.2051765	3.2628706
-1.1860168	0.5767600
-0.4553081	-0.4900763
-1.1629096	2.0768041
2.2495224	-0.7247809
1.2144404	-2.6888553
0.7316933	-3.2818214
-1.5931189	-1.3943144
-3.6709571	-0.6956747
-0.0390571	0.7757548
-3.3483783	2.4423016
1.2620055	0.0336295
-2.3340869	-1.4591512
-0.3772271	-1.2690705
-1.8818259	-0.7334710
1.2084624	-1.8296298
0.1514627	-1.3940236
0.3001855	0.9428902
0.8323277	-2.5648585
-1.6910361	-2.8818234
-1.0218827	0.1799134
-1.2535349	-2.1575461
2.5077498	-0.7475250
-1.0397747	-1.4728433
-1.5603991	3.1154218
-1.3106400	1.3172234
-0.5185201	-1.8770584
0.0805175	2.3387461
-1.2989273	-3.0354235
1.8459712	-2.2484040
0.5058819	-2.6767113
0.8161269	-0.2427723
-3.2525111	-1.4321280
1.6664531	-1.1946284
-2.5303292	-1.2760906
-1.7234347	1.8018594
1.9971579	1.0979165
0.1861610	0.1460919
1.9479074	2.4441921
-0.3240403	0.8861657
2.2098122	-0.9359111
-0.5439690	0.5683862
-0.9090990	-1.4358610
2.5777506	-1.8025235
2.1053358	1.4974448
1.1633959	0.4556674
-3.0213838	2.2156611
-0.9431318	2.2186226
-2.2462796	-0.3153151
0.2633198	1.1836137
-2.2792027	0.4466206
2.6648695	-1.2012734
1.6344848	0.9608182
0.0230056	0.5711171
0.2213563	0.6931788
-1.8415799	-2.3356648
-2.1298587	-1.3056388
-1.4969467	2.4665135
-1.7610452	0.9089467
-2.4250487	-0.2074285
-2.8833695	0.1462406
1.1727753	2.1514818
-0.5027852	3.1154942
-0.9462327	-0.2414865
0.1968089	-1.3663115
0.2169581	-1.8008812
2.4087582	1.8103989
0.9415007	-3.3456746
2.4957432	-0.9841655
1.9783252	0.4614136
1.6916035	2.3664071
0.5414037	1.8183245
0.1064873	-1.7671504
-1.2215079	-1.1210015
-2.3877122	-0.8874070
1.6526324	1.4361468
-2.3855830	2.2635847
0.6709479	1.5051059
0.1068118	-0.6146702
-1.1432171	-1.0240198
-0.0486612	-0.6888245
-0.8688508	-2.6765348
0.6560609	0.3445678
1.9638148	-0.3830026
-0.4705826	-2.5356026
-1.6611434	0.1524587
1.6022658	-2.6054857
-2.1046969	-1.4013669
0.9528989	-0.6988672
-2.0765679	0.9670663
1.5098608	-1.8370598
1.4539043	-1.3188320
-0.6835828	-1.6663850
-0.2428978	1.3729029
-2.8043663	-1.4990459
2.0823782	-0.8581948
1.0197099	1.2357722
-0.4929996	0.7604156
0.5913896	1.6683788
0.7426620	-1.6053478
-2.1357517	-2.0688272
2.2465263	-1.4353945
-1.6639474	-0.6666320
-1.0142845	2.3445333
-0.2189389	-1.0536013
-0.3750259	1.6993438
-0.7831163	0.5948826
0.8469692	1.9889691
0.6480674	-1.5663552
-2.3195032	-2.1119348
1.4960637	1.6353933
-0.4591770	-0.4240322
1.2190217	1.8087787
2.8472586	-1.4923349
-0.5160477	-1.5164923
-1.7221832	-0.7491446
0.1073691	-1.3545717
-1.8256630	-0.5986677
-2.8956831	2.0236434
-1.2372358	2.0178056
0.7458942	1.1194010
-0.4071877	1.4802425
-1.3167523	-2.2165254
-0.9098552	-1.0861028
3.0194210	2.9030933
0.4490862	-2.0216098
3.0640499	0.6271722
2.7391438	-1.7278958
-1.8462108	-0.1041306
-2.1478317	-0.5166938
-0.2981739	-2.6074265
-1.3884108	-2.3530678
-1.8196357	0.2899925
0.8339224	-0.7497863
0.6715283	-0.1945761
-2.6250546	-1.9747606
-1.1956675	0.0529647
-0.8524730	2.4543332
-0.1007301	-0.1268528
2.0264602	1.8322469
-0.6242761	-0.7672105
1.9268497	1.7780094
-2.7258433	2.2278277
2.1252111	0.0915557
0.9628553	-1.7674141
0.3873838	-2.0877356
-1.7552839	2.0550949
1.4645874	1.2700221
-0.9074893	1.6700698
-1.1126983	-1.1523151
0.5078035	1.1984603
-0.1065148	0.9685120
2.7899983	0.3608688
1.1755512	1.3146932
-1.3549623	1.0149901
-0.9139444	-0.6899818
1.0413900	2.8241495
-0.6685228	1.6994822
0.0378722	-0.2658960
0.1736658	-0.8312444
0.0858218	1.6343801
2.7327815	1.3521398
2.0356027	1.7972062
-0.6432312	1.3450167
1.4501171	-2.8137256
0.2717700	0.6281682
-0.6119200	0.6787525
2.2359717	-1.3073422
-0.1768981	0.4903392
-2.0164970	2.5479869
0.8930109	-0.8340640
-1.3466846	1.7951580
0.5134491	1.1433806
-1.5614944	-0.5613584
1.9025794	1.0543973
2.5484798	-0.8094096
0.4380445	2.4114312
0.2618903	-2.3604052
0.7237220	-2.9282431
-1.5544304	-2.7630777
-0.9293003	0.8961176
-2.2459496	1.6295654
-2.4653152	0.5066720
-1.6594284	1.3210155
-0.1859163	2.4214902
-1.7698245	1.1356015
-0.9630083	-0.2297602
-2.5087243	-0.4317097
-0.4928254	1.4774582
1.9132636	0.3817004
2.0856749	0.1916190
0.9995328	0.0231588
2.3646657	2.3686222
0.3768135	2.0231642
1.0471951	-2.4401430
-0.7881080	0.7456005
-2.3004933	0.3479550
-1.7582086	-0.5479306
2.9078889	-1.7878232
0.9426678	2.4497264
2.5342927	0.2694576
2.1923872	-1.9246875
-0.4807399	2.3537372
0.8284040	-1.6753980
2.1955319	1.0479051
0.1586979	-1.4567694
-1.0461898	2.2784335
-0.1252797	-0.5029990
1.0464858	-2.7938398
0.5388827	-2.2040170
-1.3299459	-1.9001799
-0.0016072	-0.3982819
2.1021109	-0.0910637
-1.2613700	0.8758458
-2.4756828	2.1535590
-1.9596277	1.5510411
-1.5892354	2.0543481
-0.1560680	-1.5734893
-1.0437032	-1.2156954
0.2784355	-1.6800493
-0.2675809	1.6451105
-0.4647517	-1.7289370
-1.8847290	1.6939015
2.5032495	-0.3821271
0.4806145	1.3470153
-0.4132444	0.6255881
1.8216551	0.1505823
-0.9324980	1.4363071
-2.6370904	-1.1436358
0.6281587	-2.2807151
0.4407393	0.1723588
1.2198488	2.2201891
1.3048031	-1.5058988
1.9801548	1.1775493
0.3975598	2.4216588
-1.8097942	-1.3408763
2.0070836	2.7646298
-1.5826835	2.4250074
1.4799548	-1.7713492
1.1651232	0.6562874
-2.4748795	1.7578150
1.6210548	1.4402488
-1.3521241	0.9235450
1.8996231	-0.2080220
1.8505887	2.3128069
1.4328675	0.0069231
2.7829444	-1.2819985
1.1339727	-1.8749563
2.5012072	-2.2609301
-1.8781563	0.9592081
0.9438909	0.5637593
-1.8748911	-0.6883072
-0.2466827	-0.3345599
1.2822670	-0.5578583
-2.4517316	1.8314496
1.0671768	2.1257974
-0.2748384	-1.7067015
-0.8819116	1.4058581
-1.6316262	2.4223147
1.5766879	-1.6425806
-1.4978311	1.2758913
-0.7217294	2.1195460
-1.2431425	-0.3197649
1.8074666	-2.8482505
0.2664923	1.3618461
0.5500708	-0.5779912
1.8207103	-2.8702736
-1.9558994	-0.3650261
0.1439633	-2.7107071
-2.6152176	-1.1864016
0.6939057	-0.8778202
-0.3829434	2.1616182
-1.7705225	-1.7411780
-0.2985412	2.0297885
2.4738333	0.3386683
1.4593327	-2.5240935
0.0118837	-1.2937726
1.3600250	1.9015710
-0.6630437	-0.6144466
-0.6966799	1.0780055
-0.1548521	1.0317554
-2.2791830	-0.0716060
0.9977710	-1.2988233
1.4272794	-0.6901329
-1.1814232	0.3573955
-1.5439310	1.6562169
1.5983844	2.4565708
1.9926929	-2.2290614
-0.0291948	-1.7231768
-1.8414180	-1.5045474
-0.8441204	1.5380383
-2.0167625	-1.2860305
0.6364753	-0.8651804
2.6665430	0.3876176
1.1112948	-1.2313349
-0.7783713	1.8291205
-0.6347370	-1.6992857
0.5068485	1.1402442
-0.6291543	2.6647848
0.7890765	-0.5368209
-0.9227207	0.4610094
0.9493752	-0.0726011
-1.7557781	-0.8724190
0.7981128	1.5118233
-2.7205151	0.5291524
-1.6122023	0.5325377
2.5174234	-0.5301949
-0.9991898	-2.0914731
0.6111633	-0.0012019
0.6458750	-0.7872054
2.1694541	-0.0138120
-1.0771537	-0.6073433
0.1756983	-0.1095028
-1.1480839	-0.5134554
-1.0661467	-0.1948576
-1.5935469	2.5375388
-0.1005329	-0.9887318
2.2368948	0.2059077
2.3254893	-0.2306168
1.4447182	-1.2310721
-0.4983348	-1.3392372
1.8057153	1.6178380
1.9095970	-0.0595506
2.7273398	0.8957335
0.3983723	2.2002028
-0.8303840	2.4849051
-2.4757653	0.3717517
1.7322297	1.8627810
-1.3254382	-2.5597018
-1.3020781	2.7075413
-1.4605975	0.2703274
1.3901819	2.0500208
0.0848587	-1.8440722
-1.8598929	1.3188896
2.3645404	1.7656697
0.8791527	2.8327759
1.3092322	0.5892470
1.7381621	2.1414581
-1.9197952	0.9041218
-0.3163925	-1.5687912
-2.0141474	-2.0420332
-1.2224108	2.1506930
-0.3305107	1.3063835
0.5686627	0.5076826
-1.7958423	2.6878263
-2.0190036	-1.6064738
-2.1959600	0.8220399
0.9814966	2.3398331
1.7985809	0.5340393
-1.6116754	0.3443377
-1.3268387	-0.4357292
0.6835406	-0.8141232
2.2999200	-1.1511097
0.2704051	-0.8695294
-0.2340539	1.8733599
1.0667916	0.3462808
0.1266837	-2.5357940
0.7753487	-2.0566146
-1.1772620	-1.5722658
-0.9618001	0.8494319
1.9465599	1.8708650
0.3571775	-2.0551900
-0.2156670	-0.2227774
-0.5857805	-0.9554854
-0.8492919	-1.7062810
0.2349529	0.1263524
-2.6855721	-1.9147159
-0.3652484	0.3022244
-1.2805232	1.6727157
-1.3550417	-0.2877797
-0.9916533	2.2177435
-1.3790079	1.1857465
-2.0923970	-0.8715812
2.5710768	2.7129894
-1.2504608	0.6044832
-1.5908718	0.9820340
1.6802303	-0.9627344
-0.9679557	1.7622437
0.7006540	2.0521730
0.6292004	1.1796111
-0.5911219	2.8202134
-1.5157588	2.5875092
0.0087982	2.7983794
-1.4781185	-0.2457618
0.9755935	-1.4332531
0.2326891	-0.6684357
1.7564266	-1.8491911
1.7351237	-1.9013724
-0.6338449	-1.1866527
-1.6245989	-0.9546044
-0.5673398	-0.5944835
0.7484179	1.3270629
0.0875235	-1.6434004
0.3139248	-0.5472101
1.6279290	-1.4920678
1.3454413	2.0539645
-2.5654016	0.4867032
1.2918538	0.5898553
0.5520697	-0.8881206
0.6482805	2.5321711
2.5241866	-1.6868708
-0.3479942	2.4657256
-2.0485039	-1.2783155
-2.4407184	-2.3822509
-1.1917226	1.0266130
2.1891336	0.5646389
-2.2502391	0.9374204
2.4040964	1.1530581
2.7892287	-0.8724274
1.3926001	0.4869045
1.0789345	-0.2868434
0.8205672	1.8209271
0.0843002	1.2415999
1.7334699	1.6573634
-0.3281538	0.2282961
0.5701788	1.4193505
1.4558648	2.3709354
1.5630789	0.5993716
-0.9346556	1.1752423
1.3008259	1.1196436
0.4071626	2.7486453
1.3654142	0.1385837
0.5059298	-1.3194121
1.8939720	2.2913530
-1.9237502	-1.1920816
0.2716615	-0.9336666
0.8230550	0.7014845
-1.7267942	-2.5160288
1.6798936	0.4046470
2.6382937	2.0055487
-1.8408181	0.5364045
-1.2923732	-1.8546593
0.2857928	2.2813227
2.2612793	-2.1018922
0.6965301	-2.2527372
1.4879954	-1.2294499
0.8522443	-1.8842486
1.3847222	-1.3825430
0.5413925	-0.5679724
1.0394064	2.0950362
1.0535153	-1.5925553
-1.8911984	-1.3888008
1.6113751	2.4912388
-0.4666811	0.1365348
-1.3836552	-2.4344799
-2.5754341	0.2481635
-2.3362209	1.9298242
-0.8121396	-1.1333019
-1.9411742	1.3814931
0.7282420	1.1378501
-0.9426506	-2.7618936
-0.7469379	-2.5611414
-1.9941250	-2.5176068
1.4389110	1.5946689
0.7893440	2.5075025
1.4306499	1.7679180
-0.2109837	0.5086125
0.3956454	-0.2119015
2.1928020	2.1609279
2.1998794	2.3989335
-0.5057058	-2.6938222
0.2221485	2.6265898
-0.4367504	-2.4817200
-2.0784433	1.1894985
-0.6967722	0.8506661
0.9292619	-1.7713842
-1.6850856	2.2418611
-2.0824018	0.8486146
-0.5998303	-0.1647407
0.5139888	2.5081948
-1.8009088	-0.9508311
1.1986666	1.0649170
0.5228863	-0.6232363
-1.4101279	-2.8206391
1.1254707	-2.6631776
-0.5922732	1.4720349
1.2543942	1.2109175
1.0704914	0.4380231
1.7635245	0.3332625
-2.0169734	-0.3869745
1.7424877	1.5932547
2.1924299	0.0041429
-0.8807999	-2.6390185
1.8276002	-0.2119348
-2.1782182	0.8722919
-1.3181287	2.0870637
-2.7330886	2.0037227
-2.2330121	-1.9461833
2.1883442	0.9064494
0.8859797	-0.1179817
0.8136965	1.2585734
-1.3431044	1.9831110
0.3539797	2.6026672
1.2727335	0.7847829
0.4124267	2.5627189
0.2559130	0.5539414
1.0343261	0.1215543
1.8140760	-2.1977471
2.3262596	-0.3882135
-0.5442382	1.5617889
-1.9358099	1.5833853
2.4257251	-1.7696423
-1.2993511	-1.7550305
-1.8022826	-1.0778622
1.7561702	1.6986047
-1.5823377	-1.6393831
-1.2362292	1.3193121
1.9386674	2.0579042
0.0572715	1.8326858
-1.3032267	-2.3465244
0.2262862	1.3037932
-1.9314519	0.3169664
-1.1225772	1.9112780
1.9826551	1.5337495
-0.5089727	-1.5964858
-0.7613535	2.7126330
-2.5028820	-1.7336586
0.4041272	2.3973673
1.1916352	2.7540120
-1.5963580	-1.1063035
-1.8854911	-1.5295138
2.6771439	-0.4328331
1.4283341	0.0137412
-1.4315089	2.3240955
-2.4509806	0.9726116
-0.2781842	-2.7499907
-0.2410738	-2.5659751
-1.2539177	1.4904498
-1.9035803	1.9185302
-2.0629367	0.5205441
1.8435096	-0.5102772
1.8558767	-2.2818372
-1.0518459	-2.2553479
-0.8346088	-1.4295376
-0.9277152	1.2243750
-2.3013662	-2.1518815
-1.7511343	1.6926151
-2.0393256	-0.3907123
-1.2485121	-0.9390674
2.2345915	-0.3251935
0.4707194	-1.6399578
-0.4159878	-1.3154286
-1.7306531	-1.9534907
2.1987059	0.2561599
2.1541849	-0.5411003
1.1628141	-2.0210185
1.3779409	2.6602577
2.0599974	-0.3163729
-1.5174176	-1.9931400
-1.5389014	0.7632162
-0.0281942	-2.1261079
1.6548453	0.3294038
2.4563116	2.1626739
-2.0048419	1.7926385
-0.2333912	-1.0408902
2.1621118	-0.6302517
-2.2682020	-2.6818898
2.3240997	-1.5026065
2.1865632	0.4414549
1.3646472	2.0120405
-2.0285650	-0.4336887
0.1334115	2.0889862
-0.9371904	0.4320390
-2.4619899	2.3610179
1.3471388	-0.4057159
-2.1447733	-2.3796513
-2.4495432	2.5281941
2.4068852	0.4378509
2.2067157	1.1069764
-0.1000619	0.0799808
-0.9863428	1.7989448
1.1132649	0.0766671
-2.3373432	1.6659039
-0.4675870	1.1763553
-1.4588800	2.2130424
-0.3289410	2.7645194
2.6197656	-2.6986661
2.1793877	-2.4959051
-0.8275820	-1.2460302
-1.8136425	-2.6962904
-1.8563708	-0.3489869
-1.3957981	-0.7895506
0.2784588	-0.3642266
1.7844343	1.8269218
-1.7532553	-0.6088518
-0.7772119	2.6060001
-1.3552153	1.0673994
-0.3938680	-2.3206089
-2.7218122	-1.5776881
-2.4729710	1.0565540
1.1154338	-1.5275819
-1.9827037	2.1601694
1.8682238	-0.3797354
1.7906152	-2.3561943
-1.0387214	0.8451562
-0.6470578	1.4674899
2.0557899	0.6813116
-2.2719259	0.1002064
0.3982734	0.4865975
-0.3462807	0.8510946
-0.6697950	2.2629079
-0.9636434	-1.9363944
-1.8678744	-1.2051879
-0.6221689	1.0111230
-2.0204545	-2.1994992
1.3549601	0.8707170
2.3115833	-0.8200412
2.6744387	-2.6624376
-1.4070813	-0.3347306
-0.6380891	-0.6849403
-1.7109764	-1.7038009
-1.6699134	-0.6329296
-0.2655245	2.0563534
-0.0017038	-2.5642791
1.7074504	-0.1415306
1.3392084	0.8562894
2.3385698	-1.2397419
-1.4852386	0.4474521
1.2341058	-2.2293015
1.5576353	-0.6474264
0.7523378	-2.5308762
-1.1995207	1.5989378
0.2960215	-1.9974443
0.1934502	2.3929988
0.6546128	1.7258381
-1.0737256	2.4039593
-1.9000988	-1.3527908
1.8962096	1.7936413
-0.1283120	-1.0160391
-0.1830261	0.7415170
0.9695209	2.1433979
2.4565139	-2.1688876
-1.3850939	0.9012980
-0.3198441	-0.7280537
-0.5509559	2.6807950
0.1183143	-1.4795940
2.2373054	0.6951252
-1.5743614	0.3068476
1.7824025	1.1897138
2.4296010	2.2629079
1.8454879	0.7129772
-0.4870595	-1.7831339
-0.0833628	1.9571191
-2.0006815	0.9509602
-2.1188729	2.5595175
-2.4894337	1.2937411
-2.5187165	0.0215477
-0.2092757	0.2044868
-1.0062378	0.7292871
0.6048724	0.5282841
0.2898136	-1.2990917
2.2288699	2.3636502
-1.8071331	0.3422456
1.5503759	-0.0713594
-2.3472282	1.8681246
2.6276103	0.9779766
-0.2148972	1.2221410
-0.2669137	1.7829729
0.4584487	-1.2846456
-1.9288932	-1.0649324
2.5895232	2.2247577
-2.4469709	-1.2053443
-0.2552917	-1.1104738
0.4551068	-1.2220646
0.1355692	-1.7097496
-2.0106435	-0.3685066
-1.3295046	2.2096808
2.7326573	0.2490605
0.1996512	0.9451085
1.6776963	2.2286013
-0.1535646	1.7506489
0.7668766	-2.7106433
-0.3570339	2.1323373
0.9212315	-0.3159494
-1.9431627	-1.9572298
1.8079822	1.0806649
2.0824670	2.5108964
0.7786220	2.0984382
-2.3276052	-1.0904805
-0.3596334	0.4407630
1.8705067	2.2569609
-1.3340153	-0.2624658
-1.1542468	-1.1217299
-1.9018476	-0.5451015
-1.5342055	-2.6037138
0.2595670	0.9689384
2.2890166	-1.1737275
-2.3831387	2.3769109
-1.7276337	2.2267155
2.6405854	1.3942684
1.0719793	-1.1797887
0.1589786	1.5796774
-2.1991168	0.3779051
1.9861267	-0.2798272
2.2108868	-1.9124603
1.9690309	-1.7713068
1.7955542	1.9115688
-2.0904400	-2.2716935
1.5629516	1.6719750
0.2583729	-2.5289801
0.0059464	-0.3500606
-1.5694607	-0.1537200
-0.3631025	-2.4406731
1.0659720	-1.4189727
0.0000137	2.4152095
1.0966155	-0.8754884
2.7180737	0.0705941
2.3949037	-1.5950706
-1.8239975	-0.1110166
1.6555437	-1.0894667
-0.3623219	-0.6896450
1.8647788	2.2761909
-2.2639107	1.0767574
2.7435336	-0.4568855
-0.5071472	-2.4247135
2.5607587	-2.0782167
-0.1126845	-1.0022322
0.0628369	2.1985728
1.8757206	1.8567732
-2.6276444	-0.5885483
0.6105793	1.3494625
1.8012331	-0.2793355
1.8675288	1.6733282
1.1753970	0.9386119
-0.6881807	0.1402151
2.0107916	2.1497969
0.7011031	-0.6370662
0.8009447	1.7934974
0.6274549	0.7934225
1.0895443	1.2476780
-0.5416541	1.8153508
-1.5967661	0.7118060
2.6106101	0.2831175
-2.0906578	-1.9735148
1.0775551	2.1154473
-2.0641602	-0.2945473
-1.4740926	0.2370833
-2.2558322	2.6231068
-0.5061680	-1.6261071
-1.0797414	-2.2687018
2.4155922	0.6688805
2.0384489	-2.5589114
0.7184740	-0.9626710
-0.4400296	0.7104856
0.7259349	1.4219323
1.0575987	1.6422908
-2.1924228	2.6192773
-0.1063192	1.7918252
1.6577120	-1.9125658
-2.4617831	-1.7457297
0.7444548	-0.3860663
0.9900224	-2.7303968
-1.2692416	2.4397741
1.5673874	-1.7737965
0.1627102	1.5812453
-0.2413271	-2.4983049
2.5475244	2.5710586
-1.0820562	-1.1733813
-0.6429392	-1.8881458
-0.2092483	0.8692082
-1.7917875	-1.3266532
-0.0055231	-0.3626810
-0.4628135	-1.1642207
-2.1856318	-1.0063785
-0.0670631	2.5462259
-1.9027102	1.8361083
-1.5427299	1.4347779
-1.4952234	-1.2957769
-0.6361804	2.6583221
1.0479574	-1.1992444
-1.8190713	-2.1790423
-0.9448917	1.5670988
-0.8777002	-1.0340543
0.8635423	-1.1512224
1.2959770	-1.3691946
0.6780897	-2.2702130
-0.6722734	-0.7455450
-0.0463488	0.2431552
-2.4941967	2.1637545
-1.2021677	2.4144062
0.4621939	0.9232136
0.3950265	-1.0220536
2.0851109	1.3375290
0.6084135	-0.1484579
0.9126903	-0.9069609
2.2821988	1.7627033
1.7469236	2.1376288
2.4637667	-0.7645170
-0.1025803	0.3179488
0.9803833	0.6605783
2.3291014	-2.3282018
1.3129318	1.5801326
-2.3791057	0.5797626
0.7955211	2.5997818
-1.5031301	-2.7266822
0.7607731	-0.1972698
1.7889816	2.3749668
2.4718147	2.6952783
-0.9384456	0.2110187
-2.6196403	0.7574675
-2.2510145	0.8531730
-1.8206955	1.9804892
-1.9906313	2.1498140
-0.7854709	-1.3845223
1.7391207	-1.3173074
1.2429944	-0.6728227
0.1968366	-2.5223770
-0.8607324	-0.5967013
-0.9960114	1.1489667
-2.0373129	-1.3692497
-0.5203342	-0.3329206
1.2522115	-1.5605432
1.7226429	1.9545676
-1.2577894	-1.9237746
0.5093053	0.8980268
-1.5502700	0.1592264
2.6462956	1.2911881
0.2244557	-2.4153235
-2.5091310	1.7065543
0.9272465	1.6531405
-2.3208615	2.1102900
1.4822363	0.4983575
1.4926552	-1.4424151
1.6675915	1.2564235
2.5423708	1.0291789
-1.7450829	1.2402400
1.2255075	0.2875180
2.3680093	-1.4821273
-1.4509748	-0.8874782
-1.6103531	2.4558683
1.7506419	2.6046107
-0.0551264	1.1079253
0.6450449	2.0537383
-1.4681354	0.4554731
-2.7404374	1.9536768
1.0847161	-1.5532396
2.4056389	-0.4329572
1.5673924	-0.7551044
2.7212519	1.7709807
0.5522332	-2.6311472
-0.9040718	-2.4438889
-1.9236830	-2.0191983
1.4467396	-2.1044181
-0.5000518	1.4659581
-0.2234545	0.1954266
-1.4754710	2.2954222
1.7234765	0.8723622
1.8805603	-2.5290038
-1.0903983	-1.7489538
-1.3661521	1.3674372
-1.1449294	2.4830934
-1.9261773	-2.0985836
-1.4662557	0.6179512
2.3437968	-0.3933873
0.1612995	-1.2190981
-1.8257459	-0.3888484
-2.5716850	1.4177621
-0.1956252	1.1656457
-2.0989528	-2.2665697
-1.1189472	-2.0341744
-1.8294767	-2.1745852
1.9923414	-2.2684705
-1.4955850	0.2784467
-2.3615317	0.8974251
-2.1779428	1.1578234
1.3663045	-2.5811923
0.2699863	-1.1972149
0.9107022	0.3261599
1.1785392	-0.7097367
-1.8657342	-0.9542285
1.5102750	-0.9612502
-1.3481462	2.3153959
0.3549268	0.5077382
2.3535226	-0.8826749
1.5970319	0.8684997
0.2230248	0.8311841
-1.9297610	-2.5484974
-0.9268976	-2.0431131
1.6028649	2.2282399
1.6332283	-1.4181428
0.7158021	2.4790472
-2.2620045	-0.7238218
2.4208871	2.0010732
2.1037960	2.2679403
-0.1356942	0.3710804
-2.5434687	-2.2322284
-2.2220818	2.6988893
-0.7431484	1.3402820
-0.0526928	-0.0334855
-1.2965156	-0.7386659
-0.1150846	0.4383459
-2.5692684	-0.9588525
-1.8830007	2.1451916
0.4077516	1.7601080
-0.2165176	-2.6075736
2.3903753	-2.5515836
-1.8488365	-0.6206492
-0.1589832	0.7403027
0.7335198	-0.0892521
1.6343947	-1.3877966
-2.3237445	1.5016034
-2.6637013	-2.1313612
2.6770882	-0.7095740
-0.4171701	-2.3432536
-1.7931891	-1.8087659
-0.0033691	-0.5931635
-1.3599159	2.7112972
-2.6515624	1.6230730
1.6259627	-1.1242049
0.7932292	1.9401934
-1.4881147	-1.1233849
1.8537112	-1.4962214
-0.1397448	-1.3442916
-1.1946742	0.6252602
-0.6244764	-1.9256021
-2.6565425	1.0037589
-2.4416222	1.2175090
0.4407328	-2.5645841
2.2475077	1.3718186
0.8443148	1.1229031
-2.4561531	0.2765283
1.2930879	-1.4889292
-1.8339948	-1.3301079
-2.3597188	-2.1580054
-0.4586877	1.8996766
1.6706418	1.5708970
1.2676985	-1.3486790
-1.0071068	-2.7103345
-2.6611840	1.2519879
-0.0775349	-0.4273610
1.8178762	-0.2958779
1.3638418	-0.8548818
-1.7231361	-1.0596286
-1.9654124	-2.5513502
2.7042275	-0.3745558
-1.4590471	0.7847617
-1.6066131	1.2965203
-1.2590372	-1.1391808
-1.4895490	2.0410567
-0.2446981	0.4298562
1.8317215	-1.4864273
-2.1090564	2.7269592
-1.8225326	1.9874155
1.8592726	0.4057079
-1.2187389	-0.1885632
1.8252654	-1.6619696
-1.1588541	1.4863792
2.7366297	0.7239972
0.7935704	-1.1673216
1.8701126	0.8701115
-1.0803459	-1.2958288
1.3033989	-0.7458586
0.9925848	-0.6076199
-0.1632857	1.4934132
-1.4076643	2.2818261
2.3066320	1.7560128
-1.2397220	-2.6638243
0.7647098	0.4336457
-0.7888509	-1.5664821
-2.4628080	0.4921975
1.7419946	0.0855706
-2.5495129	-1.2825799
-2.1692729	-2.4483320
0.5615458	1.8161301
-0.6480710	-1.9171621
1.9807289	0.9895101
1.7508106	-0.0118445
-0.1082843	-2.2202961
1.7045655	-1.0422531
1.9654102	1.8766262
-2.4434410	1.1919438
-1.0511012	-0.6420935
1.6104273	1.9806530
-1.6518097	1.5373083
1.1294933	0.0761508
-1.1442974	2.1578607
-0.0349164	2.2516008
-0.6407302	0.5876799
-0.0576188	2.4627691
-0.8786502	-1.7358692
0.4709220	1.9107599
-1.1603174	2.5247207
0.8436746	-2.0428051
1.2638278	2.3174395
-1.4445451	1.5487981
-0.9812444	-1.3355153
-2.6301876	-0.4242356
-0.3748886	-0.5662557
-1.5454203	1.1732272
-1.7009983	1.2087523
2.6418867	-1.1736476
1.0198788	2.0220413
1.1022825	-1.4290690
-0.1892735	0.3239282
1.6641776	1.4030843
0.4220812	1.3198313
0.9306213	-2.3087961
1.1993582	1.9931855
-2.0367865	-0.7657099
2.4739125	0.6568546
-1.3799639	1.1054401
0.7955973	1.7557998
2.7054990	-2.2274696
1.1725731	-0.6053154
-0.7930494	0.7354194
-1.4196780	-2.4759195
0.8589759	1.3597203
2.4637569	0.9174278
-2.0163607	0.2555604
0.0799846	1.8516477
-2.0115332	-0.1937757
1.9846053	0.3958725
2.2375379	-2.4353710
-1.6086272	-0.8970941
0.5261384	-0.5646710
0.6577593	2.1681334
0.5804669	2.1190399
-0.3926172	1.6770901
1.8491803	-0.8348581
0.1282244	-0.9040548
1.0554466	0.5743446
0.9456862	-2.2366945
2.4549390	1.3952921
0.0048026	-0.8845424
-0.8820380	0.1637389
1.9263387	-0.9170745
-1.0183535	2.2385307
-1.3555468	-0.0137892
-2.4028670	-1.7981206
2.5951420	1.3846744
-1.8018754	-1.3382024
