jMRUI Data Textfile

Filename: dataset25_WS.txt

PointsInDataset: 2048      
DatasetsInFile: 1         
SamplingInterval: 2.5E-1    
ZeroOrderPhase: 0E0       
BeginTime: 0E0       
TransmitterFrequency: 1.2322E8  
MagneticField: 2.9E0     
TypeOfNucleus: 0E0       
NameOfPatient: dataset25_WS
DateOfExperiment: 
Spectrometer: 
AdditionalInfo: dataset25_WS
SignalNames: dataset25_WS.txt;


Signal and FFT
sig(real)	sig(imag)	fft(real)	fft(imag)
Signal 1 out of 1 in file
454.7884100	-199.3948000
771.4740900	-446.1180100
419.6253200	-740.5975100
-27.0239920	-776.8959100
-386.8814400	-589.5214600
-590.6725600	-233.6249200
-556.6905400	124.5085300
-328.9980700	388.9419600
-23.8768370	464.2850300
224.8672700	354.7750300
365.9467100	132.2584600
326.1125300	-112.0496800
168.1517000	-248.2442500
-21.6721760	-288.4678500
-178.9434000	-178.9208600
-226.8859500	-32.3372090
-172.8526500	90.1760130
-63.2595090	161.3339000
59.3096860	117.6679300
108.5214800	12.9150070
79.4688990	-86.7346390
-21.6380040	-153.6410600
-138.8163200	-129.6372400
-213.4425000	-27.4309900
-218.8027900	95.9702330
-136.8884200	202.3431900
-0.4576421	238.7868800
136.5650700	187.5430100
220.6334400	81.9610090
227.5501200	-62.9029210
147.2118000	-198.3196000
20.1863320	-252.0578400
-115.9896500	-230.7445800
-213.2088900	-122.5741700
-248.8770500	1.9869403
-210.3946100	130.9955000
-100.1080800	209.2391300
35.6586760	221.4492100
145.5311300	164.3498400
211.7873800	67.8083920
205.4901000	-42.9275520
153.6432700	-124.1339800
56.2362110	-181.2208900
-25.9813290	-164.7872900
-93.7870020	-113.9532400
-136.2885600	-23.6288040
-103.0723800	56.4902060
-44.3775000	103.1072500
51.2973040	104.9245500
114.8991000	72.9686670
131.5090100	-4.8159355
106.0215100	-83.9763820
30.6177240	-132.4329200
-48.1929500	-137.1979700
-124.0477600	-86.4891950
-140.5599900	15.0190710
-112.4519200	85.6386990
-48.4672970	140.7467600
38.0476230	149.9850500
111.3267200	96.8094790
138.7127500	13.6702660
96.3864960	-57.8384530
29.0468400	-97.9272870
-51.8118730	-106.0732600
-100.9956900	-40.5401500
-110.6962800	38.1310150
-76.0164530	104.0468700
4.8752079	129.3102800
86.0817490	93.1802760
125.4929000	27.9636490
96.4289290	-57.9651890
44.9323740	-111.3481300
-38.9907410	-131.3730900
-110.2688300	-80.7228550
-116.9374200	-13.6109760
-89.2414900	67.3437140
-30.4015290	110.1389200
41.7491580	82.2995840
90.8121870	30.2537820
93.1943010	-41.8213210
42.7638610	-96.4436530
-43.4728760	-121.4593300
-113.4239400	-85.0260480
-135.8752200	-0.9762959
-116.0085200	78.7030780
-40.0273340	151.7289100
35.8159540	156.0620900
115.7175300	109.7358600
163.1497100	10.7532240
141.9433500	-68.5500610
85.3647780	-136.6923900
1.0878721	-142.1951300
-78.1909890	-104.3471000
-115.4599800	-44.6259450
-103.5076200	27.6729390
-55.9298290	91.6622640
4.2264584	105.5385900
73.7335770	59.2350230
99.6942990	8.7064944
86.5068340	-32.4398550
37.5836980	-61.7090960
-8.0721587	-64.4213120
-44.4700090	-45.5035500
-44.5913240	-26.8244110
-38.6871540	10.4637510
-22.7864030	28.7648760
1.4426495	36.4501270
19.6442580	11.5902530
13.9747500	-9.3351102
-4.1472193	-14.1583130
-23.8655890	-0.6197860
-36.7422630	12.7522860
-27.8861120	21.8215070
-13.3937060	47.7265140
4.3923720	55.4709740
30.5920310	48.6385610
47.6810470	21.2603960
46.3167930	-16.3134730
35.0953970	-52.3333220
19.5510960	-66.0469180
-14.4571640	-60.6716640
-50.7962330	-32.1398950
-54.1105110	-5.9770101
-59.6254710	24.8908860
-31.0394470	34.4152180
-6.3528867	50.2011380
0.9782380	44.8094370
32.4139540	11.9477150
20.4968410	-5.3353537
22.5501870	-6.5844707
3.7651860	-21.4540520
-18.3194990	-20.9789210
-19.9616590	-4.8633277
-14.9502840	3.5494242
-16.3279540	20.9570280
-2.4842362	26.6790870
30.2059430	20.7968730
33.6847320	15.9524650
52.2743800	5.6430581
44.7887120	-31.1969200
23.0101300	-30.7567420
13.0419370	-48.7013270
-2.0016470	-31.4598720
-24.3029390	-30.0779330
-17.4470610	-12.7571980
-24.1619110	1.4340990
-12.1059450	3.4905649
-6.3047767	3.4777188
-15.1403230	1.4593226
-17.2869810	-0.7653703
-14.3934670	-5.9238373
-10.6340730	11.3681870
-17.8809620	11.0008600
-15.9932120	32.4802630
-10.1727470	23.8425350
5.4083571	30.7495980
14.3673720	19.6307870
27.7737970	12.0134120
31.8298760	0.7570854
20.3307400	-12.9945570
-5.0375843	-26.6139490
-16.1048600	-15.5348250
-15.5316120	-9.3894990
-16.8686500	-4.0951175
-16.3430010	0.6310154
-0.5697074	14.8636580
6.1042248	-0.2471905
9.7867209	4.1736050
-11.5311860	-5.5621421
-13.8839340	-15.1996630
-22.5084270	-14.4869520
-29.2592970	13.2946620
-22.3650550	10.1263580
-20.2251880	17.2613510
-5.2127662	34.3731670
2.5760691	35.1764750
21.6148360	32.4271550
34.2116090	25.1485400
38.1726920	1.9560070
21.0347910	0.1163275
22.6482650	-11.3586040
14.3095400	-11.5430420
18.4676700	-28.8495310
7.3664742	-25.5690500
10.6981800	-20.1859810
5.6805850	-26.5256580
-5.2484197	-14.6567020
-3.2304646	-25.3712930
-15.8967920	-22.5606180
-10.2355750	-24.0650370
-20.5913630	-22.9305920
-22.8220550	-19.4680090
-23.2325120	4.4522718
-15.1035660	3.0019418
-24.9965660	4.4318047
-4.8020690	19.4373160
3.7387935	23.6809060
4.1141907	15.6704980
9.9213244	8.4827489
15.3903210	21.2924900
16.0333030	6.4158464
20.7362310	-1.6267844
1.5420096	-6.1817976
3.4009788	-2.8345650
8.2303925	-1.0680495
7.0262673	5.2135059
-5.3603011	7.2875562
9.2466214	-11.8470280
-0.1592552	-8.2488386
4.1165250	-12.7114370
-1.8869564	-7.1790533
-11.4198510	-8.0723648
-17.8446540	-5.5037657
-27.2067900	-9.6666439
-14.8189630	7.6438438
-23.8992410	23.0894680
-5.1425842	12.5182050
-10.4741270	15.6783630
12.4299310	13.5648200
12.7986650	4.8477048
11.3540440	-1.7912290
14.6502610	-3.8513361
3.9620625	-9.1380460
1.2191697	-2.7463088
-3.8508840	0.2894969
11.6599110	2.1268479
0.8688785	-4.1296557
20.6206670	6.0300736
15.5037030	-14.1928870
5.7399746	-8.7007201
8.8420195	-25.3908040
-8.0995602	-21.3681980
-18.1841660	-20.8600970
-18.0205120	-14.2298350
-10.8358750	-6.2787833
-9.9216109	11.0948630
-8.7259797	10.0949250
8.9685861	4.0649125
13.0472120	0.7221156
0.5781936	-5.6262058
-5.7411851	-6.6852994
5.6236940	-6.2609662
-8.8884198	-10.6086230
-17.5617820	-3.9261974
-2.4795559	14.6380620
1.0678178	10.9381450
-3.8712893	9.9503240
16.6143300	16.3794840
14.2238970	-6.7798625
15.5065040	-0.7962820
11.9682560	-8.3829630
-2.6578221	-18.3565570
-16.5310880	-9.0912825
-5.8134720	4.5332538
-6.7896724	5.5048542
-3.7112885	19.7634140
0.1519912	9.2857869
0.7578956	18.3015760
1.8468248	0.7959207
12.3057360	7.8140506
13.5034220	-6.7426208
5.7894746	-7.8991748
-7.4372512	-6.3516068
-14.5511460	-7.7731956
-5.7331381	0.3360381
-4.5923861	16.3715040
3.8273675	17.8700890
9.4393067	18.2315320
18.0206290	8.7951462
15.5956050	-0.7236905
13.3932640	-15.3119420
16.7092230	-18.5854270
4.7303668	-11.1192390
-6.9732418	-20.5322190
-11.5236700	-15.6751830
-2.3205828	0.5076832
-10.0154010	-7.7755361
-5.2231947	8.6974360
7.3724995	-10.0867950
-5.6469167	-15.2638700
-10.5426870	-17.4981110
-7.4832100	-8.2822511
-10.3857040	-0.5765198
-9.0803410	-2.6394010
-11.9585140	2.5672650
-1.0861480	0.7830259
-3.5929175	2.4426734
-6.1852771	-1.9926373
5.0832025	0.0404454
-7.9342879	8.0847121
-3.5464870	7.4237454
-6.3151757	-0.6059009
2.4298873	13.3008660
-3.0411963	19.6791290
8.9801553	9.6729678
4.5218745	7.6936061
21.2220730	-0.9125870
22.5065170	0.9281529
6.4194154	-14.4718720
12.8108250	-16.1476270
-6.9336084	-14.4504050
-5.7924696	-15.9433270
-13.2127480	-17.1113790
-14.8719570	5.4623350
-14.4852260	10.0988670
-5.8784291	15.2102370
-11.5559600	9.6223166
7.9427200	13.1652960
9.1380244	-2.5704949
8.6521816	0.2332461
-12.1123770	4.2529387
-14.2514150	-4.8008147
4.6306240	9.6173238
3.7352514	15.3120720
4.4502656	20.4972530
13.9618380	5.1778544
10.4587330	9.2799088
9.2762965	1.4434318
19.3000560	-8.6219454
11.9524000	-15.6833010
15.8907050	-0.2637482
2.6994790	-15.2067090
2.8095627	-4.9445849
0.6437790	-6.6573113
9.9789070	-7.4336399
10.4781840	-1.1802669
0.6266373	-7.2228548
11.5559210	-6.4816624
-9.7708842	-5.0691623
-15.1649920	-10.0407330
-10.9837860	-13.7373020
-12.3207020	-7.7792980
-6.4258954	10.1179860
-4.6472509	2.4884694
3.2953455	14.9786660
-0.8632065	7.4216338
8.0418725	10.3757760
12.0696370	2.1960053
11.9877320	-12.0113580
7.9124563	-4.6865960
4.1653974	0.8538312
-2.9229528	-0.1916760
-3.1384452	-0.7155091
-6.6923860	-9.9284947
0.7998859	-13.8363110
-7.3772377	-7.7821733
-11.7043660	-9.7877481
-19.8342010	-9.8061544
-18.8939720	-1.2709061
-18.7705410	-2.7941337
-12.1191840	18.3577590
-20.8171360	21.7071090
7.8844802	18.1537340
5.4326964	16.5152250
21.6865330	4.7497849
18.8473360	-4.5404799
13.6920400	-0.7077139
0.6967936	-13.6753190
-2.5526413	-17.3521030
5.0538525	-4.9403461
-11.2226020	4.2117803
2.6844887	0.6401183
5.6653111	7.2129059
15.0611660	9.7441008
10.0358710	4.7742403
20.5493520	-8.8152954
5.7758364	-7.3653582
7.7268744	-23.0045830
-4.1561531	-23.7442930
-19.4529480	-13.0541540
-26.5512990	1.7200315
-13.8884610	6.8971398
-22.8486360	3.1217729
-6.3904328	1.6561409
-1.6830136	14.8811040
-0.5200801	2.7552538
3.8968706	15.8748070
5.3917690	-1.2008425
-1.4010559	12.4280370
-7.1960872	9.7808600
9.5818245	22.3115330
18.8781300	20.9279180
8.4025358	18.1590570
12.7674710	-2.3397910
25.9040450	-14.9277230
19.2914030	-4.5201932
8.2679442	-21.4189130
-6.0582784	-11.4261080
-18.6346480	-8.7261242
-13.5935260	-10.8793340
-18.4988420	-4.1536122
-1.2895577	18.3975310
2.3421844	4.5489741
18.1184130	-2.6858809
8.5513450	-7.5419239
12.8396590	2.2283217
13.2028220	-1.5751796
-5.8641992	-6.0872728
-12.3882320	-0.7980250
-3.9511467	1.3588514
1.7217236	16.3669980
2.7519473	3.1254787
5.4843281	-0.7768890
14.0467290	4.8650554
10.3036020	-6.6065121
18.1346090	-19.6934980
-5.0907713	-11.7661410
-11.3044440	-14.8782010
-17.8880150	-6.2549692
-18.2354570	-5.0095983
-5.2098437	1.1324485
4.1828930	6.2390598
-2.1392409	14.2489430
0.2871401	-6.3183786
8.3782436	-9.2051240
-2.8973390	-4.3073554
-13.3846640	-16.8522960
-15.6929530	-14.9944860
-17.2196970	-1.0329773
-27.3920570	-1.2426219
-11.3682360	7.0519615
-15.1666150	24.8479890
-5.2601403	20.2412660
3.6689925	18.8827410
11.4895220	6.2251286
14.9980560	-12.0181710
0.8605311	-9.3049669
-8.6672958	-5.4725012
-13.5342170	-1.8197265
-1.9197617	-0.3870743
0.9662502	9.1770865
1.3791397	11.0945970
14.4244920	14.2465450
5.4499270	-4.1165798
3.9106218	-11.3004450
-1.8339015	-15.3609680
4.3259820	-2.9292498
-16.0014430	-1.9954248
-9.3199821	1.8933824
-2.6810949	14.0620920
7.4668910	5.4817464
19.8616690	17.0777050
10.3037880	0.9797946
17.6669830	3.2073053
10.0310210	-1.9824768
-1.7307890	-12.9108740
-5.3559622	-20.1354810
-11.1024320	-17.9867820
-7.0980429	1.6738401
-4.4064184	2.2756617
1.9752054	10.7942510
-2.1549697	19.0605700
11.2046870	14.2661610
21.5508130	-10.9486760
14.8855060	-17.1832220
0.6212363	-9.5250485
-2.1839281	-12.8504010
-9.9655310	-3.7454034
-9.0272554	-12.1124860
-19.1489690	6.1964931
0.3614999	13.6307000
0.8304686	-1.5720770
6.3021966	-0.3518146
7.1087569	6.4946035
10.2714630	3.3130176
-1.9025723	-4.5526884
0.9124097	-11.4152100
-15.8369270	10.2943260
-16.0792220	8.8339644
-5.2901415	9.2190937
5.2980613	18.5394260
7.2972719	1.9177252
7.0518180	-4.4661739
1.2374718	3.3700313
13.4279390	-2.3845188
-8.5474932	-11.9031850
-0.7235049	-12.4082600
-7.2540884	-11.3475490
0.2832929	1.6670196
-7.3642673	1.3257012
0.0702868	8.3234905
6.9377404	-3.9306695
4.4360123	-3.3779121
10.3373260	-7.7426632
5.5577787	-9.4894051
-10.8489840	-14.8154090
-5.8684370	-15.4418390
-23.8040870	3.4339684
-9.7245314	3.8114302
-12.5579530	6.9928099
2.3881526	9.1270870
3.5683501	13.2918890
3.0100787	14.7689380
16.0813220	-0.3829494
12.8273420	-7.8706471
5.1495230	6.1616237
5.5616706	5.3078274
-7.4902640	4.0177974
0.0000091	1.2852542
-0.9943912	-2.0260572
4.4551383	1.3263853
6.1398810	6.4435319
8.5636861	6.3974136
1.1385012	1.1028496
5.1851101	-14.7295170
2.8551638	-13.7845020
0.9764517	-9.2357667
-8.6039513	-3.7183614
0.9775874	9.9089431
-7.1535586	0.5564239
0.6535225	5.4657183
10.1742270	5.4490195
-6.3242932	-6.0048350
-7.1865852	-11.4138750
-2.3739195	-10.3010110
-3.8763324	0.4937385
5.9144471	-7.4426699
0.5664830	3.5458804
-4.9060691	9.2846765
8.6063488	0.8731901
2.3217711	-11.0297550
10.3498910	-8.6466247
3.6992564	-3.9347323
-0.6429806	-17.3517230
-10.0572350	-14.6730580
-17.0149370	-3.5495550
-14.8767430	0.6383645
-19.4598880	-2.2096836
-7.5764764	-3.2834866
-5.7699446	10.3046460
3.2938030	12.5273710
6.8922066	13.3807930
-2.5568749	1.4356391
-8.7028068	7.5386266
-8.9549017	8.0087401
1.4901547	-5.0666028
-7.0695066	9.1003772
0.1533193	-2.8853474
-2.7990341	16.3310020
9.7138359	1.4479297
3.1878593	-5.5188543
3.5103138	1.6280111
-1.4695159	-10.6791440
6.6666202	-12.6827260
5.4529448	-5.4065692
5.0881475	2.1903781
-11.1295080	-2.6108817
-1.2083117	-2.5539301
2.8588682	7.7307506
5.2151841	-6.7527533
0.5399861	-1.4833571
6.7162554	-3.2805170
-9.1648056	-0.5737342
-1.9233377	1.4545450
-9.2166623	4.8942162
0.8199762	12.3043030
-6.2853112	-0.0048626
-9.5085239	5.1754774
7.2771044	0.2716904
14.6640300	-4.6141510
-3.2234729	7.1626408
8.2891413	1.7676527
6.8309865	6.3427316
3.5780817	-1.0685132
9.6414434	-0.4227084
-1.5845441	2.8191498
3.0465653	9.0534202
-7.3640760	4.9878537
6.1473019	-0.4308602
1.9383491	6.8140209
-1.1635901	0.8448191
-6.5095798	-3.5333450
-7.7641591	-9.4604291
-1.2720902	-3.0112783
-8.4704780	-2.7677000
-7.2654848	3.3464209
-6.6527147	0.2223842
4.9575144	6.8274976
7.5553020	11.5455430
13.9151320	-5.7725804
12.9245470	3.0939708
7.8248946	-11.4332160
-7.8605421	-0.6657777
-11.1909350	2.2414256
-3.9799298	-4.6981781
8.0927123	1.7218964
-8.5077958	2.1121093
0.3445760	-1.8209888
-4.3501936	5.8065384
-3.7057968	-11.8162890
-3.8627757	-13.0260550
-8.4443515	-16.5993320
4.2551549	-11.1059700
-0.0288277	-2.5280749
-12.0843590	-9.0010039
-13.5212700	4.4838001
1.9141949	7.9787838
-12.4701470	0.3786806
-0.9274343	4.9523691
4.5128055	4.4232333
-8.2626335	-2.1971029
6.5289696	-5.2327849
-1.5461880	5.7225791
-7.9738932	6.4036599
-2.4064777	5.7095169
1.3530285	8.4729812
6.3766461	3.4784302
11.1941610	-3.1383426
-5.0439533	-6.4622947
0.2461623	-5.0677290
10.2707310	7.1296017
3.0726473	1.5617281
2.7295036	0.9062562
-11.2604460	-2.0528577
-10.1404600	0.4622188
1.2103253	8.8846824
10.4301690	2.9674649
0.5355510	-1.1214874
12.6990940	5.7652120
8.6106042	-10.5294450
7.9167076	-2.7129025
-7.2332768	-11.4599410
4.2908783	6.9109918
0.8793093	2.9350883
3.1255522	12.3648090
8.6485517	12.7392550
6.7631991	6.3983087
3.4406072	2.7428494
9.7539995	-0.3500182
11.7256000	5.8528242
8.0959762	-9.1269535
-2.1632305	-12.2856100
-1.2267235	7.2376466
-10.5876410	0.1802596
-3.7866864	11.5557210
3.6399106	-1.7051929
-2.9695089	10.3677940
-2.4061044	0.8084848
9.8917290	-2.8156520
8.6261293	-4.5814205
2.0962347	-13.5773150
-9.6268750	-8.6752375
-9.3896205	-3.2308274
0.8018895	5.5924200
-4.0585164	2.2375159
-11.5118970	1.0117135
8.7278825	3.4093741
0.5837267	6.9346144
6.4179498	5.9623499
8.8989206	-6.9025232
5.7250061	6.3042995
3.0798647	-6.7483924
-7.5518959	-8.7763910
3.7278894	5.6975718
8.0700340	-1.7895343
2.2902532	1.8187731
6.5610540	-5.6087631
0.8830128	2.3514066
-6.7006589	-2.8287191
8.9272041	-8.6206909
8.6234408	-9.5470733
2.1517133	-2.0795833
-0.3832633	-4.0826540
-11.6932220	1.7315978
-1.7707436	-8.5724113
1.8563983	-4.6560982
0.7201372	-9.6153009
-1.9515565	1.3126439
1.8319617	7.7781992
-5.7756483	-6.3694871
2.4969667	0.0974446
-8.6113347	-5.2503402
-9.1669476	13.0296640
-8.5618775	-1.9837326
3.8754597	-0.2195738
-2.9325886	12.7955530
-0.2451760	5.6915430
5.2065816	-9.9082929
5.0367598	5.1687454
5.4162144	1.4172834
-0.7157450	1.0344547
-3.7656375	0.9065341
8.7376868	-5.9329601
-4.3741738	-6.6983899
-0.7986085	1.3816437
-3.0241216	1.4939873
5.9874275	-4.2284833
8.0880910	8.0846910
8.7122759	7.5213379
3.0812454	0.0327748
-3.8269261	5.8236877
5.3215898	3.2416347
3.1320528	0.7109971
-5.0905533	-0.0387649
-7.5042272	4.1676423
7.7221160	6.8977968
4.8795193	-6.2537063
5.5136108	-3.6490691
-3.6151928	3.9228719
5.6374216	-1.0362130
3.4831842	8.5291813
5.1958950	6.7352831
8.5623821	6.6228158
6.6711568	0.9512039
3.8630544	3.7615529
-1.8511303	1.0276006
0.1986218	-8.0972416
-7.1963979	-3.8186363
-10.5803480	-10.8871790
-10.3956770	-10.3327980
7.2974442	-6.1554084
-7.0106741	-4.7406273
-5.8485618	2.2784860
-5.8686567	3.9637447
9.5162846	-7.7589570
3.9372360	-6.3320979
2.1978744	-3.1043419
-2.9320093	9.4072302
10.0084570	1.6536694
-7.2521949	2.1930451
-0.3441110	5.1995493
3.5118390	4.9939251
9.4886966	-9.3237415
2.3162381	-0.0737863
9.4195488	-2.0626053
-4.1772253	-3.8469518
-6.4992825	-7.5757026
-2.7100453	-3.6919778
5.9556536	-9.1069463
-4.0512280	2.3964265
-3.7670383	-9.1062820
1.9677553	-3.4749005
6.5261074	-2.7482936
4.2230480	-7.7872084
6.0547251	0.7736385
8.8133831	-6.9432355
-6.0708499	4.7663095
-1.8113377	-5.8636924
8.1907281	10.8299730
-5.4947514	0.8241166
-5.1243255	-5.9798391
-4.3861030	4.8415241
10.2526060	4.5250995
2.1536216	2.6310665
-6.5588845	-0.0289486
-7.7916882	-8.1518468
-4.6096935	6.6146231
6.9854192	1.5189802
-5.9247741	-2.4131955
-6.0145441	-7.7802784
-1.4737578	1.3115569
6.1250631	-1.7808944
8.2373150	-1.7757908
-9.7458720	-9.3635593
0.9650322	-6.6524684
-0.2596557	-1.1176649
-10.0258010	8.4833120
1.8360433	-7.6000680
-5.5260049	-8.3678312
6.1487752	3.3015747
-8.5993425	5.5497490
4.5589578	0.9571120
-9.1600471	-6.1803323
9.4167163	9.2378937
-4.2642926	-9.5604243
3.3003813	7.6862807
7.9858369	-8.8500214
2.6043020	-4.2905882
-3.1477857	3.0105196
-6.0911244	-2.2085551
-0.1180495	4.7978839
2.4378022	-2.4797557
-8.7844229	-1.9820042
-6.0377599	0.7763741
8.8251600	5.0272235
-4.1247135	3.2521211
-8.6752654	0.5605242
6.8856729	-6.6985055
-0.4451797	-2.1480740
-5.1419058	4.6911880
7.9484330	7.3119546
-0.8119576	3.5856657
-7.5569663	0.9222025
9.6706828	-0.9056152
8.2671440	4.7694411
-5.1459444	10.2057440
8.0951291	-0.3481454
5.2915332	-5.0489596
-1.2509980	0.8615139
-8.0192748	-0.1545157
4.6654491	0.7576523
6.6110638	-4.9223322
5.6529293	-8.9923008
-1.6992197	-0.2711913
-1.9925371	7.4881758
4.6234683	-7.2054116
-4.2699935	-1.8806164
-3.4411323	-4.6884866
1.5457850	-5.3813088
3.3747568	4.9327245
6.4865781	-3.6361508
-4.3854881	0.9649216
3.0560745	-3.0851343
-2.0869499	-2.3916828
-5.2094123	4.8548650
-9.4138024	-5.1489914
-7.1215453	3.9278053
-1.0094790	2.3942154
0.6989717	-5.8910404
-3.4589404	3.1220500
-0.0381904	-9.7479872
-2.4228203	1.8200299
4.6662914	1.7973151
9.0140785	-2.9650692
-1.8717234	7.8940118
-4.2129904	5.1763952
7.3224527	-5.4513713
0.2775072	2.7245762
5.3219231	1.6826026
9.7292003	-8.6651881
4.0389427	7.7532887
2.2130638	0.5290131
-11.3016580	-0.5171533
-7.6205962	6.6116458
-6.3722012	-6.8994968
1.3631264	0.1213859
-7.5034928	2.2359980
3.3024213	1.9213168
-1.1824184	5.9407140
9.7864921	1.5014648
7.8219033	-2.2075945
-8.9309484	-9.0213382
2.6720098	-4.9138086
-3.7655738	2.2774042
10.1154120	-5.0979094
-7.8422490	-5.1998109
0.8198112	1.2563646
-4.3272274	-6.4831754
-7.9820750	-6.7619916
8.2236966	-2.0910863
6.4185182	-5.9191742
-9.2077992	-9.9455157
4.1826773	8.6670227
-11.4100770	6.0103908
-6.7933533	-1.2930499
2.1445831	-4.7426660
-8.1126646	-3.0817816
0.2724388	-2.8529351
-6.5807513	-2.3830517
-0.3491616	1.4254916
1.2018699	0.0939497
-0.1029110	0.2721520
-7.7822743	4.2080038
-10.7226710	-2.3779771
-5.8506341	-4.0890559
5.4118982	-7.1633548
-4.6303466	5.8021668
4.5775518	-1.4182163
-6.2856834	6.1427017
-6.7383463	-7.0095250
-8.0837381	-10.8900930
5.0767563	-3.6263489
-10.3406130	-2.9924934
1.2948754	-8.9351039
-7.1868758	5.9772656
2.3917444	-4.2967896
-6.2211197	-5.0093876
-0.0386351	-1.1301092
4.1100400	-2.5335364
7.9374466	-2.7589056
5.6068097	-6.5196692
0.6810068	-8.2427408
3.7038715	5.1468504
5.3445536	-2.6345127
6.1630814	-7.1715581
-6.3800236	-6.3058045
-3.3825038	-6.1356601
4.5062495	8.9535948
-4.4070905	7.6360566
-4.5933119	1.4376866
-3.5503547	-0.0092391
7.6000152	8.2840481
7.9840753	-3.4076214
-9.6571553	-5.7804770
10.6420360	5.4011388
-0.9359060	8.1078282
-3.6948366	5.5955091
4.0388908	-10.2763120
2.5276623	-4.0796716
-9.0474941	7.7419819
1.6666521	-1.1323995
-0.0600839	0.2961515
-2.6722481	8.9519252
-10.1749040	-7.3623086
2.6763609	9.7018184
-1.3027180	4.4746630
0.3320899	-4.6338235
-7.0135113	-6.7772602
4.2393056	1.8786339
-0.6488915	3.9978856
-6.7916728	5.4470783
1.2102213	8.6183337
7.3673616	2.8359398
7.5318877	8.0628188
-5.8884816	7.4797096
8.8950128	-5.1915122
-5.0457580	1.1803035
-1.1923727	-3.0745066
3.3879327	5.7546527
2.5961420	-6.8500253
-9.4494131	8.1547777
0.7476486	-1.7188733
-9.0398530	-8.8622000
-7.0487011	4.5600558
-7.5933136	-4.1397951
2.1385961	5.4667847
-6.9806983	-0.8822771
2.5886253	-2.4487345
-8.2861041	-1.0164490
6.8672740	2.4188032
1.4180339	0.5368931
-9.0131628	2.3219420
-9.7708465	-5.0458045
3.0534586	5.3660774
-8.5944260	-7.4609230
-7.0292905	-9.4076995
10.2823140	-4.0721479
4.7548489	-7.6070367
-2.6073464	-11.1762400
7.1561005	-3.1292664
-8.9953068	-3.2961314
-4.4041889	8.6373159
-3.6866061	-5.1155763
8.0216189	8.0115152
-8.1581559	-9.0085656
5.0900684	7.6778958
-3.7870325	-7.2445102
-1.0297598	-7.6512310
4.3793601	8.2849253
5.0194859	-6.0654088
-2.0121164	8.8509885
-1.7431418	-0.7930103
-2.5938936	-4.3392789
-2.1560633	-8.2503838
11.1035370	1.3989124
3.9449836	9.8426100
2.0569060	-5.9717558
-7.5698764	-10.3808480
-7.5055345	0.1686602
6.0972118	8.4314343
5.4503264	-4.2217095
3.2393654	2.8359310
6.9973298	1.2005030
-9.2418728	4.9479087
-3.2965242	-8.3074139
3.6535924	7.8927415
2.9897238	-8.3587491
-7.9128420	9.1583058
-9.0598491	-9.5219515
4.4872043	-5.0657510
-9.1623775	5.3087042
-6.9991599	-8.6776009
-4.6461734	-0.1336610
-8.5835727	-9.5727295
-0.8561340	7.1919557
-4.7186026	-3.9415207
-7.5225527	-0.6564130
8.1791954	2.4216022
-5.6870486	2.2342178
-5.4521747	1.7449664
3.8385598	5.9125150
-9.2997230	-8.8560326
5.0122521	8.5167493
4.2841930	-3.8211959
-0.8085531	-3.4274087
-2.2835060	-7.6836421
2.5715841	5.4486869
-6.0870575	7.8041032
2.2295769	-0.8840307
6.6032188	9.4904007
7.9497418	10.3487440
-5.1513036	1.6509843
5.6573430	-0.9541511
-0.1489995	9.4703837
9.8636328	-0.4816765
-9.5828937	-8.0024068
2.2624285	2.9837966
-1.5455961	-5.7490934
-10.1158260	10.3852920
6.9436675	10.7387420
5.2779593	4.6001911
-3.9438760	-6.8984498
-0.3564797	-4.0456627
-3.9143273	1.5794526
6.5674417	-3.8592709
8.7026214	5.9468181
-9.4413377	-9.8394685
-9.9220506	-9.7588796
-2.3598234	-3.8448742
-5.3725225	6.0810216
0.4849279	-1.8992542
-4.0089718	2.6747670
10.5103900	-0.9135354
7.2416057	5.6289727
10.0716040	4.0180817
5.6143697	-10.2786730
-2.9784174	8.4078409
-9.2819663	5.1385690
-2.3218879	3.8904962
0.0766031	-2.4505815
-5.5748027	0.2279971
-8.2651818	-5.3651461
7.4779837	9.3534328
10.0017260	-0.6517689
-5.7940394	9.2648133
5.5547958	-9.1148808
9.4142018	-7.2950463
1.2596841	-9.7874883
-8.2568786	3.7564645
1.5212953	8.7212007
-9.1360243	-4.3047051
-5.7502556	6.6338825
1.6036942	-5.6451514
9.2677508	-8.3415422
-5.5122717	-5.4612088
2.0738602	3.8376113
1.1323750	4.9458564
8.0079517	6.1766527
-9.6458831	-7.9452652
4.0224959	-5.6710698
7.2193731	-4.8364813
6.7238602	6.3918144
4.8642692	-0.0971122
-2.4134177	9.1490004
7.5613382	8.5974581
4.5416102	-4.1193534
-0.6523560	1.9979448
7.1789048	10.4147100
5.2964386	-3.1802957
-4.4342817	-5.8202692
5.9416886	-4.8225625
-1.3145200	-6.6429497
-5.9516676	-10.1390290
1.6355170	-8.9964069
0.8797309	-1.7957041
8.7996286	-6.3245041
3.4413048	7.7440912
8.1283754	9.4187136
5.7193778	-7.8882554
2.7565670	1.9344441
-8.7629751	6.9562709
9.6439859	-0.8408343
8.7553524	-7.7198304
-4.2180686	9.8612482
1.7722646	4.0241385
-1.0364360	5.0990278
7.4174795	7.3759923
8.8429505	4.4430923
1.1275257	3.8639471
-5.3625898	5.9291793
4.2686661	-8.4614304
3.6344891	5.9307527
3.7544467	4.8237131
5.5461162	-9.0936188
2.4375707	-7.7878421
-8.4697537	-1.9044000
2.8860381	-6.4030406
-5.8876918	0.1706490
-2.6899437	1.3461861
-5.2638247	9.6055451
1.3653799	5.7031542
-0.3543704	-4.9470226
5.8357771	8.2996820
1.2372654	3.1501627
-1.7787952	-2.4379199
-5.4747206	-3.6810869
-4.6281537	-7.1842844
-2.1995469	2.3210608
1.3631472	-3.1118059
-7.4213568	-6.2942040
-5.1095157	4.5329546
3.3377601	5.7242131
-3.8132442	-10.1842470
-3.8740979	5.1076840
-9.8859343	2.7628995
2.2050978	-8.5314911
-2.2794408	4.1618150
-1.7468113	4.7512938
8.3587410	3.0391990
3.0565424	2.3472328
-2.0691629	7.1876940
-5.6773325	-5.3365472
-7.5531433	7.6554090
-1.5883684	-1.5703715
7.3450367	-8.8129907
-6.2409479	-9.7149799
-8.3943650	0.5096440
8.5294679	-2.0124901
-1.4595754	4.5092867
7.0275260	4.4890235
2.8518156	2.2576145
-3.3614034	7.3560809
5.6579536	-5.6602243
10.0350930	-6.6826967
-8.8723791	-7.5109088
1.2101947	-5.8594044
4.3231804	4.7408437
6.0026001	-0.9591088
5.1471331	-5.5477913
3.6983454	7.7516391
4.5884469	-5.9479336
0.0995657	-8.9605383
8.5224311	2.1679974
8.0793460	-8.7113546
7.3706944	5.8513717
2.5054843	-8.9110047
-6.0362648	7.8666389
8.2381995	8.0729083
7.5745764	-2.9702354
7.4459182	-1.7432423
-1.3172562	-4.2432999
-1.4997292	-0.8159883
-6.4779782	-1.3744733
-8.8423305	-0.6618563
7.3173312	6.6256168
5.0319366	0.7143578
1.1521371	-3.9122924
9.4474003	9.9669412
7.0938212	-9.1923080
7.6575857	9.7376282
3.1451108	2.4707642
9.8233789	-9.9818340
1.0637462	4.3557987
-0.8537649	-9.4202841
0.6490465	4.7600962
5.5137033	2.5279748
-3.2555838	7.5983727
2.6669439	-1.7993247
3.0760366	-2.7360300
-4.0683338	-3.0705676
-8.8765557	-0.0223718
3.7027608	-9.3362001
-9.8519187	5.8913556
2.3898802	-0.7139968
-9.2726595	4.3233715
-1.8999559	0.3994661
0.9139805	-2.2669147
-6.3239916	-4.0651535
-1.6277434	-7.0932903
7.9191084	-1.2579372
-5.0843459	4.7155674
4.3471432	-3.0255320
4.1584276	-8.7500471
5.1603124	7.3438388
1.6935677	-3.0793681
3.2884328	-6.6253466
0.9684470	9.7553703
-4.5529521	-1.2899142
-8.1164741	6.6192726
8.3247416	3.9693062
7.7658026	-6.4049141
-7.6847809	-6.3870276
0.2660993	1.3212794
1.7847728	6.8888200
4.2469886	3.0310308
4.8494578	3.6811821
7.6831257	-7.6723730
-9.0562040	3.4033370
10.1511160	-2.6603631
5.5298587	8.3611100
2.0432341	-1.9090921
6.7859077	2.4356594
-4.1744368	-5.2816717
6.9055660	-2.3734301
2.1331392	2.7012949
-4.2055235	-2.7178886
7.5026132	-5.0543750
-8.0122509	-5.1130525
5.4443844	8.2547000
8.8958852	1.7393853
-3.3817679	-8.7681191
9.9905835	-3.9506333
5.5650303	0.3246453
4.1985734	-3.1303668
-2.5821843	-3.7525180
-4.2479635	5.4149829
5.7048177	-5.2104603
5.3046347	-4.4711171
2.7043178	-3.5582478
4.6110853	-9.9625426
-5.6042210	4.4746001
-3.9637204	-9.1740267
7.5599420	5.9478020
-2.1503006	-4.1279269
8.1459316	6.0653488
-0.7798101	-2.7043696
7.6467634	-6.2133763
-1.4311012	3.4600941
9.5516209	3.3147587
-8.9771707	0.5724607
1.6255448	1.1652037
-3.7599628	7.4152602
-4.2811452	-1.6002250
-2.2677737	5.6515204
9.3351837	7.6004227
-3.8186449	-0.3115838
-1.2302978	2.9380569
3.1362678	-9.2403468
1.2575373	1.8965026
6.0063189	7.9331168
5.4186317	9.0771982
-7.0690924	-7.4055375
-8.9911381	-6.7373639
1.0800030	-9.1767367
-7.3819160	-3.7575412
0.3284671	0.1064433
9.9097832	7.4340858
-3.7820924	-3.0105681
9.1398148	-5.4755198
-1.6909326	4.4258675
9.1416561	0.6394227
6.5773658	3.9214752
-7.3105413	7.2735259
-4.0809933	4.2920837
-5.9761366	7.1194814
-6.3817656	2.1899498
1.7450870	7.2077628
4.8325188	5.5101643
7.0060302	-1.0270481
9.0018268	0.3546738
6.9892998	-5.6422313
7.9101197	8.4113142
-5.8501528	3.0022602
3.8083735	-1.0643914
8.4357443	-7.2780088
4.7300845	-4.3873409
1.7451674	-4.6298962
-1.6915298	-4.7003843
0.9876101	8.1915702
9.6746985	3.7795154
6.5464958	-0.6037966
-3.7110208	9.0334306
6.9475195	3.4057144
-8.1412483	-0.6272743
-7.3499391	-2.2233205
4.3170592	8.2963187
-0.4060961	0.7440890
-1.5427534	-0.9687551
-6.7563442	-7.9669692
4.2622168	1.7523794
9.6539483	-2.0311732
-2.1179604	-4.3054739
6.6750855	-9.4600841
-9.7823221	7.1364196
-8.5765475	7.5112443
-0.3036266	4.5151547
9.5881959	-8.2488313
3.0963626	9.1844699
-7.4001063	5.6038948
0.3844217	-9.8935888
8.8801867	9.4252274
7.3146394	9.3872875
-5.1007279	-9.7592241
1.3967578	-4.0985637
-3.3019397	-4.0504793
-5.7412478	-1.6938602
1.5938639	-5.0758517
6.6767370	-1.5504157
0.1776187	3.2814271
-1.8978106	6.0499916
-5.5664367	-9.4036954
8.0037195	4.5392012
7.6222719	7.3817484
7.5783596	0.0579492
2.6498316	-9.0760214
5.4111961	-5.0442597
0.6114843	-5.3345199
-3.4210857	-2.5068134
-4.0863795	-6.5880850
0.6107303	2.9649878
7.6268229	-8.0273744
-2.3614293	-8.4627744
-5.4259380	8.7415564
-3.0537983	4.4061531
6.1295886	8.2840960
9.1157094	-9.5069123
-1.2155790	8.8810581
-4.1045800	-0.1565486
-0.0152139	-1.0529822
-6.5872073	-2.3988746
-5.5383245	-2.0360710
9.6240941	3.3642179
-0.2573321	-3.2219368
3.1859159	3.8335816
7.3467181	-8.3775055
0.8094704	7.7154559
-3.3033309	-8.9578507
7.3735759	8.6460283
-6.7376781	-2.7209202
1.9381459	4.6943990
3.7498617	-4.7733226
-8.1462392	6.2814006
-1.9283040	-8.0251246
-7.2741913	4.0677551
5.1313081	-5.8745872
-8.0777807	-7.0506364
-7.9680588	-2.1060565
5.5810409	-5.4514250
-6.7259747	-2.4230900
-5.5595979	-7.7462921
3.8367888	9.6186320
7.4259366	-2.8996230
1.0634545	8.9444834
0.4719605	-2.8150996
6.4319365	-8.3933938
8.0880903	-7.9810454
0.7826987	5.2906830
-1.0998231	-5.1173362
-3.2606182	1.4197311
-4.9294649	4.4239030
9.5464101	9.9246430
8.8245792	-1.7093137
9.6806548	3.8446427
5.0501779	7.6174998
-4.9513455	-0.0197057
6.3479027	-2.4484077
-7.6887837	-4.5756603
-5.5872220	7.2414957
-3.7496298	4.3244310
9.3853060	-5.5534002
-0.0550177	-4.6579488
7.5407875	-1.5799700
-4.3606684	-10.1142180
7.0328991	5.3660488
-4.0646492	-0.5575290
-6.1685434	2.8417123
-6.4792497	-6.7873003
-4.8074154	4.5646635
-3.3073061	7.8285206
-9.2936819	3.3391577
6.9610067	4.8804641
-3.3146969	1.6498222
9.3493237	2.6013656
-5.9039525	4.8841272
3.9114413	4.9219007
8.5012234	1.0206379
5.8375218	-9.7373939
9.2389332	-3.7647657
-0.8316236	-4.7968532
0.0227615	2.0925401
2.1719259	9.6652430
5.2948693	7.3566733
-7.4815394	-5.4015205
1.7554398	-4.0998365
-4.0573118	8.7678312
-3.3525174	-1.3079600
6.7907153	-2.1426071
1.8640709	8.5144141
-7.0865322	4.1881496
7.6017744	5.2441693
2.2782805	-3.6866697
2.5840722	-9.5772358
-0.8636527	-3.6521032
0.8119733	1.1269275
-1.2493785	2.2049827
4.8645684	0.5762845
-6.4995038	2.4863108
-2.5213004	7.1928843
-2.1663923	-1.2845416
0.8045091	-7.3110081
2.2284107	4.2638640
-2.1001098	9.8313403
-6.3767605	0.3012474
-5.0872181	-7.6065265
-3.3705921	-7.2861516
2.3211303	4.1791885
5.8487813	-8.2826739
-1.3939544	-6.7195964
-9.6845207	-3.8009245
-2.3336373	-5.5573497
7.2224114	-6.2343010
4.0042620	-3.7765338
-0.9945158	0.5953734
8.7647574	-0.4455300
-6.4570542	6.2551916
9.3381442	-3.5082104
-7.7439295	-8.8198700
-9.5668706	0.9258787
-0.1811775	-7.9638417
7.0383752	8.4418981
1.3901838	6.1710833
-0.2113309	4.7683245
-3.0177925	3.0421447
1.6146026	3.2483871
-1.9400859	6.1299001
-9.4671990	7.1774713
1.9027375	0.1622658
-9.2903416	8.2175548
2.5979035	9.0841926
-4.6463442	-2.6208780
-5.5628232	3.4994353
3.5888327	0.2748689
3.3344943	5.6489909
-0.1335400	9.6937702
-2.8069097	8.2114433
6.9072046	-5.3124107
3.5439956	0.0011801
5.1012325	7.6024167
-1.7823524	-1.5522722
-9.3197887	9.5933077
-6.9366682	-1.9816665
-5.6331887	-6.7841669
-6.0197870	-3.7615567
-1.1079894	4.7120460
-9.7617131	-8.0508729
2.0865403	7.1851838
0.3091438	2.7225559
9.3325340	0.5839131
9.2343320	-6.3152232
-8.9586989	-3.9065023
-4.4393276	-1.8296191
8.4829656	3.7600407
9.2220885	4.1438541
-2.4639965	3.7806763
8.8359864	3.8779363
3.8416168	-8.9409811
5.2142452	-1.2819471
-2.5855918	8.8694561
-1.7125029	-5.4813703
-7.0785301	9.5369699
-2.9992960	-4.3735189
4.2164179	0.3108638
7.0578815	-0.6167135
1.0297757	1.2107838
-8.7107644	9.1069617
-9.5695138	-5.8635423
2.1781699	-9.5236368
-2.5099829	6.1446163
0.7586129	9.7080654
3.8290370	-1.3380123
5.3446151	1.8156088
-3.6704920	-7.2819854
-5.5186577	-9.1435389
6.5501165	-5.8638392
5.9800207	9.6793410
-9.8350829	-4.7458651
-5.9782055	-7.0629837
-5.2195333	-2.8073802
3.5350590	9.2573352
-4.1536325	0.0943103
6.5143678	-0.5307096
6.4301785	-5.0439172
-7.8114556	5.3659955
-0.5106755	6.1479417
9.6380040	-8.4692636
1.5557524	-4.4082714
-5.1621842	-7.1449524
-6.0933944	6.8264768
-0.3324989	4.9576895
1.0032718	-6.8635376
-6.9501982	-5.4665585
0.4206237	4.2948738
-5.5007028	-0.3096593
9.3149560	6.3515133
3.8399432	7.8281235
2.2296351	5.9366887
7.1031315	3.6885418
4.5935323	-2.4791114
-2.1149488	-9.2935720
5.7489055	4.8603372
9.3464083	-1.8451171
-4.5174877	-9.6128955
7.6769329	-7.4445782
7.9562472	6.1769695
2.5443399	-6.3672220
-2.9157122	1.3746331
-1.0871457	-4.2630763
9.8729206	-6.3343838
-5.4540072	9.1060307
4.3587270	-8.6691190
-1.7823635	4.0624358
-6.0273280	8.1258519
8.3837022	6.2162357
-6.0126330	2.7209433
1.0165063	-0.4439018
-2.2144877	7.6798776
5.6600143	3.5027791
-7.3488659	5.1354184
9.6156053	6.3371525
6.7134550	-1.8946482
8.2909101	-0.0692225
-1.2234600	5.1300117
-3.1250941	1.9126935
-5.1656412	4.4943546
-6.8976315	-2.8735218
-2.4833188	8.0135536
-8.8701521	8.4390350
2.2578382	9.3219837
6.7792430	-2.8314228
2.2905789	3.1944808
7.4410353	5.9515221
-3.5294476	10.0362990
9.0927559	6.6332006
-3.2634091	10.0729130
-9.8102495	-3.2912307
-6.8951704	3.8568786
7.8455912	0.8881234
-2.2569960	6.2412298
1.9331981	-9.3392289
-10.0958480	-7.7636811
-3.4168267	-1.2066749
-0.6263469	-4.0846661
3.9957719	6.2815817
9.2510830	-4.5695401
7.3181220	-1.5486538
-5.8256089	-8.6739046
4.3664976	-8.6865463
-9.9081579	-3.1506983
3.6397339	-4.2763058
1.1471493	5.8907892
-2.5779441	-1.8586561
8.2639450	9.1588777
9.6977920	-3.5760574
9.2405055	9.1485402
0.8131471	9.3970191
-9.4225643	0.0573803
9.9655322	6.3773812
8.5415761	-1.3879991
4.9934020	-9.8155727
-3.5356182	6.4131222
-1.5852902	3.0796810
-9.7526984	-1.9351190
0.3106388	6.3304849
-8.5869165	-6.4524501
-6.6946633	9.1586494
-8.5124999	-8.1402662
-8.9337844	-8.1497976
-6.0642889	-1.6629711
5.1010882	1.1997219
2.8445798	3.1783856
8.7928146	2.0295296
5.3277683	-1.3151309
8.5464150	-7.5269397
-9.1433222	4.7499658
-5.2695894	0.5168746
-9.8772044	-8.9816419
-9.1902133	5.0204924
-9.2781316	-9.5074590
-0.4903715	-1.0446288
-4.8523270	0.0378868
-3.2054673	-4.3013683
-2.6919943	6.8792871
-6.1661419	7.7400382
-7.5592917	2.6023861
4.1758909	-9.2688481
-9.0524745	-1.4477159
-6.8599616	-6.4374124
-7.0746505	4.5682958
2.6185923	-0.2794587
2.6439499	-4.7289496
-7.5730088	-2.5906524
-0.9423516	-2.3537206
-6.0677833	-3.6323642
-7.2027814	-9.4279751
-8.1346425	8.6457881
0.2985434	-5.7637384
1.7761490	-0.8781951
-3.7711202	3.3296891
2.9868802	-3.1242956
-6.9396661	8.1003181
-3.3927740	2.6220251
9.1001006	-5.5163773
-7.0143370	0.2569727
-6.4706184	-0.6194772
8.4257708	-8.9834160
8.4526898	3.0790680
-8.2559187	2.0988770
1.6315955	1.0911757
-7.9728679	6.4731005
-2.2044890	3.3894794
-8.6871855	0.6331028
-2.6745650	1.2195227
-4.9433712	-4.1570523
-8.4192651	-3.2034355
-2.0016588	-8.8360341
4.5309568	6.0137291
-0.3365895	-9.4803092
-7.0233589	-1.8207761
8.0253268	0.7852909
-5.4468277	9.0365559
-3.4876099	-0.3787785
-0.6927062	-3.0981781
-2.3810146	-0.9737438
-0.6259828	-8.8597811
-1.2566854	7.9480839
5.2072809	-2.2954079
-3.7055417	-8.7356082
0.7055387	5.7597154
-2.4432866	5.5448212
5.6144654	-6.5606773
6.3515576	-9.2053390
-4.1158713	-1.2385273
3.1129846	-7.6849909
6.3870123	9.0762976
-0.9454261	-5.1191063
-5.1101697	-7.5551916
4.1031437	-6.7194442
1.7329196	-0.8650159
3.2391167	-9.8529176
-8.2637573	4.9158903
-3.5385422	4.4726803
7.8412699	5.5800788
3.7317289	-1.5052441
0.1217807	9.1340158
-0.9997284	-9.2898391
0.4644930	1.4292864
9.1388098	-5.2167465
5.6993807	-9.0768595
3.5821031	8.9169442
7.3434180	-7.6954795
4.6382845	-7.8043545
-5.1963940	-0.1207024
2.6705071	2.9258229
-8.0900296	-3.3646105
2.7567273	-6.7340883
-0.1540606	-5.3654156
8.0610419	-6.2877071
4.0055658	6.7624016
3.4668874	-2.5175848
0.2098708	-8.0626106
-2.4460150	-5.4114146
6.9979215	-4.5601330
6.3577388	-0.9252029
8.7661765	-3.8512927
-3.6778722	2.2986258
8.6270106	9.6645554
5.1306645	-5.6268702
-0.0903587	-4.5059512
7.4621648	-0.3446944
6.8171798	6.7438605
-4.8202310	-9.4494422
3.6433734	6.9500156
1.5462155	6.8890218
9.7369615	-1.7726197
3.8136198	-1.0913450
0.7992607	-3.3214357
2.3531951	-8.6700799
-2.7570384	4.1940752
-5.7723527	-6.0008760
0.1857950	0.9392316
-4.2333727	9.5525427
9.5651906	8.0195175
-3.9974872	6.9198060
-5.6703691	-6.7597676
-7.6930095	-0.8373306
4.7278299	4.0385863
-1.5713326	5.7728258
9.0899141	6.0169067
4.3384028	-5.6488173
0.0318109	7.6618817
1.1215623	-0.9104958
6.7629440	-1.8046940
-5.3913679	6.2128206
-4.6954325	-7.6080879
-8.7324324	5.2907176
-4.0689414	9.6659402
-0.2184600	-5.3841335
-9.3362570	-5.7134503
9.2907261	9.2308374
-6.2239340	-4.6921920
-7.0642766	0.3243056
-4.0549755	-3.2547538
1.1612989	4.5848937
-2.6993815	-6.0024429
-1.5267728	0.2344198
6.7019240	-8.4434952
-8.1647186	6.6499773
-2.1785871	1.8788760
-2.0735895	-7.3395315
7.9394891	-2.0366294
-1.0693502	-3.7819367
-4.3008841	7.5058884
-8.8374909	5.0773384
9.2532117	4.2380165
1.6077616	7.6344873
9.7383463	4.0553141
-0.5666655	-7.8182524
5.1411984	-4.6556541
1.3120554	4.8176701
-1.0277474	-2.7814243
4.6299121	3.5363341
9.5394306	4.4551239
-9.0849297	-6.4892967
4.7464197	-4.0549306
1.3449404	-7.3088653
6.4426230	0.7917853
0.6782019	0.7004486
-4.4811490	1.2120740
0.9577248	7.0921512
-2.0999967	6.2280858
-4.4152766	-1.3953015
-2.6081572	4.3166761
5.5764941	1.5751030
8.2884148	-2.1677542
7.6873421	7.8421192
-7.0238989	8.9818027
4.8448092	-9.7197794
0.4847386	-4.7581325
-4.0664878	9.6063550
-9.4187202	-0.9477672
-0.9359762	9.0918382
-2.8625658	-4.7637041
-1.3006863	-0.7170370
8.9364750	2.3416879
5.2043142	5.4038055
-2.4866539	8.1577681
-0.0817796	-5.2206344
1.2542953	7.1672994
-3.1417068	0.4679558
7.3076806	-1.4044484
-1.7928862	1.8176136
-6.2112383	-4.5755713
-0.7959497	-9.3216460
-7.9307681	8.9424514
-9.8667439	-2.7105542
1.0602054	-8.8622382
3.9122606	-5.7480379
7.3486655	-4.3666883
5.6140793	-3.0929947
4.2816045	3.7605236
4.6382140	2.5514193
1.3643236	-5.0421192
0.4731482	4.1231970
-4.2014337	7.2565959
5.1737509	-3.8731274
2.1271100	0.8833356
1.7519794	9.6936782
7.8513865	1.1640175
7.2647016	-8.1408477
0.7820504	1.8208386
0.3081123	3.6508205
-8.7347893	-2.4333843
7.1382286	-0.4193135
-3.0590609	-7.0283165
4.2391009	-5.6984782
-8.8660190	-3.8288584
4.4113683	1.5006824
3.2277918	-8.2894864
-6.1336181	-7.3463833
-6.7724301	-2.4370935
8.4274565	2.4446861
9.4777577	-7.1680365
-3.6846499	-4.7558337
3.2222227	1.8382663
3.1352476	-8.3191061
-5.7299855	2.2763146
-5.1589070	9.4162171
-3.7917721	-6.3947469
9.3870992	8.4309226
7.2888520	5.0578050
5.0086334	1.2723121
-1.1081687	6.7208351
-3.6038621	-3.0139416
6.9542203	1.5833708
5.9981601	2.0147844
-7.4787111	-6.9323795
3.6602081	5.5423240
-4.8675736	7.9915201
0.4663473	-8.5230588
1.9902854	9.6419767
0.3755316	0.7232832
1.5981829	6.0221222
2.0168026	-8.6621593
-7.8582342	1.8716615
-8.2712772	-2.7143438
-7.3860772	-3.8158719
-0.5661949	9.2469130
-2.5302210	-1.8435417
9.2029020	6.8481083
-2.0682649	8.4521901
-8.4210605	-0.1370491
9.6067084	8.8633378
-9.3411661	7.7062820
-9.3237392	-2.9761301
-9.3722095	-3.5665166
6.8243524	-0.9855605
-5.6248154	1.1801664
1.2536036	-7.9871486
-7.3855643	-4.3416728
7.4130754	5.3508163
1.3150672	-9.5096303
-7.2926977	3.2270403
-9.6685651	-8.0745897
4.7680138	1.5938657
0.3294228	-7.0599885
7.3137721	7.5044885
2.9613685	6.1714661
-6.8387798	-0.7157397
-6.5844588	8.9041937
1.2064177	6.7896490
5.4090605	-7.5511912
-3.3374281	0.8546957
4.5430697	-6.2192368
-6.2487684	-4.8315948
5.2311808	3.5389267
-5.3066868	9.2872589
-1.2272958	4.9961100
7.9259240	9.5264618
7.5216267	-5.1398900
1.3146893	7.8436500
6.2019771	6.7904160
-1.6045429	-8.6233967
4.0566729	0.1840909
3.6918613	-8.1293353
-1.2501598	7.2567039
-2.1974535	-1.6021499
4.9589270	7.5162655
1.5201524	9.3897079
2.9348828	6.6228002
9.6167616	-0.7122881
9.7123930	2.5142513
-1.9035663	-1.4881417
-6.8463823	-1.1511548
-6.5860524	1.9929845
-5.8537740	9.0309849
-0.4732320	3.6444834
7.3923098	4.2707200
3.7505717	-7.7278076
9.2485969	-0.0147157
-4.9288971	9.9258659
-5.9038992	-3.9513738
-5.7467904	-4.4008608
3.9737885	-8.4443662
4.9492093	-3.6838848
-4.1722105	-4.0578304
8.9170369	6.5568601
5.9967601	-0.7959100
-4.0809328	7.2684013
-3.7788103	-4.9957224
-8.6534713	-5.9600921
-4.1654603	1.0264050
-4.9892356	-1.3600665
-9.4928175	-0.4590658
4.7780029	-0.5978884
-7.8000207	-9.5066890
7.4158834	-6.3330503
3.1152534	7.7243982
-6.5252852	6.9979999
-8.6453133	-5.7291641
-9.5575820	-0.0491840
-3.5108310	-4.5968760
0.4307454	2.9110915
7.8876920	7.6143287
-3.6542485	5.7152171
-0.2600108	-2.3598947
-6.2870956	0.8099085
-4.5798784	4.1573697
-7.0892640	-7.7824939
7.1189426	-6.8130244
-6.0530441	0.0079771
3.5016009	2.3558248
5.9997254	-3.5430557
-9.9881372	-8.4164130
7.2738644	2.5363840
-3.7891321	9.6662546
0.6028721	9.2981018
6.4330173	-0.8711458
3.3172393	3.5487646
8.2100966	4.8790831
-8.9075382	-6.1467939
-7.4277794	-4.2586572
6.9892261	0.0726617
-1.7934468	-0.9316770
-9.1010292	-6.1253436
9.4797224	-1.1786148
1.1097676	-8.7708083
6.4310567	2.4558250
-6.7520260	9.1374557
-2.8010792	5.8461713
-1.6723434	-6.6781843
-2.7106521	-3.9266050
8.5757222	-5.5509374
2.7190103	7.4754002
-6.7969441	2.7883094
6.5577934	6.7023692
-6.1051915	-9.8652632
6.9567184	8.6293993
-4.3078894	-7.9385734
-5.9818879	6.3313611
-6.3371485	1.0884070
3.6503895	2.5394586
-7.8852892	-0.0590584
9.4669521	-5.6379065
-6.6580052	-2.2896602
4.2722049	5.9840593
-5.9874002	-4.9369744
-9.1637757	7.3996908
-7.4862605	-9.4626636
-1.4189624	2.8580441
-2.1178119	5.2784361
-4.3486110	3.9181161
4.4615945	3.0189221
1.0685013	-2.4086788
-6.8763966	4.0049331
5.4677176	0.5991222
-3.0650043	-3.1704079
0.8177933	-8.5190971
0.5034665	8.8986885
-4.2876645	1.4094921
5.9014937	-5.7658907
-6.6651889	-1.3204225
-7.1079394	4.8351230
1.3030201	-1.9190181
-6.8657233	-5.1918441
-1.1375112	8.5355540
-6.4218362	4.1595065
0.6924135	1.5335890
5.9056747	-1.7795120
4.0265698	-3.8876653
-7.7514015	7.9038074
-5.2995633	4.1963909
9.9594707	-7.5094451
0.5207258	9.6132547
-7.5463014	5.4215252
-1.6807833	9.3806370
4.8911855	-6.4467084
6.2903533	-9.0466063
2.1344866	-6.0154495
-9.1612585	7.4208149
-4.4853867	4.2137234
6.5091191	-7.4899157
-4.5788487	-8.5888677
5.7742184	-8.4738975
8.3303321	0.5299026
8.2294234	-7.5213646
2.4625550	-1.1450355
5.0305043	-3.5674359
-4.5225712	5.8702630
3.6768145	4.6782286
1.3648310	1.1114319
-1.7802716	4.5562658
9.4277679	-3.9080330
-6.8473305	-3.3385636
-4.0122149	-7.0893105
9.6812574	3.8855258
-1.8017126	5.2900415
-9.7424329	-8.7328507
-9.0591712	-6.4584085
0.7365662	-4.2157840
-4.1810387	8.7468461
-1.6232255	4.3726358
5.1948123	-4.0320098
2.5327240	5.1524048
5.1543311	-7.3516820
0.4029354	-4.2500893
-8.0679056	-6.2558770
0.0966574	-9.5299464
-5.1996265	6.3048019
2.1063397	5.1870331
9.1545721	5.2839254
0.7165751	5.9320852
0.8412267	-4.2167328
6.4252931	6.2780149
1.0948356	1.4367326
-3.4094219	5.6590347
-5.9638069	-9.8225902
-7.5689013	-9.3853271
4.9412961	-2.7636642
-2.6576644	-9.0611873
5.8845911	8.1298403
0.9721877	9.9702344
6.3262021	-8.7285208
1.0665457	6.6602553
-4.1135556	-6.1512040
-5.8439778	1.5488436
4.6870214	-6.3240759
2.1632741	-9.5596376
-9.6684702	-1.5969222
3.6578958	5.9202295
5.1850625	-5.5178053
-6.4406921	-4.5764636
-4.6339377	7.4389752
-5.2775245	-5.3333032
-8.2583995	-4.9810363
-4.9401822	-0.1152191
-8.1113919	-9.8638288
7.9242074	-5.1415734
1.4310667	3.9736784
0.5987763	1.8547993
2.2958391	-2.6870117
9.7615416	-3.6804486
-8.3218923	6.9704061
-1.6206628	2.8658684
-0.6809494	-6.2588643
6.7026503	-6.0136088
6.3929696	-5.6527203
-1.4396483	1.2078000
-7.2137826	-3.6439925
-6.8351794	2.7120118
-7.7558181	-0.5897498
2.9149969	3.7495448
-2.7115280	7.3534915
-2.3708237	-9.1168757
-4.5565129	-2.0531234
2.8612641	-1.7791402
9.3028071	6.7206908
0.6507637	-3.5625628
-9.0097145	9.5962445
-3.8300371	5.9950532
-7.9518317	-6.2795503
-9.2760009	-0.8024744
6.9354207	-1.6953806
0.8605134	8.6384605
-2.4943358	0.8056954
-2.7179960	-1.1893301
6.8266344	-0.3930407
1.7953098	1.6625523
-2.4880888	4.9388056
9.5644025	-3.6345194
6.1825461	-1.0303503
2.0605746	8.4408910
-2.1138729	-6.0361453
9.4693982	6.7783673
6.8416943	1.1609030
3.6220336	3.6568874
-5.1082546	-7.1214322
-0.9383358	7.6139270
-8.6006358	-3.7540910
-3.9432932	-7.8656939
4.4281050	-6.2810224
-0.3840569	-7.7577961
8.9819670	5.4646037
7.3653325	0.0374427
-2.6671437	-4.9047928
-9.5037083	-8.0840558
-2.8357839	2.1170487
1.3706530	1.4902808
9.1962003	3.1140661
3.1321804	-4.5607159
2.9960191	3.6620131
8.3463800	-0.7334514
-7.0291643	-4.8418150
7.7905013	-9.9122951
7.0943078	4.3469072
4.8043112	-5.0110227
-5.5906518	-9.2855715
-3.4919519	5.1183017
-3.7916755	9.8770798
