jMRUI Data Textfile

Filename: dataset15_WS.txt

PointsInDataset: 2048      
DatasetsInFile: 1         
SamplingInterval: 2.5E-1    
ZeroOrderPhase: 0E0       
BeginTime: 0E0       
TransmitterFrequency: 1.2322E8  
MagneticField: 2.9E0     
TypeOfNucleus: 0E0       
NameOfPatient: dataset15_WS
DateOfExperiment: 
Spectrometer: 
AdditionalInfo: dataset15_WS
SignalNames: dataset15_WS.txt;


Signal and FFT
sig(real)	sig(imag)	fft(real)	fft(imag)
Signal 1 out of 1 in file
271.0246300	-103.1294200
474.1957900	-199.1655300
334.2401200	-379.0361300
118.2005000	-421.0232700
-43.8324320	-392.2614800
-163.5946500	-270.7485800
-236.5505100	-128.1500600
-187.8080800	-27.9429560
-119.8647900	73.0548920
-47.7996600	92.0226030
36.6422900	61.6669920
41.0661570	8.5569269
53.9808480	-35.6446230
6.7124621	-88.6566490
-8.3439262	-96.1404530
-41.1105810	-58.0096720
-85.5257180	-52.8673140
-91.8175940	-15.0573660
-80.2226380	6.4944457
-81.3326080	28.9940000
-75.3510810	47.1415020
-54.7838290	57.4666140
-23.9683030	66.1500110
3.8246592	85.0009430
36.2385750	54.7506720
47.7121560	34.2020690
40.8788500	18.6820200
26.5211010	-13.1246710
22.4714010	-49.4987230
-26.1052540	-53.3209990
-46.6626280	-29.7486430
-68.4985450	5.9822406
-47.0950130	49.9395370
-30.6718560	72.8863790
-8.7418163	71.2653930
25.8824440	89.9522990
57.3573140	73.6844260
60.3043750	35.5667720
75.3948280	15.7285620
74.0011890	-3.2283583
50.4332220	-34.6924290
43.1297900	-30.0475670
37.4754780	-60.0751200
25.9845950	-55.9204690
-0.8922190	-62.3579280
-18.5211300	-35.2791590
-30.2425680	-16.5800520
-24.1162630	-6.4380980
2.6948685	9.3863378
-1.8458625	16.3148290
22.4838140	-5.7930404
13.7119960	-40.1719750
-6.3360377	-43.0728260
-31.9120830	-58.2119930
-60.3053990	-40.4284160
-80.1896160	-18.9549950
-59.2284640	22.6856400
-35.7921320	53.7009470
-3.5411312	79.3093200
24.1745460	66.9804820
48.8905940	45.5199490
64.4855750	1.3422240
52.4433160	-20.3362230
46.2762470	-58.8660550
-3.2185003	-46.3546400
-13.3984210	-50.3390400
-54.9856640	-27.6911250
-38.8052450	1.6016139
-43.0326780	7.0956784
-33.7796670	10.5750680
-12.9708210	17.1942120
2.2702146	41.5808000
8.8972091	11.7174900
1.3805837	26.1309950
7.1771377	4.8012206
11.9950160	16.5139600
6.3768426	-8.7444917
15.5973040	-3.3127276
0.6764773	-32.1344730
-20.3279730	-25.6132700
-10.6229840	-16.9924030
-27.0435580	-2.6512857
-32.7414910	17.5533480
-6.8857206	37.4693430
9.9266456	53.2246740
23.9071650	24.7501660
39.0624890	2.4333169
52.6462380	-24.6464430
47.4112980	-46.9015490
22.3965890	-48.9754630
-28.7236740	-28.6927030
-30.9336100	-14.0030730
-24.8449450	-9.8757471
-14.9432130	32.8679640
-14.6364620	47.4447700
-1.4084121	42.8636800
27.6973400	36.6741160
53.8932890	18.4056460
55.4813650	-6.1248543
25.2812230	-32.1303300
31.2770410	-27.4735550
20.2512490	-38.2567070
-13.7858000	-46.9382110
-13.1329720	-54.5421960
-28.9327600	-27.9320410
-49.5429730	-2.5515055
-56.7452660	-4.5900211
-52.4396390	27.4252610
-18.6096930	29.9034820
-15.6072530	25.1107640
2.7695401	35.0508090
17.3709710	15.6319580
30.9011820	9.7521042
24.2577960	-4.7099149
12.7258310	-22.7424930
-11.7038910	-30.7243920
-4.9418889	-3.5101329
-11.7830260	-5.3547349
-24.5884940	4.1198036
-7.8282599	11.3069470
17.5084760	19.8533170
7.6602871	10.3732730
23.1219870	10.7379430
31.5629140	-19.9599810
24.0468680	-36.7424600
9.5982698	-35.6808550
-9.1914915	-20.1418390
-7.6239790	-21.1395290
-14.4050280	-1.3441589
-19.9517070	6.0798058
-11.6651680	24.3044290
-15.4156250	26.5054570
-20.4739960	43.6085510
2.7716759	16.7110250
10.9384890	43.6673450
28.6649540	8.9982803
29.1691000	13.5804510
48.2117600	-12.0297100
21.0948390	-27.5636020
25.0337350	-32.2037900
22.8356130	-42.3417570
-5.3514860	-23.9139840
-17.3591520	-23.7649240
-11.3773930	-22.7686940
-21.4894030	-10.9381450
-14.4544150	15.3027310
-8.5037222	-3.0648912
1.5398423	-0.2413382
-9.4108250	5.0402579
-13.2540200	-17.6392380
-6.1284468	-17.6231240
-20.9209740	-2.2955155
-38.9905620	-16.8045780
-20.0309830	-8.0696384
-34.3811480	15.0184140
-11.3078100	19.3843220
-1.4183044	44.1766820
3.8266197	23.6255430
12.7464140	15.3517200
17.0411920	14.0751920
15.2615040	-9.8254399
25.7284530	-2.4425667
23.4197000	-21.6643870
-9.1011816	-26.6235350
-1.9700608	-18.1697610
-27.2675970	-5.0935582
-21.9743610	5.8608488
-34.0247200	8.9005727
-16.2279740	15.6441830
-28.8325060	28.7068630
-12.1749400	27.1909090
6.9308368	30.4954350
21.2887770	38.7534370
28.3210890	9.9516656
34.6305900	12.9540800
14.8022710	13.6958290
24.7759570	5.5428758
9.2190011	7.5548436
18.3694360	-12.4032740
-0.1373150	-1.4103172
24.8307230	9.7272347
20.5630040	7.5166775
6.5709778	-16.4630890
15.1710570	-19.7124010
15.8689940	-20.5873900
9.6292060	-12.9283160
-11.6929060	-28.5218580
-2.3484230	-36.3080230
-12.8227610	-11.0114920
-36.1560820	-25.5872730
-17.8180100	-23.2891290
-38.3302700	4.9948270
-23.1745840	-0.0890273
-16.3597210	22.4347700
5.1283408	23.4696460
0.2025734	31.2377050
2.5254398	3.5601268
9.6762830	13.8529050
6.5038611	3.8688289
23.9619600	-13.0849080
15.5677450	1.7432133
-3.4623173	-14.5033300
-19.5706210	1.8235996
-17.3901670	3.6737483
-20.3037630	12.6849250
6.3510963	0.5485339
-5.4641953	21.3409120
-8.6781223	18.7844400
-1.4798453	-6.7989316
11.1042650	-5.6377856
4.9206097	-21.0640610
-1.1659913	-4.2086979
0.1498493	-18.0220830
-7.1802990	-5.9120763
-26.0796200	3.6533769
-13.3414870	12.2309790
-3.4380686	4.0891261
5.9471391	19.2461870
10.5104190	24.6545130
28.4676690	3.5825494
15.1709740	-1.7996183
22.4166020	3.5686405
23.0123710	2.1401595
19.4319350	-28.0195110
8.3263200	-31.6500220
20.2972570	-24.5683060
-5.9288742	-9.4215016
0.7519710	-18.0323450
-2.8918295	-9.0335377
-20.7182150	11.0022470
-4.9213933	4.3691224
0.2059089	11.9888710
3.1108416	19.7031440
-3.0561721	20.0715390
-0.0141381	0.2292062
14.8019140	-10.4981360
-2.3975277	-14.6779010
-10.4284880	5.2036664
8.7138209	-0.7488580
-1.1472599	-11.0641690
1.8709468	-16.0890890
-13.0267770	-8.4983762
11.1867940	15.5692830
-15.7946380	-0.1040658
4.0933500	-2.6711471
0.9398562	12.7215150
7.2536295	-4.4815033
9.9361867	-12.6877010
-16.8108170	-0.0415523
-17.1668590	-0.9750003
-9.8918529	-18.1459220
-26.8877640	-4.0712347
-20.2548020	17.6552180
-14.9748120	17.0389580
-19.6738410	24.2784160
-14.1247160	17.1984090
16.3998490	19.9793440
1.1430267	13.6453150
20.4943140	12.3689440
9.1020689	13.3893210
4.0516995	-7.6792086
-8.0260940	-15.4127210
11.2891430	7.4170980
-15.2796870	2.7299426
-11.6763730	-12.1058860
-6.3495164	4.8338380
-6.7281792	16.0522550
18.1541760	4.7925436
-1.6632693	20.4956570
16.3394380	-3.0346979
9.7292302	-6.9745879
1.9702045	4.0851805
12.8253990	-5.4902436
6.3656172	-13.9295070
-11.3553670	-23.3021460
-4.4795266	-6.6037518
-1.2522234	-10.9807430
-18.1143470	-0.4957141
2.2873186	-11.0387760
-15.4627930	5.4538854
2.8911070	13.6912630
10.1048480	-9.7304960
1.6543481	-11.7639390
3.0838723	6.9295226
6.9076358	-0.4776254
9.5523859	-10.7923920
-9.9593465	-8.6273362
-2.2236921	-16.2185210
-11.3338370	8.2168292
-29.9457080	-8.2644363
-21.5340750	0.8626124
4.0800404	7.8942725
-6.5801528	25.7592240
-1.9981612	9.1121382
6.8675911	-1.1348366
8.6990834	20.0154360
5.4137546	-10.2124670
6.8324270	-4.3349525
3.9077723	-19.1979770
2.0736191	-8.1752187
-6.4217022	-24.7557250
6.7562689	-9.0643287
-2.8444383	2.8609248
-4.0024115	-10.4016220
-10.8428430	-13.2755080
-12.5752900	-8.8803796
-0.0810439	4.8042682
-8.5138522	-9.2132293
-12.8485250	-9.5609861
-12.7505620	9.3103780
0.6525317	13.2384700
5.4279239	12.9268220
-13.0592750	5.7606759
0.1818219	-7.1820514
-5.9906079	20.8530820
-3.5849256	10.8894550
6.8565796	17.0715810
18.7586290	23.8970680
9.9000443	21.5989770
3.8375311	7.9575251
4.7890724	-17.2975700
18.7044100	-10.2085200
4.8578346	-15.7754220
-0.0099834	1.1799997
-7.5165408	3.4632623
5.9382769	-4.5531753
-6.8786544	1.7328899
-1.7232003	11.4344030
3.2501194	-10.0391160
10.9457800	-12.0122820
9.4650930	-10.1858270
-5.7662546	13.4644480
-12.1433010	12.1155450
6.4884453	11.8197970
-0.1475319	4.2065397
-2.5416994	3.5693162
4.2733205	7.5369740
-10.1816950	-9.4717532
1.7430317	4.0181729
-16.6388480	5.6084689
-0.2257838	-1.2128542
2.2518202	-5.2220944
11.9714180	-7.3282651
-1.4731812	9.9406541
15.4962910	-7.8095867
-6.4381186	-5.6982384
-1.5161575	-7.6691923
-18.4725640	-18.2887590
-10.6346520	-17.4478880
-15.8224190	14.0595670
-18.1636470	13.4710060
-20.1633780	25.7477630
-4.0397900	10.8511530
17.2631460	3.8987154
11.4357900	15.9027450
2.5329626	5.5102496
9.3112251	-3.5941581
11.8083570	14.7219310
27.3999330	-7.4181220
-3.9429316	-4.9670520
12.4397010	1.0931957
-1.4228128	-5.2267855
0.1206804	4.0852808
10.3506070	2.3919139
9.5958520	-11.1625780
12.9093670	-16.7075190
-5.1306476	-5.1233310
5.5582077	8.7911117
3.6490073	-18.7911010
-13.3877560	-8.4808402
7.3903020	-20.1276940
7.9483661	-10.2414510
-1.7848803	-3.6584724
-4.0128152	-15.1335290
-5.6309345	6.3572304
-1.1901957	17.3380140
-13.1713030	20.3177350
12.2527990	17.5254700
4.7554450	12.9267530
20.2186540	4.3949741
24.9743820	18.6715760
23.4943530	-12.8394470
-1.9210086	-3.0500432
-3.7116729	3.5197575
-3.1721647	-8.6657450
8.6412457	-14.2330900
-7.7843868	0.4198320
-8.0338850	-7.7281317
0.2415297	-4.5636248
-13.3752070	7.5845784
2.7099563	-6.8605777
-8.2954576	11.4521800
2.0550787	22.5320570
-3.1610577	13.6312590
0.7095178	19.1144590
11.3310450	5.9066604
9.8319225	1.1770304
10.4965020	4.4870985
-9.8235334	-18.3338410
-2.7971144	4.1885382
6.7889757	-2.5624226
-17.7454670	-4.1556417
-3.6321970	5.4238279
-12.4843560	5.2978962
-4.0179228	16.2500520
-1.3604259	9.2595067
11.8734740	2.7704106
17.2316580	-13.1069070
15.4242870	-0.8057529
-3.4758946	-3.6454691
7.4991614	-2.9633378
-3.0390780	-13.0361700
-4.4756813	-7.3735821
-13.9807360	-10.5037340
5.5299997	10.9875690
-3.9105576	-1.5325296
0.5614497	4.9462272
8.6316049	6.8024175
-8.8439382	5.7430879
-0.1566514	5.4079890
11.8162180	-7.0289160
12.0918930	9.5918444
4.6381685	6.3396537
15.3653600	-0.1180129
-9.9702277	-3.9514902
10.4266160	8.0799100
4.5219425	-12.6309180
-2.0606987	9.1760747
5.0286455	-15.8146250
-17.2670490	4.2364943
-15.3092970	-12.4664330
2.2910245	-8.4772877
0.8361385	2.5248950
-14.7368750	5.4204400
-14.5605140	1.5315837
-17.4754010	0.0780446
2.8403778	16.8915280
-4.6730277	16.8048900
3.7282637	6.0126186
-6.8358631	7.4056757
17.5814130	0.8817225
-5.8411689	-0.7593520
11.7370790	7.6379279
20.2253340	-15.1340670
3.3926825	-10.0941510
6.6358008	-8.6290912
3.5872320	2.4786633
11.5861090	2.7167630
-0.2698554	9.6504440
-3.4952216	-11.1960450
9.0723499	5.2121575
5.3345730	-8.9250686
6.4846417	-3.6729178
-5.4483180	14.0687240
8.1770845	13.8651650
-8.0172120	-9.5874768
17.9402230	-10.0934580
13.3196000	-8.1079065
-5.7326522	-20.5559110
2.0837536	-10.0781900
-17.4914450	9.3843764
-12.9408930	-3.8427199
-19.3272130	-2.8375316
-10.3008320	9.8398922
11.0696250	-9.6661388
-14.6721100	-3.6973577
-5.9655304	-3.3914679
-10.0233220	-3.1512923
11.8907690	-9.8799155
-8.8378175	8.8120545
6.0016041	-13.8351520
-7.0297703	1.1002611
-16.5630570	9.7614966
-11.6606410	14.5104430
11.0814920	-6.3553891
5.1347513	13.0461960
-7.3397015	12.4215900
9.5779841	10.9389700
2.4962425	2.9559660
8.3696730	-8.3237017
6.6933280	7.8310506
13.4652720	1.0464741
-10.8317460	3.4363255
1.8879447	-21.4505100
4.0375022	0.7761487
-16.0418980	1.0267255
-14.9008610	11.0536180
-7.9446238	6.7877890
7.7367433	-10.6825300
-6.5987651	-9.6398031
-1.7531815	6.7065478
14.4127850	-1.4515903
-9.0101450	-2.2188390
8.2819390	-4.5915335
13.7125980	-13.8120160
-7.1150704	0.7162392
-12.8578200	1.2220777
11.6917020	-6.5379302
-0.1180595	2.7234246
12.8189440	16.2491910
-1.5416682	-12.7761810
15.2084090	7.1126011
-6.7877277	-8.9186265
9.0640733	-8.5534984
-6.8809888	-8.1774597
-8.9602706	-15.9517530
1.4325857	-7.9727969
13.0841560	-15.8552720
7.3409847	-18.2189920
-6.1623072	9.9872284
6.1655807	1.8447359
-17.0791590	10.5229130
-5.4595597	2.3271703
5.6127047	7.0899868
3.4488096	5.4567305
12.2626190	4.0515304
-6.1265112	0.6379494
-8.3547954	-11.3181090
12.3887640	-13.1101570
3.5437464	-4.6787259
16.9239590	7.4749711
-13.0055240	-11.1479660
3.0092366	4.8550560
-1.7288148	-5.1357302
-0.0222544	5.8158897
-10.9083820	-9.7741413
-15.6657220	12.8011260
-1.1414730	-8.6123622
-1.3972099	0.5436430
-5.7797114	2.7030319
-10.1738560	5.3095621
-18.1861400	-9.8603886
9.1086996	15.1232740
-1.5365303	8.2361972
-17.2626030	19.6573090
-15.6268810	7.7638821
4.4801183	5.0772006
-3.5743605	5.1159612
-3.8308128	5.1326923
10.5986770	-12.9061110
6.1412663	-13.7489340
5.3088926	1.5680913
-1.1262286	8.7905867
-1.6479304	5.0199254
9.3410948	-6.0589075
9.7305420	4.9064397
-11.9047330	8.8491668
-10.3415660	-16.1170780
-3.9729550	-7.9313256
-0.6760407	-3.2434559
-2.6168142	2.2957114
9.1905840	16.1483310
13.9645060	-12.0484500
-7.2551433	-1.3603445
11.5841190	4.7154137
1.2263066	9.8712694
-0.7098559	-2.5657138
-1.1779670	11.2513540
-3.8569000	7.8979076
9.5007181	10.3224880
-8.9315658	-0.6944887
-7.3105292	-0.3273121
5.4553496	-7.0571651
-9.4792817	15.2473960
2.7586647	9.9051506
-1.1020723	-7.6584024
9.3592764	-5.9406759
-2.0427384	0.7167859
0.1445945	-14.6851100
-4.2408502	2.9077244
2.1184557	-13.6322200
-9.9384001	-10.3489870
-19.4862840	-3.3034548
10.5758000	9.5273134
13.5294370	-5.7812741
0.2927558	1.2879992
11.0829240	7.9837075
-5.4097086	4.7863865
10.7006840	8.1203074
15.3279030	10.9388900
3.1847888	-2.5618803
-10.2203530	8.7539705
-4.9302743	5.4258697
-10.3805560	-2.6654019
-9.5810407	8.1565147
0.4105451	-13.0415290
13.6759110	3.6501623
-11.2781020	-7.6474474
-9.2534091	-11.4482370
10.2466340	3.9913340
14.6703080	10.8962980
7.9654967	-7.9376263
-2.9423893	-7.1430369
-15.8020000	-8.7562459
-0.9795473	-12.9820270
-17.4261700	-8.4578505
-1.0031895	-2.5303642
11.0642050	-10.9987280
-2.7593184	16.9821960
12.4881010	15.1955090
7.8361027	18.3047380
-9.5405623	-9.4544573
8.7527043	15.0607800
-7.8840189	-5.0150899
4.5167669	-10.1885620
13.7086940	-10.8955220
4.9562532	-12.9403360
-15.8420510	10.8047820
7.9610143	-8.6213733
7.4973757	-2.7398368
-5.6064149	3.5982369
-7.3852912	6.1179234
-1.6168049	-4.9364105
12.3794240	16.2772320
-3.3171075	7.8223884
14.8851930	9.0335411
-10.0155490	2.2982104
-12.1545640	-3.7667488
0.7016671	5.7377565
9.1343483	-4.0545804
-3.0900577	-13.9106350
-9.7496733	-6.1536926
-4.4406005	-2.4011832
-11.6237600	10.5524410
10.1838970	-0.5170001
-13.3705420	0.6376146
0.8998996	7.2558788
-9.5804697	6.9654585
-7.5548706	8.0759316
-4.4186599	-2.1094558
-9.0956251	-15.2820280
-1.2046770	-10.8439360
3.5479045	-12.0516980
11.9975860	10.2300360
9.0558137	-5.9131172
13.2437570	-10.5205780
-12.4474580	10.9912940
-12.3303490	4.6809601
3.6488966	5.9439890
3.3588168	-6.0803809
-4.9599498	6.8399134
-12.0649100	-1.5452304
13.0195690	6.1786072
-5.5065155	4.5069777
-7.8131220	-10.2462010
7.6598315	-7.4560068
3.8456404	-12.8204310
-7.0249046	-1.9844869
3.7023581	0.7660930
0.2687200	11.9123280
10.6964180	15.5818600
8.4851336	-10.7518490
5.1943816	4.6301209
5.3515553	-0.7329889
5.2049333	11.3831760
4.0236791	-6.4507471
-14.5209170	0.0251320
12.5645280	2.1219470
5.6198943	-10.2805480
-12.9729670	6.6677036
4.8386473	-3.6761938
14.3683260	8.7128934
13.3291270	12.4781070
-11.0414260	-15.4538920
14.2580560	1.7964360
-6.3202150	-15.6108140
-8.0140214	-16.2049570
-1.0500476	0.6449147
-9.7531970	10.6715630
-0.1808884	-13.1281710
2.5730250	-9.0825060
-12.0396120	-9.0054843
-14.5489900	-0.0933316
-8.6716615	-8.8383081
-12.1280780	0.5527574
-2.6308854	-2.4707546
7.1098696	7.5393967
11.8203750	1.9887002
9.0063716	-13.1163880
17.2607930	-13.0992590
-12.7839350	5.9253764
3.0413179	-12.4709640
-8.9469560	-2.4097730
-16.2243580	-13.6887940
-3.2182047	1.4104284
9.6419299	9.4652938
13.8073540	4.4744931
12.6962410	2.4129266
8.9434078	1.3847368
2.6489622	1.0761097
0.4444320	-14.6271790
8.9532630	-6.3246827
8.0212626	1.7971845
-4.6930762	-3.8323345
-2.0945644	2.8744699
-11.0729890	12.0701600
7.5882330	5.2834487
1.8431865	0.9192302
13.6423980	16.0568640
-1.1885396	-4.7452645
-8.9115667	-2.1537107
3.3139295	-13.0053100
7.7194633	-3.9690687
12.6636200	8.4829610
10.6935480	-4.5482191
-10.4958440	3.6750379
-5.5945812	12.0994800
-7.3183524	-14.2341850
-4.7198025	13.1046150
0.4900798	9.3306002
-3.3544197	12.0359360
8.7381707	9.8595238
5.2546836	6.5669627
-12.9034310	-4.3942819
10.8813290	-9.4791743
9.6288415	-15.0992950
-8.2853826	6.0966343
-8.7958600	13.4761780
-1.5245858	-13.1007710
10.2757000	14.0949090
10.1986640	-6.6419618
8.3339289	-8.9772109
4.4878204	12.9802640
-3.1115921	-1.6820757
-13.2432630	2.7364990
1.0538235	4.0159237
-9.5176778	-11.8414820
-11.5585570	5.8010269
-3.7599075	-1.3947222
-5.2022214	-9.8865852
-2.4521476	1.4593042
4.9116653	-3.8529673
8.5860198	15.1871550
-9.3023051	12.7436380
-13.0305180	-0.1712919
-4.7452743	16.7915700
-13.1261820	2.9968411
10.0436860	9.1177606
-8.0664006	7.0037747
-9.6480908	12.4921690
8.2802076	-12.2846880
3.4058368	6.6520416
2.9129551	5.1147401
-2.3243193	-13.1221060
9.2006566	1.1394084
5.0557729	9.3416627
-3.8200493	-2.9486428
-14.6717670	2.9964027
-11.8133500	-5.8866073
7.4437234	-3.6409370
-0.0601804	8.5884544
7.8506731	0.4290739
-4.4876312	10.0077170
0.4641168	4.5367934
4.5642497	-9.4735271
-6.0314862	1.5487242
-1.6349703	12.3988650
5.5142194	10.0314140
-2.7932761	2.0033558
7.3377370	-6.2130612
-0.7969386	0.2466706
-10.4979350	2.2526681
-9.2940796	-10.8851970
11.4241870	12.8754420
-9.8877995	5.5610763
15.2713590	4.0342486
8.8687889	7.9394387
-13.7834580	-13.5221570
-4.6974979	13.9122080
7.5900444	12.9347740
-4.4689836	8.7311802
-1.1354279	8.6562734
11.9406280	-1.8703521
4.8134099	0.3498693
9.1411830	11.8924740
1.4457107	-9.2319793
-14.0707880	-4.4284662
4.3938799	6.8011490
12.1141590	-14.3279190
-13.7832970	-6.3819162
12.0353450	-2.7259233
8.5238191	7.9576522
-0.1278986	-5.9478257
-8.1418572	-1.0234606
2.1111253	-4.5760692
1.6857554	4.3096426
-9.3323625	-5.1067414
0.0291650	-3.6792115
0.2388328	-6.1560064
14.0402110	-5.1379907
5.8326922	0.8960174
12.9452130	-2.7408986
-6.0298265	10.8447170
-2.5669500	-13.0404660
-9.2476866	14.9373910
3.3899842	-9.3036196
2.8635823	14.4971930
3.6176309	7.8349585
7.5793615	10.9020290
12.1799730	5.9282456
11.5634760	-13.8319720
-12.8420890	9.4250826
-2.7260870	-1.7143059
10.2369710	-2.9727125
12.6065200	6.4140061
-14.2077640	-11.7379940
3.5019400	14.9954160
-5.1275009	13.7651210
7.0967139	3.4987031
7.8019924	-10.1824230
8.6506403	4.7507809
-10.4342620	-0.3632834
-1.7344027	-0.1253697
-9.1940975	9.3656308
-6.4484539	-15.1108630
-4.2581376	-6.8825182
9.4509200	-12.2053960
-13.3311180	10.6342130
0.5021522	-10.2541100
7.2596622	-8.4498989
-14.2862510	-13.4800500
-0.0466622	10.8222800
0.3900757	8.7859638
-2.2059807	11.3471810
-11.4201910	-7.5702572
-2.5073976	10.9776010
-14.4467650	-0.5749293
13.3907180	-2.4317638
0.2416929	-11.1356250
-1.2475846	11.8960910
13.0921320	10.4642110
8.5272233	-1.8065076
1.5236640	5.8889475
14.8258420	-8.6252468
-3.0341737	-3.1560104
-2.8575801	3.2157123
14.0206440	4.3245548
10.4483760	-1.1733835
11.9100010	-1.1917865
12.7835380	-3.8860062
-2.8312627	12.5993170
-15.7133580	10.3740780
-15.3982380	9.8580011
6.1430920	-2.0805303
-6.0500038	5.3048445
-14.7631490	-10.5227370
10.0071540	3.3971947
-1.5689388	-3.6816327
14.3962940	11.9000660
5.9827075	-0.6898751
-6.3012548	3.1069884
8.4989330	13.9558250
11.4620330	2.5285633
-0.1850303	4.4424178
-6.2925358	-1.7171954
-14.7928900	-11.4505560
7.1323944	16.0096560
-5.0228375	-1.5708872
-10.8204790	-6.6746648
-3.6973666	-5.1037454
-0.9673518	13.6245430
-8.5495581	0.1481821
-8.7302292	-10.5816310
1.7013426	-11.2542830
7.9302295	7.1525501
-14.3204820	4.5162606
10.0607710	-0.2456812
-16.1664790	-13.9938530
10.1850730	6.3862326
12.3348520	-7.0837749
2.0469726	6.1031617
9.7624582	4.6438944
-8.8394697	3.9902074
-4.6065513	0.0170641
-12.2797880	6.0069928
-3.1237855	-8.7797223
-0.4716221	11.2690420
7.7811389	-0.5285007
1.0154170	-1.2638232
-2.0398752	-7.1718259
6.3195762	-14.1392490
-4.2775543	-12.5649490
6.5613891	6.1474623
3.9174564	-12.4021380
-6.1035577	-5.2270014
-1.2039653	-9.8531932
-8.6680330	-16.0295840
-7.2912184	6.7005880
-3.1959365	10.3650690
3.8012419	10.8303670
-15.7568510	-10.7930250
6.3235876	4.8578657
-15.5633120	-3.4118842
6.4151653	3.7368639
7.8880725	14.2873380
13.2301890	-2.3243922
1.8331404	7.3096906
10.7413430	-1.7793907
-5.4984539	5.1798600
9.0107677	-12.7347610
5.9653185	1.6905336
-13.1493130	-4.3035631
-10.0802490	-14.0783640
-13.2902250	-2.7406741
-6.2110171	-0.4190004
-12.9655720	13.9709550
-0.7887708	13.0554100
-12.6391970	10.1458550
11.6891830	1.4392428
-3.5051738	-12.8098320
1.1097017	9.6005420
4.2130824	1.1707417
-11.4437810	4.6862374
-10.9608310	12.0077990
5.3628069	1.3428620
-11.5577410	5.9834292
14.5019110	11.2225940
-11.0732200	15.3037830
13.2147950	5.8289868
5.7512520	-8.6791435
9.2677391	7.6030544
9.4853044	1.2901361
-3.7299638	2.3147393
8.6600642	-5.7782451
12.9505470	8.7764852
12.0030860	0.3977566
7.3296195	6.1137313
13.5711930	-1.3072102
0.2756650	3.8475971
-8.7306238	3.5843019
4.1219633	-9.6778585
-9.0688847	-2.4180330
8.6207385	1.8419770
-7.6036170	14.9768160
4.9577266	14.4956590
-10.7811560	3.6044986
-5.4221782	-0.9113639
-4.3052841	-1.9352310
9.7824735	-0.3524143
-10.0694340	-8.0668452
-14.6668280	-3.6541374
12.9417130	8.2340655
-11.6980390	-0.9770582
-10.0976910	-4.4371891
-10.9329220	-6.1955098
-9.8035383	-12.8096640
-13.1198840	6.9754410
-1.7217167	10.9144350
-9.6788550	-1.5843196
-2.4794609	7.1489851
4.4293020	-12.4220700
-13.1796940	1.2326408
3.6190219	-3.3923026
9.3097054	-13.9705460
-7.1068164	-12.9024600
-12.1730890	9.4457370
-7.2970294	-2.5964049
9.4292784	0.5335954
9.7409128	-5.5325754
-13.9738730	-0.6040151
2.1502473	-6.4411314
0.7094848	-1.6926698
10.3658610	0.7540620
-7.8392542	-0.7090371
10.3912130	-14.1666810
3.4700119	6.0684506
-4.3890863	10.2752130
-12.1206730	-3.2898881
-9.0171198	0.3130718
-4.1555892	-2.5859433
10.4275990	-13.6719880
-8.4320830	2.3355446
4.3451989	5.7486352
11.8224900	10.3983490
-9.0698369	2.7635284
-5.0627420	-7.5131477
2.0699089	0.3288249
-14.0930230	4.5328610
11.9366380	-1.3825040
13.7498500	2.0962337
1.0689740	1.2795463
-2.1526569	-0.1346125
10.7710540	3.8980550
-13.9444390	-5.1484516
-3.2200441	10.6053170
-2.6076467	-2.5060386
9.6749502	8.8830725
5.2588890	-0.7095548
5.6961886	14.6999070
5.9940886	1.7333714
-0.1070697	7.7991601
-6.8445090	-4.5187172
-1.4955739	-12.4027090
-5.2981817	4.8894635
-2.4548866	-3.1327033
-3.2860797	7.5252636
-6.6748298	13.2224290
0.1451191	-10.3188040
14.8591300	-8.7271342
9.0582743	6.5408149
-12.5602960	10.1705090
1.0486930	-4.5441026
-11.4812380	8.7767787
8.7389599	-4.5726713
-12.3778690	5.8139482
-12.7299870	1.1336610
8.0254522	-12.8173080
7.6942935	5.8873293
0.2644528	-8.5870084
10.9214880	-0.0290154
-12.8516210	-9.7122186
-9.6383084	3.2190580
10.3815800	3.4412938
11.4708380	-7.3318091
3.0498380	-14.2127210
-2.0009711	-0.2687783
14.3711940	-8.5531459
-8.6180602	4.4721171
1.9682686	1.2470871
-8.6021530	3.8843025
12.6714920	1.3568391
12.0521720	-10.8254960
-5.1521473	-10.3998290
0.5958594	6.8897446
-4.4233742	-5.2316087
8.5804544	-4.4708862
7.7306534	3.1337729
4.1109341	-13.1929000
4.6403154	8.5368485
-3.6667336	1.2675085
-3.7434074	3.1970741
-13.2441140	-12.1473150
-13.2220620	6.9158628
1.9796940	12.2062750
-6.0376893	11.9887140
10.4401890	-12.4491920
13.0571830	-2.4216489
-5.2133410	-5.9756431
-13.2191380	-1.2582633
-12.9209920	-8.3327984
-0.9489049	-2.8081918
3.2793050	13.6837860
11.5471030	14.4726450
5.2884382	-0.9591690
-11.5017080	-13.9203270
11.0295950	10.6130290
10.8358190	-7.3319618
-4.2005308	-2.6632147
5.4149921	-1.6038540
8.7316417	-11.2760000
-1.9007083	5.6661430
8.5638417	-0.9178977
-6.1511303	-1.5510519
-7.1468497	2.8944673
12.5615390	13.8282570
-4.4507195	2.6288395
-0.3513364	-0.5393663
-2.5158208	-15.0244160
2.2235417	13.3474210
-6.9799974	14.2758870
-0.1305169	3.7201775
1.5474942	-3.6931817
13.1573870	-9.5102074
-7.0390808	6.8787206
-8.8153597	-5.6074090
-4.8149459	-14.6512170
13.3912850	-11.3959270
-12.5063670	-9.4871261
-9.8670280	8.4633167
12.7719810	1.6334928
-4.3597224	14.0734120
3.5915202	8.2245420
-8.2745245	-7.9656609
-8.4342478	9.0506460
4.1801920	3.7269889
-9.8149133	2.5460049
1.2180337	-0.8167271
11.5417690	-10.6419570
-5.4600918	2.8459245
-12.9237440	-5.3403326
2.1377292	-13.7260150
-1.7563770	-6.7328451
-4.9297460	6.8462888
4.7496643	0.2245592
14.9468370	14.3007410
1.7611114	0.1971544
7.6225922	-0.3040943
-0.0968927	-6.2702817
2.1239946	-10.2214060
-7.3949928	-14.0291620
-14.7592200	-10.1100910
-6.2705573	13.4890230
1.3780508	3.1362955
-3.4158473	-1.2242559
-8.1343823	10.5576940
0.6716861	14.7275780
-14.3982290	-7.0359592
3.0125092	8.0605657
-14.0970130	10.0667720
-9.3977073	1.0641884
-4.5020994	-7.0257490
-9.7312990	-12.9758970
9.8728998	-13.4454870
0.2017477	-14.7687020
-7.5153029	12.3924820
4.9042319	11.7592130
7.7319359	1.6369258
9.2143965	-4.1848635
-3.5864753	-9.9929227
-2.3423347	-5.6763888
-14.0950030	3.3667275
-15.4736190	-1.5912763
-10.9827350	10.8256570
-8.3951720	12.7763060
8.1793187	4.7867920
-1.6065644	-12.6392200
0.7112216	-9.3218633
11.7556490	6.9381141
14.6447400	-0.5864289
10.7496280	0.1630513
7.4289792	-4.1101855
10.8084260	-10.2590840
-6.4162373	4.8973000
-8.1520755	6.8153806
11.3405790	-4.1297594
-13.3408860	-9.5884291
0.8900794	7.1717179
14.4479800	-6.9295964
-9.0287143	-4.7216280
-14.1538280	-9.8369671
-6.2370678	6.6327033
-11.3501570	-15.1445460
11.3297820	6.7833718
-12.4862390	5.0843522
-8.6722344	12.7373320
-10.1215700	3.3227174
-10.1034930	-2.5763185
-8.1176059	-1.0714011
-3.9811575	7.8986698
-10.2775180	-3.2386549
3.5901085	2.7805006
4.4720841	3.8301768
14.9625760	-14.0339440
5.1413579	-9.3890007
-1.4050850	-7.1838184
-8.5274393	-3.1995526
4.4926186	-15.3048900
-14.7609510	-13.8860990
1.9338834	0.8876754
2.1745873	0.7946712
-5.9987025	10.7032410
1.2080662	-3.5486746
0.2053871	0.5741576
-2.3779368	-13.0359240
-3.9480418	5.4200772
6.1376304	11.8162860
-13.2102220	-9.7039942
4.8247347	13.2245760
-2.0990803	-6.7472237
-9.1900689	-8.3059336
-8.4528176	8.8648775
-1.3989620	-7.3152470
6.0210076	-9.6028722
-8.0315512	0.9164655
9.6177746	-10.7563000
-12.0187850	-12.5822790
0.3820586	8.8029218
-9.4472077	6.8252739
9.3240282	2.5917238
12.2012590	3.3882134
0.3438740	0.0864933
4.4710254	-8.8280971
9.4738272	-13.7800780
-11.8560240	-11.7151650
0.3185767	11.9237730
-13.0784410	-7.4655195
9.7811431	12.5074680
-11.3943170	-9.2887352
-6.1611136	13.3865050
-1.7458014	9.9644353
-8.9464290	-8.7991318
11.6293700	-0.5787862
8.9143781	3.0736750
-4.4347767	7.6627857
-8.6628041	-14.4282030
9.1905201	-10.8056230
12.1460220	-1.5894708
4.7480485	-9.4730270
6.3713008	8.6750546
-2.6398139	10.1807250
6.0194673	6.6026008
-6.6495973	5.2236546
14.5455580	-0.0710392
-9.7115216	-10.1696820
-14.7156390	10.8677920
14.2133310	-3.8641504
3.4397137	9.0840082
-5.5913237	-14.2162040
9.1876386	14.4095430
-1.3667220	-13.1250800
13.6854650	-3.6977966
0.6385899	10.9393060
1.4611649	-9.3684195
6.9583751	0.4373463
-9.4419791	5.0214154
1.9334332	-9.0693063
4.1008042	-8.6868363
-13.4148060	3.7428825
6.7777726	6.9909843
-0.9431806	14.9780740
11.0831550	7.9767497
4.1528279	-13.5791270
-7.3374732	-11.7335740
11.8017300	-14.3095270
13.9803650	-5.6592657
-2.4869747	14.6973190
-3.3690047	2.5777737
-7.6946249	14.2392730
-8.6608637	-2.1134222
14.8527770	-11.7214520
-1.0552488	0.4352751
9.4564235	-3.7288679
13.2080180	-0.1909906
-11.6663280	6.9912251
14.2262020	-8.8527784
-6.0376150	6.0854931
9.5097446	11.3434360
1.2764024	-10.9492530
-1.7905215	-6.4240209
6.3448062	8.0028368
9.0441687	5.7882854
-8.1047001	-2.0082736
-9.8148421	-6.3841546
0.2488938	-11.4489070
-6.7384345	-11.3359500
9.9882542	8.5350764
3.3082828	9.4356285
-6.3374558	2.8297683
11.7624440	-5.1489378
-13.1750780	12.3528280
0.0305478	14.8597450
7.8645940	-13.8138740
9.9120867	10.4925880
-6.5355107	3.8817297
2.0618247	14.0384610
8.8096735	13.2926020
-8.1165748	9.1128915
4.3148087	-1.9648983
-3.4293155	-11.9504810
-6.2077717	-6.3178428
10.8340390	9.5892538
-10.4675090	-1.3535688
7.4362072	-6.5636915
-4.2285172	-2.8557949
13.2428480	7.3601689
-9.4128997	-4.7796530
13.0766970	-13.5893330
-6.8747274	5.0680248
-8.4146253	-14.4866560
9.2035811	-11.3941090
-4.4815127	12.0346010
-9.3623697	9.0836988
14.0145470	-8.9209070
-11.3889860	-14.3366150
-2.4255160	-0.0869185
-13.3257150	-5.5592374
0.9577624	6.5943636
7.7977278	-4.8138141
-12.1698140	9.6982378
14.8670220	8.7166344
7.6132599	4.5480768
0.8247729	9.6675958
1.9989693	2.2681114
7.8953802	-12.2386210
-12.1167840	-4.6254925
9.3912261	-3.3800932
11.1869010	8.1152193
-0.7046511	-2.0993597
-13.8241090	-3.0931440
5.7212952	7.4695231
-10.9032770	-4.4477405
-7.9765012	1.4340111
0.4294976	-4.1160261
14.4853370	9.0050239
-1.1006201	-13.2117810
14.8530260	-2.9202105
-10.7861430	0.6532170
6.9379812	-12.1141850
-3.8351242	-5.2269973
-7.6190399	4.4284441
1.5066614	3.8402564
-0.3542161	-13.1128240
-3.6488054	-0.9242614
-8.3415344	-14.8819580
-1.9387659	-0.5937647
1.8255022	-6.1503451
0.4182830	-8.8474483
10.2282000	-2.5289631
-5.7717797	9.4408350
0.5508104	-11.5923890
2.5296105	-13.1021490
13.9341500	14.5282580
13.9709280	10.2690280
11.9786070	0.2318775
9.7721301	1.4140561
-5.7707685	-3.3166533
-5.2545789	8.2595795
-3.1102791	8.2522062
11.5433030	-2.0535339
-4.3208773	7.4255157
-6.7740899	8.1662549
-10.8765860	-10.5834590
-13.6971310	-5.9089652
8.6111441	-3.5221548
7.4192909	11.7872340
7.2652407	-12.2577840
-12.0327870	9.0670354
4.4967835	11.1137490
-14.1241940	7.8606670
-12.6710470	0.7834197
9.3770684	-8.8018872
6.3164187	9.6470061
11.4747370	7.2415994
-13.2789240	-5.3914821
11.7971960	6.9676878
-6.1354909	4.0214326
-3.3457696	-5.5576812
-8.5496291	-14.9390520
-13.4023790	-14.8186990
4.8692302	2.3996695
-1.8956165	-2.8123075
-1.9864069	11.8833130
3.8506221	7.5499300
-10.2545030	-2.2890342
-14.6503530	-10.2394630
9.4098246	-13.5188040
14.6878920	-0.6846643
12.1931940	-11.6230700
9.1684248	14.6501930
-7.8909479	6.1726174
13.2837320	5.7798117
4.5866711	-0.8191933
1.7500597	12.5162100
-0.2195115	-4.1331129
2.2955428	-11.1487610
6.7266871	-9.4781043
-1.5821823	-9.3159303
-3.8972507	2.3917168
10.9820280	13.7797160
-5.9263523	-13.2978010
14.9043080	-9.3281085
-3.0631319	3.3275214
12.3155770	-4.8649074
-7.0782913	0.6435629
14.9208410	6.0163912
2.6439241	13.3923970
-6.2099941	13.5412770
7.6203511	6.5644889
-11.6647980	6.4425471
10.8703060	-12.1276350
-11.3186760	-9.0355110
13.7739370	7.3561475
-13.6650930	5.1255959
-14.7244870	-9.5198233
-6.6053978	1.4410178
-12.6795340	-8.6028760
-12.0126580	4.1168493
-14.2825030	-7.4578338
-7.8055474	-9.6185209
-12.3392710	-8.0911620
-0.7981097	-2.9468549
-8.2915579	-1.4378674
-1.2272810	10.4475780
-0.1893043	-13.9093150
-14.4487240	7.3420355
4.1588910	5.5673208
14.9256930	-7.1518620
-0.1967459	7.0265640
-0.9436117	1.2813260
-9.5733237	-6.3422081
8.8690812	-1.4298473
7.8923611	9.3633724
-1.7167084	14.4233080
13.5595290	-1.2637739
-13.4139310	-7.2128129
-8.6827382	-0.5744322
9.2815496	-5.4582050
7.7574758	-5.7073743
-13.9526770	-13.5130890
-13.2721610	-7.4307409
2.6362341	1.5118256
6.7105572	-5.7264597
9.9730656	9.8899965
-3.9718171	-4.7347772
-12.9658670	-14.0835850
-7.9488782	0.8559655
7.6315870	11.1794800
3.4340762	-1.7261083
3.2727742	-3.3527963
2.8237736	-2.6314436
1.4015843	-2.6570130
11.3740920	12.2100000
11.0426350	-8.4509345
5.0666293	-2.3178637
0.4406719	-0.1624419
-12.5910260	1.1661647
-11.3703480	6.6117799
11.7021790	-12.0797990
-6.1777669	5.5159360
9.5547178	-12.7039260
1.2685353	5.9300091
14.8984110	12.8047180
14.4330250	2.7826888
3.6000616	-14.5336780
-2.1721068	1.8624579
-5.8929013	-3.1589171
-12.6523360	1.4408461
-14.4632960	-8.8341524
3.7461460	-3.4679869
8.3834941	13.5806780
-14.9864740	-7.0576251
12.5383080	-9.2111746
-12.2168990	11.2609950
0.9992560	14.8659050
-6.0295675	3.0966640
-13.0254130	-10.8434390
-6.5221458	2.5805330
-10.5772860	-6.3478996
3.4224128	-5.5413501
-1.7524124	-1.2340592
-10.4579850	-12.9747440
5.4929611	11.4181930
0.7619239	2.6460224
-1.9279930	-1.9440599
-1.3148583	7.0028430
4.7705583	0.2995623
13.1613480	-9.8259025
4.3190222	-7.1512376
-3.1260603	-11.1535540
11.8921840	3.5127318
-5.9148996	3.6501392
6.8169352	-12.4555930
7.2187806	13.2367010
-12.6585160	14.7220920
12.1900610	-12.2849690
-7.0999850	-3.3299411
-1.9516991	-1.3997213
4.0151218	-3.8596502
-5.4914226	-14.0719460
-7.2899581	9.5563124
8.7007347	6.3642853
-9.4952536	6.0510310
11.7577860	8.5488859
12.5453680	1.8663370
-6.3371283	-14.8034550
-13.9231250	10.7916820
8.8342704	11.0372920
1.8770384	-10.4732270
5.1769465	-6.8618638
9.0176275	-4.3998817
-11.4192170	-13.2463820
3.6837885	11.7342270
12.6419120	-0.9502026
-0.9867882	7.8307393
7.8575938	-11.4995430
8.5998697	14.6549280
9.6797357	5.9017554
8.1318781	13.5361480
1.4054766	-7.1538515
1.8291319	-13.0034480
-8.3466159	13.3000950
-12.7706220	-9.4825391
-1.4479786	-0.4634067
-0.9877972	-8.1135869
-13.5864880	-13.8489180
4.1790326	-8.1919432
9.0757438	-0.5077224
13.2983780	11.7373590
-1.6315046	13.8169350
14.0401670	2.3029200
13.5063060	7.2286051
14.5558000	8.8114204
14.0239270	-12.8142120
-10.5332200	14.5543940
-9.8890085	1.5560565
1.8647887	-13.5445690
3.9575460	-8.2364468
8.1826380	9.9916310
-0.0081221	12.4680380
-8.5990243	-4.8775932
-1.5558071	-5.0745522
-2.7710177	12.7028380
9.3103400	14.5265900
-2.5129374	11.9645860
0.6443253	12.9832480
0.5618943	-7.3483154
-0.0840472	-12.7151140
-13.7778900	-10.8751190
-12.9917220	-7.3277220
-5.3625375	-9.5279406
-12.3044420	13.6433680
9.2226399	-7.7735393
0.3924458	-13.7094840
-13.8877760	-11.3611960
12.4338400	11.0242750
-3.3302917	-13.4732470
-9.0012153	-8.4806961
-3.5212107	7.3767469
6.8903109	-6.5432160
2.6748506	-1.6343022
-11.6185250	10.2430780
5.8270701	-14.1532330
7.7169354	4.5087898
-14.6276020	-4.0053997
-10.6800610	3.5411632
-2.7668514	-14.2335720
-9.9563859	-8.5685879
14.6854840	6.9748479
10.8103470	-3.6958377
7.7698386	-14.4957400
-3.1835560	7.0284269
2.0406995	-2.8492601
-4.3032328	0.8944443
3.3885113	-2.2768403
-4.8259774	-10.1930100
7.5507286	4.2774609
5.3515021	9.9946630
-0.0812574	6.1609257
-11.4716950	12.2476910
5.7734176	5.3357979
-2.3317103	11.5433420
11.9200100	-1.6074492
14.0976150	-4.4058101
8.0938512	4.3241065
-11.4759260	6.6672004
-0.1740981	4.4087198
12.3024470	14.2095430
-2.1434718	-1.2120613
8.9549935	-6.7988102
6.7774044	13.3961460
3.1185283	4.0052374
4.0119689	-12.8144910
-3.3890428	0.6023129
-11.8219380	-2.4345967
11.7450310	2.8111598
11.2765310	6.4806843
3.9125251	4.9625725
-9.3391286	-14.4948270
12.8065670	14.6772230
-13.2745930	5.7923640
-5.8127523	6.4406086
-7.0571348	-10.1398060
13.1878260	1.8640288
9.0501385	-9.6609020
-12.6777870	-12.7938040
7.7091800	8.6405980
-1.4866318	8.9078979
-8.6705995	2.3728325
-7.8569366	6.3317462
-12.1302000	0.9509573
12.5141260	-6.7827760
-14.6028830	-5.3818989
7.5457024	-9.1361365
11.3767520	-3.2540468
-0.4695124	6.1147029
0.1751169	10.9351940
4.2086266	12.8808290
-11.0238320	-2.5329231
9.8802722	-1.3964460
-7.5160550	4.2683863
-1.6763356	0.1958831
-12.5974400	14.6126970
-4.1896557	2.8637256
5.8276238	-4.9044684
-7.5872570	-14.1933860
-8.9552339	-1.1948448
11.6961840	12.9265390
12.0697310	1.7488647
-12.2213160	-2.4803357
-3.0238609	-12.9172170
-12.0320660	-8.3968586
-14.6132850	-10.2146980
-6.5477504	-8.9810224
9.6128035	-11.9215690
-14.3620640	-11.7370630
13.4571270	12.2120070
-4.4763605	-2.9988028
8.8825705	14.1245450
-12.8811100	10.6341820
10.9605460	-9.9685796
-7.5987598	10.7956580
2.1750575	-3.3667288
-3.6732516	11.3381720
-4.1779485	7.6344931
4.8787606	5.0198855
5.5930637	-6.5144353
-6.8094632	-13.0006730
0.5109359	4.0571114
2.3221237	-0.0048290
-3.8804551	0.4848263
-7.1928047	-5.6713667
-13.2783990	-6.8879826
4.4810789	8.7150060
-0.9626346	7.4570839
10.3609640	8.8676016
-1.5340309	9.6873704
10.9314300	10.9561950
14.0305250	9.9906032
8.5923383	-5.0786815
7.8581128	11.8565910
-13.8285780	-9.2631423
1.8984846	14.6172410
7.7515505	-1.7170888
-4.1317116	10.3716230
-10.1950370	-6.6773957
-7.6329620	7.0781652
9.0338218	-10.1122980
-8.3845243	1.9152604
-5.6205641	3.9401004
-1.0456695	13.8615360
-12.0739200	-0.4659815
-6.2704036	-2.8989905
7.3712587	-7.7899005
2.8918145	5.6775579
-5.3747525	4.8315828
11.7593560	3.3922610
13.0812560	13.5394740
-8.5936912	-8.4197303
3.5720691	-0.1706110
9.4113000	13.3872070
12.1268720	14.6353290
-2.4387720	1.3638687
-3.5768205	3.6304994
12.4514750	13.8445140
7.8294543	-5.1614694
13.8294300	-6.6338260
5.5525437	13.6103260
3.5696188	-14.7467000
-2.0909450	9.3855428
-0.1109207	-13.6094210
8.5169792	-6.7122802
7.5861814	3.8014549
6.5102365	-12.1887730
-3.8164652	12.1983270
4.2809333	10.6918710
11.1216120	5.3195311
6.4759890	-0.9802683
-1.9290290	-0.0525877
14.5279750	11.9770120
8.3611027	-5.8958750
8.0558704	8.0299929
5.7796250	-7.1123182
9.4441362	3.1119462
-5.8337080	10.4066430
-7.3574967	-5.1449850
-7.1686619	3.2085831
1.0523667	13.5433220
-0.0243089	11.2764660
4.6347858	-3.7202678
-7.0780034	9.5185316
5.7671686	5.9020128
-1.9063569	5.6196697
14.7000510	-4.5443400
-0.3415248	14.0771250
-2.4251031	-8.3741221
-3.6211059	11.9480950
-8.0718945	-2.7664323
-5.5525868	4.0588916
8.2873955	-6.9795779
15.0196510	-6.1139635
-5.3938064	2.8081162
4.2932584	2.5720754
7.4863021	10.8090970
-1.3617103	-12.3292640
9.7907519	-12.3942450
12.8368620	2.8190382
-8.0061263	-3.9563141
3.4988236	2.7115844
1.2424184	-1.2857481
-8.2187348	11.1954280
2.0053372	-6.4155703
2.7267276	3.9766481
-2.6890890	-0.7406637
12.3372950	-0.4314568
-14.2585490	14.5165050
-8.5223062	-12.4254080
6.7543762	-0.9366171
-10.9545190	-10.1848330
-4.9676762	-11.3955090
-4.7376717	-10.8068330
13.3242360	-5.9573528
5.7387336	9.5660257
-5.3316340	2.5358134
-7.8281556	0.2127409
3.4630238	8.0267807
-1.0915251	-10.5327970
4.9265651	-6.9002199
-0.5282293	13.3375270
-8.0981282	6.6768098
5.5087552	9.3151066
-4.4255321	-12.2002590
12.6709580	-11.8745790
-6.6202625	-4.9495554
-8.9558042	-4.7718675
-9.6506368	14.3671360
1.8245895	-11.9013420
-1.6754499	-11.6046030
4.2664654	1.6753375
2.9481449	-8.9257007
5.0403150	-8.9968095
6.3051922	-10.1445080
-11.3208770	-11.2332320
5.7331087	3.4720988
-14.3735360	11.4263790
-12.6318200	-13.9518830
4.9574232	6.7830611
-1.2022250	11.1192470
-3.6266406	13.7504370
0.7830486	-5.5098611
12.9255470	10.8100650
-9.1604447	-8.0775908
1.9252653	1.9101917
-13.0998350	8.4040921
-13.2348790	11.5530750
-7.8922377	5.2439388
0.9923602	-6.3578794
-10.4254410	2.5150966
8.6160262	8.3668607
-11.6102670	10.4534720
-10.5324360	11.9897650
9.2391216	11.9093170
-1.0601656	13.5258070
10.2996620	0.9207004
0.1116658	5.9015596
-11.5569520	-14.3213810
-8.9344121	6.1098379
7.5636782	-5.0787522
-5.9281157	-11.0975640
14.1032270	-11.7149890
-1.3080197	-14.0994000
-13.0202700	-5.7820533
1.1889225	-10.9416160
14.0682200	3.2677283
-3.2001039	11.0649130
4.8571364	-14.8284750
9.0025354	-12.9503100
2.2878065	-11.0414260
13.9226950	-0.0380609
6.3322551	11.3356920
-4.9412833	11.5819160
10.7869930	4.6262119
-3.8668859	-0.5112050
2.3399201	4.7299748
3.8417328	-11.6987430
2.4887460	11.0056760
11.4495360	-6.3564902
-12.4315210	9.3811015
-9.3049949	10.2163160
-14.8988140	-4.7703914
-10.4313570	12.7227670
3.3486626	-1.3865436
8.8378016	-9.2123964
8.0792664	-6.8206041
6.5269461	-7.4932100
3.3198503	-14.1792600
-8.5484102	-4.5216633
-12.2896750	-14.2576280
-4.3078641	-10.3800680
-0.7863298	3.5571139
-6.7715282	-13.5795380
1.5743506	-5.3537827
14.1798570	10.6606250
-13.5217060	-8.8772595
-1.4838351	-9.5574483
12.5502250	8.8717492
-0.7326554	3.8991304
-10.6965000	-5.8179562
-5.7456144	-6.7275140
1.7125115	13.6643130
-9.0448456	-9.6644267
0.4330153	-3.9923208
11.0069460	-3.7270704
-0.1642421	6.7511725
-13.9050210	13.5989770
3.4048270	-13.9809760
8.9571610	7.9707127
-6.0484908	4.2694679
-11.7730550	-5.2954231
-7.2227106	9.4217156
7.1646454	1.4925175
-9.0574423	3.5683266
-11.7448350	-5.3974860
2.6201920	1.1166467
-9.7333021	2.9382575
-7.9266308	-4.6550869
12.7494650	4.5080044
-0.2686856	6.4459081
-2.8305513	13.2646110
-2.5316034	13.2803860
-11.6802570	-2.3572733
-7.8998111	1.0856250
0.2812186	0.2820629
-2.2773136	5.4625173
-0.6772909	2.3523501
13.4862950	-6.4194976
-4.5682127	-0.5807606
-13.0233660	-7.1968387
-0.7561450	-11.2151950
4.8362978	3.2443764
3.5372894	-3.1001749
-13.0260620	9.7150195
8.3221518	-14.2502440
10.1596190	6.4476379
-12.2292840	-5.1223070
-9.1198154	12.0022410
-2.1868731	8.4360701
-14.0786100	-14.3209640
5.7176450	-0.5376252
-14.8462110	-10.9250640
6.3825714	2.9698604
10.5925040	-1.2911657
9.0436662	-2.5637674
1.4926346	0.3631898
-9.2119310	7.9297131
13.1061860	2.3031317
10.9422310	-0.3709202
4.2271282	11.8438440
4.7462155	-11.3858000
9.0774911	5.3218607
-3.6635255	-0.1265459
-2.2674241	13.6131730
-3.5426060	-3.6767056
-14.6439870	-14.9450390
6.9197676	-7.8032696
-6.5945191	6.2684547
-10.8172440	-5.0299987
-9.4114647	-7.9050769
10.9069530	4.8136524
-11.2029690	-6.4137781
-0.1981046	3.6246773
12.2872680	-4.4747697
6.4202113	-5.6075547
-4.9499106	1.6936636
-10.9680060	-7.7162689
2.5862209	-9.9227216
2.3269267	12.1052330
-2.7958903	0.1666682
-3.8981128	-5.9090189
-13.3660480	7.4329072
-0.4685526	0.7660864
3.2559848	13.4538490
13.3207890	-13.6917390
-2.8644147	-13.4241430
-9.0154460	-8.2505146
13.2118460	12.5262690
14.6850280	-9.5174261
-9.9280947	3.7404847
-7.6631857	7.3325734
-11.2325160	1.8735379
-7.2356526	5.6123353
-5.4055318	-10.3455060
11.2406490	1.9225595
-8.6705132	-11.8980300
-3.7462699	-5.3179477
14.7920610	-5.5321770
-7.9891072	-10.6187760
12.5194270	1.5208542
10.2179540	-4.6589128
0.0343787	-3.3455680
0.4360456	-12.2190510
-2.6171787	8.7087878
-6.0868222	14.5601330
-14.7019540	6.8670953
-13.0954640	-6.5315034
-0.2703249	2.7457254
-2.5305396	11.5789320
-13.8953870	-10.8523730
-5.4697995	-10.9648040
-13.1783440	-2.5656357
-13.9427660	14.5543350
11.3005410	11.3079250
8.6236427	-13.9827290
11.9837970	-9.8677960
-12.4504170	-8.8126641
-2.2962757	8.3596071
-1.0666474	11.7960590
-3.0936980	12.9618670
-12.0248030	7.9768506
11.4127490	-10.4335260
5.1656017	8.6536018
-9.3414163	14.3005660
-5.6794742	-1.7338197
7.2749222	1.2963887
6.9888186	8.4957310
-1.0106450	3.2463262
-4.2878756	6.4697043
3.1969882	4.7649963
-11.1450620	14.4359360
-7.1844900	-14.1161310
-10.4497260	1.4676315
12.0059170	11.5069890
6.6994813	13.5584790
-14.3743650	3.4444269
7.6477509	-4.9782179
-4.1056036	11.5951700
-13.8218430	8.7215650
-13.2937750	12.1423290
-7.6178673	14.5116520
-5.4629091	-5.3539158
6.7171108	10.4065060
0.3259121	14.7564380
-14.3753440	13.2876690
7.2197642	-2.6961350
5.3996801	-1.2471132
-4.7876667	0.0471396
-11.3673120	5.1802019
2.3682724	2.6662590
7.5719579	9.9530006
-12.4757480	9.3509952
-9.3265785	2.8874842
14.4152480	-12.7516170
9.3213644	-13.0608570
-2.4343606	14.0798310
-7.5542309	4.7621203
4.5819280	-7.8489624
2.3464217	-2.5064608
5.7672380	-12.6542730
10.1756070	-1.0263617
-11.0457180	-9.2878508
14.2091900	4.0078756
-14.0870560	0.7489407
8.1371892	-10.8316130
6.3778660	-7.5301693
-14.1244120	11.9587800
-1.3011233	-10.3450780
-4.5596030	-13.0983440
-8.5077308	7.7333407
14.1140400	-1.8889208
8.7219966	-6.1895990
-12.0174890	-3.7115001
9.5388919	10.4180290
-3.4256907	0.8250552
-4.7478061	-10.2361150
0.5921018	2.0917778
-6.0932893	-5.4151016
-9.1707777	-8.7231067
9.4692378	12.8975250
5.4616512	4.2833934
8.7293372	-8.9792433
-1.8251333	-8.1499776
4.2003148	-7.0162049
0.7603334	7.5334536
10.7476490	8.6987861
9.6720615	1.2614428
-8.0737776	14.2659670
-10.0119090	-6.0937751
11.0184180	-5.2771972
-1.5794906	10.6388740
2.7682647	-12.2495590
-6.6285578	-9.1927394
-5.6881259	-5.4623454
11.7270640	3.7035218
-9.4998630	-13.2353920
13.2985870	-13.1169220
-11.4578850	-11.0401850
8.1189160	-14.6296750
0.4707040	1.2359299
-5.3341839	13.0846450
7.2180494	-7.8207975
0.7107418	14.2301380
-1.1618835	-4.6949551
4.5130561	13.0706270
-0.9065526	8.3216152
-12.1928720	-4.0346186
-8.8444666	0.2108591
1.0230038	-4.7823612
3.9781261	6.1741147
-0.6073868	14.1086650
6.9908359	-3.8864442
-7.2999259	-6.2103370
2.1742000	-4.4095513
-4.6707445	4.7050373
10.9121260	2.8371565
1.4717285	-1.7854509
-14.5807840	9.7142369
14.7243040	10.6162240
-3.2270611	1.9679581
-0.3594924	-0.1391391
9.6622417	-8.7862836
-6.0179169	-7.4137112
6.4323157	-11.8095620
6.3371613	13.8631700
-0.8416318	11.6645960
8.8176725	-4.8381193
-10.7397970	-1.9212044
-5.0097008	-11.3098460
-9.6372379	-7.4614169
13.9522490	-6.1518383
-9.9564965	0.9517212
-0.4326449	6.2637007
-0.7024686	7.6512876
-8.9131861	-11.2259250
-2.6114284	-7.5469411
-1.6026449	14.6326740
5.0698764	-0.6012856
1.9374506	1.8598991
4.3922964	1.2345175
12.0540550	-6.4539774
9.0676819	7.3178308
11.3488390	12.7289130
2.9711243	9.6383498
-7.5514892	-6.7703693
-4.1913804	10.7282450
-1.3718592	13.6858020
13.8062350	-13.5015560
3.0223739	-12.2933410
-2.3134994	-11.7519380
10.8358830	-3.3323652
-11.0130400	10.1981580
4.6943680	14.1238890
-5.5627855	-0.4906352
-0.6625500	4.2739913
13.8380780	0.8479073
-6.5323486	13.4458480
-10.3387320	-9.1827716
4.2504028	-4.4175012
-7.0311656	-7.4893973
5.2925625	-12.3296090
12.9986670	-6.0944494
4.1978956	8.5765005
10.9851060	8.9178630
9.5825615	-0.1955994
6.9765957	-12.3832600
-1.5407805	4.8785263
13.6498240	8.9411734
-12.5157710	-13.8963530
11.4585910	-3.6945143
-0.9032891	5.4183291
4.8424430	7.2854923
1.6297133	-9.2176627
-10.2827660	13.4730690
14.5561550	4.3164105
4.4077625	-7.1913318
3.1513511	13.5344730
-12.2023910	3.4234313
-7.1725959	0.4887675
9.1420012	8.2308304
3.3711558	-6.1725019
