jMRUI Data Textfile

Filename: dataset20_WS.txt

PointsInDataset: 2048      
DatasetsInFile: 1         
SamplingInterval: 2.5E-1    
ZeroOrderPhase: 0E0       
BeginTime: 0E0       
TransmitterFrequency: 1.2322E8  
MagneticField: 2.9E0     
TypeOfNucleus: 0E0       
NameOfPatient: dataset20_WS
DateOfExperiment: 
Spectrometer: 
AdditionalInfo: dataset20_WS
SignalNames: dataset20_WS.txt;


Signal and FFT
sig(real)	sig(imag)	fft(real)	fft(imag)
Signal 1 out of 1 in file
284.0316700	-111.6245300
516.6157700	-216.6529300
350.4774700	-376.1189600
154.4112200	-458.6390400
-29.9417650	-427.1638300
-159.0116100	-301.1711000
-221.7955500	-176.0198600
-201.4766900	-56.3411120
-129.5178700	25.3282590
-45.1409580	52.4039880
0.6460686	35.2207910
43.3710290	-20.1374110
30.3841140	-55.3742850
-3.1463207	-84.9027770
-50.1139560	-100.3711500
-68.1045640	-70.2118000
-83.2191920	-49.5112440
-90.9526620	-7.7134259
-103.2762900	-2.7895727
-89.3585480	38.6500450
-84.9642660	43.9347290
-49.8409940	63.3807310
-25.0558170	87.4254440
5.7026041	93.7559220
36.3478880	75.0185500
49.1845290	40.8751360
52.1653100	5.4070566
54.4042760	-33.3588870
17.6677160	-52.1438000
-27.8664990	-43.5025690
-42.7863740	-27.1802000
-68.5124320	4.2554597
-60.4743340	36.1139180
-41.6191400	74.1736610
-10.4390630	89.7523480
25.6279290	77.6758280
60.4990870	61.8724180
61.9862360	36.8800190
73.5908790	12.6988520
60.0586720	-2.5542351
60.2679340	-27.7519000
37.6475200	-52.1029570
36.2960760	-59.6782470
3.0478827	-53.9794190
-12.8083990	-48.6980340
-19.9189310	-39.4688850
-21.3591500	-12.8018590
-13.3846940	-9.5870297
0.0388243	15.9258340
4.0039887	10.9973030
22.9405010	-13.6241950
27.6614170	-16.8567420
6.7967706	-43.7123320
-15.6288090	-49.2908840
-41.9568070	-34.7980420
-61.4945280	-0.2969133
-72.3645360	26.9164260
-41.4757880	47.7459510
-14.2837920	75.7701250
39.0901220	63.8433690
62.1208150	38.3191010
63.5898910	7.4959781
68.9086760	-19.5733660
35.6034390	-59.2027170
22.8496380	-54.7184390
-7.6190462	-63.8729580
-38.3722480	-35.8497510
-32.3141990	-29.3424030
-41.6867920	-6.9418221
-27.6743690	18.1971170
-18.0772610	12.6007090
-4.6875280	9.7961022
-16.0660200	19.0467440
5.5855988	2.9556496
-9.9831585	12.2859890
12.6761270	12.9933890
-3.5239448	-1.9719010
-9.7071009	-7.6229385
-15.8030200	-15.8740130
-27.2768930	-12.0289090
-44.6563830	9.0195148
-45.8032120	10.0112640
-26.1899840	38.3997660
-8.4954423	55.0513360
18.1835970	61.0433220
48.1735870	41.1551600
65.5155500	14.2217290
56.7485190	-14.3953070
51.8203250	-24.5014000
17.9176950	-32.3146420
-5.6766592	-47.1483500
-35.9812930	-24.3900660
-26.6789080	-11.0264780
-26.9551910	30.5721100
-7.8149670	39.4211020
25.1555280	36.4590390
29.7708040	18.8130570
52.5452620	8.6215966
54.5955500	-14.4815650
44.3603350	-39.1139870
20.8326190	-49.3864070
-7.6552265	-46.7844190
-10.7761940	-42.8665170
-30.0327290	-43.1399260
-56.1030310	-33.4073460
-54.5866250	-10.8075520
-44.1191560	15.1308320
-49.0247420	39.9742000
-37.6903890	44.3824410
0.1226718	51.0810610
22.5703730	41.8075780
17.7849300	35.5569820
44.0817780	10.6098700
19.2625930	-12.9396090
24.4875910	-21.2625340
2.4325162	-21.3542950
-19.2054310	-22.2182180
-19.0712310	4.5953606
-8.2366876	22.4472710
-8.6808731	14.4931530
18.9406360	22.7266970
18.2675070	9.5239272
17.4828900	-4.9545880
18.0302280	-25.5977190
22.2757240	-18.8098410
0.8620643	-31.2513510
-15.7301500	-28.6583900
-37.3486260	-29.6089410
-37.2657890	-8.8158431
-36.1823810	8.7855401
-37.7833350	21.5991650
-18.1091790	22.6277270
-17.7875470	40.6214930
3.9463865	25.8487000
6.8093984	36.1002410
25.0061870	28.8342220
26.9202390	8.2368345
46.1433430	1.2628360
42.2348080	-11.3919600
30.1981730	-18.0262370
11.1602290	-41.0509570
-9.9207960	-37.9698620
-22.4675300	-25.2584990
-29.1709580	-5.2144265
-23.5792230	-10.7591790
-19.1048310	8.1465907
-8.9588718	12.6476640
-10.2705360	2.4983532
4.8712769	-1.5984770
-12.2225940	-12.4724140
-1.1518153	-9.7872645
-15.3577680	2.3772432
-22.7754630	4.7722581
-24.9252510	7.7149568
-24.9228750	28.2916070
-9.8722910	26.8323710
8.5323313	31.5511150
9.2219543	32.7643960
30.8494410	32.8077670
21.6220570	12.7222640
23.0845080	-2.7976453
33.3547890	-28.6648610
6.6761551	-28.5300320
3.5385938	-31.2174870
-25.6407100	-31.0001160
-36.4450330	-27.7866090
-36.1513980	-12.6794630
-36.2766590	8.5092031
-24.3343480	28.4923910
-24.7716890	30.2999900
-11.6440760	47.0459190
4.8214574	48.8101730
28.0154600	39.0360400
16.0895150	15.0943510
17.2429030	13.7688000
33.3256340	14.6949310
23.6981800	4.6776494
12.9896560	7.0700035
21.7811300	-9.2211516
18.7209640	4.7370837
23.1063510	4.1726045
34.4853460	-5.3312042
34.6240280	-19.7319110
26.6132530	-23.7514390
8.6772411	-38.7588270
12.1270290	-30.3405360
-3.0712327	-32.7057800
-20.8503830	-46.6904050
-24.1928240	-28.4314530
-37.7853310	-24.2067720
-27.2912460	-13.6456540
-28.8742570	-10.6726510
-22.7652560	16.2420960
-21.9613500	10.6740450
-7.6466216	32.2771820
-10.7909130	27.3386750
9.9385449	33.2488380
15.1257600	9.7118121
9.6135030	15.1031520
6.9925595	3.7351008
16.5708430	-5.9073944
-7.4118263	-9.9290807
-4.7767482	3.9120064
-15.9461810	7.7534888
4.2645431	4.7995261
-1.1231756	13.0854610
9.5580451	0.9369627
7.7313282	7.4510905
4.6994115	8.3829989
17.3509910	0.2745506
11.9425390	-10.0280410
-7.7219320	-13.1020100
-13.6838600	-8.7431239
-22.3324270	5.5330419
-18.0253820	9.9360329
-5.7476309	19.2584140
-20.7767530	25.7488840
-13.8590370	18.1546750
3.5715998	17.9991260
7.0587325	23.7499090
25.2587980	25.7915950
27.7349310	11.8494980
23.8475160	6.6448561
23.6973310	-5.7035500
14.5932310	-17.0546370
8.7674445	-13.4815550
-1.3963274	-23.1475520
-10.5199310	-15.7803750
-15.5399400	-9.5083145
-25.1988170	-2.0228922
-1.1085501	10.3627650
3.2395245	-2.4797868
6.8532414	3.5363930
0.9499260	-3.8691775
-0.5600242	-9.3608969
-2.9198487	-9.5950762
-0.8369105	-12.4972690
1.1413598	-0.5548354
-13.9259510	-7.2216952
-9.5504806	-14.7873580
-5.7101543	-4.2500445
-14.4586160	0.3285525
-11.7166100	10.1631720
2.9158644	6.6136433
7.2350114	0.4961731
-4.8605803	-10.0698240
9.1063768	-3.4056319
6.7009049	-15.8217140
-15.8698290	-4.1357579
-15.0283370	-14.2322380
-8.0814423	-4.1967344
-11.5805010	0.9976172
-25.0183280	14.3643730
-10.6096310	9.2733180
-16.5247820	9.7375059
-9.8992884	27.6018450
4.9034452	24.8993480
7.5466937	12.2366040
13.4537250	-1.9875532
9.3932118	6.1282532
0.1352418	5.8997942
7.1139091	-4.3643860
6.6557228	3.7533272
5.8466047	-2.1688254
-0.6923451	14.7475250
-4.5492608	-1.9832006
11.0249860	14.4242670
0.8169546	1.6761181
13.8812990	17.9842700
9.3569326	-3.3385884
19.4457760	-12.8930630
16.1221010	-8.8624257
9.0941629	-3.2864947
-0.2048765	-22.1860240
7.5334879	-24.7781810
-12.4117380	-22.2496660
-11.3240400	-5.7154019
-18.5590930	-10.4602990
-19.7215740	9.9332035
-9.5322794	11.2369060
-9.1611823	1.8291183
10.4680980	4.8214991
-4.3828375	12.1234960
15.6486680	-8.0171577
13.7730520	-6.5140945
-4.6919125	-6.0351020
-13.5169340	-14.7213750
-11.2935920	-17.6439730
-18.6977230	4.7231671
-18.7054990	0.6481749
-6.6100898	0.4831368
-12.4114920	14.0559380
7.1723428	7.8672526
2.2219593	16.7134710
3.2078743	20.7222800
15.6716130	11.9917850
9.2228981	-12.5142040
11.2546060	-17.4953020
16.1237600	-22.6058150
-2.8714646	-11.1665940
-7.6109998	-10.7123770
-6.4386115	-16.6514170
-4.2700645	-16.8539940
-10.6250970	-15.2878420
-6.4108047	-0.9664082
-18.1012300	5.9492850
-8.9553598	15.2771090
-9.7639206	13.5990040
7.3973796	12.9097740
-9.4504432	0.1893088
3.0480608	10.7146870
-11.1598180	0.7304421
4.4677197	-2.0572704
-13.0132630	0.8274400
-6.1785283	12.0125180
4.9797810	22.9827840
-2.0258151	8.6347656
10.2336760	4.0793125
21.8429500	-0.5256343
17.7136810	-3.8605371
12.4905570	-12.9839750
6.7801761	0.5177330
18.9405770	-16.3272450
4.3498982	-13.7008340
1.2529402	-20.4608380
-1.3411851	-6.8727685
-11.7494130	-2.6472902
-12.6111740	-11.2400880
0.4619366	9.2232538
2.2721906	-0.6234608
5.7859258	1.7102150
2.6596522	9.6834601
4.5087536	3.0752423
-5.9210145	-9.4247164
-5.6884180	3.4335069
-9.7087843	-1.5677985
5.5961862	5.5805395
-0.0656973	3.9130582
-3.9734472	-7.6013443
-5.8858711	-8.3799752
-13.6494330	-0.6557656
0.8124143	-0.3471206
-7.7168123	-2.9820108
0.7666259	11.8629810
9.5838359	-0.7481560
-10.2229180	-7.6017073
4.9272671	4.3135830
-10.3175290	1.6922678
-19.0408190	-5.7058721
-19.1429340	12.9490720
-21.7718670	4.7332027
-11.5602170	18.6760950
8.3468741	8.8721707
5.1828800	23.8919070
7.4174296	19.7926140
13.6631630	11.1735340
13.1822130	0.6926826
13.9015410	7.6565405
27.2880450	1.5587060
15.3631150	-21.4986090
7.4847991	-20.1381450
10.8519770	-11.1362560
-5.5718617	-4.8712649
-2.3018413	-4.4961929
-4.9579621	-18.6069380
-3.9968944	-15.8112640
-7.0382173	-10.5954470
-8.7871866	-13.2102710
2.0822538	-7.6554971
4.5404866	-15.0248080
-14.9935460	-2.7045317
-14.5131810	0.2077923
-5.1665489	-6.1040683
-3.8537146	-2.9456577
-9.6067803	14.2230230
-10.7562190	12.0100930
-7.1467300	8.2750353
-10.8130900	15.9874230
7.2585998	12.7707500
2.2252825	16.4692760
22.8672420	9.9767732
21.7814110	-4.2085031
23.8168030	-12.2360540
8.3129090	-1.2743632
-0.5980929	-7.9884761
-7.0218026	-6.9056635
-11.2698170	-11.7264110
0.9294870	-0.8288053
-4.4869858	1.4379529
1.8422299	-2.3819594
-11.6179970	12.8530930
-12.1711890	5.1991913
5.0041559	0.6612583
0.7135238	1.0418579
2.4791531	-5.7613410
1.8895509	-5.5005906
-1.1797040	2.7048320
14.0717260	5.1671804
6.9600829	-9.2337293
-7.9732306	-15.0479130
-3.7609081	2.4030520
1.0423653	5.8125840
-12.7768850	7.5884385
-5.3656119	11.1546410
13.4130660	10.5310780
12.5315130	5.3061486
7.9691795	5.8604711
-2.9020224	-13.6823850
2.9942244	-4.3212962
1.1086766	-7.5877894
-1.5655709	-16.1354920
0.6104632	-9.6934193
-12.7586570	-0.3187000
-11.5319730	2.2918778
-10.4342120	-3.6117796
-7.0272545	-0.0265702
6.4537284	7.4838219
1.7606112	11.9604820
4.4215176	9.7096725
11.2404480	7.4200490
3.2416265	-8.6149401
3.9569257	0.3793834
11.1538260	-4.7860570
7.8132698	-6.6531823
-1.5684756	1.8137121
-10.3885070	-5.5591628
-5.1604323	-13.6041420
7.3409099	-0.9501377
3.4152450	-7.6736218
-2.5001561	-6.2270005
2.9113909	1.7190464
5.7891058	-3.9819281
-7.4942168	7.5568719
3.6553712	-0.2913911
-14.5947790	3.9829060
-12.3217240	3.7904294
-7.0970192	8.9023184
-12.8220830	17.2043910
-3.1974835	19.8422060
-1.8182737	8.9923541
13.1829600	1.8348676
9.7461007	11.8624300
6.1592817	7.5815087
8.1600167	8.7689596
6.6477464	-9.9642400
7.4603076	7.0084665
0.6284047	-9.4803253
3.6793258	-0.7348955
0.8002417	-6.0614345
-0.0138024	3.1404083
-2.6569987	8.2920043
-7.4477284	12.5928650
-4.7435562	0.8281030
10.6734370	-3.7282574
4.3984084	-0.7025688
5.8432383	-3.6770235
2.2657395	-16.6918740
1.1242767	-11.6861940
1.5664914	-14.0045330
2.6469357	0.0023187
-17.2910330	3.0061340
-5.7400278	6.5196711
-18.4048890	4.2182181
4.3874602	5.2608292
-5.9126899	-3.5113284
9.9842658	17.1524530
2.8407024	13.4033070
8.4482530	-4.3375777
-0.8598376	0.9137057
3.0437905	8.9384634
-7.3525430	9.4959636
4.4615515	3.3021260
8.4850150	3.4663197
7.5492117	10.0780500
6.1700356	12.2020670
8.2655982	0.8032053
13.7317450	7.0049524
0.5435220	-3.0218457
4.2137435	9.3709775
11.2393060	-2.3267756
6.2926302	5.9941194
2.7196898	4.5590693
-4.5570271	-17.5806530
-10.9291820	-0.8296706
-13.1676020	1.5053529
-16.7948080	-2.8383417
-10.6156420	2.0535362
-3.7606205	-5.3749853
-11.1894760	11.0557440
-5.2024581	5.0693104
-3.1273142	5.4507402
9.2756962	11.0456490
-3.5707106	-4.8997109
-1.6416989	-8.8096986
-0.6875214	6.6126878
-3.1378606	-8.7917967
-1.2302926	0.3430342
7.0438807	-4.9862297
-7.2354320	4.4473130
11.2141450	9.3865562
-3.3685517	10.1303420
9.9676487	-4.2680562
5.7203898	1.0532435
0.9985964	7.8729286
-4.9833209	-13.1210770
12.3771530	-6.6295519
10.3420930	-8.5932576
-6.5054732	3.1344796
-9.2055078	-10.6891350
2.5782377	-11.3753960
4.3830254	-4.3748203
-0.1331201	-0.3523479
1.4357086	2.4371276
0.5065935	14.8890100
3.5571636	0.7124206
-7.8626918	13.8628720
6.2133987	-1.8117875
4.6893194	7.9123420
6.3821753	-5.9901303
3.7465056	5.8369664
0.0790891	4.4537616
-4.8647593	-0.3949925
-5.8462944	0.9135846
6.4183888	-2.1718277
-8.4770091	5.7124671
-9.4023698	-0.0487640
-11.9254170	6.1877002
3.0614230	1.6600871
-8.1212939	5.7243639
-0.3380923	-7.3639230
-0.9210690	-4.3518182
1.9013613	9.0941588
-15.9191330	-1.1855048
-15.6806980	0.5142621
-8.6856619	4.6969036
6.9064909	16.9166280
-1.7309220	1.2113633
13.9130930	-3.0917907
18.4656550	-4.4541472
5.8475105	-2.6381623
3.4777538	0.5307435
12.4139490	-9.9233611
4.6902866	-13.1898800
14.3163890	-11.4905310
-6.5911333	-18.5448210
6.3680156	-16.3127630
-9.8053972	-6.2754974
-14.2158170	-0.1704783
5.1685834	-5.7770003
-13.0959370	8.5891534
5.3881778	4.2268532
2.6918937	6.5476701
-2.2008829	2.7632222
6.2879592	4.6541765
9.4907829	5.5559186
1.0395620	2.5441482
-7.5204999	-3.4103976
-2.9655886	-6.9949273
-1.0252189	1.3999811
5.4757532	12.0971950
7.4141180	7.6671323
-8.8442043	1.7271210
2.6158955	-6.1411418
-1.2555683	11.4706310
-0.0131827	-7.1127794
-3.6951040	2.5534239
0.7895454	0.2488584
-7.2998183	-11.8601630
-12.1052370	-0.0015805
-10.9382010	5.6704474
-11.0906280	-9.6792468
-11.8737340	8.9735019
-16.7587980	-2.8139285
-3.3675945	-3.8005976
-8.2805818	14.4133820
-6.0965961	5.1324869
9.7305127	-4.9264578
-4.2296166	0.2658849
-3.7856795	4.9762800
10.9455830	3.1574205
1.8771732	-5.0581850
-0.8055459	-11.8978090
-2.7270592	-13.4890180
5.4963781	-4.1772842
-7.3894590	2.1221236
7.0993811	5.9912201
-2.3272116	-10.5752040
-0.0209320	-2.7784534
6.1183771	-6.4110673
12.1874960	7.6216478
-4.0998820	-7.1615241
7.7784881	-8.4942550
3.9346223	-6.0086567
-7.4315164	-10.0262870
4.9919395	-6.0080887
-2.0121015	-2.4577981
-11.3555110	-4.7598009
-1.9895256	9.3332012
3.4652630	2.1580958
-8.0175739	10.9192700
12.1490340	13.6772670
5.9816194	5.9066803
10.2125280	-4.2041125
1.8488868	6.0519406
-7.6366155	-5.5714170
8.7582755	5.5215682
7.6873351	2.5280444
7.0717744	-4.1281390
-2.9688173	-3.0958843
-9.7011360	11.2234060
7.7568564	10.4547470
0.7274225	2.6341496
-10.5811470	6.6713189
9.5983114	6.3710614
3.6978260	-9.5811778
-0.7490112	-10.4481640
-2.5282549	0.1656444
5.4131332	8.8498054
9.2350415	6.8398529
-6.6479935	-2.0440586
-12.6715260	0.9764105
8.5300002	-9.1927187
-9.7086437	4.9066201
-0.1981650	6.5627001
-8.1304015	1.0914629
11.6058660	-1.7273182
-6.7196583	0.4012302
4.8307444	-0.8670946
-9.2275769	-3.9193518
-10.7933230	3.6873604
4.0769058	5.6455768
-7.8904844	-8.3109464
-8.8402385	1.9981073
-13.2906260	-0.0188044
2.9724540	10.8156480
-7.1349837	-2.6483418
11.6437870	7.4689876
8.3814600	-3.8243699
-8.3953136	-8.5617667
-2.1485489	2.3965593
8.9942280	8.3979316
-1.5794404	-4.7973158
-6.3307093	3.1943147
-10.0443510	-10.0082610
0.2476266	-10.1965340
3.9205910	-6.3606832
-10.9289020	-7.9628875
6.8236930	9.5239095
7.4171248	6.0859500
-2.6144151	-5.9109649
3.2321879	7.9879459
9.2591790	9.4671605
11.9092600	-3.2701593
2.1557702	-1.6833153
7.5489624	-4.2094417
-3.8439955	-7.4905870
-0.8381245	1.7344008
3.7989223	0.0395278
-1.0323927	8.0879136
-2.9059596	7.8217608
9.0356024	6.5727020
11.3639250	-0.6634348
-4.1355194	-3.8355818
-5.8161282	-7.6678542
4.0468758	-5.2868969
-6.5338187	4.7796779
7.5525302	-0.7261646
8.1218214	-1.7968100
-5.8463825	-0.8515297
-3.1668578	-10.1858100
-3.3875399	10.7327630
-14.0489570	-3.6153532
-0.1778161	1.0974445
-8.6181556	10.9232700
1.6964395	-0.0858468
14.9621540	6.6007629
-1.5738093	-9.5846855
4.8940951	-6.5870826
-3.5707258	-0.4853220
-0.8814265	-0.2053302
10.7970550	-5.5178737
-1.2150489	-3.4099508
8.4359564	4.2320641
5.7810239	2.7286131
-12.2155910	-10.3880520
-8.5706478	0.1777674
-0.5008667	5.5846664
-5.9487462	4.8361157
1.8728560	10.3398640
-7.1194609	-1.1840566
9.8581598	9.8503313
-9.6544601	5.2303337
5.8733205	7.5313900
-2.9207228	-6.3455879
-7.3022025	-1.8100683
-2.6122239	8.3019329
-2.2480189	-7.6659279
-3.4572783	2.2861768
-0.2879231	5.9980081
-4.7172993	-2.8937963
-4.3511784	-10.6204860
0.2462507	-5.8064466
9.5366764	-14.0449010
-0.3740099	-3.6887638
6.2758408	-0.5277634
-13.0719230	-14.3343060
7.2780276	4.9573126
3.3522828	-10.4351170
-12.1986490	-2.0014192
-4.8858237	1.5573335
-5.2956322	-0.0833168
-6.8601513	6.4850144
11.0963520	-6.7721531
0.4107164	5.5855628
-1.3638005	-2.5520904
7.0935488	6.7968680
-1.2117183	-3.8288868
9.2902843	-10.8706540
1.8172149	-2.2672072
1.9546927	3.4125509
9.3061728	-4.1566828
-0.1151897	-3.8530654
-2.4383567	-8.6401104
-5.2864615	-0.0781670
-7.0030854	-3.5000734
-9.2958352	6.6980225
10.8353430	-5.6937530
7.2279342	-2.9724405
8.6015641	2.5987262
1.9762012	1.5860182
5.6230860	-9.5882110
-4.6372285	11.1771890
-11.1112010	10.0974100
4.6041070	-1.2100556
1.7001537	9.2277295
6.0237593	2.3192302
8.5627463	2.2352016
-3.3096587	-7.3856948
12.2461130	11.1694170
10.9306670	-9.4924255
10.4584440	-9.2282595
0.5683702	5.9299021
-5.6049997	4.3555351
-3.2753287	-8.9135521
5.7965668	1.3488628
-3.2802381	10.9739840
-0.5037917	-3.5172456
-2.5994661	-4.1843732
1.3113365	2.4485282
9.7344531	6.3544827
7.9443566	-6.3951024
-11.2958940	5.3445097
-4.6747430	9.2151222
4.3994417	1.3192500
-6.6410626	10.2005150
6.4738249	-3.1608991
-0.1778638	-5.0724773
-8.6180081	9.8075756
-5.2740243	-3.3380941
-2.5437815	6.7320526
-1.8381946	0.4292119
-6.6750511	-2.5568993
12.6099100	-8.9374377
8.3358597	4.8194365
11.1211210	-10.4782430
3.1177599	7.0748423
-8.6220765	7.1447060
-9.0339991	-0.0204055
-2.7646610	2.1362768
-11.2167130	2.6816229
-4.5326547	8.4477788
-1.1836091	11.2213710
-0.6218123	5.4489683
-7.8592697	-3.3941111
8.4474975	-5.8266008
-7.3603036	1.6268057
-8.4812154	1.2104870
5.7123265	-5.3360072
-9.9800170	9.7652865
-5.4373274	-6.9515867
-4.3588436	-3.7540343
-3.3575913	1.0310243
1.3703414	7.3463348
7.2536880	-6.9168491
-7.2460106	8.8501314
1.5373350	9.7978878
11.0567100	8.4096480
-6.2219260	-10.5877410
3.9901073	-8.7980336
-3.8373834	9.3858374
-11.4755160	4.8170616
-5.4065390	-2.5432102
-10.8265190	0.4752200
-1.1697382	-6.4343774
2.6744671	-5.9839892
9.1989340	6.1432509
-2.0092472	7.9840907
8.4830437	2.7040143
-3.3438246	1.1968071
-3.0426273	-0.6539462
-4.4154130	-12.0469550
-4.3047263	-11.2633540
-5.9123279	-7.7347404
-3.7881387	7.6241774
-8.8010686	-0.6392338
7.1186716	-9.7985214
8.8126544	-1.1280442
10.3525110	-2.2437659
-2.9009102	8.8795308
-8.1552391	-3.1675099
1.7756678	-7.6668041
11.3352140	4.2703937
7.4585352	-9.1755884
-1.2824330	-3.6178176
-7.4637839	1.4362104
-10.8319840	-5.7002527
2.7836799	-11.6276140
-6.1030167	7.6297830
5.1502090	6.7170551
2.8918691	11.4456050
-0.0576492	10.7535630
0.5405191	-5.1191315
3.0610866	8.0809591
-6.5435921	5.2901995
6.6260318	-10.7675790
5.5645522	-5.9962093
5.8456217	-10.0174210
-5.7423247	-2.0491359
3.1503928	4.7045712
4.0681310	3.4404558
-12.2292850	-2.9585541
2.4221649	2.8533019
-1.2336990	3.5003656
3.5884608	-7.7865589
-4.5541501	-3.5614365
-4.4397774	4.6568036
10.7952850	-1.3053033
-0.4296621	7.2436928
3.6964207	-9.5388104
4.6053437	-3.7148781
-7.4130147	6.4387732
6.7954374	-0.9809995
1.8474732	5.8528622
-3.0908132	-7.5837921
1.0842040	-1.7722390
9.1252423	-3.5106300
4.6735430	1.7482698
-2.9461412	9.5158088
-3.5807058	5.3210224
-7.1793047	-3.2660879
-3.2718467	-7.8579813
1.2934575	1.0725980
-11.0523150	1.2057374
-3.8973654	8.0262884
-5.1369743	12.0419410
-2.5535562	8.5657393
8.9638723	8.2190626
-7.9172673	7.0114767
9.8624696	-1.1499606
-6.7164904	7.2560849
7.9339663	3.5503881
11.1401550	-10.4876070
-5.8888458	2.9471503
-10.4312050	-1.1491950
-1.9767324	-2.9777889
-10.9061830	2.1518051
-10.9776560	8.8595582
2.3728700	-10.3645240
-8.4689054	0.3436707
5.2468551	6.3805069
0.1313545	3.9583283
-5.8618415	9.6150128
-0.5171912	-9.1964741
-0.3812808	-4.5080490
0.6884128	2.7584690
-8.5030057	-1.3409755
-6.6417618	-1.9056454
-4.5359015	4.3271777
8.2539512	4.9075955
-9.0810148	7.7256769
-8.8777287	-7.0789227
-4.4455288	-4.9776482
-3.9873337	8.5342404
0.8906110	6.5716281
6.3224692	6.4295998
1.4018946	-0.6200984
5.2021678	4.6237297
-0.2255252	-0.9999998
9.6445101	0.8334234
-5.9984952	9.3099281
0.6505499	-4.4029071
-12.6983320	9.9778782
4.1689177	0.3682241
-7.4013659	-0.9238590
-5.8142170	3.2390993
4.2655985	-5.0238045
-1.1768786	1.0967538
-2.7530519	-2.9007685
4.2808220	-0.0263177
12.1820660	1.0895975
4.0434384	5.2787080
9.8165345	0.2692613
5.9139163	3.8459032
-9.2343704	-3.1259898
-9.5947718	9.5020278
1.4492047	2.0349800
-8.3729009	7.9487910
-9.8091740	2.4400586
0.9767936	3.4057391
-6.3222109	-2.0339027
7.5545067	-10.8196990
-0.1192250	-7.1265167
9.1764125	-5.2163350
1.5250124	5.5234473
-4.5145085	-3.8166217
9.2765863	10.8037690
-3.5808944	-8.7748341
-9.3422860	2.7805145
7.7006773	-4.7010290
0.5888652	11.8401440
2.9993557	9.8736701
2.7255288	-2.1033783
3.8084527	5.5320489
-3.6378097	-7.2647825
-8.6359769	1.6040468
2.7860687	0.5850034
3.9032584	-0.0360226
-3.9057157	4.5791862
0.1527825	-1.4544100
-4.7694541	-4.6492318
-3.0337413	3.0255232
-2.3081938	-8.9984765
-1.9153929	-9.9823008
3.2951177	8.1335405
9.1320890	3.9796855
5.0571698	-7.5388457
-4.5982034	-1.4952922
-8.6219251	-8.0827225
5.9495348	-4.1395460
-10.5997780	9.0434607
-1.6427158	-6.3543531
-1.9662571	10.6824970
-0.2628708	0.3158815
1.9038392	2.6557623
3.6236140	-8.0566143
-5.2876558	0.1104531
9.0076703	9.6982597
-4.0497188	-2.7589324
0.2810299	8.6971009
-3.0139333	0.5951990
-5.5272305	2.7996852
0.8709499	-5.3694437
6.5748311	5.6983193
-5.5953223	0.3040069
-5.5817731	0.3169571
-8.2609882	8.6140924
-3.1555487	-1.2493285
-2.7833403	-5.7708683
-3.5130110	-10.2950130
-0.2717159	-10.3958220
-2.5289948	-7.5398388
-6.7783824	0.1387529
-0.5253453	6.4402409
-10.3428140	-0.2136529
5.4371633	-0.6729905
-7.5810534	-4.6054565
-3.2287168	2.6455563
5.7961971	2.3656642
10.1501950	-5.6419190
-7.3043754	-5.9192465
6.8674462	-1.5375695
-2.4417114	1.5431877
-2.4030534	9.1538891
7.3760065	-9.6970716
-9.0375285	7.7332858
-7.8421466	6.2375519
-5.7964297	1.0898940
-10.8133810	-10.2691590
2.5909662	-5.1393050
9.3819396	-1.8706668
-5.0742101	-1.3190784
5.6410548	10.0961720
3.3466285	-6.1439624
2.4889363	-2.9388592
0.0900546	3.9682262
7.9919071	10.4577750
-1.4807713	-2.8078300
-0.1555387	-5.3455305
-4.1388120	10.5366010
-6.4882835	-9.7719982
-1.8197627	1.8844341
-1.1479037	3.2067385
-3.2874642	-6.7833940
-3.9763266	-4.7556864
4.6560555	-1.9719799
3.1259601	3.3322685
1.0632236	1.9440325
-9.7223211	-1.6466579
-9.5687232	-9.5078206
1.1864829	-10.1804040
-3.9416591	-9.7100531
-10.2806850	-9.0805959
6.6859214	8.4813223
-2.4561617	-4.4903172
9.8385399	11.0774390
5.7562063	1.2786823
-2.0583038	5.3271436
-7.3301299	-3.1529675
-4.3731958	-7.0807324
-2.9238728	0.1553749
3.3874534	-11.3251470
2.8248372	4.7004331
-7.9139279	2.7664396
7.7849099	-3.8415827
-8.8073754	-1.2163469
8.0658414	-8.2782506
-6.5410750	7.0291705
7.5313931	11.0879850
-0.7083085	3.6898427
6.5212315	-9.6230876
-2.5585250	-11.5427260
-8.8326707	3.0538802
-1.1220904	8.6505906
-5.3031913	6.1647973
1.6967369	9.0868575
7.4689559	2.1109211
3.6567693	-0.1474819
2.9418876	3.1646724
-7.7458758	-6.1703372
-9.8746516	10.1303560
-7.4683374	-7.4417360
6.9950152	-2.7430588
10.5905520	-8.8367732
-4.6421248	-4.8243210
8.5266524	4.8664348
-9.0299367	6.5918361
9.0598690	0.0115230
-0.5771740	-1.7967327
10.8313810	-5.4177342
-3.8114461	6.8263810
-3.3207181	4.0069209
1.9143911	10.1755130
8.8957185	5.8335222
2.3569668	10.0348920
-10.0682890	-9.6331956
1.2649049	1.2071704
-7.3122951	-11.2790030
-3.9396381	2.5402442
1.0866893	-4.4592753
-5.0142931	-3.0374955
-6.8883376	-6.3101198
8.0714014	-2.5374092
10.4007910	-4.1731779
7.2954040	5.6017374
-5.9767085	0.4173945
1.0279550	8.6066960
-6.8909611	6.4095999
-4.6441933	8.5578644
-8.7538171	-5.8659499
-4.8694040	9.6952890
9.3963760	-3.2191808
-5.4494436	-10.9362070
-1.9449349	2.8441595
-5.4614759	-7.3593245
3.0864500	2.8064458
-2.9517483	8.1175339
-9.0715600	-2.4569158
-10.2883980	-4.9596046
-1.8840785	0.8251252
3.0747014	5.3133708
7.6185224	-5.8057879
6.9854669	-0.0548075
8.5267750	1.1995389
-9.9303362	3.3442912
-10.2567330	3.4038053
-8.0560146	-7.4727655
5.6214515	7.1455853
-5.8420600	-1.3450471
-1.9478157	-5.5750463
11.3003680	-1.2417775
5.9146092	5.1194816
11.7275480	6.0036258
-0.5533342	4.9043087
1.5590235	-4.1615778
-1.9263800	-4.0480099
7.9817235	1.5949278
-2.1546747	-3.6428599
9.3289423	1.5348121
-8.4780643	7.8047197
-0.0246917	6.5895796
4.1660625	-4.0415965
-1.2855657	-10.5171560
-0.9184843	-9.1230381
-10.6691720	2.5689025
-3.2038828	3.9728848
1.5972710	-5.6389625
-6.2827264	-4.6645616
-5.2007230	-6.3125392
-1.8588241	-7.9865321
-0.1996424	-8.7620057
-2.1356448	5.0159801
-6.3175278	-0.9909072
7.1203605	9.0176723
1.0640592	7.2016300
-8.4570443	-8.4263646
-8.8517867	-2.4013346
5.1457640	-6.1411759
10.0681830	2.6564155
-8.9383785	3.7425039
3.5422513	-8.4342641
-8.5733381	-3.9373352
9.9579345	-10.5527950
-4.6278529	-6.9661352
-3.4186531	-0.6831096
-4.9651995	10.4117080
0.2699212	-9.2118414
-5.4868496	0.5024816
-0.8241112	10.3038570
-2.4622851	0.3970910
-5.8511033	-1.9016989
4.4120223	-6.8713419
-9.6152874	-4.3405627
-10.0028530	6.5992665
9.7988787	-3.8109961
6.7100074	-5.1898435
9.0853807	6.5448645
10.2279430	3.7754761
4.7583736	7.0840623
9.5976533	0.0034991
-4.4427816	2.8028741
10.2916480	0.2631400
-6.5567390	0.6446375
10.8720180	6.4333546
-8.2126674	9.3940072
-0.1530208	0.7980737
-4.2746092	0.9165653
-4.1455069	4.9085755
9.4399212	3.0196918
-4.4791708	-6.8540232
8.5037074	-9.7170279
9.7020369	-3.0497766
10.8226520	7.8222494
-0.2501155	-1.7864897
9.3938893	2.8929078
9.7392909	6.4225167
11.0623850	-6.0215360
7.9608227	-4.8610480
0.6900155	0.8191733
4.9338662	-0.1268125
0.6052963	1.0287090
5.7179874	9.1179172
-5.5700556	9.9378191
-3.1772823	11.0273020
3.1521271	-1.6906166
10.6501260	-9.6193709
3.2540506	-0.0768375
6.2607781	5.1738782
-0.1708337	-2.7288073
-0.6099446	3.2982474
-9.5225325	-5.8373947
-10.3460950	-5.3332804
0.2705240	3.7602361
-2.2077109	-5.4281478
5.4561241	0.4752694
1.8970116	2.0976961
-2.6381119	-7.7916171
-2.5647308	-9.8268788
11.0706820	-6.1911727
3.6315434	6.4340490
7.9950774	6.5052257
-2.8444070	-10.1017900
3.2416432	-7.2682384
2.9719632	-6.0606896
-10.8774410	-1.9943524
-3.5956755	8.5322104
-4.6820551	2.7912566
9.9621910	3.7030966
-3.9765611	-1.7206427
0.2435331	-7.1884135
1.4521684	-7.7635608
4.8346593	0.5735647
-3.3859478	-1.0145947
10.2345690	-6.5776884
4.1674459	2.1804075
3.2911526	-10.8685700
-0.3799344	-10.1932480
-1.1605189	-4.2984238
8.5373475	0.3888610
-6.0264677	-5.2166375
-7.0998255	11.2553950
-2.4069468	-0.7716350
-3.0513764	-6.1340506
-7.8395082	7.5342565
7.3669521	0.3011185
-4.1180734	-1.2277743
10.7424020	4.5565334
1.9523972	-5.6879195
9.2645966	-8.2159425
0.5014996	-7.0116174
0.1877879	4.8782950
-2.8422724	8.8726320
2.7951427	-5.4003660
-1.0638714	7.0121306
-4.6711344	-2.1978790
4.9754574	10.1645360
6.8028550	-4.8566240
-2.1761040	-3.1405243
5.7551276	-6.4230691
9.7171330	-2.7465363
5.1973321	10.1082280
10.5941130	8.4675426
1.6358703	6.2426472
0.1181866	-3.8806092
6.0623166	7.6394150
-7.4363478	-6.3262035
7.8037569	-10.5113330
4.8214105	5.6674881
0.1536797	-5.5248141
2.5937360	3.0331618
-6.7938593	-5.9166674
4.5238827	6.9746501
-7.5133281	6.1580984
9.3767224	-10.4003310
5.7296295	3.4276391
-4.4482084	8.5121779
6.8650158	3.3313032
10.1340760	4.5646546
6.6722748	-4.7360937
2.6661161	9.9118182
5.4542017	-3.4995855
-10.4016430	-2.6855231
0.5364594	-6.3928864
-5.5303780	1.3624641
-1.5479249	10.0502970
-3.8091558	1.6483674
-0.8819138	8.6242738
0.2704930	-8.2017761
6.6011025	-8.9086392
3.3577914	9.6448186
-0.4528463	1.2017614
7.9957327	10.6690530
2.6942984	2.1481869
3.4486501	5.4637333
-3.1563175	-5.9576134
-2.3752616	-9.6653937
3.6029061	-9.6897093
7.6244626	2.4050380
-6.3512487	2.7538766
-5.0309254	3.4605889
-4.5499015	7.4124492
-8.0393448	-4.6912090
-8.0236248	4.4815120
2.0887549	1.2300622
-4.5383143	1.1956748
-9.2937817	7.7132548
6.1266424	-3.9303408
-2.5404974	1.6214413
-1.5675950	4.6784125
-10.4808340	-2.5681535
1.1327601	-8.1261042
8.1061550	7.3528212
9.8870152	-3.7142203
10.9981970	2.9753474
-1.8004941	5.0124964
-4.5448672	-10.2498670
-2.9679722	-4.9850584
-8.8770465	-3.7509571
10.8916050	8.0642362
1.8274820	0.6925117
-9.3308187	7.2048915
-1.2321598	-1.8705090
1.0829445	10.5652350
-1.3585039	9.6072586
7.3648046	-5.2184678
2.5968921	6.8489738
5.9826944	-9.0816458
10.8617130	1.8163279
-2.8324255	0.6719411
9.6406863	4.8191187
-3.9245598	7.8368014
-2.6058582	-3.4808807
-10.0665910	-7.5746374
-10.6018700	3.1825507
5.3399028	10.4505510
-3.6423334	-10.8858080
3.0163905	-10.8544990
-3.8844203	8.8884598
9.8175131	5.9667047
8.4441472	-0.6372126
2.8578898	-4.9420022
-4.4350799	-3.7257880
3.3252806	8.0567023
-3.7093583	-8.2378955
8.6679206	-7.1960077
-4.6954674	9.8916251
-7.1414139	-9.5185877
-8.8295060	8.4762916
1.1425265	-2.0797424
8.9955764	-0.0818622
8.7723042	6.7533664
-1.6548620	-3.7390214
3.1670245	0.1327036
-1.7252733	2.0749039
1.9175148	6.8683983
-8.7240101	-10.4627630
-3.6948153	-3.9558622
-0.9304237	-7.9099433
8.2017808	2.9197003
0.3310884	3.1118194
5.4830650	8.2441946
3.0959287	-2.1138985
6.7866142	6.7746904
4.0248644	6.4289687
-6.4081481	7.2559191
-4.8428758	8.9029661
-6.6027168	0.3731150
-8.0490065	-0.0962069
-4.2778874	4.8682276
-8.8065925	3.2341661
-9.3320958	-5.0174853
-3.9068470	-7.2746971
-10.0149130	-3.6111392
5.4504531	-6.2212904
-5.0468245	-8.7781545
2.8629007	6.8812867
-4.7588945	8.3427260
-2.8249856	0.9329033
-10.5299710	-7.9770420
-0.8475299	-9.7702209
-10.0561900	-4.5102622
-9.9869041	9.6181755
6.9533245	-3.7825548
-7.1894232	-3.7477770
6.8071688	5.6435516
-4.9418707	-0.5773198
1.4057270	-6.4816776
0.7843489	6.9643071
-0.4094212	-3.0567593
6.7668925	-6.3624523
0.8099747	-10.4172720
9.9537470	-10.0304490
6.7956835	-9.5231231
-3.1178255	10.2765670
2.8500260	7.9702661
9.3938660	-10.5779860
9.6297672	-1.0448823
4.1469751	10.2313410
-0.2602077	-2.8176163
5.9222264	4.1357713
-2.0910483	-2.2760861
10.7656550	-1.5516987
-0.9888721	0.9593663
9.2604181	5.4554456
-5.4449733	8.0021244
7.4367557	10.3201230
3.6986726	1.7612311
8.4166920	-9.0809383
10.5525580	-10.7834370
9.1972983	-6.8988399
-3.7018913	-8.8892832
4.9216567	-6.3023294
10.8157120	-7.8456407
-0.0408480	-5.2543772
-2.9058583	4.3133102
-7.6261395	3.1045140
-4.7262816	-9.1339656
-8.3140818	-1.7292228
-4.5538386	-7.7889784
6.1946795	-8.5445464
-2.7013892	1.5914988
-4.7107086	-10.6227270
-8.7629608	9.1195851
4.2337341	10.8195980
7.5537877	2.5604956
1.9262595	7.8317016
-4.9662766	2.1358586
-5.7812227	9.1358855
-5.5775417	-9.9070491
4.2422291	-3.3655638
1.4300922	-7.2786370
-6.2433257	-6.9714337
4.5984957	6.8323265
6.5683015	-9.1035915
4.9426257	3.7543543
6.2281018	-2.9672097
6.9424636	-0.2579425
9.7400735	-6.5458459
-3.1402490	8.4131448
-8.6762608	-0.3192357
4.0663573	1.3316318
-4.8780345	6.9946244
-4.6068104	3.0263052
2.1325896	-9.6739273
-3.0631288	-0.6063668
0.1032617	5.9502381
-0.5787789	-8.1253516
-7.1830070	-9.9369330
3.1433043	5.0652024
5.3209128	-5.3570356
-4.1110850	-10.1925550
6.7016413	3.3142902
-10.2501960	7.8522379
-5.5565814	-9.3472821
10.5058910	-6.1026286
-7.6491319	-8.8234476
-6.4752235	-3.2388923
6.7596892	-3.7520096
8.9126970	4.3840562
0.0734117	-7.6591835
7.3394564	2.7457325
-0.2118611	3.5986565
9.6456132	9.8911631
-3.4282469	7.4581102
-9.7701585	5.0637593
-9.3334083	-2.3771897
1.4160866	-10.6776700
-0.0890653	1.5565062
-5.5098571	-9.0915757
-10.6801700	-2.3673430
5.4046089	2.6910639
-3.5848560	-8.5316319
1.3194235	10.9748010
1.1387938	-9.3015665
-6.0755628	-5.3898717
-3.6722794	-9.2610407
9.8232168	-4.7271315
0.1436448	-4.0263677
1.8929520	-9.1669393
10.4386090	-0.8020036
-0.7735790	9.4247589
4.6488931	-0.0849344
5.7563720	8.8799043
8.6400398	-0.9036898
-1.9412656	-8.7936577
10.9338490	-4.4623841
10.1401650	-5.7838187
3.0088510	3.7861759
-5.4360698	-2.1258284
8.8227542	5.0493853
-5.6307435	6.1325777
5.8237485	-8.9768800
-6.5959418	4.1091306
10.5075890	-5.7061005
3.2143758	-2.6379506
10.1155480	1.0462772
-4.3255557	1.4926487
4.7579760	7.3725101
-9.1366852	8.1926040
1.8420570	8.5185598
-9.6168997	7.6850477
-5.0429883	-7.5694924
-8.6917410	-4.6804701
-0.2438025	-4.2820905
5.1909269	-2.1013974
10.1391330	0.2285012
-4.7400995	0.3172562
-3.6080897	10.0604930
2.9199107	-3.0789931
-0.2065386	-3.5744297
-6.8847308	-0.6055620
0.0371139	-0.9587398
-10.7948370	5.5845632
-4.9488180	5.7252543
2.3826697	-3.9388126
1.0256526	4.8720216
-7.1778126	1.3896264
3.0807663	8.9200706
7.9242769	-4.1515077
5.3246979	10.3251820
-9.7053924	2.8449210
9.5801823	4.0362941
0.8858683	-8.2707798
9.8877134	7.5773674
-5.2329621	4.8270609
5.9928821	7.5668414
11.0627420	-5.1474164
-2.1221545	0.3219627
-3.2925472	-3.8273563
-9.6147096	6.4800907
10.7089510	-4.4207069
2.1424535	-3.2758144
-10.4709950	-6.9877361
3.8406219	3.2302713
-3.1126201	7.0853289
-0.3550109	-6.2363109
-6.5548354	-1.6359488
-4.6965638	-7.1560161
6.2175947	-9.9292235
-4.2561058	-9.7626779
2.6528156	5.5128037
2.5193410	9.5209254
-4.2254234	-10.1983990
8.9857161	-0.4251452
-9.2870636	10.0202760
7.1875246	-7.6269645
0.4584539	3.4001429
10.9775300	2.2539133
-2.2849401	6.7008292
-2.8393869	8.0931564
7.1170757	-4.2851247
-6.5602140	2.8744280
3.0871699	2.9630698
-10.5541770	7.9508671
8.0961617	-6.2635073
0.9005481	9.8994243
7.7343189	-5.4621105
10.2120170	-6.3448644
-1.2549576	4.7248075
5.8896304	-9.4739024
-2.1667184	-1.0822728
-2.8209824	-6.7078223
8.9366554	1.4929884
5.2161349	1.5486174
2.6231905	10.1363850
-6.4944194	-0.2319218
6.3868627	0.5024736
-0.0576665	5.7491473
-3.7050047	9.1579680
0.7877988	-2.5462320
9.2033222	-4.1837128
0.5224613	-8.8583195
7.0561789	1.0434419
0.1507999	6.6396028
-9.3600413	7.2102519
-3.0583877	-9.6371364
-7.1604000	-3.8596723
0.6619650	8.2357163
-6.6764480	8.3229316
4.8589716	1.0182300
-3.6438314	0.8945351
-0.5393446	-3.6417628
-6.7497359	-6.7326981
-0.3638518	-7.9109008
-0.3409751	-6.3758295
4.2638756	9.8142489
6.8953821	7.4514273
-2.9335201	-7.9145641
-1.5385238	4.5914349
-5.5331674	-9.5219175
5.3971766	6.3891780
-7.9740247	0.0326637
9.7866040	-6.9962919
4.4797007	4.4353037
1.7568647	8.3765190
2.8310024	-6.9444644
-1.6264787	-1.5365017
-9.7954777	0.4566074
-2.1763428	-10.2734400
-10.2600620	-10.3221710
8.3181053	-1.8653645
9.5411590	6.3083621
2.0231407	-2.3952956
0.6988254	5.2169624
-0.0901619	-7.8260390
-7.1010712	-0.2147329
-7.4072897	2.7539756
8.7536794	-8.6682625
8.5754490	-2.5304746
-9.5807193	-2.9263054
0.6186132	7.2840774
-4.2453059	-10.2516170
5.4649125	-1.9802183
6.5164060	-0.3083929
3.6044834	-10.2555420
8.7099026	9.2078442
10.4865520	3.7012243
-6.2571311	5.6488625
-9.2945253	-4.1322397
6.2360908	2.2154083
0.9916841	-9.5880565
-10.3048410	-0.3541344
4.0162973	-4.2841647
-0.0747552	-5.2777446
-4.4899361	-3.7717913
0.0715977	5.0552867
-7.1218578	7.1133265
-5.0872553	-0.8141555
10.7728660	4.2414819
-2.4393574	-2.3042275
7.0092847	-0.8075587
-3.1895624	0.0361567
-4.4629474	-1.7953226
4.9173995	-10.0335170
4.6751604	8.7717444
4.7026040	-6.5702381
5.6038275	-3.2219270
-2.1408422	0.4744540
-3.1941767	-8.3597175
10.4867300	-7.7961466
9.3317878	-2.1499652
8.4860382	-7.5427278
1.0570218	-3.9955410
-8.5482703	10.8829490
0.7103030	9.2245131
8.1009269	1.4518001
-10.4353010	7.6171437
-3.6624289	-10.1971080
0.7674221	0.1849952
6.6887737	-9.7060899
8.1637471	-2.0800897
0.6890469	-8.0165749
5.6014945	-5.7594983
-7.4179092	-10.2905470
-3.0304350	-4.2260703
2.7819270	-5.2851743
-8.4736510	-10.7808710
-0.1862347	7.4326721
5.1785952	-8.2975045
4.0200476	5.6809746
3.9720941	-7.6503009
-8.6785580	8.5975619
3.5695997	-0.1813316
5.1917062	-0.4657947
-8.1214846	-7.2380477
-4.8276086	9.2710429
-3.4242601	-8.9933232
0.4034468	2.6762501
8.3026866	10.4160590
9.4326016	1.0886037
9.7191086	-3.5023873
-10.5915600	6.8352270
-6.9848555	-0.3736560
8.8777391	1.3763537
-6.9936250	-6.6820036
-7.7459175	7.9522998
-3.3210756	-10.1850830
-7.2436083	-1.3749301
-1.7477791	-9.1739232
4.7868516	-3.0589750
3.5263798	3.6380527
-3.5016446	10.7928640
9.8544421	4.8306770
-7.8392465	3.3669154
4.6929129	-4.4225615
-6.7684699	8.5661955
-3.8778428	-1.3180303
0.6887141	-2.8242687
9.1804124	1.1852773
1.7827362	-9.6406215
-6.2896674	10.9214840
10.9578670	4.6852415
0.1428889	2.5028566
-2.3042868	-6.4128744
-4.3036450	0.8210314
-6.5632511	-5.9025636
-1.6636601	8.4694278
0.2724463	-1.0236063
-0.6954860	7.1393442
1.3914729	-6.6795540
-9.3215188	7.2615810
-0.5691719	1.1155019
5.6022193	8.2267382
8.9696777	-9.8899609
5.8970286	-6.1077690
4.5490329	-7.9839615
-6.1752801	-6.1376656
-10.4210740	0.3513877
6.2313975	4.8541248
-0.9167128	-4.8939925
-1.3177912	10.2973330
3.2006081	-2.4995766
-10.6466350	-9.2482685
-6.5082709	-10.9055080
-0.4325969	-5.5921985
-1.6747755	3.5347907
8.7867930	-0.1328989
3.1461937	6.2663147
5.1490820	-0.2989723
7.6931038	-5.9784330
-7.9074670	2.7397571
1.2070548	-1.2111281
-4.9517627	-0.1333489
-7.1834480	-5.6493112
2.9408634	1.1882650
7.1884324	-0.8448678
9.7829975	2.5057445
10.1430890	-0.9583451
6.0340076	7.5064332
4.3258315	9.8522232
7.8966488	-7.0548561
-4.7291677	-5.7850534
3.0049399	2.8621916
-1.0839072	-10.2725660
1.6729242	6.9355694
-7.9345599	-7.2236789
-0.7128844	8.2695090
1.0380040	3.5369182
5.9581896	1.7566472
9.9287342	-1.1922715
3.5164104	0.9859657
8.2984476	-8.1677126
-10.1074410	4.3265584
-4.7615738	-10.2853560
5.8585887	-0.1008910
-2.7195435	-0.2678894
-8.6843743	-2.0473428
4.7153178	3.5570621
-7.8663738	-10.9221730
-7.6198460	-4.5005353
-6.9836855	-2.2729415
-5.1671789	-2.6948631
-5.8896005	4.6113405
1.6179179	-7.6407300
-3.6304505	8.0116456
-10.5810500	-0.6650320
-5.4556423	7.9654358
-10.1098800	2.9924445
6.1665987	-5.2074332
9.7228244	8.7013766
-5.2460768	-1.8322094
-10.3048890	-6.0313765
10.3362970	4.7500277
10.9141600	3.5009059
-5.4714133	1.1582810
8.3310524	3.8654550
10.0387420	9.8654675
-9.5313067	5.1536454
-9.2284398	9.6155586
-10.6136620	-8.9205155
10.3762310	-9.5729826
2.8637593	-8.2372048
-2.6186670	7.6426223
-2.4516655	-3.3223069
-7.9057522	-8.3725794
9.7191458	2.9916926
-2.1913665	-10.8706810
-9.7940753	-0.9219006
2.0159795	2.4287798
8.6947609	8.5572139
6.3011401	10.7639860
-9.9185181	-8.3755559
5.0480491	7.7646450
-10.7872610	-0.2401653
6.6364930	8.4598653
0.6317884	1.7292170
-10.0895410	2.6396286
-10.5648600	-5.8054839
-3.7403030	-2.1028278
1.8664551	0.9309558
9.1726761	4.5047020
-9.9312807	-6.5254542
-0.6546769	2.2188790
-8.9339652	8.8215396
-10.5974710	4.9092382
3.0258675	-8.1681548
-7.1282693	-10.4936420
1.1426836	-6.3976230
-8.6382010	4.6764977
0.8889942	-4.6569272
1.2298148	8.3339214
2.1386516	5.7139783
-8.7993185	-9.3666878
7.6928138	-1.8291192
4.5887075	3.7706217
3.9125910	-8.8100749
8.9807474	3.4295543
-8.1088665	7.5361408
9.3588435	9.4010222
-5.3621054	0.5232866
10.2188380	3.9520066
2.1051550	10.6974130
-3.1776552	4.2904159
-9.0279584	9.9579147
-0.1833005	7.9365550
3.6591002	5.1324022
-0.2726299	5.7004946
-0.3023542	-0.6548321
5.3299317	-3.5431269
-5.1088147	1.2128839
-0.0767215	-6.8394775
2.4677002	-7.2570569
-7.9744483	-4.4171346
-4.5284616	8.2086824
-6.6943213	-4.7103775
-2.6822056	-4.4842202
5.7014162	-9.7999464
8.7032474	8.4610830
3.2357345	10.3870040
6.2193475	-5.5343233
-4.8303496	-1.8054236
7.9707281	-1.7480267
-2.0571307	3.5059839
-8.7572840	0.7125755
3.9686253	-0.0772003
-6.2349997	-10.9149050
10.3759780	2.0704841
-2.0360930	-7.6588086
5.4736324	-8.9960934
-9.4901855	-3.4621832
-10.3484780	-1.1228473
-9.7118685	-5.4226551
-9.4483375	7.2369168
-3.1959063	7.2625389
2.5114850	-4.6630765
8.0646274	5.5044814
-8.5298819	-10.3934550
6.2479741	9.2903459
1.4972283	-9.5851015
-0.4569366	6.8076525
-9.1974674	-10.0838410
-7.3879644	1.2159882
1.6083896	2.6153364
-7.3723516	8.0133955
7.9138684	-1.7958244
9.2878734	-1.6340009
-9.1142486	-4.0327769
1.2035816	8.4551766
1.1849005	-0.7434977
4.8847680	-3.5244274
0.6167094	0.4657501
1.1695093	10.8253550
9.6213994	-5.6352508
-8.6255386	4.8306832
8.2565192	4.1286415
-5.1916422	-10.8745360
1.0821703	8.5592416
3.0935191	-5.4208499
-9.6124876	-5.7928064
-8.2779383	-10.2042040
-5.1678350	-1.5298804
3.8612831	-5.6492386
2.2028253	6.0188704
-2.8537862	-7.1540916
10.1992430	-5.2440899
8.1194881	1.7996103
-6.1323927	-6.6688182
-4.7187612	-1.5734180
-0.9030277	-5.8509790
4.2021825	-10.7554710
-9.1193695	-5.3964593
5.4601309	0.3683261
-6.4367611	-10.8002140
1.0020180	9.1853056
9.6154873	6.8616392
-6.5413784	9.6467823
-10.3935730	6.9693149
7.2676099	-6.4978996
0.2126016	5.6526812
4.2868695	-6.0903405
7.6414164	-2.1959529
7.1562002	-6.7712963
-3.2645851	-8.4742693
-2.1873385	2.2884310
4.0813102	-8.1099923
-7.0035056	-10.7813880
-1.9258672	5.6738004
-0.2396984	6.1584173
5.3277964	-0.1396086
10.3160750	4.7428191
-7.1069141	3.2522968
1.4918971	-7.9967673
10.3272120	7.2017311
7.1375483	9.2642948
3.1327107	2.0749989
-8.0752036	-0.6537652
-1.4431979	-8.6297047
-9.4759418	8.8089189
5.7154413	10.2518830
-5.9352918	9.3619295
-4.8658735	-0.1341983
9.5615594	7.5764693
-6.8686813	-4.2767045
5.4154408	-10.6948940
-2.4237403	6.2675464
-8.8621083	-7.4646713
-5.6269707	10.8878560
-9.8427543	10.7950110
5.8258683	3.1588397
-4.6845331	3.1965995
6.2494235	-3.8504252
10.2062650	-10.7669550
-6.8516523	-2.5128641
-4.9300385	5.7594738
0.9995656	-2.5709718
-9.8154556	-9.8725390
-6.3506951	-7.7134288
5.9560600	0.4591571
-1.5062174	4.4855076
5.1728466	-4.0355831
-7.5343514	-10.6994490
-9.5630411	-7.2086720
5.8228567	4.7305857
3.3801342	4.9375195
-4.3880379	8.8053292
-2.9354010	10.0195620
2.3559890	-0.8671306
-2.4175298	-7.6956773
7.8159370	7.4617404
-10.3644150	-8.5955456
7.3033296	8.2608738
-9.8733522	3.1300226
-8.1630963	-4.8035332
4.7460880	5.7569300
-4.7232789	-2.4029813
8.3211142	-1.1444767
8.5504380	6.9107337
-2.4054572	10.2860430
2.6151689	-8.6271503
-3.3606103	-0.6251274
10.8086670	8.4349448
-2.0620547	5.9154709
1.6947225	8.6756080
-8.6998735	7.7356917
4.7560387	9.1753868
6.6831539	7.5799511
6.2536358	-10.1814520
-8.9420947	-5.6431550
0.6624373	-1.6981136
-6.0683575	-6.7629527
-10.9557800	-9.7307279
2.2971368	5.4121145
-6.1641075	3.0121187
10.1806780	-9.0655350
-9.7207825	-8.9210742
-2.0586249	-7.9144701
7.0419295	4.9094130
10.8377370	5.1061624
7.7895185	6.2960274
-1.1054916	3.9225433
1.7972046	-8.3245073
-7.8722431	-8.1228466
2.7875933	-8.5945214
8.6510534	-10.4361550
1.2069114	-2.2558945
-2.9009787	-8.0475921
-7.4045524	-0.7085515
-1.0890580	-9.1942084
5.3222558	1.6690993
10.4709750	-7.5087048
-8.1899657	9.9484927
8.1792309	3.9900686
-4.4520817	-10.4863220
6.6669560	-4.0691807
-8.5675493	9.1630225
-5.2450258	2.8932572
4.9263527	-2.4559018
9.2198419	3.6345455
-7.6378938	-4.0604760
-9.0033285	5.2725613
4.5187582	-0.4855680
7.2101760	-0.1378075
8.5495500	9.8909161
-3.8065986	-9.3606841
8.9766915	6.4280164
9.1501969	3.8180796
1.2234477	-7.9135305
-1.2641764	-4.6587876
3.6964756	-0.6468999
1.8420400	4.8102783
-0.1551912	6.7799314
-9.6122908	-2.2216676
4.1048216	6.2601800
-9.4880083	0.3162888
2.1008476	8.8820799
3.8917473	2.0459466
-10.8694450	8.8667168
-6.9584019	2.2587488
-8.8533559	4.1122140
2.1865428	7.5965717
-7.6573493	3.7163978
-2.5425902	-10.6876950
-9.3821052	-2.1368097
-5.5686293	10.5132680
-6.3065532	3.2230965
8.1194097	8.9558617
-5.5206450	-1.9507218
-7.6601227	6.8902767
-10.7113110	-3.2404076
3.7334723	10.3799050
-3.8404918	-1.7967571
6.1458227	6.3597010
5.3805482	-0.2422786
1.3872430	-0.6269887
10.5822840	-10.8034330
-10.1240510	4.3422696
3.1331520	-5.4110443
8.7464073	7.5345710
-10.6099930	2.0412488
8.7926597	-10.9025080
1.1242815	-0.1180010
-10.0558270	-7.6561783
2.1830187	-4.9407644
3.1627846	-7.8602199
0.4714793	-6.6667727
-5.2195006	1.4624809
-10.8586490	0.8623813
3.3289160	-5.6198739
8.8016777	5.6589645
-2.9418196	8.0479893
7.4797901	9.9046833
1.5232890	0.4716589
6.9199125	-0.2784035
2.3846019	-4.8134577
1.7957053	-10.3739500
-8.5957779	-4.7908140
3.3196234	-2.7697501
-3.1861722	-8.6939981
-8.2301207	10.7900890
9.1611970	7.6378194
-8.8374508	10.6065910
7.9201414	2.8963556
-2.9443929	-3.5692952
9.9253092	-8.6644961
10.2008570	2.2447906
2.7319718	-9.2957706
7.0407843	-2.1432495
-10.2857150	4.8185618
2.5928376	-0.0469387
-2.1469410	-9.0574974
-2.5753366	6.7365026
-2.8339896	-1.4335643
-2.2370153	10.3242050
9.2650278	-9.6736151
2.8729323	11.0121440
-3.1605890	3.4905781
-5.8372265	9.1549190
8.4685834	-2.1760724
4.6773111	-4.1213132
-7.1705661	-7.5962261
-4.5335024	2.9281792
3.8972300	9.1088632
8.3984901	-6.7274617
4.3920412	-7.9689123
9.5350464	-0.5400921
7.0317420	6.8686934
-5.8182767	5.5296509
10.9704170	7.1161740
6.4753014	-2.4330074
6.4927686	0.2683791
-7.5429121	-10.2808670
0.0290409	-10.3812470
-5.5620084	-8.4160528
1.5675258	6.5219127
0.4543433	0.7800142
-5.8661605	-10.8230320
-3.4241847	3.6336872
2.9203935	4.3555244
0.5910913	-6.4409423
7.1619796	-9.0981229
-0.9354299	2.3200445
2.2244949	9.7480816
-3.7432972	9.0030731
7.2334987	-6.8517643
-1.8985348	8.2343566
7.6363026	-10.9851810
4.0393962	-10.4439110
10.2972130	0.2696917
3.0231340	6.3802056
