jMRUI Data Textfile

Filename: dataset10_nWS.txt

PointsInDataset: 2048      
DatasetsInFile: 1         
SamplingInterval: 2.5E-1    
ZeroOrderPhase: 0E0       
BeginTime: 0E0       
TransmitterFrequency: 1.2322E8  
MagneticField: 2.9E0     
TypeOfNucleus: 0E0       
NameOfPatient: dataset10_nWS
DateOfExperiment: 
Spectrometer: 
AdditionalInfo: dataset10_nWS
SignalNames: dataset10_nWS.txt;


Signal and FFT
sig(real)	sig(imag)	fft(real)	fft(imag)
Signal 1 out of 1 in file
48751.3330000	-1.9750043
48506.9920000	10.0495340
48269.2150000	-9.0621544
48047.5680000	-7.9378173
47850.4960000	21.3528950
47619.3070000	10.0950670
47399.7360000	-7.3365122
47167.7300000	16.4023230
46936.1740000	10.1900310
46730.2260000	15.2564590
46521.5960000	14.5241750
46262.5870000	5.6528085
46045.4930000	-19.7369590
45822.7120000	9.8176167
45645.3240000	0.2074149
45433.5370000	-0.0820796
45189.3460000	9.4665533
44995.2540000	-3.5331320
44800.8020000	-17.3673310
44567.9660000	-4.7702772
44368.7020000	-19.2594840
44128.1480000	-1.4956582
43931.6340000	-15.1003970
43726.1920000	-12.3649620
43529.4340000	-17.5484310
43347.1200000	9.8257468
43117.8090000	6.8838092
42937.9470000	-12.8569730
42720.7010000	-6.6907060
42499.8050000	23.4945890
42304.3280000	1.0392186
42134.6390000	-12.4504900
41921.4160000	-14.0040090
41719.1280000	9.6519247
41539.2450000	2.1858164
41330.1770000	-2.4186102
41140.2640000	-8.9391594
40946.4700000	20.7545320
40738.0560000	5.7828597
40556.4610000	-3.1106410
40389.7070000	-11.3263650
40161.0680000	21.3236260
39980.3390000	20.1441310
39823.8600000	5.5952698
39628.7150000	-18.8190780
39441.0790000	-17.3573120
39254.2690000	14.3640460
39038.7580000	-11.8210280
38875.4900000	-2.4538515
38703.5700000	-12.1416240
38516.8330000	1.3207215
38321.7290000	9.2399482
38144.2630000	20.6388800
37958.7480000	16.6880090
37801.8900000	6.8292418
37613.8730000	12.1888070
37451.9800000	-7.5230319
37247.3960000	3.2423783
37064.2780000	3.0143541
36925.9930000	-5.8266387
36727.8030000	6.5948609
36581.5820000	13.9460330
36396.8180000	-19.0319250
36237.2260000	19.3554190
36066.1700000	-10.3133520
35869.8700000	19.7519590
35701.8020000	-18.8279540
35563.6180000	-6.8623255
35390.5500000	-11.6933910
35201.1700000	2.6497289
35025.8900000	-10.7669360
34890.3260000	11.3222600
34727.0840000	11.7879850
34531.4500000	5.1706234
34386.3470000	-5.3931538
34217.0590000	-6.6419411
34070.7640000	21.8323560
33892.8100000	5.4796040
33732.6860000	0.8460174
33591.4690000	1.5302780
33422.4080000	-18.1666730
33264.5250000	-10.4873060
33116.7890000	-7.4721195
32984.4380000	7.1294829
32825.0660000	-14.5095840
32675.1850000	18.3116970
32478.7510000	16.5410460
32347.7960000	11.7745820
32183.6670000	-8.2783028
32045.0560000	-10.8822050
31917.7390000	-12.8334160
31754.8970000	-14.3147310
31589.9770000	-5.4060213
31466.5600000	16.0661060
31318.4060000	-13.6539600
31161.2400000	23.5084450
30995.0930000	-16.2531880
30875.4130000	-2.3049881
30731.3300000	14.8516240
30566.4340000	8.3744985
30422.5360000	22.4400360
30302.5250000	0.9749217
30134.6460000	10.9837190
29997.0560000	-1.3708626
29846.6600000	-12.2268390
29739.3300000	2.8605871
29569.3120000	7.5065599
29449.8300000	-21.6892520
29301.2670000	-9.5990113
29152.3030000	8.8162987
29015.4660000	-21.5044300
28903.7630000	20.6075270
28741.1700000	8.7867005
28610.1500000	4.7495073
28503.1080000	-4.1768629
28349.0790000	-9.4081672
28211.8840000	21.2410610
28103.5640000	-4.3414671
27932.0430000	-13.4953040
27826.8360000	-19.1524790
27684.6200000	16.9157870
27577.8680000	6.1951111
27433.1000000	-2.2375180
27313.1930000	-2.2151595
27161.4620000	-2.4883859
27053.3180000	-1.6142655
26914.1550000	-12.2190070
26769.2290000	14.0817050
26681.7310000	-20.7381850
26541.0750000	-8.1562738
26434.4440000	-14.8856710
26296.1280000	-22.0554330
26187.6160000	-7.1773094
26056.8230000	12.1346230
25901.2160000	18.5317800
25779.0440000	14.8771410
25689.7510000	5.7719353
25581.3370000	17.6994450
25419.5560000	-3.8279778
25305.7100000	0.4782926
25181.5670000	0.0827514
25062.4520000	4.4828100
24957.7080000	13.1042590
24839.6290000	17.0007580
24742.3100000	-11.0005450
24628.4850000	20.2427400
24495.4880000	10.0983400
24401.1150000	17.8745550
24246.5300000	-22.7554820
24137.0430000	21.3882920
24048.3780000	14.6270830
23936.2490000	22.8320520
23804.8560000	7.3718491
23688.8240000	5.3001916
23581.3650000	-7.0238781
23479.6040000	10.2261330
23363.0980000	2.7872270
23278.4920000	-5.0243048
23140.6290000	-2.0693186
23053.9030000	3.1499440
22923.1160000	2.3756424
22835.6430000	-5.6431555
22710.0170000	-11.3236070
22594.3850000	7.6637885
22520.2110000	-19.4012640
22391.8880000	-20.3036030
22308.3410000	-3.1237262
22177.6810000	22.4202250
22092.4200000	-19.3660130
21975.0540000	20.0940070
21856.6640000	-1.2371877
21778.0170000	19.9494390
21680.5670000	-20.8998660
21556.7810000	21.3040270
21448.5990000	-17.3634270
21382.0510000	-1.2945394
21244.7830000	-19.8304780
21146.0030000	3.0886005
21060.6140000	20.9709320
20992.1980000	-1.7820712
20859.9870000	3.2533230
20789.8640000	-3.3477329
20676.0930000	-0.8495028
20559.2070000	-22.6492060
20495.0240000	14.0728260
20370.8070000	-11.0117060
20304.1830000	-9.9096250
20182.1500000	-22.5355280
20103.6560000	-1.9972366
19982.9970000	6.7958866
19923.1760000	0.9250130
19839.3800000	17.0144490
19739.0290000	-5.7249184
19624.1980000	6.1592618
19522.9890000	-14.0242250
19449.1670000	18.5442650
19357.1980000	23.4241730
19246.8970000	-18.7282620
19182.6370000	-23.3349680
19069.5280000	-15.9517940
18985.5800000	-17.4699110
18915.0320000	-20.7851450
18802.2290000	1.3844662
18706.3660000	3.8371505
18659.4320000	-17.3251790
18538.9820000	-6.5206116
18468.2220000	-10.3486110
18365.9460000	-9.5206479
18286.7110000	1.5862379
18184.5690000	15.3261470
18109.7460000	-11.9600100
18039.1930000	18.5447240
17953.0880000	-3.4816301
17887.8480000	21.6089100
17768.6690000	19.1254120
17704.2260000	10.9784300
17614.6590000	-17.6389200
17523.1770000	21.8672730
17458.8920000	15.6154910
17362.7120000	-16.1240330
17298.6210000	23.2494360
17187.6640000	21.5731740
17141.3090000	-17.6452850
17062.7730000	17.7610160
16959.4380000	-8.9923305
16892.8220000	1.6858579
16813.1500000	-8.1490170
16741.8880000	-20.9005490
16655.3940000	10.4851100
16585.8540000	-16.3939550
16483.4950000	-6.7588310
16419.2950000	4.7666106
16350.7110000	-3.6819798
16266.8340000	22.6715250
16159.0290000	-11.5964350
16118.0240000	-20.2012160
16010.2580000	-4.5729021
15972.3950000	-5.2260045
15880.2660000	-0.6093982
15801.8230000	6.0427613
15724.2600000	-9.3730201
15647.6480000	-15.8528550
15584.9490000	-20.3014110
15514.0990000	-9.9710154
15443.2520000	21.4699340
15377.1760000	-16.2676690
15290.4300000	22.7658610
15197.8260000	-11.5391170
15170.6800000	4.6075780
15066.9310000	-7.5251711
15013.9920000	-16.7628200
14934.7550000	15.1476390
14845.4000000	-3.5147441
14773.0480000	10.9883810
14734.2770000	10.3606880
14646.6020000	5.0652144
14592.6480000	21.8677610
14526.7560000	9.3246859
14438.8790000	11.2383110
14398.4470000	14.5226930
14319.8030000	12.6534160
14258.5500000	15.2504060
14204.1470000	3.2519700
14106.6480000	-11.2663380
14065.4670000	23.2336030
13980.6130000	-5.9230412
13936.0170000	4.2032492
13832.3370000	3.4200511
13783.2860000	9.1745307
13719.5680000	2.5311008
13663.7900000	16.5654900
13607.5210000	4.2655619
13516.1310000	-5.3327116
13462.1950000	18.0274350
13391.6180000	13.7694930
13352.4630000	8.3573156
13264.3300000	-22.2188660
13232.3760000	-4.5572085
13157.5270000	12.7099800
13088.3450000	22.7966870
13038.6310000	-6.6945587
12947.6460000	-7.2734294
12922.0240000	-21.6601730
12843.2570000	-3.1101300
12764.7900000	11.4684730
12734.2670000	-2.8121261
12686.8050000	13.0047600
12584.4930000	-19.6074730
12532.1480000	-5.3092622
12490.3830000	3.1812134
12410.5130000	-7.9103509
12371.6240000	-1.2137056
12297.2730000	19.0781240
12238.0410000	-8.1465056
12211.3670000	3.6104166
12161.6840000	6.8826499
12059.0680000	-6.6344965
12020.1060000	-7.5522001
11975.3780000	-7.6826079
11890.2650000	21.4863670
11833.4190000	11.1388760
11818.6160000	-13.8802290
11734.0470000	-5.5088481
11699.7890000	-12.9060780
11632.5310000	-2.6123593
11559.6670000	-8.9422953
11523.4710000	14.4194500
11463.9030000	-6.4844873
11423.1240000	-14.3629910
11386.9720000	-11.3764120
11326.4830000	0.1415934
11268.0760000	1.5761429
11184.1540000	-0.7693231
11145.4160000	-18.3742870
11105.4080000	-1.7420715
11064.0630000	11.7939830
11015.7600000	-18.5387420
10961.3930000	-0.7721794
10885.2480000	6.7536598
10822.2130000	18.8678260
10769.5940000	6.7086540
10734.6250000	-13.6849690
10680.4380000	7.3264551
10653.3770000	-22.6339560
10583.0260000	-12.1285590
10542.4420000	2.9451899
10471.5370000	-18.4700030
10426.3240000	0.9472856
10392.7700000	-1.8154238
10338.8190000	-3.9486397
10304.5310000	-7.8869059
10242.3110000	23.3496980
10198.3520000	21.4564830
10150.1350000	-21.0022720
10092.2640000	-12.1256480
10064.4990000	17.1831590
10027.8910000	-2.7035778
9972.4652000	-10.5863970
9925.5677000	12.8481090
9846.2750000	-11.3258810
9841.5710000	-2.6417034
9759.6707000	-17.0236330
9741.7740000	-2.0006228
9695.1151000	-8.5794382
9618.9800000	6.7940450
9606.2458000	12.6175870
9530.2569000	-19.6365680
9523.5292000	-10.4954490
9464.4781000	-17.5333410
9432.1554000	-16.7805420
9361.5702000	22.0233470
9338.2798000	-4.1655681
9271.8122000	11.7604500
9219.0942000	1.4663435
9213.2786000	-23.0508720
9151.6382000	-19.6463030
9104.6561000	-20.9171830
9066.2829000	-8.7008841
9012.8771000	9.8112965
8986.1690000	19.8140560
8914.1257000	4.9689725
8907.2073000	11.2089380
8836.4658000	21.0186000
8794.5906000	-13.9097960
8750.0819000	11.9982160
8749.2899000	-11.6910870
8687.3802000	4.1908342
8630.5222000	4.2362807
8587.3995000	0.5572276
8547.4219000	18.9313750
8540.1215000	-22.2567810
8489.2518000	11.1317040
8451.8791000	-4.7430254
8417.4881000	-13.5760220
8350.0647000	13.2645270
8334.2633000	9.9958158
8272.1018000	19.3313950
8246.2066000	-1.7280844
8190.6518000	1.2506007
8186.3697000	14.5697830
8142.0746000	4.9186974
8117.5888000	-21.9758650
8048.4940000	-11.8733550
8039.5158000	15.1962700
7998.6852000	15.9457570
7935.5844000	7.2180660
7916.3331000	-19.2032010
7859.8978000	-18.6834800
7829.2696000	-12.8129540
7813.2195000	-5.1631940
7743.8881000	-5.0335472
7698.8362000	11.7834730
7664.5947000	-10.4652170
7663.7480000	-20.5521340
7636.0094000	0.9250737
7566.5296000	-12.0693530
7544.9949000	1.5659623
7490.5447000	-8.8802743
7450.4495000	-22.9377870
7424.5554000	11.4603660
7393.1628000	8.0004105
7371.6204000	-10.9559280
7341.9618000	8.0823524
7282.4214000	9.5934726
7273.4417000	-15.6597520
7210.3259000	0.6697994
7216.5641000	11.5529210
7150.7295000	-15.0690920
7123.6668000	-21.6506930
7088.8516000	-1.7696439
7062.4295000	4.4059665
7026.6863000	-9.4365994
6984.4144000	8.7897993
6939.7905000	-11.4195570
6908.4993000	-18.2536000
6876.3317000	17.4590450
6863.6888000	-19.4732910
6833.1553000	-16.0042930
6808.4621000	2.7008338
6775.5156000	-20.0758890
6753.8520000	17.2656420
6680.2315000	-19.8724990
6677.0997000	-12.5739400
6658.4051000	-7.4580440
6608.1087000	12.6051650
6562.2925000	21.2744200
6562.2325000	11.9767140
6504.4878000	17.4726890
6478.4589000	-19.7533730
6448.9138000	19.8609530
6424.3439000	-0.5858733
6373.6085000	19.3737930
6354.2881000	16.2380640
6348.3062000	2.6583567
6302.1744000	-14.5660750
6264.4941000	20.8053670
6237.2897000	-6.9944004
6217.7232000	-20.4963380
6177.2229000	-16.9718810
6165.5564000	-2.1937502
6109.8294000	-0.4360633
6119.7050000	-20.8094780
6080.9772000	3.1875963
6061.1727000	-8.6065225
6003.3569000	20.7777620
5984.5122000	0.1044394
5947.9891000	1.6517448
5938.3245000	22.3892060
5894.2885000	-12.1179450
5876.8577000	-1.6148039
5831.6744000	-22.0165210
5818.3755000	-18.1339940
5793.8635000	-15.3859120
5750.8489000	-22.8267700
5742.1644000	11.7505750
5688.5191000	8.2439900
5662.8124000	22.6212690
5659.4503000	13.9952790
5625.5181000	10.9966070
5606.8075000	10.6611360
5595.6346000	2.2851080
5544.3040000	-22.7018980
5520.2664000	-8.4424890
5487.0468000	12.2226650
5480.1952000	6.7887693
5442.3011000	-10.6075180
5437.7550000	-18.1472690
5419.4224000	2.3569159
5353.6666000	-23.0913270
5369.4854000	-17.2976670
5314.6538000	15.5206490
5299.4692000	15.1815280
5281.9887000	6.0342069
5236.0752000	21.2270050
5210.4788000	0.6210535
5184.9444000	-13.8276540
5183.7149000	-12.9033030
5153.1022000	-6.1621524
5102.3305000	8.6004030
5111.1820000	-4.2910188
5062.3996000	-20.1459210
5050.2747000	-19.2196230
5050.5988000	-5.4791468
4984.8241000	3.1987068
4975.4722000	17.6945060
4964.4202000	6.8705077
4944.2041000	-10.8874940
4901.9489000	-10.6131940
4891.9587000	17.7493230
4888.7213000	19.1467950
4838.8707000	17.2439380
4830.2033000	19.0583100
4813.5023000	-0.6649479
4774.2579000	22.4920480
4730.2889000	-9.9353209
4724.8686000	-6.0246947
4715.1518000	-3.2876902
4690.8767000	-10.1973500
4686.4895000	6.2099987
4627.4939000	-13.2675480
4608.6990000	-5.8922511
4579.6790000	-1.3407988
4587.9246000	-6.2560198
4532.0650000	-21.1310420
4539.1237000	-4.7196656
4534.6641000	-3.5570162
4479.7845000	6.3140897
4458.2545000	18.0082500
4432.4902000	-7.2821996
4419.2085000	22.5742710
4426.2299000	-10.5613750
4396.9362000	6.1837183
4349.7786000	-2.8752366
4333.8963000	-19.5233050
4337.6700000	4.9259376
4286.9896000	20.2873290
4271.0915000	-6.9389274
4265.4569000	18.3395580
4228.7582000	23.1910560
4215.3881000	-4.2928251
4209.5387000	19.1495410
4167.2389000	3.7738405
4180.0265000	6.1360761
4140.8455000	12.9486360
4110.3349000	-0.5759985
4100.9365000	16.1536360
4090.9101000	6.6832334
4067.0329000	-11.6465130
4047.1583000	0.4172385
4049.6092000	-7.6029807
4011.7248000	22.9071900
3978.9246000	-16.1187500
3953.0886000	7.2569912
3962.9593000	14.5862460
3912.9142000	-5.6859773
3897.5874000	10.3497580
3906.9691000	6.4454905
3875.2740000	9.9624838
3885.5508000	-14.7386660
3851.5848000	7.6547934
3834.2913000	-23.3473800
3808.9417000	8.4815136
3789.7816000	18.1464090
3783.3463000	-5.5877640
3746.8989000	2.3875484
3744.5112000	-22.8247970
3706.3299000	-20.6603810
3706.7811000	-8.5854805
3699.7932000	1.9832753
3653.3541000	-10.1291270
3650.6048000	19.9185630
3656.1255000	-19.1654520
3604.0973000	-14.6309570
3587.2197000	-10.8392670
3582.5381000	-0.5120513
3542.2646000	0.3210431
3545.1692000	-3.8230425
3523.9615000	12.7113350
3516.5651000	-1.4091027
3520.5923000	-12.8431330
3475.0173000	1.8095500
3483.9243000	20.5283190
3433.6848000	6.9502720
3416.6802000	-17.5397230
3429.1708000	-4.3626946
3390.1945000	16.2665600
3388.1897000	0.2674076
3375.9126000	18.1942540
3354.2885000	8.0391159
3340.5523000	21.2318330
3320.1963000	-21.1057180
3310.7500000	0.1898834
3296.9046000	-13.2031010
3258.7129000	20.8031590
3254.9178000	13.5143580
3246.7412000	5.9019558
3227.3452000	-5.8905271
3222.9837000	-17.3657230
3216.1528000	-9.3327092
3200.9850000	-0.4074002
3163.1213000	-22.8333810
3145.2825000	-22.7440430
3143.2391000	9.8752658
3123.4217000	-7.8542966
3124.4293000	15.4958630
3090.9483000	-14.1078970
3069.0524000	-7.0735247
3051.1319000	-20.5004470
3072.1102000	9.2372194
3048.1115000	17.2598520
3008.5613000	-7.4416108
3021.2857000	-6.7819349
3011.2145000	-14.2541180
2990.4427000	8.3911201
2988.6668000	23.0757850
2974.9528000	-13.5778230
2947.8470000	-10.2916780
2930.7473000	-9.7886809
2929.7977000	-18.5085390
2879.6572000	-0.3841431
2864.9728000	-18.1153920
2893.4482000	9.6498235
2848.8579000	-9.7101282
2838.9307000	-11.3000050
2827.4344000	-9.1362294
2820.8458000	16.0655400
2822.9147000	-10.7873990
2784.7964000	21.2578140
2784.5436000	17.3315020
2781.0479000	20.4808780
2753.1043000	-20.0051910
2736.5143000	4.5478163
2705.5674000	7.1558883
2726.2813000	-5.8295649
2676.6481000	12.0047910
2682.0715000	-13.4231610
2668.3290000	-9.1928468
2679.2222000	21.2748890
2654.0249000	4.0702318
2633.4871000	8.4726425
2608.2634000	-7.3575948
2591.6488000	21.3640130
2578.9636000	3.9234645
2588.7391000	-7.4662958
2576.6818000	20.7530340
2573.1499000	-4.3217360
2555.5193000	-11.1884020
2538.3949000	-1.4529655
2536.4514000	8.1488954
2499.6450000	-4.8252457
2516.3246000	13.1984810
2501.9937000	-12.1787290
2474.3937000	0.8985084
2484.3798000	9.1327659
2480.0446000	22.0724170
2435.6624000	20.1417320
2456.2811000	-4.5384692
2418.5360000	-18.7091120
2393.5594000	3.4723101
2394.1106000	-13.6444350
2366.5039000	-3.8298242
2390.7517000	-10.6737080
2375.4645000	8.6656627
2349.7975000	19.0530190
2329.4485000	-10.8044650
2339.3723000	-4.0272424
2301.7231000	1.2483490
2311.0585000	16.5706470
2314.9196000	-10.8708530
2286.2701000	7.8108229
2300.8026000	10.0249350
2283.0374000	-19.2146500
2248.9307000	1.6657657
2226.1011000	-9.5710379
2252.7125000	-5.2599538
2205.2609000	-16.4798850
2219.8513000	-16.3051020
2203.6647000	-20.5465220
2206.1879000	-3.9694393
2204.1558000	-3.2854577
2172.5832000	-11.1979070
2179.1959000	-17.3768870
2167.9283000	-18.4531800
2143.9096000	-3.1051879
2124.4522000	17.3104700
2143.5974000	6.1022797
2093.9665000	-16.9225780
2088.8850000	2.9773595
2075.1910000	9.0521155
2090.9012000	20.7794970
2089.5042000	8.0365195
2071.7458000	20.3188870
2047.7313000	-21.2006090
2042.1972000	-16.0923630
2026.5743000	-10.1047830
2032.4695000	-20.0224300
2037.7915000	15.3027920
1984.4450000	15.0425470
1977.5332000	13.7498930
1998.1696000	4.6172442
1969.3171000	18.2651000
1961.1095000	19.2222410
1962.2982000	14.9185210
1938.0046000	-23.2577600
1935.9191000	5.9351628
1916.6482000	2.5844196
1915.1057000	16.3770550
1918.4829000	13.4966870
1901.6005000	-20.8638800
1916.5957000	17.2189480
1900.8975000	17.4528950
1896.6158000	17.5521140
1881.0818000	11.7345380
1865.2987000	9.4272378
1854.8294000	17.2059580
1834.4723000	-5.5602108
1836.9077000	12.4326790
1843.8814000	-9.9459806
1827.1829000	-9.9156251
1812.3746000	14.0240630
1804.7563000	-10.0549490
1788.7201000	3.7113832
1768.1675000	-8.1297415
1771.6458000	-18.9011220
1751.7567000	3.2741922
1740.4907000	-11.6357770
1753.0438000	5.9612458
1749.7366000	-8.8186198
1743.1171000	13.8355720
1713.6812000	-0.8390839
1723.8411000	19.3977360
1721.7006000	-16.5152550
1702.5800000	-14.7290870
1714.9118000	-13.9394200
1664.8524000	12.2925500
1694.2182000	22.0400320
1682.0940000	6.6249211
1665.7601000	18.2763110
1649.7289000	2.8762550
1639.0098000	15.2661650
1658.4181000	5.4844444
1620.9709000	-16.7762770
1641.2429000	15.1652420
1609.2400000	-2.2093485
1587.8132000	-11.8045490
1617.9691000	8.2826191
1585.4110000	6.7917717
1594.0847000	21.6057310
1572.4307000	17.6572930
1559.0165000	19.8437350
1543.0802000	-12.1915700
1568.5242000	2.7868384
1568.5109000	-14.3332370
1557.1195000	16.7644040
1549.6500000	19.8388520
1530.3956000	23.4823630
1496.2935000	14.2090740
1526.4850000	-21.9123250
1483.7021000	11.0999660
1489.2913000	-5.3678197
1475.5165000	6.1195585
1481.4495000	-12.7601030
1484.6715000	22.2466940
1477.0143000	-9.2869554
1461.1317000	12.8802920
1458.3247000	-1.8923002
1459.1581000	-18.5098930
1452.0991000	6.2779180
1423.3343000	1.2086748
1428.3210000	8.0202352
1427.6377000	19.5833500
1392.3003000	11.4932560
1427.3306000	-15.7599770
1387.5662000	-11.8493610
1388.6856000	-1.6024790
1395.0988000	21.7097170
1375.1237000	6.4468293
1385.7618000	22.0918410
1350.0794000	10.8444000
1340.5713000	-8.7924784
1363.8511000	-15.0041770
1372.6388000	20.8101740
1346.3145000	-0.7029638
1321.3873000	8.0413045
1329.4441000	-22.9168630
1304.2794000	-4.8402678
1311.7012000	14.2041330
1308.9581000	-18.3770750
1319.8479000	19.3560390
1316.0686000	-13.2478870
1287.7547000	-13.5527820
1290.1443000	21.8881880
1277.8098000	4.4068614
1286.4766000	19.8155180
1281.6858000	-21.5461270
1272.2106000	19.0396640
1269.9500000	1.3013735
1275.5988000	8.4863770
1229.5138000	1.1193306
1254.7375000	18.9776860
1220.8775000	-17.0344640
1220.7527000	20.7752200
1235.7436000	1.7571884
1202.3094000	7.5776381
1194.8255000	-14.9061710
1217.1999000	6.4923224
1213.8805000	-5.3252707
1182.0468000	-10.3583820
1210.2336000	-3.1931684
1173.2721000	19.0974760
1157.6587000	-11.7184940
1192.8156000	-10.5574740
1175.4300000	-2.9566630
1170.4376000	17.1660090
1139.1208000	11.2672000
1154.8865000	17.6828080
1153.9776000	-8.0903007
1133.5367000	-3.4370281
1133.0012000	1.7500704
1111.4514000	18.3069880
1113.8300000	-7.3616008
1103.1393000	-6.4755161
1101.2423000	14.6163420
1126.4794000	2.7350467
1115.0870000	2.0147784
1096.7550000	1.8522522
1070.3677000	6.7500905
1101.2186000	16.3908730
1074.3846000	-16.1585800
1056.5802000	-7.9768649
1066.1221000	21.8857990
1078.7184000	-4.0655554
1041.3683000	18.9844390
1050.8166000	10.1129650
1062.5951000	23.3051520
1038.4420000	-6.8338054
1022.8700000	14.7538580
1044.8626000	9.8776399
1034.3812000	14.5807720
1027.4394000	10.7082590
1038.4379000	15.9743070
1027.3416000	-12.0053120
1015.4180000	19.7941250
1029.2920000	5.1439747
1002.0637000	9.0077832
1018.2620000	6.5993928
985.7840400	-3.5151448
969.6576700	14.1613960
991.1175600	-20.6095600
957.8764700	-15.7492360
998.1732000	-13.3779300
982.6246500	-5.6985334
981.3518700	16.0363960
954.4383400	-12.7811860
976.2867500	-5.5615933
934.7387900	-21.0698600
948.7261900	20.9644640
921.5477100	23.2350430
935.9915400	-10.3982730
917.6098100	22.4605250
952.2428600	-20.6558290
931.2742400	7.4143515
931.2797000	-1.5427008
927.0543000	-1.2945458
921.8529200	-13.8865520
891.2958500	-13.5959700
914.8597300	-9.7818837
880.6365200	10.0626310
885.2135700	-19.7225110
915.3191600	14.8880160
900.2362100	7.4188973
904.3399300	-17.6038280
896.3076900	12.1744230
858.5709400	15.2982000
878.3056700	13.3486650
856.9714600	-14.1529690
841.7479900	-4.1795080
850.6403800	-9.1133567
870.1775700	5.7329378
848.6889100	-4.5156349
834.1100000	-8.2317776
828.3467800	-10.5918420
839.2708800	-15.6408990
835.0778700	-22.9930250
809.0388600	15.1044820
833.7099700	-6.3538295
811.3737400	20.5032840
834.9353900	2.0887186
799.1198000	-15.6324100
830.0860000	-21.9502750
822.5214800	13.3803150
803.7550500	-13.4728040
789.1737700	0.5397178
809.4072000	17.7644060
786.1535200	-4.0065708
808.1600800	14.4240700
795.2641200	-9.9222771
765.5089700	-17.5180910
758.9085500	1.9655079
760.8897200	-7.3124605
779.0980900	-17.9067810
756.3241000	-3.9512648
744.7011500	-2.7064242
740.0866400	13.5269920
741.6117000	13.0838540
744.5262200	21.6297550
747.0003500	-11.4511840
728.7914300	6.4607954
723.2939100	-12.8286250
721.4187300	11.0434240
736.2202300	15.8931710
731.1692700	18.6059040
733.3581800	-10.6147980
702.3552600	0.7786272
728.2776000	11.7571560
736.8486500	16.5676830
719.7739800	6.2543385
716.0283900	8.7070775
701.4249200	16.6706160
712.3402700	-11.0017030
687.5173200	12.1973840
720.7478600	3.2142261
676.1590200	-7.6687003
691.9160500	-12.0401030
682.9333800	-15.3800910
679.2388200	-23.5252200
684.0275200	-10.6953400
680.3275900	-0.7233203
664.8718100	-14.3411540
649.3793000	-15.3729460
666.2315800	12.9655870
653.6464000	21.7594340
685.2635900	3.4660359
662.6934200	-18.7263350
675.1152400	-12.5995250
660.3549100	14.8318410
657.3637700	4.6252518
651.9367100	-17.9258280
637.2865000	-14.4687290
627.0346300	-9.3072022
655.1658000	17.5295440
637.7107000	-14.7307160
629.8578900	4.8357410
624.8462500	-4.5891619
623.3313800	4.4333078
602.2894500	-6.6553431
641.6215100	8.8759111
595.5774700	-6.2666855
622.8660500	12.8732280
603.0883000	-10.4580060
623.4543400	12.8733300
626.1446800	-8.0502970
613.7574900	-20.2784330
615.1113700	19.9760260
583.5678400	12.5352990
594.8675500	19.9332000
591.2474500	-19.0991930
611.1616300	2.5318742
572.5769100	-17.5884660
598.2913700	-23.3325350
567.5759400	-15.5505090
564.0429600	-16.8452170
596.9872000	-4.3262634
566.4371200	-5.2414908
562.6994000	-20.2989990
559.7583100	3.3628447
576.6352700	-3.0638153
571.9425200	-1.3700777
538.4268700	14.4815840
563.2928600	-5.5035288
542.3884300	-6.0156594
568.3424000	-20.5174830
569.6234200	9.5450962
560.6448800	-11.5790530
552.0189700	17.3749900
560.7883300	-5.4084316
546.1971900	4.4452116
557.6545300	-3.2578419
545.3702400	-14.8893100
531.0707000	5.2721812
522.3832600	-21.3916570
513.9427300	4.5377657
519.4902200	-18.9500100
523.3222500	3.2732068
536.4487500	3.6899772
523.8246000	2.6443278
491.9631900	14.6875840
489.7043300	-1.6633028
486.3517100	-17.9309150
505.7928400	-2.5920986
509.7925400	-20.2307470
509.8452600	-10.6288380
493.6348000	9.1952475
482.8314200	-7.3807343
511.0382100	4.0915856
496.7004500	21.1581430
476.1835300	-6.2576614
502.9128100	-21.5218680
472.2435800	21.3366450
476.8046200	-21.9909070
499.2160600	-21.3418670
479.9088300	-18.5654080
495.8261000	-6.5971814
488.6460200	-4.1149575
494.3319000	5.7586164
459.7887600	7.2091834
459.5330300	-15.7931290
469.9032200	15.2069530
469.0086700	-5.8799028
477.1826800	19.8255170
441.2875900	-1.9289341
443.5741100	14.9753080
465.4421400	-3.6067768
436.0208900	14.2739730
462.9836000	-5.8200561
458.4913100	-15.3409540
465.3582400	-11.5083610
460.9808100	-4.2306953
422.3479700	-22.7846130
423.8328000	-12.0102960
448.0746900	-8.5726453
451.2259500	10.3654380
410.9433700	-13.9690450
409.2646100	5.1508863
406.1838900	20.2826430
416.8396300	-11.5116350
425.1868200	14.6294300
415.3896500	12.8176570
402.0026500	16.2268570
409.2653500	2.9294920
434.6708200	10.4809420
424.4852900	12.5022530
390.2562000	-22.1865210
410.4951600	0.6101144
413.6571100	15.7741230
425.4188800	13.3386980
416.2958800	3.5139438
386.2945000	3.0668535
388.1178400	-4.2092247
419.4302200	-13.4783700
417.8655000	7.0153885
382.8688400	12.9368610
417.1458900	0.3163593
381.1531300	7.0528324
392.9100500	10.5079620
367.8959500	21.2031260
406.6381300	21.6312770
374.9441800	17.8679510
377.0453400	-7.0031693
401.1392600	5.6178148
398.5873600	9.1932308
381.1905400	18.3043880
358.2110900	6.7502942
353.6882300	0.7961925
369.0211100	-6.9167009
382.4468400	19.2602470
364.4948200	3.2153667
350.7949900	-1.2921269
364.4320700	-1.3701737
345.8279200	-6.8683650
354.0479000	22.5393910
382.8290400	0.3048998
358.8649000	-19.9218730
354.0640400	-6.0174220
347.7561700	-15.4383000
358.8740100	-4.9814058
335.3913400	17.7721440
354.3218700	18.5046110
354.8911100	-18.8956480
339.5174600	21.2534740
351.4570600	16.0703850
362.0493800	-21.5548360
357.7138900	22.1932920
326.4329500	19.6017950
332.0377800	3.0215696
345.4006800	14.8644680
327.5417000	-16.2024710
337.6951000	10.5082350
344.6302800	-8.4399893
321.6641600	16.3096010
337.9778800	-11.4673310
311.8024700	9.3220349
349.6770900	-13.4413860
343.7387500	-17.0551780
338.7938100	-13.1498950
305.1349200	-13.8251610
315.6154500	13.7714460
334.9631500	-22.8030930
330.9313400	-13.3021860
303.7152600	14.3985120
336.3518700	9.1002686
299.5007300	2.9696086
320.1848800	-9.0117195
299.5151700	20.8463930
309.0192600	-8.0475582
304.5021900	-7.4818964
287.9477000	22.1708830
305.3751600	20.8255420
284.9631200	17.5914370
284.2657800	12.0048680
290.7915900	-17.0272980
318.2477600	0.1513723
292.6414400	-11.2451180
284.8107700	-16.0878340
308.5609000	20.6532650
305.7978600	8.2332562
280.8637500	-20.7753240
295.1470400	8.3650498
276.3822100	3.1502412
296.5346000	9.1999875
304.4628700	-1.9341627
265.1564200	12.8336520
296.4838500	8.1912126
274.1235900	2.7952345
295.8682600	0.3269589
266.6553200	-19.3640310
281.1767200	-16.5033640
259.6911000	-19.6781760
254.4981100	19.3518970
288.5452300	12.7315010
262.0874400	4.4616978
277.4109900	22.8815250
294.2335200	-3.4482439
279.2592000	-1.7260189
286.1239500	18.7487100
264.4526100	23.4964640
281.5034000	-19.8039440
246.8392900	0.9256950
249.2262900	13.4870380
249.9472000	-10.0227220
277.0182500	-5.0640669
249.6643800	-20.6778420
273.8528200	-21.8672090
263.6343700	7.5450064
278.4622200	-18.4957450
261.8523200	15.3035630
247.6466000	19.2982870
246.9438100	4.3275895
231.3046300	-13.6258550
260.7282500	-18.3571450
230.3890800	21.7129030
239.9955200	16.6830590
240.5123000	-14.3453760
247.8301300	-10.5267470
231.9333700	5.8017287
226.1675700	-22.7655400
258.9453400	-6.1397768
244.7369500	16.5020910
233.8639200	-1.0385548
223.6989200	0.1124228
233.4090700	-1.9971914
216.1927400	-6.6772523
246.1636000	-1.6066463
211.3155700	-3.9969066
246.8304000	-19.9393860
219.7898100	22.9700000
208.8029300	3.3069040
213.6117100	-2.9503376
242.4029200	22.2244130
227.3450900	13.7979610
239.6063700	3.5713000
224.3917300	0.1110796
204.8240300	12.2890720
228.0211400	3.9370427
223.5535000	-19.7093520
225.1696500	-14.4801640
197.7922600	0.4364036
207.9841100	-10.2731850
222.9353400	18.0592820
234.8836800	17.4657620
207.5170500	-4.9847728
234.2552100	20.6222380
201.4180800	1.3765703
229.7319500	1.5449182
209.3475500	-5.3005928
231.8874800	20.6096880
208.0474000	8.4510385
196.0150400	4.7686820
212.4303300	16.6851400
224.3168900	-22.7987630
222.2423400	16.1132070
220.3260200	-9.6741014
185.7752400	-0.0460636
198.6009300	-19.8003430
181.0275500	-4.7513798
197.0891300	-2.0197937
183.3110600	-7.8305678
177.2952000	-8.4734716
204.2168400	-23.3962130
217.2401400	-16.7348010
181.0978600	-1.5233033
192.7104500	13.3667140
217.0507900	11.7458950
198.5605700	-11.1501570
194.4564400	5.4554891
204.4332100	-8.9767385
174.8298900	8.0793324
211.6089000	-13.4692490
169.5943000	-16.8479510
176.4308500	-9.8525493
183.3666400	23.3674660
170.4232100	23.5234760
175.3968600	22.1084150
198.5463600	-7.1624320
199.0152600	6.9292493
190.4485700	6.2538958
201.9670400	-13.2861330
188.1736700	-17.7082030
158.2609600	-21.9924530
162.4484500	12.3739370
165.2001300	15.8128600
167.4630700	-20.0339440
187.6061800	2.7572054
154.8868900	15.2665200
173.8303300	21.7875020
176.3815200	-18.2973820
178.8428200	-7.9792135
185.6474300	2.3556285
170.0087700	18.1435170
149.9695900	13.7590300
188.8359400	10.5465400
183.1023900	21.2135490
166.6038200	13.6581870
178.7895700	1.7376679
151.3386100	21.3795110
143.1519900	-15.3692730
178.6913900	16.4474580
186.2666700	-9.7322362
176.1269800	-17.0062140
146.8837900	0.0403555
171.3379200	22.2724920
171.2838600	18.2215400
165.8043500	-11.9475520
172.7074200	9.0422401
166.1892500	0.8875237
164.8602600	-11.7579000
168.5676700	20.7845840
180.7591100	-14.7796030
149.4340800	19.3821330
143.6407700	3.5333108
168.7040000	-5.6258992
140.9804900	-3.6713934
159.6014500	11.4048080
136.9373800	-20.2021850
150.8590300	16.9424330
130.8342500	9.0956192
136.3063800	-21.0364660
157.8545200	10.4988090
145.7389500	-19.9051320
128.5888300	16.0991430
159.4398800	0.9062457
128.9531500	-3.1879879
141.2646300	16.4193400
154.9152100	4.7452239
127.9974400	10.6958950
136.5109600	-16.7839040
166.1659300	20.2030010
165.6835200	-4.4018454
125.0407200	-15.1536920
162.4329700	-17.2655510
157.8688100	22.7804840
143.8054700	7.4004652
121.0539200	22.9550390
134.3443800	-0.3379054
125.4726600	2.5845711
128.8716400	16.2240420
131.4829900	2.0485391
139.8875800	20.7486640
145.5651000	3.5912608
123.8232700	-14.4454810
142.8071800	4.9814077
134.2484600	-18.2372800
141.2675700	-5.4312112
150.5095200	-14.5092520
109.4791700	20.7990030
134.4097800	-23.1749890
113.2543600	18.4929840
144.5310100	-16.9329930
108.4227100	-23.4959390
141.5592700	18.0230310
139.5104000	4.4889711
116.0993200	0.0893082
123.9605400	-23.0449330
113.2102300	8.6832104
109.4106400	-6.9764599
132.8339200	20.2910390
139.9074000	-14.1810280
138.6780400	23.3047230
130.3146900	-13.4497280
113.4363900	-4.2086685
125.3915800	-17.3198910
114.6939800	-23.0581260
144.8796600	15.7422770
136.4959000	16.1500870
99.7084800	23.3336190
142.0054200	16.3032030
138.0179000	-3.7152949
107.4452900	7.0515582
133.8413100	0.8534966
104.2262300	16.7484510
102.3841000	-2.1758099
104.9186300	-22.0129020
97.3428140	14.6168230
117.6866700	22.1266760
109.7006400	2.8503209
134.6306500	7.0461913
115.1143300	18.4689660
100.3059100	7.4691686
98.9584220	12.4450480
97.7551080	-6.6849487
94.6492980	0.6761413
121.9452900	-10.9964850
124.3321100	-19.4661230
112.8553200	15.2414910
96.8379130	1.7778772
100.6984300	-17.1148700
107.6930200	14.0414530
123.3939200	-21.1612710
98.9798750	-6.0021891
87.9938110	10.7039740
108.3064000	-9.7204136
125.8924200	-16.4422800
123.6325500	-7.6589741
123.5298100	-6.7871582
92.6184780	4.9628160
110.3188800	9.8310039
81.8041970	-19.4170050
119.6919600	-23.5198090
80.5849480	-4.1054668
93.4997900	12.7487160
106.7530300	-3.4193690
118.2030300	19.8786810
114.8497900	-10.6279940
106.0782900	-15.3052080
82.3392590	-7.3929499
91.7945460	18.9536550
110.1615300	5.2930677
82.4314540	-7.3327177
99.7670410	15.6946500
93.2179270	-16.3911850
105.7605300	-9.3873732
112.0419300	9.1144317
79.8866600	3.4228264
113.6314400	-10.7338930
113.3405800	-5.3819685
84.0832370	18.3441070
92.2906130	19.4486510
74.0137770	9.4905198
93.9592060	3.3007105
84.7752430	12.8212460
114.2221800	-22.9750670
108.5559400	-18.1300500
104.8388600	10.3331310
102.5261100	-4.7911569
72.0681550	0.7330446
102.3159700	-4.6303427
91.3518480	7.8012559
111.9830800	21.0783680
97.4681190	-17.7238450
96.5080550	8.4674201
80.1391510	2.6156960
75.9445640	0.2219146
104.2950600	20.8496940
64.4574040	5.6969491
98.6482640	-4.2718969
90.7922360	0.9989237
96.7882910	11.8159240
62.6294060	-3.4124275
82.0933570	-14.7710170
92.2535710	11.9162850
105.9260100	-22.8120190
75.4949050	-1.8849388
74.5748510	-22.9084470
65.4194810	-8.3476238
96.2428250	10.0778040
68.0123560	-16.5051770
83.0746270	20.4186010
62.2478900	10.1084380
83.2070190	4.9764107
74.9848320	-17.8257910
95.9641770	16.2353420
99.5677800	-13.6286580
73.0097920	16.7322320
101.9644300	11.4180820
101.7217300	-4.5144535
59.6909940	-12.9100140
100.2036900	16.5090540
88.4458650	-10.4718660
90.1989530	2.9464313
91.9311090	4.7644410
56.5930710	-19.5023310
60.7496290	10.3781480
91.7940970	-5.9224117
65.7484710	22.2454420
94.7142920	12.4388260
78.1704350	3.7491934
94.2256010	-8.0280557
81.8797430	-4.9694496
56.6245950	-4.6479985
77.1943190	20.4247330
66.9373040	-12.0990920
57.4006340	5.8260351
59.8421310	-3.3238812
70.2248690	5.2897394
85.9292000	-8.7049280
48.3148290	-16.6216220
94.0614440	-7.0330237
93.3006580	1.2840275
51.2558780	2.1801756
67.3789580	13.4390810
54.4535260	-5.5938391
78.7833790	-16.2616000
90.1912480	-18.0881130
64.5206350	-17.6337900
69.0591860	-4.8799646
61.4437300	5.6929983
78.8575750	13.8863150
77.6112930	12.6386750
88.9022980	7.1968360
63.4667020	-15.2972450
56.2081680	19.1456890
88.6518130	-17.4043120
73.5922710	7.4198952
75.4091150	0.3911353
83.7969730	-21.1863910
54.9851730	-23.2525530
78.6308240	8.6632781
60.0087610	-4.2413557
54.1163310	9.0398747
80.5283860	-13.5690300
55.4405250	-19.9120160
48.8287900	18.1079610
52.8863900	-1.6109212
79.0031250	-14.4518840
41.5456800	6.1853510
62.2532370	-12.3027920
71.5881670	12.4214680
50.4591090	14.6646730
55.4061800	14.4440060
70.1824890	-0.4605252
56.5245890	-0.3136402
61.0516340	-12.8394180
55.5732330	15.8635680
38.3515710	18.7326130
68.4955760	18.1990530
59.2549220	15.5922010
43.5419740	14.6088190
50.1277130	-20.1523220
47.4757280	23.2638980
65.0834260	-1.2510888
60.1702540	12.5127160
63.7509050	3.3714223
36.1068280	-9.6435151
79.3769680	-2.9354432
33.3985150	-4.1506235
37.2696460	-17.2263320
44.4017100	8.7315983
74.1805580	20.1215720
32.2858490	-15.8539770
60.0543360	-13.0338950
70.9515070	4.5106605
40.8809100	-4.9674082
45.9024260	-11.7808770
67.7536090	-7.0908033
34.9921300	-1.2669497
64.3263240	-19.4363130
30.7532260	22.8279100
31.7061330	21.1385830
74.0212490	13.8300520
48.8812880	-13.7430440
64.3356300	-21.0358160
61.6716040	6.1328666
57.5382670	-19.3237900
31.1540850	0.5008549
53.6118530	3.6537515
32.9418600	-23.4166240
31.4220300	-2.1850900
71.5425160	-10.0576020
46.3175760	-21.9006280
62.1822500	15.3171730
53.3679080	-10.1440090
57.0954230	1.1431542
35.4825680	-13.6687890
40.7458310	4.6863175
52.7235470	-18.4026840
33.3373080	-20.4638320
51.3140850	-15.6882250
33.8215370	18.3866060
30.3595870	12.9798780
67.2939810	-20.1719360
30.1193330	-1.6048707
24.3393170	22.2579270
67.6479460	-2.8910179
43.7694070	-9.4968294
42.7940590	-18.5847450
53.4929030	-3.0129785
58.7285280	-14.5346200
68.7532940	-18.2573420
28.1259350	-20.8928980
55.2795250	-11.5082520
63.2521950	-21.6504280
60.8787780	-6.5023769
31.0908300	-17.3078740
46.7787260	-21.6318360
56.4183700	5.0235110
32.2208500	10.8417270
39.4218060	4.8027897
41.7147650	-22.3289960
58.3837110	22.8737810
20.4821660	-13.6939090
55.3730360	8.1972133
50.4808770	14.0550410
44.8653710	4.1914335
24.6715110	-1.9696573
21.3021780	-8.2320589
57.8677020	-16.0369440
58.5112040	-10.1533110
53.9507830	19.6762620
54.2018660	-0.9171336
40.1295520	-14.3750510
62.4520420	-7.5592685
26.5297010	-21.6698600
17.7168540	17.6385410
42.4155430	0.8444576
19.9162040	8.0198770
34.9069160	10.3691460
18.2201480	-18.6722930
25.4907740	-16.4286110
25.7495260	-4.2385237
23.9541470	1.5124589
30.0568150	-9.6716362
40.7688960	-13.3102880
51.6583240	12.6902080
21.3212760	-0.1472841
41.9211820	15.3042740
18.5791850	-19.9669450
57.5389210	-18.8628870
39.5806120	10.7428090
23.7561240	19.1301180
47.2283560	-22.3041600
45.6926740	-16.1077710
42.3937160	-19.2050080
34.9160320	-16.2644560
46.9468530	-23.4833780
19.4087290	22.5972490
52.7920630	-9.4814907
17.3891420	11.2465970
19.8827240	-5.9800165
48.5805700	-18.7711400
47.3626030	7.7701338
26.3297160	-0.6347589
22.1098200	23.2959730
38.0921120	4.7103463
55.0508690	22.1761270
24.6133940	-8.9040580
56.6131480	2.7229493
21.5216460	-17.2047940
39.0275100	3.7774018
37.6782000	-1.1984922
23.9029670	-7.4538332
40.6669170	-4.1833105
43.3526430	-15.0080260
36.2635590	13.3357910
25.7605290	-1.3763190
52.4783370	13.6970520
22.8313790	-9.0524368
12.4544870	-22.1820070
41.3249120	-1.1126630
44.7993010	14.3193650
55.7437100	16.0259040
35.5986850	15.2001180
36.3193120	-9.0738486
10.5888890	-20.2705450
35.1867600	-21.9745640
24.8921390	-6.3851063
33.8151620	-17.1117640
40.0801720	-20.2253860
49.4944370	-9.9282134
24.3929210	-16.7520630
44.7116650	13.2846170
26.0682150	21.2542880
17.8597790	-13.8060310
19.7763830	7.5507399
21.9669290	-16.1988660
52.8660930	22.6352120
33.7084280	12.2718880
38.1969490	-21.5012780
17.6956680	12.9693200
16.7315490	11.7516420
29.1988950	-20.3885840
14.0930380	-14.0785170
6.4940014	-9.0728640
6.7253187	16.8755330
42.9598370	8.5445759
48.5328100	-6.5858657
22.9584220	-10.2133210
39.8216270	-19.8344980
7.6330339	-6.2450741
11.1507380	-1.2084076
34.4575590	-10.0460520
33.7243710	12.8776500
26.9054800	6.2887297
31.5681410	-16.3990770
49.7939510	10.1496730
38.2043140	-16.9656750
11.0284330	-2.6292761
34.4561250	-14.8533150
8.1576196	3.6944621
13.8046080	21.0644330
5.8595822	11.0775350
23.4932530	22.4203970
27.9153860	16.7610200
32.5570330	-7.1805707
17.7284930	2.2387527
46.0522780	17.4894130
44.1621660	-3.9689872
12.9419990	-15.7646100
24.4815000	14.7256440
23.2266000	16.7284850
42.0178200	12.1279240
44.8579720	-7.4375210
21.2141720	-19.1754130
33.3234160	-10.9573880
32.6108410	-13.8634740
17.2443570	-1.6139019
13.6455250	2.6926159
17.1928950	21.5518670
31.1750020	-7.2950096
29.0967470	6.8156673
47.7604840	22.8717510
46.9020900	-19.1794950
4.1772763	-1.8680001
28.0895280	13.9886030
19.5836270	5.4840767
17.4330350	2.5316368
30.7630480	-13.4303070
41.1787370	-23.0502310
31.5980300	-9.4264572
25.1600510	-9.9099358
40.2648950	-3.1653083
30.2077620	-0.5853582
13.3269870	-4.4475985
26.6630940	1.6871096
22.4812060	-4.0900662
31.1391240	11.6465740
20.4030280	4.0165164
-0.0234442	-0.1487645
14.2629050	-9.5813162
1.2778248	-10.1984580
2.6707266	-11.6269140
4.7227044	-16.1182500
41.0578200	-12.6117480
5.5836459	-11.0459670
3.4012627	11.0220310
-0.2159732	14.9804170
13.9021300	-10.5680530
43.2000400	-20.8459890
36.8113640	5.5724669
16.5642370	-0.5201435
26.2131410	0.6202059
14.2941560	-14.4019330
0.6026208	3.5843694
32.8639710	0.6786339
23.1160960	5.8672599
43.8303220	-14.1782390
40.0550700	12.8389610
8.3782141	8.6542263
30.3460590	2.8638831
34.8140390	-18.7225230
0.0417048	11.6827350
9.5935069	-8.2267421
20.2835160	11.6157840
37.6910060	-5.4231959
15.2213230	21.0915580
8.2150694	-9.8550557
17.4076470	-2.1331839
22.9275890	-10.6388450
34.2225220	21.0812870
17.8404680	19.2167150
39.2381040	20.4887490
9.6072868	15.8362990
37.9856410	21.3188550
30.6448820	22.3000310
6.2028762	12.9829950
18.1031130	-6.5958371
17.2643160	-4.8295403
17.5338730	4.4708749
31.3994490	2.8250057
19.7705150	-21.7267350
6.9699485	21.5845130
35.9949940	-14.0333820
16.4575980	-3.3813048
24.3322840	-0.9825124
31.4334840	0.7069183
0.3996760	15.6919710
6.9149253	13.5457510
21.0924960	-10.2940740
40.9514880	-22.9773850
27.9614350	-6.9168160
-2.1947094	-11.3830520
5.9815911	3.6626959
39.4535960	8.3547061
29.2663250	2.9532194
25.5416370	-12.3157040
25.6788370	11.3930900
3.0453210	11.6536890
24.4806280	-5.3424790
25.3822210	21.2604530
8.8956009	11.1229290
12.4250670	-7.7922777
39.3771760	15.7031290
16.2250870	17.5316050
38.5018210	-10.3942960
3.1065591	10.8068420
-4.0723646	1.7580971
1.5666528	4.7395597
7.7368570	18.2672130
26.1954230	19.9908340
33.0147660	-13.8447500
-2.8107045	15.9513710
7.2913682	-18.9380770
18.7846420	-15.0905020
2.9820762	-8.5450519
9.7106014	15.1307130
3.2534612	9.9628493
29.2219300	13.2066170
8.0323750	13.7543260
8.0222796	-13.7159200
14.7929890	-3.4527408
-6.4838594	-12.8562710
25.2041050	-9.9969309
-6.2233612	-18.3020990
10.4355280	-18.5661960
19.9326910	19.7243940
10.9457650	-19.3427420
2.1356235	-11.5086200
20.9193430	17.0763550
18.8581460	-10.8228350
22.7911280	12.4312150
14.7362100	-16.0452710
20.4128200	19.9529870
28.5494950	-1.1052401
21.6588930	-10.5514660
10.6653930	-16.6034100
31.9155360	-2.8617498
27.5689980	12.4916200
-5.4745507	13.4840990
23.8876250	-7.0086492
12.6099800	6.1640100
33.5287560	16.0370020
-1.2321774	-18.5170030
9.9085389	-5.0015954
4.4680710	-14.9317450
34.4225870	-12.2052950
22.8202250	20.0859760
16.5514520	-18.8975370
35.1396490	4.9896681
36.0653490	-0.3798392
18.2658280	14.5782010
5.0114954	-21.8268490
34.9610100	12.6241480
22.5176410	1.0180881
36.4885410	-20.8092600
33.4839990	8.9925305
16.0854960	-6.9325141
18.6772140	-16.3870880
-0.9411265	13.5735790
32.2238800	18.9801900
22.1789040	-20.6879240
-6.8320879	-4.3290306
28.6915050	-7.2048224
-0.4040440	10.3811940
-0.3096354	16.9847780
-10.3920620	5.9405364
22.4553790	16.3595530
13.5096760	4.8887490
34.1048010	11.7737410
11.8115440	2.4442366
-2.6894721	10.0782380
32.4593750	10.2790740
16.8499190	-23.3630140
13.1844950	8.7127416
-11.3025080	-0.4351811
7.9102455	-2.0286706
18.9257300	5.2533271
24.8214850	3.3594465
-1.9222404	2.6287406
20.2834990	11.8380470
-3.0781439	-18.5584460
4.1152844	-21.3306130
16.0987970	18.7052150
1.5586396	-0.2918310
24.3941060	20.1883010
12.1232360	13.3350970
17.7144170	-0.1508172
11.1594400	2.1051828
33.5691760	5.9396699
19.1070610	23.4737110
16.2121310	-16.3164350
11.2764370	-6.8901566
23.8829780	0.6164210
-1.4333684	-9.1859529
29.1561150	-6.1764245
28.8465130	-3.7807540
3.9211597	1.9578743
26.4262510	1.7087281
-7.7580840	-5.8044435
-7.2256642	5.2826612
4.7912399	10.7635840
-11.4120900	-12.8908570
18.3233110	-2.8262045
-1.9636042	1.8831617
18.0461560	-20.4477710
33.0347360	7.3088880
29.1912380	-22.3623380
21.0537800	-13.8344590
17.7071450	11.0475180
18.7132550	-3.9964740
23.5284180	16.6039470
3.1498071	-20.1573230
-3.6775366	22.4597940
26.1752540	18.8218390
13.4932530	15.3829420
16.8765500	-9.2848956
-12.7721520	-17.6643890
23.6425020	13.8073960
-12.7546800	4.1423527
-11.8014280	-7.3592637
3.8986615	-13.9471540
32.8691320	4.8678682
11.6548130	11.1060210
28.9707150	5.2046727
-13.3791080	6.3667459
27.8095730	20.2270210
-13.5195070	-9.3541696
28.6364180	-0.5833455
-7.2556966	-10.3618290
12.5724990	6.9043511
23.1373750	18.1057920
27.2026460	-1.0218964
16.4167300	-9.8134573
-8.6573997	-9.3321028
4.8023248	14.9387490
2.9821309	4.7963036
-13.0639100	1.0457411
-9.4425578	-1.8117634
5.7981922	17.1746320
24.3089720	-6.0886438
11.5323420	8.8833889
22.1387180	17.8173220
12.8456480	0.7060866
12.1339160	-15.7051310
1.6403240	-11.1032640
23.6720100	-8.3420301
4.1258895	-15.5831550
9.1227808	-0.3833180
-1.4078751	6.6793715
23.5199410	14.2305330
22.3018260	-20.4200490
-3.6305907	-16.5053760
26.4103820	14.0078940
-1.7160605	-4.3510627
9.3139631	-12.1044200
13.6951890	4.5987053
-3.4441528	-9.4839135
11.0984980	1.9643290
-14.3768730	-16.3316120
13.7451880	4.2640009
16.3219520	-22.0547780
-9.0633610	18.4486440
6.1779069	6.7825267
2.3579555	-22.4959300
29.7769720	14.0986320
28.7824110	3.3665175
-2.7669075	-3.9133979
2.3571619	15.3727370
13.5732510	15.8709410
11.7915610	-13.6614730
2.6521674	7.5318230
0.7145936	-19.0789610
14.7133240	-20.7847470
27.3221060	3.3361432
8.4970278	-23.1135180
10.1167370	2.5217584
16.5905160	16.4117590
-4.5565732	-17.9774790
29.1635410	13.5112600
15.0769660	-18.2592900
-1.7753001	6.4981810
5.3594525	-1.3489350
25.9631230	-5.2609360
-0.5083170	-3.2284739
1.4353418	-11.4671050
23.8855730	5.1121737
30.3547590	-21.7333540
19.8831570	11.1556440
5.3177919	8.4133241
3.0050179	23.0660660
-10.6826860	8.8107965
6.2653927	-10.3540500
16.5648260	15.7303950
20.9061400	8.6897019
9.9066292	11.4512770
0.2449019	4.9347457
19.0262420	7.1285521
-2.7339863	-6.5569660
15.0389010	0.3512934
-6.2795725	18.3841690
16.8645660	6.4066082
5.2290552	11.3959070
21.9534170	12.1382530
16.0339700	-0.1722325
15.8547690	5.3560400
24.9622870	-8.7265545
-1.0953653	-9.1809433
2.2331271	-9.3852511
12.3751640	3.6255589
-14.5801250	-20.8365420
24.9966530	-5.3064445
-4.5733033	-9.6866976
-8.1755979	-23.3701740
-10.2794450	17.4109460
-8.9206623	-2.0093383
-1.5066167	19.4219640
23.4277850	0.3733248
8.3594806	20.0093390
0.5373059	-2.5666630
11.9745240	-15.4288330
9.8185156	-3.0157635
-1.7622738	10.7403810
27.4055320	-12.3092510
-14.6905820	-16.6358750
21.7222030	-10.0932350
21.3218540	-18.9605010
8.6756565	13.2650910
18.3279710	6.2317220
22.8131970	11.9357810
9.0475785	-18.3285210
-3.2279302	18.5243430
-9.5934530	-21.4417920
-16.1839300	22.9681150
5.5239505	-12.3340500
0.9051781	-13.0621730
28.7847940	-4.2504185
-10.5058160	-20.3257340
9.3082580	-3.1198083
6.9986235	-13.0016500
7.8304762	18.9632990
-16.5421990	-12.6159180
5.9637923	-11.5592860
20.5514320	-12.5550140
-8.1469927	-22.0186830
-14.7213140	-10.3459570
11.5764350	-3.4040348
3.8356874	6.7996832
28.1065120	-17.3028270
-13.0711020	-16.8552230
7.4635964	-14.9571930
-15.0108680	12.8016660
1.0019006	-10.4007620
18.3729940	15.0557070
1.5605972	19.7953690
-14.0705580	9.4202561
22.9664410	-19.4853560
21.0525740	-21.7387530
6.2303052	20.8237810
10.9425590	19.9805820
-9.2078079	7.0748565
-9.9034866	-6.5188073
-17.6312960	-12.7425570
-3.4261795	12.9691430
-14.1782430	16.3009360
8.4157967	5.2585524
-1.0642882	-8.2194057
9.9502986	2.7632576
-16.1497500	-19.7987430
-15.2351120	-13.8342010
16.2181980	-7.4087373
15.3483760	0.9365473
27.3060840	-0.5796466
0.6489846	-22.1566030
8.2373933	2.0913326
17.6098140	-16.9294060
18.7974490	18.6173870
16.5633700	-18.8243120
5.0664617	7.9030833
22.2330590	-10.7191730
21.4659670	-0.6334505
23.6889400	12.0740620
23.0814050	16.8169500
26.2505140	-6.3614024
19.4016090	-2.9894939
-13.3824090	-1.6531073
-2.0234618	16.3234510
-4.6518213	16.9572850
1.1199319	15.3054100
0.3393259	-8.1320191
-11.0945650	-14.9185540
-3.7000924	13.1153830
-15.6077580	-16.4218550
-11.3904690	4.8539063
24.5462480	5.8855143
-18.5136990	22.4262000
-19.0634200	-1.9483906
22.9392580	-4.1875695
1.6777313	-18.8520730
-8.3320659	-18.0583570
24.9350870	13.7387850
10.3368680	21.7925880
-11.1207470	11.3396940
23.9053580	8.1422276
1.0112468	-0.3002991
-7.3005859	4.4010485
-4.4697059	23.4087050
8.7935567	-8.0358477
-8.8127280	10.6364450
14.9106650	-14.2483830
13.2724330	-18.1589500
-15.0542490	-18.3588090
-16.2572200	0.0615372
14.2777930	11.1189450
7.4955760	10.6551480
-11.2927580	9.3503969
26.7222800	-7.3871376
26.1356110	-20.8870110
8.4591993	-9.3518914
-9.8510281	3.3724150
1.8771428	-19.3173010
23.7451910	12.2365630
-7.6624762	1.4647599
-9.1393835	9.3816734
21.8245540	-0.0350759
25.4786590	13.1714030
10.2851950	-1.8399382
6.9872417	-15.6678010
14.1714150	16.5069240
-11.9624030	0.8300667
-12.3307900	19.4482990
14.8658780	-13.6040110
-7.8909158	-2.8201536
8.1283524	2.8573061
-18.7658970	21.4130030
17.7885490	-20.1420050
22.5274900	15.8272830
-6.7857203	-4.2351155
-6.0034915	-7.9890148
15.5655960	13.6511060
25.0270640	4.5771248
-14.3628970	-10.2052420
13.5581670	-21.3217710
22.6873600	6.2805630
9.8371065	15.9020820
11.9788330	-20.0763460
3.2450492	1.3853569
14.2288430	9.2022544
-13.8848610	4.6773040
-12.3643870	-11.3395920
0.2109071	-2.4113142
2.2178809	-19.2534220
9.6714030	-20.5378310
9.1233287	-0.5570470
-13.6216510	-8.7865987
-3.5694730	-4.2754622
14.9363200	-10.4648920
25.3678450	-21.2841960
-18.9680360	5.6132238
19.1817270	-12.5737990
12.3313630	-8.3803292
