jMRUI Data Textfile

Filename: dataset24_nWS.txt

PointsInDataset: 2048      
DatasetsInFile: 1         
SamplingInterval: 2.5E-1    
ZeroOrderPhase: 0E0       
BeginTime: 0E0       
TransmitterFrequency: 1.2322E8  
MagneticField: 2.9E0     
TypeOfNucleus: 0E0       
NameOfPatient: dataset24_nWS
DateOfExperiment: 
Spectrometer: 
AdditionalInfo: dataset24_nWS
SignalNames: dataset24_nWS.txt;


Signal and FFT
sig(real)	sig(imag)	fft(real)	fft(imag)
Signal 1 out of 1 in file
49938.1180000	0.3708629
49694.7420000	12.6260570
49475.6210000	22.6007070
49250.6020000	23.3010580
48976.9810000	-10.6817600
48759.0980000	-6.2507910
48555.1170000	12.5558400
48306.5640000	15.3978260
48081.5360000	-17.8226360
47864.6070000	-21.8532240
47617.2850000	8.8261296
47399.0740000	16.8770660
47170.5590000	6.9178830
46954.2510000	-7.7165912
46748.9890000	12.0306560
46522.2920000	-20.6023930
46288.4920000	-22.5349610
46082.7390000	5.2548327
45867.8740000	4.5828424
45662.0060000	-12.3607130
45455.9160000	9.9830964
45249.1460000	10.1331640
44992.8010000	-6.1274524
44791.4280000	10.9943170
44572.5650000	12.1743250
44396.0590000	-22.7079410
44170.9830000	7.6709316
43949.2120000	-0.7915536
43764.8210000	-18.3095710
43538.9630000	14.2611120
43336.5730000	19.6626170
43138.6750000	-0.9053377
42957.1760000	11.9296790
42728.9370000	-9.0289980
42544.2860000	-16.1977860
42357.4960000	-7.9851364
42120.9160000	4.2481129
41939.9150000	-12.5721930
41757.7800000	19.7712860
41570.6200000	-20.3935370
41348.1370000	-19.4486960
41167.4430000	7.2683258
40962.2370000	-0.3197990
40761.3780000	12.2150770
40586.8170000	-12.1170300
40403.2000000	22.2035910
40182.6520000	9.4645911
40018.7470000	22.6300360
39803.8620000	14.2310300
39639.3310000	0.4447492
39462.6380000	-12.9626730
39263.2560000	14.1278560
39062.3810000	14.6077070
38894.6590000	16.6606120
38691.2570000	5.0841299
38540.5400000	4.9742637
38330.2940000	-16.7405750
38166.1830000	-22.1254570
37968.8340000	-7.6834988
37809.0930000	-8.1190243
37655.8810000	18.7484310
37477.4170000	-5.7293387
37263.5490000	19.2408970
37123.4040000	-6.1533615
36937.9680000	-12.9435220
36744.3480000	9.8334336
36590.3420000	-8.7916196
36428.1700000	8.7601021
36223.9010000	-20.1357820
36049.1060000	19.4359370
35921.0830000	-2.0412168
35755.6790000	-17.5403920
35586.9770000	-1.7931643
35391.1460000	-12.0432850
35216.9650000	-7.1512145
35064.6380000	14.6307690
34915.7550000	18.2223350
34734.5770000	4.8614977
34595.2540000	9.1754930
34409.4380000	-11.7726020
34251.5150000	-2.4078612
34064.5430000	-6.4262131
33949.0030000	7.5266708
33747.6820000	-4.4518634
33603.3110000	-17.2260880
33461.0850000	-9.7874648
33293.1530000	15.6189760
33154.2040000	-12.0171560
33003.5740000	6.9139279
32814.2640000	-21.6792840
32695.0670000	-14.7848290
32541.2510000	-11.9872750
32386.3080000	1.0685618
32199.3210000	-15.4836920
32075.9030000	-17.2489720
31916.3080000	1.0223939
31778.4080000	14.8202600
31596.0120000	3.2558952
31458.6030000	19.3561300
31301.6980000	7.9635509
31174.8460000	-5.7407256
31034.6330000	-14.3545790
30892.6580000	-15.9399100
30734.7490000	-4.9430320
30577.1640000	-13.3313420
30453.5210000	23.3420890
30285.0160000	17.5643750
30151.8620000	20.1521110
29993.4090000	-22.9047400
29883.3540000	-17.1335790
29746.2740000	1.2237943
29579.5360000	0.6562538
29464.1990000	-6.0875100
29309.5810000	6.5122684
29195.3440000	16.5145860
29038.1990000	0.3384954
28905.0240000	21.2977430
28770.3080000	-1.1187927
28617.1060000	-10.8029410
28513.0160000	-11.8261390
28385.1860000	14.7203910
28231.0010000	-12.2808270
28098.8120000	10.0456700
27955.0420000	-6.8216209
27834.7370000	4.2850727
27701.1910000	-21.3780240
27596.5440000	-8.0318097
27466.3730000	-21.8812980
27295.9130000	23.1960040
27208.0710000	0.7033194
27056.2010000	3.6589315
26922.2630000	12.6312760
26810.6630000	-6.9472595
26674.2720000	-21.6445700
26548.1850000	1.9927892
26421.8670000	17.9537400
26326.7210000	0.2102925
26172.9220000	-3.1157019
26048.1850000	22.4241310
25928.5320000	21.8393220
25832.4580000	-12.0625620
25692.0880000	19.4123920
25552.9820000	15.5936360
25441.5010000	-10.4251230
25322.9660000	-12.2421310
25216.5760000	-3.9176707
25114.3200000	3.5134702
24999.0770000	21.3890910
24877.9400000	-12.4688070
24737.9570000	6.4670743
24604.7970000	-18.9404790
24508.5700000	-10.7370310
24397.5380000	-16.2006950
24274.5430000	18.1037850
24186.2500000	-3.7008897
24074.5910000	3.8543870
23928.2330000	11.2313780
23847.7050000	-14.2549960
23725.1880000	5.4358257
23614.6330000	-19.9145660
23511.2190000	20.5237470
23395.2100000	15.5432950
23287.4360000	11.2921310
23176.7010000	-5.4903648
23038.1520000	8.1758605
22935.1010000	11.7584470
22823.0410000	11.2794960
22720.4470000	17.6323800
22616.8560000	15.2642030
22536.2220000	10.8946720
22431.5910000	-12.5001520
22314.7890000	-17.9854430
22220.3230000	-21.0364050
22078.0190000	-3.8557351
22004.1470000	13.3467020
21888.1930000	15.6707010
21767.2380000	7.4714679
21698.3700000	-22.9969580
21579.8710000	17.7368500
21489.0100000	4.9911448
21399.5350000	-21.9531750
21274.3640000	2.3188753
21198.5420000	14.7881600
21072.9560000	21.3663970
20996.4040000	2.2391448
20899.1540000	-17.7260970
20798.0690000	2.7411373
20700.0830000	6.1294045
20592.9830000	-22.0428770
20493.7740000	22.4016110
20397.1440000	-11.3412150
20309.2860000	19.2389280
20219.1210000	-7.6680111
20087.6880000	6.1337790
20020.4560000	14.5909840
19922.3140000	15.0489180
19844.3150000	4.2626099
19740.0880000	-23.0399420
19652.6610000	-11.9883780
19541.4970000	21.0055830
19438.7160000	3.7203444
19347.8750000	-18.6950010
19265.4390000	10.0630320
19171.5320000	0.9116881
19097.4770000	-8.2202541
18988.7330000	-6.4808953
18892.3090000	-2.0238351
18824.6460000	-8.4948440
18726.3200000	9.6907274
18626.0020000	-4.2480561
18538.0660000	17.0690600
18478.9180000	-8.2976959
18383.5790000	9.4069532
18282.0510000	-4.6779823
18200.3630000	3.4531366
18149.5280000	-20.6888800
18045.0730000	16.0996680
17936.6500000	18.5702060
17877.6720000	-11.1307590
17781.0530000	17.3547530
17694.1130000	-12.5523370
17628.9600000	-19.2706440
17548.5420000	8.3177857
17480.9290000	-4.7037976
17366.2530000	10.1528910
17276.3990000	-22.2854950
17221.7170000	14.1833460
17151.8610000	-8.6859727
17060.4120000	-9.3547771
16953.0450000	14.0387890
16882.2260000	8.2640689
16804.8860000	1.3965803
16752.9490000	4.5184769
16640.9100000	-3.5095846
16553.5000000	-12.7550580
16485.8850000	4.4394526
16428.8820000	15.7489790
16334.5210000	16.1489470
16251.8640000	14.3691690
16179.9830000	5.6619155
16127.5990000	-18.1770070
16060.9030000	0.4249477
15950.0530000	7.5294239
15879.0020000	8.7621263
15817.7350000	7.4895830
15722.0430000	-1.7828402
15680.4490000	-18.4112870
15582.9890000	23.0551760
15506.9730000	-16.6824330
15444.2690000	19.8388520
15374.5210000	5.0518270
15307.8670000	10.0175590
15217.3990000	14.4490980
15145.6720000	-13.8260910
15092.1150000	-7.5036796
15025.8320000	-19.7756680
14929.6490000	9.5361692
14894.7150000	19.3059100
14814.1700000	-1.3458890
14727.6370000	-8.2197085
14680.5040000	-8.2311575
14594.7540000	14.7637930
14548.3760000	12.7232120
14436.8100000	-15.4843300
14399.7240000	-13.6696460
14340.4720000	9.9632885
14266.7480000	0.6623164
14166.0060000	7.0750627
14098.8790000	-15.8495390
14043.5880000	10.3438790
14006.8540000	-5.6311003
13938.2100000	-19.6684740
13840.1290000	-23.1788450
13804.9730000	-20.9605920
13709.8880000	-18.6091560
13663.6460000	-17.1991940
13595.5210000	12.8418810
13547.9880000	-16.8478050
13470.8480000	21.5004270
13424.9330000	21.3225200
13337.2380000	-9.3169300
13286.4640000	-2.3085497
13235.1300000	-13.2154140
13158.5750000	8.9381427
13082.6290000	11.2778320
13030.6470000	21.3133620
12955.5180000	12.8388370
12919.1170000	-11.0776780
12873.7620000	6.8657482
12792.5260000	-13.6829190
12749.2200000	-2.7997130
12682.0120000	-7.0362696
12616.5260000	-23.1827520
12549.9680000	19.2697120
12486.7150000	-7.9743853
12413.7800000	-19.1432580
12364.2870000	15.0659310
12295.8380000	5.7856503
12245.6580000	-10.2768280
12215.4070000	-4.7873697
12122.0820000	1.9661057
12082.7530000	19.6900450
12013.7490000	-18.8447670
11957.6210000	11.0979900
11920.0000000	0.2137026
11868.4730000	-0.2374740
11808.6540000	-10.4341480
11727.6630000	4.0049608
11714.2790000	7.4623620
11647.1530000	5.9039483
11575.1320000	-19.1829990
11545.2710000	-6.5157410
11489.9050000	-4.8506895
11446.5700000	-4.0890053
11355.4470000	-22.2353810
11310.3870000	-21.5787130
11272.0120000	4.3809805
11228.1190000	-16.9516910
11150.8790000	19.1520100
11104.4620000	-22.3993650
11048.8730000	-21.9470240
10989.6260000	-4.5309634
10967.5050000	14.2021670
10910.7040000	-15.8917530
10862.6650000	13.1784860
10795.5130000	-5.6527579
10739.2670000	0.6364437
10693.5510000	1.7546251
10641.2940000	-16.1349230
10616.9930000	-20.7416100
10565.7760000	-20.1904770
10499.4780000	-13.8158630
10464.6930000	-2.9130120
10402.1150000	23.0417360
10364.9810000	11.9959930
10317.4290000	14.8586810
10228.4200000	-6.7532410
10178.6320000	-9.6129121
10163.0390000	5.4075479
10100.5500000	-4.4806706
10054.2290000	-19.4172590
10016.1610000	-0.9049367
9956.9679000	-8.9248153
9916.0984000	13.0285780
9861.8388000	6.2932632
9832.4228000	10.7744590
9779.8706000	1.9371761
9719.2080000	15.4775240
9691.0673000	16.7145380
9662.6023000	11.3193820
9604.5762000	-3.9438525
9533.0332000	18.0907340
9489.3457000	20.7906500
9452.3050000	-5.0467546
9427.4953000	6.9647896
9375.6406000	4.5067685
9325.9980000	-5.6086624
9268.8612000	-21.3521020
9242.8213000	-7.7436632
9181.3538000	21.3065760
9135.0509000	21.7083030
9116.4913000	0.3670550
9085.4363000	-0.1304556
9044.5660000	-3.2802444
8988.8700000	15.3142080
8945.3019000	13.6762830
8875.6343000	-20.1368220
8854.3845000	10.3051400
8833.1127000	18.1078930
8781.3214000	-9.6422585
8713.2295000	6.7460157
8683.6461000	-12.4753030
8657.0705000	-9.7426545
8630.7912000	15.6924720
8581.5143000	18.3193620
8510.7064000	4.0287364
8483.1338000	-17.2327150
8432.3770000	13.1218030
8401.0760000	-16.1405130
8393.4410000	-15.3514520
8320.9532000	4.7591397
8296.1999000	-11.6191930
8231.4137000	0.4660301
8192.5143000	6.5268264
8158.4524000	19.1170640
8157.4888000	10.5820520
8099.5781000	21.1668250
8046.2282000	-19.0537970
8008.5785000	-13.7323640
7966.0438000	-14.1390160
7963.3128000	-12.9397040
7922.4212000	-8.4827612
7892.2089000	13.0065430
7824.0416000	-11.3829840
7818.8859000	16.6334480
7774.6813000	-13.5251020
7704.6200000	-1.8589026
7706.9841000	2.4099318
7664.1607000	-23.3462660
7625.9254000	-18.4926310
7571.8546000	-6.2911842
7562.2235000	-21.4192050
7494.4112000	-4.0919263
7460.6917000	-1.7106435
7426.1781000	1.2894257
7389.9204000	8.0260868
7363.0913000	-8.9396229
7327.1722000	13.5076130
7322.2440000	-15.8113600
7275.7176000	-22.6681750
7224.7810000	-19.5451960
7184.4572000	-7.2158737
7176.1032000	-3.6023443
7130.0640000	-18.2316350
7102.8835000	9.2915073
7041.6574000	-22.3824000
7038.2815000	15.6656400
7001.8027000	-11.8100210
6955.0121000	-22.6251390
6939.6106000	20.4227820
6899.2035000	13.6935600
6877.4815000	-5.8931839
6844.5305000	19.4419900
6823.5808000	-5.8151598
6783.8417000	-17.6386430
6732.1783000	-2.5667656
6719.9723000	18.4259730
6665.5314000	6.4971896
6622.9891000	4.0039851
6608.2998000	-15.1144570
6602.7648000	12.9099550
6550.0962000	-8.2186014
6539.0131000	-9.6394549
6498.0201000	9.1414285
6475.3189000	14.9033080
6415.2850000	-21.5662200
6408.5816000	16.5635580
6386.8120000	4.3426696
6329.9290000	13.5439390
6296.6540000	-11.7583050
6264.8090000	16.5700580
6262.0679000	-17.3051700
6202.7308000	22.8304820
6207.9788000	-17.9804190
6164.1826000	13.7180290
6123.1081000	15.3222840
6114.0695000	5.1825635
6088.3479000	17.8234510
6044.3982000	-23.2147500
6035.4994000	16.1565040
5983.3265000	22.1252640
5980.7943000	11.9640180
5914.9564000	15.0954770
5915.8102000	-22.9772350
5891.5411000	-8.4535788
5837.6942000	-9.9508659
5820.2131000	23.2620250
5787.8837000	17.8175360
5757.5044000	5.5366931
5718.9201000	17.1298920
5730.5995000	22.9775430
5675.2906000	14.7777750
5674.8024000	17.9689180
5643.6746000	10.1457020
5589.6397000	16.0398710
5577.0010000	-21.7742770
5539.8618000	15.6687590
5515.5577000	18.5736340
5499.4000000	-1.7080887
5462.2247000	2.1625207
5435.8797000	-14.4392230
5406.2430000	2.0083919
5408.4048000	-9.8622818
5370.0289000	16.9001060
5360.0209000	0.4222651
5319.5502000	-22.8817680
5308.6523000	9.9571308
5268.0099000	-19.9820640
5261.7856000	11.8710410
5233.2726000	22.1151710
5209.4044000	4.3368647
5163.3735000	-16.7062960
5149.5868000	-1.0818847
5137.3427000	8.9395889
5100.3392000	3.7361845
5063.5920000	-22.2576040
5078.3047000	-9.5032298
5011.0555000	-8.3239145
5005.7584000	-9.4054997
4985.8151000	11.0332420
4939.5458000	14.0121110
4953.7575000	-0.1314761
4929.8196000	-0.4835371
4911.4527000	-22.9731090
4875.6075000	17.4463930
4833.6032000	-2.8458429
4808.1767000	22.5813460
4794.4466000	-15.8530750
4755.5204000	-18.5046570
4769.9782000	-7.5513938
4714.6951000	3.1722989
4702.0180000	9.1580369
4695.8985000	-4.7246385
4646.9576000	-14.9530960
4649.9047000	-17.7586900
4642.8975000	9.1662370
4577.2572000	-17.5361980
4597.2219000	21.0138790
4553.8024000	-2.1945437
4513.5622000	22.7263060
4538.1757000	5.1855645
4491.2878000	8.4644545
4459.1727000	17.1108530
4465.9553000	12.8072540
4437.5616000	-0.4546673
4415.6798000	18.1730780
4380.7032000	8.0918451
4355.8084000	4.0604391
4356.3393000	2.3951997
4319.2300000	-20.3106780
4324.3791000	-19.1654090
4270.0730000	17.2717090
4247.2441000	2.9313225
4254.9078000	15.7194970
4244.5762000	2.5575591
4183.9710000	-19.2906030
4177.4643000	-22.2510250
4146.6966000	14.6830630
4133.5233000	7.5368081
4142.6676000	9.3599439
4123.7189000	-9.1914231
4098.4522000	10.7572390
4069.9854000	19.3692510
4062.1354000	21.1669770
4045.6889000	-23.1432360
4019.3342000	21.7652830
4001.5170000	4.6118467
3970.4786000	10.8034180
3945.1131000	19.2312880
3954.1376000	14.9555890
3928.1591000	22.3688580
3900.3928000	-1.1242368
3886.4282000	-1.4130984
3848.9670000	21.1857610
3825.7128000	11.4574580
3837.4746000	11.5567440
3828.7897000	-8.6671596
3815.3743000	-21.1046020
3767.0129000	-2.8818616
3746.3378000	12.3114170
3753.8721000	14.3509030
3706.5696000	-11.1707230
3698.9142000	-1.0817844
3693.1718000	13.5454380
3691.7123000	6.2263380
3642.8889000	-3.3975617
3614.9471000	-7.3859390
3626.6810000	5.0220762
3608.2500000	-14.8829980
3575.8238000	2.4573067
3545.4151000	14.0015750
3537.1016000	-18.0187080
3546.5512000	0.1648883
3493.7453000	-10.6706270
3482.2622000	-0.1509210
3484.9852000	-17.9934040
3467.5131000	-7.4540733
3470.3789000	-0.3113435
3413.4620000	7.3351457
3426.2958000	-10.6426190
3404.5004000	16.1659450
3374.5470000	-22.4105400
3364.5829000	8.8438295
3338.2352000	7.4076096
3319.3257000	6.7093000
3306.6444000	-18.3096080
3318.6029000	-7.9920232
3293.4683000	-4.6278635
3283.8025000	-13.1800550
3246.3166000	-12.8645880
3267.7092000	-13.7539090
3253.5774000	-12.9010630
3210.4062000	20.1520790
3188.5549000	-22.6095490
3174.5900000	-15.8737770
3170.2635000	-7.2539647
3178.6838000	13.8743720
3150.4633000	20.3169020
3147.9686000	13.4603190
3099.8911000	9.6484941
3101.1228000	-20.8965850
3083.1520000	-19.3570810
3046.9637000	6.9095184
3044.5744000	-19.7210530
3038.5990000	-18.7772450
3044.4284000	-6.5317542
2988.1602000	1.7279854
3001.9408000	16.7615570
2961.3487000	15.4534700
2960.9686000	-14.1498630
2965.8495000	-19.3994160
2948.1238000	-13.7690620
2905.3872000	-6.1183080
2906.4022000	-7.0813123
2912.9065000	-21.1083640
2874.3581000	-21.1093790
2852.3360000	-10.0182750
2847.1886000	-21.6285240
2838.4229000	-23.3995950
2808.6883000	-21.1051470
2805.5501000	21.9309250
2785.8269000	16.1035360
2812.3434000	-7.5795478
2795.8462000	-2.2293171
2775.4254000	14.0544160
2757.1895000	-2.6327546
2725.6934000	10.6225870
2741.0876000	18.6976450
2726.7147000	-6.3826439
2718.3957000	-12.2364560
2698.1096000	-1.1697965
2690.4702000	0.2101121
2675.2379000	1.1247039
2638.6731000	-1.7441759
2649.4257000	1.9220036
2616.2796000	3.6493597
2623.5508000	-5.7566317
2592.8710000	-19.9537110
2596.8096000	-16.9278470
2599.0820000	23.0451650
2546.6454000	-13.2657590
2576.1114000	2.3886378
2518.7156000	-14.2607970
2530.4425000	-7.9759340
2526.6629000	-4.0062540
2484.0633000	23.2812870
2509.6129000	10.3062270
2470.0878000	-7.6336879
2489.8560000	-12.4798800
2443.9022000	-2.3924655
2463.8182000	15.4118370
2441.5508000	6.3450860
2416.1475000	9.5154374
2406.7220000	6.0839785
2397.5781000	12.6291780
2396.5466000	13.3113510
2365.0334000	-22.2875930
2354.4553000	-18.2804310
2348.6662000	-19.5528900
2350.3720000	11.6161180
2322.7920000	-15.7858310
2342.3693000	-12.3117530
2298.3457000	-8.8570765
2306.6706000	0.7856351
2278.6881000	-12.9472590
2276.7462000	-5.9799522
2282.0909000	10.4659520
2236.1972000	-15.5473920
2236.0135000	-3.6638409
2255.5652000	5.0767387
2217.4560000	15.3336670
2228.2012000	4.2211578
2184.2492000	11.3076990
2215.0631000	-8.3111886
2172.7214000	12.9052630
2159.3697000	-2.2232016
2178.3941000	-20.9946450
2170.1967000	-17.3159320
2154.1466000	-2.6959708
2124.8676000	16.3560840
2119.7228000	-9.7822092
2122.4853000	20.9202070
2095.7017000	14.5153430
2106.2034000	12.2763840
2086.4924000	-12.4860620
2088.9707000	-8.3822477
2053.3254000	9.8559066
2070.8990000	5.3873765
2040.0331000	20.1258980
2024.0993000	13.5744640
2010.0177000	6.2547909
2002.5610000	4.6836138
2007.9110000	-5.2453229
2009.2562000	-16.9425360
1974.5915000	-2.6549513
2002.4354000	7.1002657
1990.8116000	-15.2790310
1937.8796000	-5.5451427
1945.3301000	7.4850255
1921.3389000	21.8121760
1924.2614000	3.5622122
1934.8188000	22.6298420
1916.5154000	2.2087742
1909.5368000	-4.8939498
1889.6505000	4.1436837
1893.2852000	2.3369670
1867.1656000	-11.3315280
1866.8335000	23.4954210
1873.1912000	-15.2540530
1869.9321000	1.8468799
1849.1405000	-6.7702019
1813.3260000	-7.0273278
1810.7793000	12.2592930
1822.8734000	3.9508085
1804.2780000	20.9163310
1821.3537000	17.8271040
1786.0497000	-9.1350482
1789.4278000	-10.1891920
1759.2743000	-0.7858913
1768.7281000	22.1541320
1780.4403000	-11.5107660
1759.1448000	-13.0115510
1723.2245000	21.4235860
1726.6709000	-10.7624420
1707.9746000	19.8291780
1706.4036000	-7.9673103
1724.6074000	20.6875830
1703.5808000	-2.4641064
1715.5341000	-10.2218280
1696.0117000	-22.2745340
1698.0703000	-10.9895100
1681.2292000	11.9961980
1675.1647000	-12.2519810
1674.6508000	6.9536435
1637.3293000	3.2516044
1652.2445000	-19.4363170
1617.8550000	-11.2610310
1646.4720000	5.0115039
1617.6510000	11.8297360
1585.1106000	-22.5660980
1601.0313000	-7.8498148
1571.4628000	-9.3089593
1563.4992000	-8.8517807
1585.6894000	1.6224181
1573.1469000	8.9287227
1578.1423000	-12.0202120
1569.8349000	-0.7726712
1559.2163000	-22.1517750
1558.4699000	-8.0518605
1539.9160000	5.3009260
1539.2657000	16.1039240
1522.1329000	-12.6559960
1528.6000000	9.6116824
1488.1744000	-10.7915750
1499.2812000	-7.6024835
1512.6366000	-20.6913730
1476.4940000	-23.0556280
1481.8874000	-9.5032131
1471.2337000	19.5429450
1477.7994000	10.3570090
1446.3128000	-22.1832930
1459.4187000	-21.9991850
1458.7349000	2.6732215
1421.6685000	7.9956777
1430.7394000	-13.3024260
1400.7602000	-0.2553175
1438.6039000	-14.8831270
1399.2735000	-4.4022574
1412.4159000	0.8700248
1375.5127000	-3.4080278
1394.6047000	1.6956673
1383.3990000	-9.8734085
1394.5605000	13.0211160
1392.9410000	-12.0655660
1368.4606000	14.1148670
1351.4315000	14.3634730
1355.9264000	5.3817196
1331.6029000	-17.8203970
1337.4925000	11.3515790
1315.4533000	12.8773360
1322.6315000	-19.7454060
1332.7732000	-2.7070534
1323.3185000	-0.7517882
1320.8483000	18.0177890
1314.4585000	-11.6766800
1284.8290000	0.8123644
1294.9091000	-13.0148550
1283.6076000	-4.6862770
1295.3749000	18.3945430
1287.3407000	22.0424160
1262.3900000	-1.1140584
1263.0166000	17.7676830
1267.9486000	12.9115800
1235.5606000	2.5719146
1247.5467000	-14.6673540
1257.6202000	16.9481080
1230.2977000	21.3019430
1246.5974000	-20.7390930
1229.9743000	-2.7527998
1214.0451000	7.0309227
1226.5543000	-20.3092550
1216.3898000	0.4539365
1181.6992000	-15.4117370
1188.0399000	-13.6210200
1191.1440000	9.8295066
1168.2739000	-20.4739510
1163.1145000	-17.8271600
1181.1324000	0.9907964
1181.6581000	20.8108820
1178.3123000	-8.9720921
1166.5803000	1.6872193
1132.0172000	-8.2877628
1143.3656000	-5.7422971
1156.3179000	-11.1903780
1133.1752000	-8.7359712
1102.4324000	-8.3830861
1111.8676000	-5.2120217
1103.3501000	12.6197680
1101.0996000	16.2229110
1106.8793000	-3.4053176
1075.2238000	-20.0324480
1105.3776000	15.4614750
1082.3558000	13.7628500
1065.4194000	-23.2781140
1100.1991000	6.5862745
1088.9290000	-2.3583539
1074.2399000	17.4885590
1046.4745000	-18.7824470
1056.8252000	-17.4705650
1058.1451000	16.0154280
1044.1657000	-2.5019227
1032.7261000	10.6089580
1031.3163000	14.4655690
1021.3679000	10.8534370
1045.3665000	-20.7988830
1029.3549000	1.3690928
1008.8229000	14.4352970
1022.1519000	5.6031689
988.3173100	-0.0097372
984.4787400	-19.2409110
1010.5504000	10.9084620
1003.3914000	-18.2719800
990.5053500	-2.6956453
965.5989900	-12.6091560
969.6010800	23.4046440
986.5364600	-10.2203700
981.0545600	-18.4808530
947.6234700	-5.2619337
960.4973900	4.7912438
951.5213400	3.6631448
947.7756600	17.6933700
969.6163300	16.0370980
933.2735800	15.1723820
950.0206500	1.6732038
934.9072900	22.6628710
931.6712200	-21.5181800
941.2713200	6.9618800
931.5523600	15.9610460
915.8434800	7.5808509
921.4644800	6.6645147
901.9476300	-3.9792279
901.1541400	8.7701050
892.9500500	-6.1292134
895.4033700	-13.7121190
887.8940400	-1.1680425
893.5195500	14.7723850
904.5327200	8.7131578
885.8932100	14.4588080
881.3363600	8.9764140
861.2396700	-21.0279650
862.0146700	1.2480700
879.0227500	-5.7826897
846.3144600	14.7091710
840.0806400	23.1123500
829.0154000	-19.3187290
824.1909800	10.9163740
833.4983900	-21.6656160
821.0226200	13.5687860
831.4471800	13.5051540
815.5721100	0.9386002
849.9033900	-9.1104442
839.4737800	15.3762280
834.9569200	-13.6545120
834.0073000	20.2731560
801.0542700	0.7344670
794.6609400	-9.4738057
796.1175700	15.9144540
810.1079700	0.6154593
810.7257200	-20.2388930
812.2174600	-14.4423050
775.6516500	10.6768610
806.5572400	-22.7218290
760.0493200	-20.6252760
756.6114400	5.2753594
756.9954000	14.6834040
782.9319500	-14.6388010
769.0346000	1.2779335
777.9177200	-3.7228103
778.4823200	-16.2481440
733.6444200	-12.4704670
766.2915700	-17.8592340
761.3341900	-14.3490740
745.2429600	16.3510270
720.4799800	0.8194563
756.0513000	0.8273105
727.0123700	8.4855035
729.7778900	2.0896567
735.2128200	15.7218080
720.5900700	-0.7511801
727.7811100	-14.6474090
714.8913600	-19.7338030
693.4015200	2.3246182
696.1848200	-2.4019047
711.7726000	16.5141790
685.1380900	-9.7787926
679.3372100	-22.9054090
687.5283700	5.8172479
710.9739500	-1.1850201
684.2089300	19.1291350
666.1651100	-1.2768913
672.6925900	-13.5501000
663.7961300	-1.3430986
664.1893100	-8.2736371
691.2012300	-19.7141080
663.4384600	10.2745350
680.2560900	-12.6934690
675.5262300	19.5970930
652.4076100	-16.7213140
676.3372200	-18.7766840
638.1618300	-1.5273092
647.2647100	13.4458460
657.6263100	2.7802234
646.2535200	-0.4980415
651.8527200	16.1174990
652.0588000	4.8924369
625.7613200	-15.8339110
637.6762300	2.0674445
635.8150200	23.3872850
643.8482600	1.5783340
629.4764100	11.5559410
635.5075500	13.8433700
618.9549700	14.2048400
640.6952600	17.7326930
609.2749000	-11.5151020
629.4192300	2.8704785
625.3143600	1.6655073
600.3195100	20.9316210
623.8977100	17.7698630
605.7831600	-12.9711670
595.7884800	-18.5467680
593.1428000	15.7484420
569.3059900	-15.3964600
601.6392600	-4.5720413
563.6423900	0.0434295
588.8615200	16.2215520
602.3042400	13.7302870
578.1085900	0.2463018
553.8508100	-22.9056010
556.6507700	-15.8883540
553.6845700	16.7597520
574.4290000	21.2272260
562.0936800	20.6553670
567.4646900	-5.3928097
572.7905300	-21.6855860
560.5841000	21.3142720
569.5031700	18.3924530
564.2188600	19.9635360
538.4979000	-8.3232670
546.3693700	-8.4226753
566.7991300	-14.6335380
553.9680200	-5.8059279
522.0579500	-16.5432720
516.6290800	-5.9149115
520.2999300	-21.8362970
554.8639400	17.0859090
532.1266600	6.5661061
548.7377000	0.5316090
500.7027700	21.1732870
507.1964600	16.9773640
511.5891200	22.6886250
538.5584100	-1.5055601
527.3578100	1.1555828
518.0914900	4.7819674
532.3991900	15.0962740
487.3923700	-20.3938420
526.6810100	-4.5023130
484.2509900	19.0542970
500.4756900	17.9338620
494.9845400	9.0175599
471.7485400	0.7644004
478.6346300	5.6266544
494.4219500	20.0900200
503.7494500	-3.2089718
504.7541500	22.7831490
506.1634800	-4.5785638
489.7469900	14.4805890
496.6467300	-16.4011590
493.2434600	-4.2397087
467.5765600	-18.7267000
472.7724400	5.3469648
457.2360500	-3.8002627
474.9266500	-15.3401920
483.6239900	-0.5316707
477.5644000	18.6212130
445.8426000	18.2216190
454.1951900	13.3467540
475.3039800	-22.7997630
460.1915700	-8.5310925
452.8004800	17.6008420
451.8773900	-19.7853460
428.8174100	-5.1599042
426.9659200	-15.2601130
450.0126600	-17.9041890
442.1841800	-22.6338390
434.4893600	10.6358970
435.6024100	16.3668330
424.0651300	-4.9650499
426.3336100	9.4867498
418.4028700	-5.2564321
414.0810200	21.3407190
425.4424000	-3.5919569
445.2460200	17.4216710
440.2547800	21.9614500
437.9403400	9.7492321
411.5667500	-7.3927488
406.7031500	8.8347274
430.5006800	18.0675230
425.9292100	-4.0164895
427.9275600	17.3022380
411.7532800	18.5395930
409.7065600	-15.0125650
423.0857300	-0.1604110
422.2467200	-19.9915690
411.3087300	0.0888720
407.2975900	4.5662643
385.0023900	16.3467250
374.2678000	16.0372600
373.9336500	13.0514010
397.0513400	5.1967693
374.7081700	-2.6659980
406.1338800	23.1635800
368.8067300	1.4119741
389.4986900	8.2186530
361.1599400	12.6075170
361.8065000	2.5134938
377.6674200	-7.1715266
384.1829600	15.7265990
372.2138100	-0.9279907
381.3924900	18.8429130
350.1655500	19.4889210
354.8274100	14.3247580
354.7761200	9.3484865
357.3763500	4.2279210
372.3638400	-23.3311910
375.6358000	-9.2292968
350.4607300	2.8909403
379.2280100	-17.0504940
371.2492500	12.4088690
365.3041200	-7.5932368
352.2869000	-17.3465030
336.0625700	0.7437436
364.0380000	-4.6051168
346.9551900	22.5395010
362.9028000	-16.6183520
341.3514800	-20.1541720
347.6204500	-10.6639590
334.1547400	-0.3555570
337.9063300	-20.6506850
355.5555600	-9.1207826
355.2038600	-18.8664630
354.1404700	-6.2658285
359.8843400	6.1079904
344.6079100	-1.0343641
324.9586600	18.2490270
341.4623300	-6.0627217
340.8210900	15.3404170
318.0877200	6.6777942
326.2374000	6.9543934
345.7424900	-21.5970960
308.7788500	7.3944696
318.1308100	12.0152400
304.9563200	-13.4472130
309.5958200	0.5773299
298.1421000	-0.8584089
332.4307300	-19.8977730
297.5122300	13.6485850
302.0157100	-21.1453150
294.5425900	-9.0654028
301.4879000	-17.0715170
326.2995600	5.4895288
297.8608000	-1.1943134
322.3282800	-13.4496820
327.1257000	-12.5171070
309.2092500	19.0451590
316.3347200	22.8882050
296.3300600	20.2375960
299.1573800	5.2534073
274.4460600	-4.5718244
313.0205800	-10.7739230
282.2649300	20.1506190
277.6299000	-14.0862390
282.1388500	19.2107660
290.4676300	13.1262670
281.6953200	-10.8309440
293.7458100	11.9008750
304.0109500	-21.0492390
284.5779100	15.7834730
278.5487800	3.7485010
264.3342600	14.7780350
301.3049900	19.4129690
266.4302100	-6.5811861
299.5367200	-19.7499150
262.5711000	-4.6926529
276.3914100	-4.7699742
255.5309200	12.8584940
293.0441100	-0.4624996
252.4042700	-9.5861395
276.3596600	-2.9068125
261.1734100	-8.8481237
252.2765200	10.5677750
267.4533300	-17.4994110
271.1231900	-22.9377250
265.7530600	9.9451143
277.6886300	15.0527880
269.7568700	8.5862180
268.9079200	-8.0711508
243.9547500	-10.9629890
267.7761700	19.3830940
262.0109200	18.5326420
246.9432200	-4.2794786
253.9626300	-14.8290530
262.6942700	17.2483630
237.1094800	11.9519620
238.7884900	10.5214050
230.5411400	-18.7841880
266.5777000	3.3200659
263.3832000	-5.1440641
268.2209500	15.0760330
252.8240800	14.1534030
236.7422200	10.9316070
265.7797200	-6.4618363
230.1962300	-3.5354848
252.3458100	-14.6813570
225.7398300	4.9440187
255.1455900	16.7775170
251.1335600	-5.2492824
241.8016000	6.4566877
241.0905600	-13.7170460
224.5807500	1.3297642
238.0774700	6.0182770
215.4036200	-15.8630470
208.9231800	16.8072850
221.1952700	-11.6949990
238.7830500	-2.2510227
215.6296500	-1.4791567
216.2501300	-15.4390630
244.8334300	-18.8439580
234.2493600	-18.5056050
230.1887200	7.4601241
222.6977400	-13.9107740
202.4714800	-2.4733415
234.5071600	-0.0841817
235.5989500	4.8435661
213.6086300	-19.3235540
194.4016600	-3.4363112
195.3367100	-11.5869980
215.6800900	8.0496963
217.4002400	4.1068725
223.0798500	3.8823853
218.8480200	0.6747403
234.0433600	-22.8302700
213.7285400	18.3859830
205.0749700	-20.2365340
195.4327100	-2.8864061
190.3240700	14.4364230
214.8344500	7.7031163
212.4711900	-21.3623290
185.6786100	5.7308618
191.9426200	19.3458900
185.8923200	-19.7627860
192.2469500	19.1825160
177.5005600	7.6561521
199.0227000	-21.6225610
209.0465600	15.1484960
212.8692400	7.6803170
173.2274900	9.6971535
188.7897700	15.9003030
212.4118900	15.9953790
202.6387200	-19.9215850
198.0261300	8.9679097
196.9592600	23.4148710
184.7339700	2.2315377
169.2231400	-0.4710428
206.5211300	3.6302197
181.5376000	-5.3852401
185.2729000	-1.5198438
164.6311800	10.7321980
198.5134200	10.9227650
172.1611900	0.3557162
172.3591300	14.7108310
181.1558600	20.2688860
158.8823800	-3.3850653
194.2620200	3.6930056
167.0859000	0.3506678
183.3201300	-11.5815700
170.3391900	-17.9046010
172.3109500	-8.3491373
183.0427500	21.6876700
153.0523800	-3.0397463
155.2837200	10.7629700
188.3909400	10.8232930
177.6565400	4.4018644
191.9403000	-12.3841110
187.5414800	6.9534070
170.1636600	3.9690880
152.5024000	9.2142665
162.7799400	-0.9048348
182.0564200	23.4549840
151.1231800	2.5235209
156.7777100	21.5159540
183.1019600	-10.8933850
156.8940000	1.0047952
181.8384800	-11.7296280
160.3918100	23.4512250
169.0704100	-10.5173990
179.1021300	16.8429610
180.7214100	-7.5784065
168.1182200	5.6008720
154.3175100	2.1830207
160.0926000	-8.7326477
165.0458900	4.5474787
156.4787400	4.9222769
153.0716400	12.6798370
139.8256900	17.0962150
134.2376200	9.0345994
170.2399200	-18.8068130
169.4261900	0.4165582
141.4448900	-2.8789533
162.8227600	-12.9636040
129.8622100	-19.5954730
133.7710300	14.8381020
167.9248000	17.1387700
133.1970100	-14.9879160
159.1629400	14.6078280
153.4876400	16.4863020
134.8514300	-3.8472454
169.0103900	-17.8309090
161.3268600	15.7303450
147.1726100	-10.6223910
148.4537000	6.4284832
131.6043600	19.3788530
133.3905100	8.9069859
157.3450700	22.0694950
120.0667800	11.9832200
124.6826200	17.0148660
161.5919700	-6.3050891
146.5415900	-1.1112223
135.0731500	-20.6701130
138.1325500	-5.9197504
139.2921800	19.7516730
138.2586900	-16.2631530
129.6649800	23.1509810
119.4313500	6.1669947
156.0213800	-8.6871831
129.0300000	-22.0354510
155.6921200	10.7938640
114.5665400	-18.5337310
134.6020300	10.1267340
152.4797600	2.2308652
148.2356900	2.6026162
109.3829200	-1.6318196
150.2694200	-1.4023651
122.9523600	17.5839140
152.1267300	11.8422620
148.8611500	-9.2824430
123.5635800	-16.4797060
136.1835000	-13.6586950
136.0208800	12.8909340
129.4431300	-21.1439420
121.3997200	8.8883061
102.5253800	16.6783520
133.5665500	-1.3590862
128.9965200	-3.8806207
144.4991900	5.9941609
129.0181800	20.4244900
141.9209800	-3.9980230
100.3699500	8.5247237
136.2982300	-15.7821530
111.6781300	17.8784130
105.9698800	-3.4839674
98.4335050	-3.8597440
102.6118500	-6.4132348
119.9698500	5.7393967
139.7103100	-15.4131470
125.7773500	22.0461650
109.6630800	-3.7524439
100.9934600	-20.4903600
119.5869900	18.4325070
113.7897600	2.7086790
134.8981100	16.1557680
93.3911580	-8.2057762
95.3625350	-0.9275824
121.9829800	-16.1978220
131.2144000	5.9169121
108.6199000	-16.6153140
114.2061100	-8.9176532
120.9198500	6.2823337
106.2737300	5.8740809
109.3818600	22.5181820
87.5064060	-3.7899542
128.7221600	12.0457200
100.7865500	12.3386730
127.3993700	14.1997460
119.0301800	-6.8317248
129.4638400	19.3549520
84.0504230	-23.5164820
129.1841800	-5.8416662
98.7252840	-23.5319710
98.2098560	-7.7829231
117.9801900	-23.5315450
93.2633100	-21.3704340
104.8620600	-7.0969304
110.4376300	8.8284666
102.9325500	2.6602246
79.5333590	3.6912423
99.5915160	-8.8529157
92.1660720	-17.1312080
104.6338700	-14.7111760
100.4184200	-21.8426500
110.8177000	-0.1451609
104.4022900	13.3264990
84.5450560	-14.3204280
75.2990860	-19.5454230
113.0761300	-16.6911750
94.3117880	-10.9407440
116.5375500	6.1376336
90.5733690	-2.9282382
91.0167460	20.2537060
91.3712430	22.7742260
116.5410900	-5.0870971
92.4995910	-11.0100340
103.0190000	-18.0665040
90.6846900	22.5554230
113.6691700	4.7545857
73.1634780	-16.2004270
95.0013580	-5.0037403
83.5156030	17.3246920
79.1616910	21.8453370
102.3591000	5.3931901
80.9252040	21.2504040
101.5137600	-17.4831100
112.0857000	20.8364710
109.6581800	3.2598089
91.1385620	-1.2951559
85.4086390	-10.7595080
104.2947900	1.7947150
89.3242280	10.6475030
104.6996100	-17.9549940
93.3087380	-6.8264347
88.3355490	-9.3773843
74.3271280	3.5633972
64.6921640	17.1009840
102.5036800	22.1329750
83.2847270	8.4505665
103.5460900	-1.8240941
61.2141160	7.8509268
93.6272070	9.2427346
65.0906250	12.3672570
83.0178850	-2.2738155
71.6302320	18.6638500
62.1691240	-13.3877850
98.9546070	-12.4466570
61.0713440	-17.4802980
66.7111580	-18.8899950
77.8245710	-9.7148843
83.5789970	19.4835790
89.4030660	13.3614870
74.2508630	14.8523150
56.7388590	-22.9512280
94.9174330	10.9577640
94.2638860	-4.8859300
100.3966600	18.9473340
54.6226830	3.0151002
90.3277430	1.5408161
82.4201980	-21.6860490
83.3426310	-23.2132900
64.6368920	11.4225470
74.6655620	4.0846378
70.4388710	3.1957209
72.4482670	2.9848903
64.1258860	-6.6322961
80.8017650	10.8701160
91.4689830	16.0460630
91.4167470	11.2730020
92.1840780	14.9996540
94.9661130	7.5723472
85.8507490	-10.2665030
78.8321510	-12.5504950
62.2959210	22.9429780
81.4761430	-15.7377520
79.0163450	20.8311060
75.6172880	-4.4506634
84.0836650	8.7584899
66.3299890	-0.8389373
92.8984310	15.5402330
90.5779970	6.3647725
77.9443080	22.1018940
51.7399630	-5.6644461
73.8373750	3.6964308
88.8311320	-21.0108230
55.8230040	20.8824580
90.4417210	15.3890370
79.5542940	-3.6402157
48.5373620	18.3726510
79.0644280	16.4306390
50.5059380	-20.4106950
42.8266220	17.7306250
57.9508600	20.0084390
47.2903710	17.9915640
62.2712580	13.4340690
85.5308980	7.1208623
56.7304930	-6.3091662
65.0085370	5.2301928
80.3725790	-19.2535950
40.8953050	-19.8257140
68.7493550	3.7878639
70.2782030	-22.1382750
71.3513600	-19.7769930
76.2226480	-6.3781359
47.6077240	5.4528593
38.8383650	-10.3890420
54.9313240	-1.0734947
42.1321110	-17.5189650
77.8533330	-1.0465077
64.4120970	15.3593600
84.0538570	-4.7469170
71.0744420	-20.5163660
76.8665270	-18.7206200
50.6788380	-1.8820953
52.2168770	4.5487873
52.3302710	-7.9027163
36.9435060	6.8658486
51.8756720	-12.1199430
60.1568950	-13.9009820
35.5513040	7.2823252
75.0871270	16.5965180
58.6611480	-11.3210580
67.2015690	-11.5262410
40.6709430	-8.7481650
45.8285260	0.8942265
50.0463470	4.5135030
43.5243450	12.2291940
60.2699890	-9.7512355
61.1691190	0.9619566
36.4490670	14.6080190
52.5616370	-9.7929261
33.1497810	-9.8807041
35.3115000	13.5821920
64.9619070	11.3418440
36.0828660	12.0603570
72.6804380	-22.9826160
39.8254170	-20.2292460
69.3751210	18.6916510
72.1355460	15.2828170
67.4467120	-6.0618850
63.0468970	-1.8143815
75.1265790	-22.5448050
40.4209280	13.3820640
30.4366270	-0.1899289
55.9864830	2.9402494
29.7043050	21.2937950
55.3447270	6.7760699
59.0059880	2.0663914
51.1788660	-16.6153910
33.0964120	-23.1170490
29.0812710	-3.2093507
37.7931250	16.0177160
47.1101450	-22.8863180
34.4390680	22.4967770
48.3905060	-2.6422934
39.0178320	-2.3368028
39.3386050	7.1079037
62.5465170	1.4468087
39.4086840	23.3430630
50.7274640	19.4717160
71.3681640	-5.6190171
26.2460960	-0.8101561
51.0246770	10.4814020
34.6829510	-2.0802328
50.4349540	-10.4832750
34.6221110	20.7382560
26.8259010	22.9844650
46.7811430	16.0033950
32.3524470	-12.0757680
67.6168840	-11.0071980
66.6696220	-17.3436040
49.1180600	-12.8117070
45.3083120	21.4708400
44.7361010	13.9826660
61.6545970	18.2615260
47.9062930	6.5574829
66.4883750	2.2336441
65.4422190	2.1599555
44.1567630	-1.7517990
26.8566600	-3.5984629
46.1072310	15.3375830
57.3717940	-22.1803370
43.2118520	13.1578140
54.8755910	20.6750360
60.0658970	-20.7241550
51.4716480	17.9050240
39.7172420	6.3728346
28.2114070	-11.7986300
23.8080830	4.2203985
22.2410090	-3.6042367
26.8027690	14.4219400
56.4242170	6.7995427
63.6355550	-17.1082500
44.1253090	-0.5321049
43.2307650	-21.9861020
44.7598180	-3.2339422
53.3264110	-15.8375810
62.5470820	-9.3060990
60.5935850	-7.6863612
16.3405730	-9.2508885
61.1392700	11.2313010
54.5786510	14.6043370
57.2991620	-11.7734660
35.0692430	22.3470780
36.3798560	6.4849490
47.0088050	-22.6570210
32.2875740	0.7116876
30.7915440	-7.7140958
19.0852470	-17.7556510
26.6307720	2.6376109
24.6166890	-7.7998716
44.3119740	10.4199460
32.6446540	-5.0521316
18.9219550	9.9502511
24.9030730	5.6024381
49.6792220	5.3566192
39.6151500	-13.7311840
45.2551140	1.7169383
52.5736060	-17.9310640
47.7969090	-23.2677460
21.5410610	-21.3379900
45.5739510	20.9011590
30.5241280	-16.0324960
24.1120930	-20.2177000
43.6256620	16.3480690
29.1660080	-22.8504510
19.2786630	14.3096630
13.3833520	12.5434190
20.7167790	-2.7140424
43.6795690	-3.9357298
43.8497890	8.3757575
54.9707690	-16.0520520
57.1390800	12.2817420
35.7866240	18.2408990
15.6404370	18.8849820
25.2736070	-16.8944620
53.2979570	-22.6612050
19.3231570	12.5775280
54.1769500	16.1325580
14.7334750	22.6245490
25.7662760	0.3888527
10.8067760	18.7943450
32.2358670	-22.7239240
15.6532790	-8.4384707
12.6748780	-13.7913640
50.9014380	11.0206560
16.9239460	-8.1641635
44.6849890	10.6646580
22.0618690	17.1233130
34.4655670	1.7942024
34.1604990	-21.4923600
45.3307610	11.0799350
45.3045520	-1.7893982
26.5674260	13.9283700
44.5193890	-2.2372874
44.1407970	-23.3255230
51.9945280	13.3241390
17.0532470	6.3669862
43.6653670	-12.1835230
37.4850840	-4.2186047
46.6417520	-23.1240210
18.1709040	14.2124920
27.4511690	10.0630820
25.7517850	20.2619600
23.6639260	2.7926591
8.4298715	7.4143947
29.2350740	-16.8309740
40.0243800	-1.2571117
33.4286660	16.3930250
32.9701320	4.8698036
49.2895230	-9.9838116
10.0259470	-12.5212220
25.8689860	12.0824790
11.9493820	23.0586880
38.2312310	-20.0268730
17.0977690	13.1333820
11.9954930	-22.8790680
45.2781140	-2.4381872
33.1897730	-16.4024610
21.7767210	13.0851030
12.7941390	17.5899020
25.0326910	17.1257160
23.8485310	11.5577460
31.4196900	-13.2960300
33.8572520	5.6864383
41.2140460	-2.4972230
39.3687740	-16.0654590
46.5163080	6.3760003
28.6775850	-6.1662204
30.6027780	-4.6600998
34.4511850	23.2874830
8.5388559	-7.1128093
14.7723730	-16.4121090
46.1007680	13.0132610
4.3200555	22.0130750
14.6818140	-14.4972480
39.5549350	22.9753910
16.1115100	17.5249420
2.7149741	-19.4132920
40.9072460	-3.2188391
12.7381570	13.3323030
31.9826200	18.4397490
10.3969330	-6.2502432
39.8776030	20.0132710
32.5769900	-3.9763280
42.8545060	-22.1545330
35.8637500	16.6658430
14.6836880	3.3268401
8.3540279	-21.7312250
2.5520575	-17.9541850
26.3966010	2.2546814
41.8116870	9.0116411
20.6939320	23.3659810
45.1127860	5.6506420
1.8827110	11.1298600
34.4496000	-7.3855287
16.2679470	-17.1061000
24.6128830	15.7829970
36.5910010	-13.4315410
35.2052880	-17.4561790
18.7332980	-18.2614410
17.4295090	16.0699320
24.6412900	18.4027090
31.3764220	12.9335280
5.0743036	4.6268081
8.2172706	-16.4624420
41.1124310	15.2607080
36.2186430	16.6556880
22.4650710	2.8213688
9.9959958	2.0829780
41.5803680	0.1643629
27.7468600	13.8195120
32.8624100	-13.4186070
30.5914470	14.7485090
21.5720560	-7.5679537
5.1624608	0.7280725
44.0764700	11.3686460
10.3358590	-5.5287035
20.1885710	5.2857175
6.8190327	11.7419880
32.4693460	6.8850179
17.3355670	-14.5477270
28.4504440	16.4998000
3.7602797	-18.6611570
12.6730110	15.9188240
40.2316070	-3.5842304
19.4586560	-12.1160000
39.6328870	13.8395950
32.0131600	17.9237830
0.4411957	17.8263510
3.0840209	22.9337890
9.7509370	14.5298820
21.5085170	4.7411960
20.8852970	9.2136934
12.6040520	10.8366350
38.3661360	8.4701409
7.4017115	-10.7380920
31.0257740	11.9886770
25.6941520	-2.6501350
21.9573090	9.8596981
13.8378460	18.1626900
11.7625590	19.6669350
-4.8787206	-19.7445830
28.6823620	-8.7432799
38.6243600	-1.9586555
27.3714240	23.3662500
33.0196060	-9.8612286
5.5128753	-22.6390480
40.8197160	-20.8780060
12.9929430	-21.3559170
20.5481210	-7.2785932
34.4418000	19.4936940
29.0592000	-22.2007770
-4.8945240	2.8307690
12.8110640	-10.5748110
40.1574340	17.1086280
7.7043563	-4.6615352
10.3440780	20.6967230
17.2660620	7.0246470
15.8352840	15.1405080
-5.2671745	20.6228730
21.6347640	-19.2888770
40.0730550	14.8986340
9.9075307	6.8802213
33.4664790	15.2850830
7.1317372	4.6273631
0.5619489	-17.4450610
38.2357710	21.3491860
10.1614600	12.2213480
-3.8187942	-11.0436600
5.4778459	-6.7887733
7.2211346	1.2701923
18.8304800	-12.6127610
17.8448100	-1.1219760
26.0980990	17.2128530
38.3655560	-1.5910606
30.1803680	-5.2073970
21.7675720	10.3209980
19.3931620	-7.2816815
31.8167230	-8.7236313
11.3644000	0.3446332
16.8846410	11.1905840
-3.9636100	16.4517480
-7.2857686	-22.2595920
23.4765890	9.3865360
18.7740160	22.5377630
33.0477510	-8.4197138
7.4250310	-7.2363974
25.4151040	12.3324490
-2.9176478	-16.0018210
9.7116704	11.1773190
2.9801066	-22.4934340
31.0785370	15.5392410
12.3934210	13.6399760
-2.3718933	-18.5766310
27.0423590	11.2543620
2.7198808	-10.6665690
2.4917253	-9.4770753
34.6457830	18.0077160
14.2986180	-0.6867388
1.1132781	-16.6001880
13.3026370	18.3921810
4.2298980	-11.3717120
32.5695940	11.6598660
18.7247140	5.4747642
17.7099250	-14.0681120
1.0144206	8.9371693
20.6302440	-17.6093270
-0.7549606	-9.0420910
12.1946200	0.4835949
26.9266400	-5.1830006
-7.5393242	19.7708750
18.9700600	7.6730666
-2.1001485	1.2821252
33.5804190	7.9610001
0.7552415	16.4567400
29.6612370	-6.2775306
30.8325400	10.3175360
16.6651600	-16.7139750
1.3618082	2.5074808
16.2616050	-10.9801150
-3.8734726	14.6371100
0.2293364	21.6670320
2.6799133	-2.3154192
30.9506940	-15.8610940
34.5147790	-0.1775013
-8.8209252	-9.7355091
27.1266560	-9.3511181
6.2084487	-8.4825328
-4.4796679	-16.6168420
29.3046170	-1.6964727
23.7573410	10.7338620
-1.2889663	7.6259114
7.5784068	8.0214033
-8.4104800	-23.1816570
15.5867490	0.5637460
29.6232100	-13.6592510
5.0464178	-15.7317760
35.1354350	-20.3091230
-5.6184584	-11.4116590
28.0447630	8.9137337
-3.4173588	7.0274509
-2.3496597	-7.3650172
19.8442620	-7.0158093
13.9379990	-20.5614180
24.2884790	-4.5059287
22.7925610	-0.6633721
-4.4846762	-14.2094660
26.6859860	18.3636430
-2.0038623	19.7477640
-4.6500974	-11.6370650
-3.2890533	14.7577800
22.1691980	-11.5947260
29.0775180	-10.2162880
30.7165630	14.1368680
9.9923357	14.8594730
25.2446800	-1.6754100
1.0446916	-23.3645470
-12.0876990	-4.4041962
24.1863810	-13.1647120
15.9164590	-10.1161590
-10.9546060	-18.5409800
-5.9277061	-20.9364030
14.8722620	-10.0815370
31.7703560	11.0900650
-8.1390249	-13.2551620
26.8293320	18.8446130
3.6994545	-13.7527310
33.0459750	2.9435980
-4.6006474	4.0663434
25.1816290	8.9484898
21.9358550	1.5414432
-6.5946297	-19.5920800
9.7995350	-6.1396356
-12.9619050	9.6598609
-0.2461741	12.4901890
-12.8484230	9.4969992
5.8767307	17.4605440
29.5483530	-13.8803710
14.8816280	-5.0280140
17.7992340	-21.7180830
18.9577170	-21.5391950
28.5723800	21.9869210
19.1025230	-22.3082580
-7.9824194	23.0198860
29.0576590	21.9071610
22.0443930	-8.4467140
18.9526000	11.8652780
25.3868700	18.1273730
-10.5506650	9.6091127
-13.7204570	10.8215240
16.9050270	-19.1476730
3.9195520	-5.8156952
0.7860645	-18.2351760
16.1948710	18.3163950
24.3287180	-3.6301128
10.0262010	1.9034158
-2.5190922	21.1498210
-6.2101856	4.8229731
-8.7535557	-6.5539127
7.1390856	5.0917710
25.8907670	4.4272505
28.2159700	10.6337010
28.4101690	-16.6710620
4.5243921	-16.6265850
4.8223172	19.5081060
21.0672030	-5.3758587
-2.3988335	19.5542790
5.2137845	9.1728582
4.2857748	6.4750831
-6.3624919	-13.5600100
13.7982090	-16.2534680
19.5602680	-9.2084322
24.5443710	17.6206960
-1.6699352	-14.1625640
3.4732212	23.3555720
1.7392977	5.2489594
20.2994960	-21.0705860
0.4843584	5.7162821
-12.5357990	11.2279630
0.3321340	-15.2126670
-14.3641760	-0.8682138
-6.6089281	-4.5594095
-3.0872459	11.2313860
-0.4088616	-6.7293061
6.7134650	15.1925400
30.8466790	-3.0995251
28.2723950	-18.5436690
27.3991110	-22.2619780
-2.6967608	8.0171618
11.7876760	-19.5319360
9.5945772	2.8382720
1.7418318	4.3426815
12.7024350	-6.9640909
13.7649980	23.1270450
8.5689829	-3.8160274
-6.7115224	3.7307175
-2.0667531	22.6983470
-10.2849750	7.9484764
29.9467130	20.1024260
18.1457150	8.7768331
17.5672340	22.2848250
21.7689790	-22.5314960
-10.4770120	-7.4529869
-0.3177088	12.3032840
20.6223560	23.3104360
-13.1160590	-18.1473350
9.4926721	5.2891030
14.6279240	0.4965658
18.0754360	-5.2428176
4.3842049	19.4980530
24.0546140	-11.3051590
-4.0927300	-17.8151280
-0.1902853	-23.1061100
-13.5416340	-4.5739243
1.9446210	4.8764574
-1.5818189	-19.9500610
11.2808830	13.2913550
5.5023418	12.2699780
-9.1661023	-9.4515159
8.4213023	19.5322670
-10.6534590	3.3604395
21.3065550	-6.9463801
10.8470540	4.8862546
20.1562790	-1.5841878
25.2900740	-11.5835410
-8.2493832	21.4546060
17.0631230	-1.2590950
-11.1228500	-7.5719955
-9.4194481	19.0650230
18.7844050	-8.2630426
2.0922988	13.2822390
-7.7444067	5.0742071
-15.5787850	-15.1728430
-8.1519298	12.7636790
-15.4567150	-6.5445382
-3.0342852	3.1836651
18.7495980	20.0705210
-1.6856106	-22.7905870
-14.6300600	-9.4179583
14.4910960	20.0892990
-6.0025058	-6.4609782
8.2157183	17.6872370
18.8627560	-14.3378380
-7.9141841	-20.1219970
-2.2971682	-12.2708520
23.8687700	15.2273160
2.7836346	7.9784231
1.5927635	-13.9794180
-16.4732340	-12.2072200
-7.4333333	2.7510402
25.5773550	-16.7646360
14.5284100	0.3459567
16.0030160	6.2314413
-7.5778442	-0.8348182
13.4363010	9.5574510
11.5235760	-14.4436440
-17.6657330	18.8135280
-1.0724352	-20.8078690
12.0107960	-11.4997270
-7.8062593	-22.1533380
12.1083830	13.4933650
26.6160190	-17.3327210
15.1199190	-5.4245057
14.5392750	-4.4065307
10.2459080	19.0351900
-3.8233327	11.4591190
4.6559270	21.3192140
-6.5850553	-13.4368760
-9.6683553	-7.3022095
15.5029500	14.6017750
-7.6042771	12.3804080
-1.7015588	13.2108080
27.8122840	-18.3006910
3.7649574	17.9592310
27.2922050	22.8995170
4.9580889	8.0762211
5.3109174	-16.6387000
9.2712139	3.1518234
13.0890570	21.4416510
23.7448780	4.0021774
-5.5716081	-1.9514996
-1.3625469	8.0290539
1.5592477	16.3111800
-16.9462270	3.4942378
24.5159670	-7.3535209
25.7039410	11.9512300
13.0109520	18.5305500
5.7878644	20.7707550
22.3383320	-0.2756476
7.7537719	-10.8783830
7.9482514	-1.2450569
11.1712400	18.9425390
-14.6264090	13.5043200
-14.7045180	14.4738220
2.6539057	-7.6521404
-6.8130408	1.4915891
4.2598060	22.5995060
-14.3105360	-22.2314870
27.1241710	23.4624040
26.2671160	21.5213050
-5.9511108	9.3123076
20.8070220	-20.5285310
9.1036616	17.5463940
-15.1893120	-16.9203490
-4.6037616	23.1949580
13.8534190	-19.7846970
-4.6576841	-8.0066293
1.3449989	-3.1699090
-3.2438908	-5.9640594
-5.2813047	-15.4905490
-17.2142660	-20.5340950
7.6297262	4.2703453
8.3584475	-16.9847840
24.7407770	9.0544064
17.5595520	13.0063940
-10.1762080	-22.4553920
-11.9485920	14.9578800
9.2326494	-5.0172262
-16.1635020	-20.3076300
1.1217836	-5.4866420
-1.7113812	8.2179580
23.1555630	-13.0468550
-7.3084057	-6.6130708
-8.3857117	-7.3250903
-9.6557093	6.8926630
13.3139100	-9.4007458
8.0782536	-2.3014509
24.7410180	-8.6529238
26.8314650	13.9496090
13.7473730	12.7373990
-0.7627195	-20.8790270
-0.3011195	2.5371617
-5.0845204	12.1864510
-4.2398124	-5.8649196
23.1956170	8.7039981
10.9399230	-4.0093609
-3.8523069	-7.5127421
11.2414770	-6.6072897
8.5635850	4.8873827
-2.0019286	-2.8537958
24.8655470	-17.7633810
-10.5768080	18.0693820
-2.3611835	-17.6196310
-7.4110695	-18.7653090
21.8218630	13.1802250
23.0747050	15.5788720
10.6144360	1.5570417
3.5418890	10.7572630
2.1897404	-5.6614022
25.3073140	1.6446023
13.3209700	-9.5874807
4.6657391	19.9418700
8.6796925	-13.7992330
9.5814266	-21.1572520
7.0779008	13.1403100
-2.7170103	18.8326590
5.0354940	12.2626090
-1.6676146	3.7776570
20.1934130	19.0510470
23.7677040	14.2444860
3.5150995	-1.9290836
12.5722500	5.6516473
3.3306909	-7.4865039
6.0977498	-0.3501081
11.9303240	-1.3183269
-16.1599350	-18.3069800
24.6912300	1.9100731
3.7889303	-17.3595530
0.0882979	-18.3420860
-7.0681282	-15.4716990
17.4727820	12.5319300
7.4127943	-13.0001690
