jMRUI Data Textfile

Filename: dataset8_WS.txt

PointsInDataset: 2048      
DatasetsInFile: 1         
SamplingInterval: 2.5E-1    
ZeroOrderPhase: 0E0       
BeginTime: 0E0       
TransmitterFrequency: 1.2322E8  
MagneticField: 2.9E0     
TypeOfNucleus: 0E0       
NameOfPatient: dataset8_WS
DateOfExperiment: 
Spectrometer: 
AdditionalInfo: dataset8_WS
SignalNames: dataset8_WS.txt;


Signal and FFT
sig(real)	sig(imag)	fft(real)	fft(imag)
Signal 1 out of 1 in file
261.0893300	-103.2412200
469.8672900	-214.9669700
326.8705500	-367.6536200
130.6111100	-426.3722200
-47.7746860	-384.9837300
-173.0852900	-280.6028700
-221.0542200	-142.2737400
-195.2950700	-21.7063430
-122.9641700	56.3427330
-42.0771080	71.1920180
24.1496460	46.7366530
53.8115660	-6.1241026
43.2477760	-53.6290370
12.6758910	-81.0754250
-26.5717120	-91.6386930
-60.0193020	-73.7996910
-77.9505920	-54.5001400
-87.1534480	-28.8222980
-86.3707420	-4.3272327
-82.5184730	16.5199030
-77.1751410	39.5951160
-61.1714570	54.9261530
-35.7084090	71.9133780
-10.1027730	75.6292570
22.9290590	65.8643690
44.9036570	44.6840340
50.7333170	8.2231894
39.7852450	-18.6512470
11.6384300	-37.1027630
-23.7850840	-39.7404410
-47.7840430	-20.0378660
-63.1127970	15.0679910
-51.0476430	48.3803350
-31.5598260	70.5181460
2.8121893	84.5149830
37.4427850	74.2878620
61.0528320	55.3053670
78.8556770	30.5394390
76.1468460	5.4375670
69.0413430	-21.9603380
56.7633740	-38.2802590
42.6836820	-51.0378830
22.6430320	-57.5171920
5.1326740	-57.4530910
-14.6005150	-50.2908660
-26.4327660	-34.5581020
-27.8711620	-14.5223490
-22.4998540	1.3098539
-7.4354630	7.9975901
8.1549334	4.9930501
18.7571230	-4.0003407
21.0701210	-29.3613060
6.3910076	-43.1149270
-18.9477930	-51.7609250
-46.2664880	-40.9274140
-63.5027720	-12.5225460
-64.5104210	18.3206010
-45.2649940	49.9511400
-10.3802100	67.7545060
25.9199310	59.6520650
53.8411940	37.2646050
69.8986860	0.7963741
58.1537020	-34.5883050
34.6222960	-59.4037650
5.8586711	-64.5158760
-26.4797040	-60.7195710
-43.8612330	-39.3758680
-53.7489610	-16.2171780
-49.2391830	6.1110808
-38.8350400	16.4637220
-26.6971130	24.9679110
-15.2929450	26.1854220
-7.9146077	30.5616850
4.3560958	23.5777980
9.0041082	20.0232000
14.5082120	14.3362750
17.6955880	1.8662546
11.7759040	-10.9819450
3.1092427	-15.7957940
-12.3719610	-17.1686890
-28.7278270	-7.9434441
-30.3743810	9.0827875
-29.5125500	29.3187870
-10.4238610	44.9029760
12.3138060	49.8627440
37.4735070	37.2240060
50.9797050	12.3107770
51.0042690	-10.5380750
35.6530620	-36.7096190
10.6743070	-45.2599790
-19.0150010	-39.7906570
-34.8383630	-21.2214440
-38.6139960	6.2560827
-28.4626840	26.5448300
-10.3496000	41.8673200
13.9562370	40.5544370
33.0555970	30.0023930
49.8665780	13.2857630
51.4726740	-11.4020470
41.1687730	-28.7694150
27.0111990	-41.2901500
6.6214478	-51.9696960
-7.4053873	-47.3186280
-23.3559680	-40.5343170
-35.5367410	-30.9155450
-43.3514460	-13.6755150
-48.3485170	5.7898368
-38.4099540	19.9361160
-29.9483740	34.4681160
-8.0286733	36.8266540
8.9134265	37.4052820
22.4425530	21.6691570
26.4771160	5.2894461
19.9806290	-9.2715502
11.8022270	-18.0926650
-5.8322029	-16.3127980
-17.7363590	-7.7061553
-19.2906060	5.0387614
-17.9290910	16.8873040
-6.5408725	26.2586690
12.6677080	29.1922930
22.8154620	19.1537500
33.7540270	4.3358796
31.0819950	-10.9147440
17.4342860	-22.9274600
7.0411445	-30.0233260
-8.2329002	-31.6039500
-20.8989760	-18.7826240
-28.0633890	-10.4623980
-30.6817320	3.3755772
-25.0916570	12.6256070
-21.6630810	23.8913600
-9.0515531	30.7434440
4.2111037	32.2706940
13.9704190	31.1140300
25.9783150	21.2162440
30.9053690	11.9092540
36.1778760	-0.4413362
33.0106860	-12.7405920
24.2668900	-26.4029130
11.4519950	-31.2859820
-2.6487313	-26.4587950
-12.4412740	-20.8367470
-18.5460030	-13.6487810
-16.5243900	-2.7278438
-9.7002351	5.3770585
-3.6362806	3.7365301
5.1662278	-1.6470725
6.5733658	-5.5158075
2.3279538	-15.7010280
-7.4440437	-14.9511920
-15.4975640	-15.1255740
-24.3611150	-6.9754734
-29.6726970	3.5165271
-28.0494900	17.3855310
-17.0887530	26.9592070
-3.4900190	31.9330280
9.8299216	31.6321190
19.1818990	20.8879230
28.0061540	11.7436150
30.3594550	-3.1488660
23.8209240	-16.4378360
11.8919280	-24.3313390
1.5272326	-27.5914570
-15.0557700	-26.9429030
-25.7514020	-18.7719380
-31.4882650	-4.5760463
-35.0379220	6.7323270
-30.4748380	24.7735640
-19.0627250	35.2665440
-6.2854189	36.9491030
12.2548090	34.7200620
21.8759430	28.0213530
28.5248330	18.9032600
24.4531330	7.6000461
25.6405200	1.3234852
17.5887210	-2.6016980
11.9641860	-6.3630316
9.5395694	-1.3345043
9.1677730	-2.8183218
13.6980260	1.2079617
16.0417550	-2.0445962
19.9409890	-8.4660577
17.9136090	-14.3772380
16.4223180	-19.0382780
8.0763446	-28.2181940
3.8044444	-30.3687970
-5.9900217	-27.7950890
-18.1127580	-27.3301570
-21.0784630	-18.4229660
-29.3983560	-11.5254700
-30.5516740	0.0856246
-26.1582610	11.5641440
-16.7061000	17.3332810
-7.7064721	21.3739410
1.7278055	22.9104790
7.3157853	14.7703310
12.7003580	10.5624250
11.6883280	0.8721956
7.4622207	-5.2108700
3.8879868	-10.5590180
-5.0026661	-12.4588960
-10.5374510	-5.4930672
-13.1507940	-0.5985173
-11.4870940	5.1447061
-5.8357453	10.9474380
-1.8100650	10.2561050
5.8500158	9.3653765
10.9238790	1.9941297
9.2981444	-0.7608316
2.9112067	-7.4206374
-0.2156489	-8.0989197
-6.7970486	-8.3347954
-12.0719610	-0.9995177
-13.0109780	1.1077370
-8.1348797	10.2993770
-6.0261864	15.4903470
-2.8768457	18.7252050
5.7679275	21.4095750
14.6765510	16.7656450
19.2379260	11.2885000
23.3681570	3.1324530
23.0792820	-6.7867213
22.3739810	-14.0248840
12.1062700	-19.5218860
5.9553386	-26.3240500
-2.9066877	-24.2331750
-11.4214480	-17.1049700
-15.8917830	-10.4270490
-17.7656120	-2.6269143
-13.2484910	6.4061331
-5.7403018	9.3620941
2.5626889	10.9656540
7.2601213	7.5384069
11.7942460	5.5239426
6.8787988	-1.5367857
8.4221794	-6.8279530
5.1032626	-9.8804325
2.2987368	-8.1521570
-2.4298488	-6.2395034
-6.9512193	-3.1445233
-2.9621406	-1.9163500
-2.6886011	0.6467799
-2.4033947	-1.4127201
2.5345153	0.7808972
-1.2545829	-3.8755876
-1.9708847	-7.5008299
-4.8319828	-6.3389501
-3.6602849	-8.3866715
-12.3420480	-7.5430319
-15.1781700	-3.8330061
-17.6551290	2.7524864
-17.7468180	5.8123587
-17.2770770	13.6580990
-11.7788830	21.3984460
-3.1153683	19.7797840
5.9553778	17.9329040
14.1792100	16.8145340
15.7014100	8.4166878
17.1741520	1.2695594
9.2561480	-8.8984329
3.0898747	-10.6420570
-0.6584219	-5.5784901
-3.6991804	-5.3784511
-3.8785449	1.3735040
-3.7855234	7.4800160
-1.6672605	11.0597390
6.0463787	6.6252673
6.4065597	8.2348709
13.8373920	2.1880830
14.6196200	-4.6425061
12.5422780	-5.3305136
6.7766857	-8.0843308
2.8969082	-8.9831534
-4.6407552	-12.8782800
-3.7727110	-6.4438888
-10.3468240	-5.5220100
-8.1971279	1.1876018
-6.9958464	5.0579074
-2.6501023	9.6622369
3.8478427	9.9705232
4.7174027	3.1058966
11.3978480	2.6571299
9.3011314	-3.1326753
8.4052415	-9.4090496
-0.1126580	-11.3438060
-4.8059265	-12.2100210
-8.4949409	-10.8253670
-13.6780120	-7.5933623
-15.3413730	-1.5600552
-15.9842030	10.8590340
-8.0296202	11.4223480
-4.9887917	16.9600760
1.4950225	16.8406720
6.5578989	10.5245680
10.7778740	7.7563511
14.6232850	0.9855941
13.1075280	-6.1750304
8.8551380	-10.5204790
3.0798017	-13.0464680
-0.0102156	-8.6636138
-1.8878053	-11.0287140
-7.0092423	-4.2497914
-9.1299437	-3.2023160
-8.5158424	-0.8975380
-9.1135338	5.2757492
-5.0236400	5.8751493
0.9561553	2.6210129
-0.6772411	5.0165856
-0.6705568	-1.5117396
0.4859518	0.2935505
-4.9689725	-3.2672160
-6.1829124	-2.3664865
-8.0512333	4.7450802
-4.6350739	9.8758299
-2.6792960	10.3315020
1.9588946	12.0328770
7.9672061	13.6764290
10.5449240	8.3750509
12.2639060	5.4015917
16.7552110	0.9895433
13.5671640	-8.2438680
6.7050236	-9.3748227
4.7458273	-9.7649380
-0.1433609	-8.8054827
-6.2316176	-9.0280269
-6.7771624	-2.3447251
-3.6276898	-1.5506512
-5.9430076	-0.8785407
-1.8006677	-1.2840156
-2.9348527	-2.2836179
-3.3384991	-1.8736581
1.2178959	-3.1498043
-3.6870289	-2.2653072
-2.7922785	-2.1220515
-5.1618794	-2.1258413
-3.9378953	-3.3351323
-4.6971489	-0.9429682
-7.5396967	0.5501366
-8.3814958	5.4314548
-6.3900078	4.2368958
-1.9769843	7.0330278
0.8841059	6.4768462
3.4379880	4.5990882
4.8278657	-2.1670014
2.8667569	-4.0616057
0.2020044	-4.9965634
-4.5417731	-6.2659567
-8.4436619	-4.0411316
-8.4227019	3.2428195
-9.2058532	6.2571565
-9.4214622	12.4483950
-1.3518467	14.2913100
5.3436374	13.0613150
9.1827914	14.5865340
13.9603190	7.5811583
16.1235490	5.0621627
14.6685100	-2.5032201
12.6349300	-3.5825821
9.1950668	-7.6493922
4.3374081	-12.5729380
-0.4694781	-9.6192213
-1.4829210	-7.3351354
-4.5741539	-8.0003694
-0.1440902	-5.6530917
-4.0194008	-2.4409250
-1.6118689	-4.4094327
-2.7672007	-5.5094691
2.0203977	-3.5136586
-1.4820165	-5.8544985
-2.7243936	-5.3873298
-7.6703845	-6.0102837
-7.6134030	-4.0263702
-9.6131142	-3.2780444
-11.3479120	6.0777219
-11.4422280	8.0682617
-4.2252909	10.0151720
-1.4978471	15.1235100
6.2076868	12.9136490
10.9974160	9.4977543
9.4249519	7.9379986
12.3717780	0.3393180
11.9183980	-2.6878881
9.9982432	-8.9647952
5.5514421	-8.0223384
-0.1688497	-10.0930350
-3.8838018	-9.5960870
-6.5271421	-4.4628775
-10.8882410	0.6389447
-7.4993481	2.8925280
-6.4544959	5.0346507
-5.2947540	8.5961617
-0.4738184	11.3079870
2.0649192	6.5647159
7.4631909	5.6183963
5.7850183	-0.8032624
8.2826051	-3.2160035
4.0149940	-3.8471638
0.2047261	-9.5951241
-3.9705332	-8.8290371
-4.7421418	-0.4777861
-3.8080053	3.1572535
-2.2055404	1.4986867
0.6768215	5.9781456
1.9008272	6.8673027
5.7337622	2.6127173
9.9207812	-2.2116308
4.7833498	-4.2532985
2.7785680	-6.0088904
1.3689469	-9.8116623
-6.2515840	-7.1852337
-7.0393434	-6.2938539
-7.8003028	-4.2136636
-5.3886494	3.0512177
-4.8730161	5.3268037
-3.5786713	4.5530284
-0.4720321	4.0410327
0.7437956	7.6108183
5.7675784	0.9712058
2.3172432	-0.1500897
6.7197977	-1.2000870
4.9690909	-4.6963426
-0.1479982	-3.1203399
-0.1859320	-3.6838605
-0.7835770	-2.0089315
-0.1742552	-1.6526181
-5.6543036	-3.8186831
-3.1315475	-1.3589388
-3.4984393	-3.7545497
-4.6041826	2.3942010
-4.8951198	1.6360726
-3.2537355	-1.7466542
-4.1969655	-1.0078880
-4.7643053	4.3397939
-7.0573741	1.8597305
-3.3150937	5.1667135
-4.3590374	4.1489303
0.4334418	10.4889390
0.4475864	7.6624708
5.4386447	6.2809563
8.5666403	6.6344856
7.5169537	1.8409245
6.9398884	0.4888481
5.0229485	-4.9473894
5.7233532	-3.6069583
-0.7597363	-3.6421433
0.1056544	-3.0032945
-2.3651848	-3.3609520
-3.8260862	-3.9527982
-4.8112056	-0.4059883
-0.0852395	0.5067106
0.9209616	1.5484787
2.9669656	0.9751869
5.0364293	1.6922793
5.9640582	1.3772288
7.0357987	-2.5163686
1.1744254	-5.9955817
3.6120166	-4.0884376
0.7553814	-6.0478794
-1.8758973	-2.3912324
-4.1053053	-3.0417997
-7.9981770	-1.6887406
-4.0010091	1.7433873
-2.1383150	6.5766972
-3.7521654	7.4587440
-0.7034541	3.7990555
0.3671907	0.8988786
4.8605977	0.0939556
2.2186678	1.2227437
-1.6437879	-0.6003266
1.2993718	-3.2499238
-2.0973819	0.7215871
-4.8353146	1.7939786
-1.8904981	4.4989642
-0.0118712	3.8806842
-2.1350745	3.3791470
-0.5392837	4.7322182
5.1001309	5.5493425
5.6679561	2.1305510
7.4382734	3.3617903
5.0571850	-0.7861589
4.9518820	-3.9539747
0.7417798	-4.8145639
-0.9858539	-5.4948629
-3.5113711	-4.6720098
-6.5589005	-2.1860210
-3.8871416	-3.2065093
-6.4012725	-1.5220368
-3.8908642	0.9500978
-0.3579178	5.0409472
0.4349823	5.1289130
0.0038772	5.0504360
4.3744670	3.4263121
5.5064521	-1.8179158
0.1094849	-1.0780097
2.2700059	1.0590551
2.4251101	-0.0766254
-1.0375935	2.1595209
1.3305737	3.0284972
-0.4967503	3.9628040
1.5128435	1.8674205
1.5603119	0.6438185
5.4554256	1.7253148
2.5182733	-0.0258775
6.4193696	-3.7550835
2.1151640	-6.6706894
2.9960937	-6.2499597
-0.6664400	-5.7971710
-3.5555122	-7.6379811
-6.2369547	-1.9840633
-4.7467112	-0.0260318
-4.9945235	2.2757281
-4.1716267	2.8447541
-4.2290210	5.1849871
1.2036116	5.6556239
0.5146507	6.1247473
2.8018635	1.1899029
1.3285309	3.8044312
3.5917303	1.3482531
0.8105655	-1.6432188
0.5911545	0.0655586
0.7592859	0.1072262
-0.5683151	-3.9494888
-2.7833863	0.3937707
-0.2697150	-1.2123300
-2.5941136	-3.2574487
-2.4088194	0.1247734
-1.2978438	-1.4069836
-1.0402105	-1.7871392
-1.5854138	0.3728147
-1.9539986	-1.7258788
-2.7455293	-0.4311012
-5.3805226	4.0089116
-2.3155550	1.0858555
-0.8022774	7.4105977
-2.5579389	7.7067105
0.0736689	7.2365872
1.9858218	4.8910135
7.6067855	4.3613231
6.4437160	2.5548132
9.3666865	1.4680519
6.2918682	-4.7289734
4.8565886	-7.2717091
-0.1180212	-7.4055214
0.3584993	-5.1352534
-2.7830287	-5.6510456
-5.1686723	-6.3413352
-6.6104567	0.5888446
-5.9370564	-1.7515544
-1.3302004	2.0659347
-1.7959891	1.2637483
2.1574612	3.6878783
2.4715307	1.9231763
3.5322308	0.9217153
-0.1411613	1.5834085
-2.8405328	-2.4131028
-1.4859169	-1.3719882
-3.9597771	-1.7862884
-3.3767219	1.1017862
-1.4447107	2.7550901
-3.6080381	2.4918630
0.3976902	3.9389637
4.0366244	2.2481398
2.2453607	3.5500778
2.3338693	-2.2890539
6.6172241	-2.3994220
3.6852339	-3.2347567
1.8850326	-2.1268156
-1.9884121	-4.5309013
-3.9500946	-2.9804549
-3.2824083	-2.7392650
-7.6322870	1.1706596
-2.7035698	2.4313011
-3.9081702	1.8868833
1.7805313	7.4402301
-0.1956539	2.9709476
5.2607883	3.5716320
6.0272474	3.5750384
4.6666170	-1.1990707
6.6144178	0.0032074
1.8106366	-4.0421131
0.4644095	-5.3386762
-0.8589819	-3.9380563
-3.6807633	-4.1321198
-3.8577195	0.5345834
-3.3773008	1.8391457
-0.2246621	2.2456849
-1.8827471	0.7316010
0.4903942	1.1079318
3.3655581	-1.0389203
2.8969405	-1.8370621
2.2148039	-3.4831072
-3.0188511	-6.0135050
-1.6647690	-1.1308946
-1.4168241	-1.8342862
-5.3156694	-1.9372902
-5.8256668	-0.2683766
-1.0824143	5.9074624
-2.5846476	5.7180548
2.8512927	5.4474819
1.6533635	5.3527587
1.7517957	0.4607146
2.4430864	0.8939608
2.7192462	0.3469403
4.5985585	-0.8944724
-0.4100575	-3.7591927
-1.4584920	-3.4198300
-3.1229851	-3.4091302
-2.4092013	-0.7727343
-4.5463620	2.6721745
-5.1275090	-0.3441892
-2.2432525	1.3243625
0.4328479	1.5069750
-0.4948910	3.4832381
2.3829176	3.2076796
0.5574383	1.2539388
1.2642339	-1.3246795
1.7569495	-4.0161698
1.1197810	-4.3019543
0.5744787	1.1183086
-2.4183258	-1.9893057
-0.2760691	-0.1609272
-1.0236664	2.9910707
1.1976899	3.0736819
1.2898051	3.2902380
-0.4384639	2.3098929
0.8385514	-3.0456245
1.4613039	-3.0231513
1.6202373	-1.1403944
1.4593520	-4.8971982
-4.2696018	-3.4075340
-4.6510619	-2.2438220
-3.9187948	1.3408341
-5.8490793	2.8856404
-2.8167569	5.6164539
-2.9866994	3.5653486
3.4300383	1.5022176
3.7203191	0.9490928
2.2662781	3.2617077
4.0734649	-2.1674660
3.2291706	0.2085365
1.7765852	-2.2670738
0.2480611	-3.9869106
-1.6376046	0.9051873
-4.7085697	1.2008147
-4.5855698	1.1444136
-4.2093088	3.3085529
0.2352797	1.6616152
-0.9155876	1.4958808
-0.4491684	2.5426801
-0.5365680	3.5747848
4.6032344	0.3861929
1.3026063	-0.9629427
2.1241860	-0.1013272
-0.8731790	0.8542500
-1.4950565	1.8500215
-1.6015287	1.6338209
-1.3458827	1.0893417
-2.4127104	1.5496803
-1.4520994	0.1519743
1.1237716	1.0456967
2.9356371	1.9036693
2.8916771	2.2025864
4.5821925	-3.3938675
4.1419564	-3.9432596
4.1597145	-6.7362750
-0.0821157	-2.7250597
-4.1250495	-1.5761332
-5.1863110	-2.5346254
-2.5421212	-0.8500426
-4.5950923	2.3495960
-3.5115960	3.1067799
0.4361776	4.3982119
2.6385911	4.9450575
-0.1872089	1.8732347
4.1067929	5.5329427
7.0041203	3.7092084
1.9150498	-2.5079857
3.4084257	-4.7038846
0.5019565	-2.0201610
2.8401027	-0.6030060
1.5021661	-5.1499385
-3.3104913	-0.1270354
0.9717880	-0.1452659
0.8598763	-2.2625894
-1.6171400	1.6177993
1.6294785	-2.1803459
1.1904072	-0.7083889
2.4768254	-2.5572063
-2.0322131	0.4278322
1.7595133	-3.9250953
0.1858487	-0.7342677
0.0364066	-2.8170446
-3.4228015	-0.5201245
-3.4959963	-0.0822866
-1.1580120	2.0965564
-2.2493410	0.9246193
2.9362482	0.6812468
3.0856180	0.2692933
4.2134782	2.8538451
4.1408620	1.0782185
1.3644826	-2.4889007
1.7607782	-4.6977608
3.1523997	-5.1639848
-3.2861573	-4.9229236
-3.9963448	-5.5571822
-1.7431717	-3.6707048
-4.7435364	-2.6206883
-4.7402123	-1.9235671
-0.0943696	0.8702026
-1.8314483	4.2966086
1.8687796	1.5780054
1.8804509	0.2538100
1.7483484	2.3105090
1.7162658	-1.3592598
-0.3303617	-3.2225210
-1.3212906	-2.5900753
0.0661358	0.1929721
-0.8022473	1.8684294
0.8631313	-1.6467595
-1.4658640	3.1213210
0.3591529	1.5686697
-1.9539552	1.6333779
0.3961177	-0.8897338
-1.3210230	-2.4335431
-1.4100163	0.6393304
0.3706597	-0.6298200
-1.9365350	-2.6469438
-1.9907547	-2.3206094
-1.8099360	-1.5655649
-4.0345228	-2.6471487
-3.1941944	2.0249079
-2.6024644	2.4521705
-1.5807118	0.9088575
-3.0193239	1.7253335
-1.8414947	3.2608847
-1.1742361	-0.4191543
3.9155447	0.3124534
3.9921957	-2.3731477
3.0864981	0.3369553
2.1310176	-3.4735158
-1.8511811	-0.1693520
-2.6015352	-0.5526252
-1.4470200	-2.6149270
0.1135655	1.4830308
-0.4964315	1.7495167
1.1617154	3.2871032
-1.6100494	0.7536591
2.3621688	-1.7611794
-1.8079436	1.7230889
-1.6988065	-2.0289991
-1.3604655	-1.4503899
1.4673348	0.5857768
0.2686749	-0.6338263
-0.3627897	-2.6403967
-3.6676443	2.9055135
-1.2241114	1.9248597
-0.0724609	1.5523892
0.6706989	4.3163602
-1.5522897	2.0776593
0.8456630	5.1671759
3.8182176	-0.4899747
4.8917123	1.5233317
3.1860124	-1.1373933
-0.7753381	0.6104885
-1.3959545	-1.6636353
-3.0209759	0.6168626
-2.5089329	-2.8582034
0.6456255	-2.2882838
-3.9294793	0.3506662
-1.2600076	1.1462368
-0.5068872	0.6662088
2.0560899	1.8344971
-1.3852319	-1.1337733
1.3038172	-1.0293387
3.6894516	-1.4163337
0.0567703	1.1742034
2.7786125	0.3098838
0.4313983	-2.0723362
2.2114851	1.7218537
2.6318927	-1.3665368
-1.1328683	-1.5000556
0.8726174	2.9136165
3.5591275	-0.1164073
2.6182241	1.7866507
0.9422610	-2.3369934
-0.5498941	1.0856635
0.9393177	-0.9502143
2.1274424	-1.7260570
0.3100206	0.7096239
-1.3995061	1.6414662
-1.3487354	-0.9348085
-1.4363599	1.1242768
-2.7827571	0.0483547
-0.7008052	0.9231749
2.4840344	2.2909002
4.0680888	3.0912132
1.9363701	-1.2064166
1.8721779	-2.9454150
2.6277592	-2.5775143
-0.4919217	0.8220201
2.4304222	-4.0890247
-0.0761071	0.0468259
-0.8684857	-3.2493308
0.2428490	-2.3524138
-3.2317020	-1.9060913
0.2713883	1.7046048
1.7955786	2.8271234
0.5597559	-0.1984700
0.1802529	-1.3511066
2.7838724	3.0114023
0.5357211	-0.8878938
1.5379778	-2.2165538
0.4487128	-2.1079590
-0.0823704	1.0588436
-2.2597721	-2.2543841
1.2279812	0.2756977
-2.3957383	0.5579503
0.9609328	-1.5192415
-2.1226883	2.1534845
-1.6410973	1.3125612
0.1414111	1.9495097
-1.4157005	-1.8685317
3.7895080	-1.0431244
-0.6787152	-3.0606703
0.0786917	0.7518499
1.5377141	-2.3818472
-0.4635576	0.3451507
0.2195546	-2.1594389
-0.1575532	2.0010093
-0.2854438	0.8832672
-3.5336541	1.3798553
-0.7568080	-0.9799370
-1.0836247	3.9043881
0.6705894	1.9370268
1.4914756	-2.0396766
4.1431123	0.7842184
-1.4998039	-1.3700360
1.3869706	0.6627535
-0.5663186	0.0517721
2.2200035	-2.3493173
0.7544536	-3.3030105
-2.4798827	-0.7780665
-2.4655199	1.8788629
-0.2190987	0.8852134
-1.6008874	0.1469562
-1.2876944	1.7514686
-1.6742725	-2.0893455
1.5614937	-0.2115640
1.6448558	1.5607017
0.3236178	-0.7710707
-2.7597265	0.4449741
0.7578609	-0.4005220
-1.3713515	2.8392745
-0.0124772	3.8634512
0.4784363	3.1762214
-0.4484740	-0.4951861
-1.1437249	2.9226885
-1.0885924	0.9674499
-0.3202199	1.5183076
3.5555624	2.0367914
1.2377474	-1.3357715
-1.3475854	-3.3194061
-1.5703416	-0.0746102
1.8616410	-0.9908945
-0.8275013	-1.2912072
-1.0652757	-1.0353053
-1.6517918	2.5132834
-1.7520475	3.1442409
1.7093914	3.1588872
-2.3232599	-0.2063764
2.0865776	3.4118149
-0.3006960	1.6568878
0.9957752	-2.3502580
-1.9109533	0.1804583
-0.4858099	-0.5152533
-1.9737185	-2.6586911
2.1862646	1.6157262
-1.5082462	-0.9404820
2.2075927	-1.7032298
1.3664129	-1.9900157
-2.2801422	1.9167908
0.4225735	3.0056128
-1.1081750	-1.3081488
3.1225483	-2.3977678
2.7460767	-0.4217054
1.4179573	-2.0668693
-1.4694729	-0.2028111
1.0581978	-0.2855227
-2.2266107	1.3609482
-3.0891860	-0.5621673
-3.4218893	1.6688096
-1.9905612	0.7517297
-3.0946559	0.2778340
1.5265355	3.8243499
-0.9418619	4.0948914
0.2768213	2.6238274
3.8241334	1.5240694
1.6443232	-0.3764735
3.6412966	1.0037019
-1.3323858	1.8572272
-0.2308861	-1.2568782
0.0924256	-0.6652651
-2.8854657	-2.5300896
-1.7400273	1.9860575
-1.7114852	-2.0941405
-1.8780949	2.7869819
-2.4193981	-1.6931309
2.2299576	-0.1497926
-0.3136964	1.4067635
0.5832837	-0.8333022
0.2533781	1.8078212
-0.0304278	-0.5608379
1.0771757	2.4326029
-0.8365037	1.7019410
-1.9528858	-1.0304170
-2.1035370	-0.7542675
1.5333291	1.5219240
2.2599168	-0.7899005
2.5829499	2.9495661
1.2945119	0.5032735
4.0817069	-1.3455723
3.8322848	-2.5665462
1.3919243	-3.9552156
1.9249459	-3.4550985
-1.8481666	-1.4758731
-0.6284345	-0.4345927
-1.6340170	-2.9900810
-2.6171720	-2.1059591
0.3171108	-0.4588045
-0.8864675	-1.7029933
1.1227020	3.2909852
2.1522309	0.4785954
-1.8390063	-0.6479816
0.6054205	0.0524831
2.6585325	1.1440684
2.5326814	1.5265405
0.4629870	-1.3269555
0.9092165	-1.0569107
2.1243455	1.6206460
-0.3636466	0.8726873
-0.0959123	-1.5954206
-2.5838723	-1.0911922
2.3801296	0.8779178
1.5246660	0.5826644
-0.3373411	1.8519285
-1.0243538	-2.8333637
-0.1261073	1.5048858
0.1914988	-1.3723041
2.3421094	-0.8707230
-0.5115178	1.0260647
-0.3708403	1.5758975
-1.7903985	-1.7972262
-2.7873520	-1.8133341
-1.5473217	-1.4510909
-1.3437646	0.9154491
0.6636885	-1.1525777
0.4717735	-0.7107650
-0.8480820	-0.5464448
-1.2147494	0.3449007
-0.3379498	-1.4171666
0.7628481	-3.0229387
-0.2252534	-0.5960231
-1.8607133	-2.1630462
0.5181554	2.1214373
-3.2119941	1.7556121
-2.3622952	-0.3485425
-2.1733701	1.9548504
-1.9002199	1.9055365
0.5246985	2.7328318
-0.4199758	2.6447048
0.3554599	-2.6763193
-2.4411101	-1.6272730
0.7984644	-0.3778911
-2.5830047	1.4718703
-0.6848914	-0.3125198
-0.1781012	-0.0968159
0.2431724	-0.1079883
-2.7441631	0.5439720
-1.8052514	3.3242587
-2.1546708	-1.4281654
2.1332373	-0.2133803
-0.3609017	0.8518485
2.1426181	2.1975872
0.9435999	0.8990947
2.7724675	1.6743639
2.3675564	0.5510121
0.0004018	-2.9105731
-1.1400248	-2.9828776
-3.2499478	-1.6114707
-0.5108324	-2.2876528
-0.1881135	0.8286394
0.0972390	2.7781145
-1.2459229	-0.1090463
2.7413470	1.6874128
-0.1841118	1.2071511
3.1621154	2.0852789
0.4735382	-1.0992739
-0.7394557	1.2988442
-1.6366060	1.9347380
-0.5439049	-1.0372151
2.3407168	-1.1408111
0.2989083	1.8745832
-2.2713184	0.3422879
2.6859958	1.7454484
1.4059714	0.5614021
0.6048130	2.0555863
1.1652664	2.2530384
2.8247576	1.2609197
1.5294190	-0.6073858
0.4077970	1.5781430
-3.1534870	1.1626840
-2.3606030	-0.7670870
-2.0122267	-1.7963990
-0.3140878	-2.2100425
1.3001608	2.8576253
1.7735706	3.3194251
-0.6483471	2.0365286
1.3741946	2.2892641
0.0256769	0.7823866
0.8781895	-0.0205649
2.8375786	-1.9888674
2.5656596	1.1613949
0.2659708	1.0611553
-2.2507764	-0.8674365
-2.5235805	-2.5209432
0.5245352	-1.5442934
-2.7933271	0.9992502
-2.0020030	2.1881550
-0.9158335	-1.8936535
-0.8511325	1.8031686
2.0477615	0.1976474
-0.7553493	-0.3647428
1.0463178	1.5156328
0.3530635	-0.6380557
-0.9543047	0.2492856
-0.6987716	-2.7722035
-1.2349916	-0.1977286
-1.4260674	0.1177217
-1.5423285	2.6954147
2.3433161	1.0473206
-1.5365920	-0.9397186
1.7517552	1.3764073
1.6056876	-1.5307798
3.2506170	-1.5252776
-1.3419813	-1.0027854
-0.3513950	0.0478641
1.2766515	-2.5115072
-3.1387079	-0.0884036
-0.9025447	-2.9013779
1.2362778	-1.8726164
1.3844831	-1.5491298
-1.4184008	0.7700973
-2.0317217	3.0515822
0.0446831	-0.2401248
2.7166662	1.8112997
-0.7358022	0.2075813
0.7080505	2.4937351
3.0456206	0.3107878
0.1443547	-2.9684544
2.7363744	-1.8672908
-0.8567307	1.7833269
-2.9234919	0.8584490
1.5696553	-1.9470080
1.6595242	-1.1050102
2.0275004	2.7938773
1.3150209	-1.3958277
1.7348409	0.8546160
1.8294367	1.1918825
1.3559070	-0.0144585
1.7577569	0.1931841
-2.8999540	1.5700390
0.5361124	-0.3486996
1.4042604	2.3943328
-3.2633267	-0.8975737
1.4692149	3.1940490
-1.6109181	-0.1825486
0.2868358	0.3322390
0.5092592	1.5844579
-1.2788534	1.5068803
-0.1733314	-2.1415524
3.2070782	0.3862988
0.8135950	0.6416758
1.2116141	0.8751807
-1.2274032	-0.4137348
-2.5936873	-0.8227714
-1.1328055	-0.3403229
2.2771061	-2.7518102
-1.5785919	-2.1542164
-2.0244907	-1.0954499
-1.5152072	2.8486822
-2.0757997	2.3756974
-0.5142927	-1.1442366
-1.4731720	-2.4612580
2.5079054	-1.4914315
-0.9290444	1.9574415
-2.3047413	2.0309206
0.9098549	-2.7105600
1.3228177	0.3652014
-1.8205922	-1.3073641
-1.1111481	-2.1235201
2.1386913	-0.3293189
1.5057645	2.3030070
2.4617383	2.2363648
2.9674004	-1.8029459
1.1530079	1.3465989
-1.0564434	0.5677975
-1.3554828	-0.0887862
2.2100870	-1.0202270
-0.1618226	2.1900490
0.4612980	-1.0099589
1.6025358	1.7958742
-0.3645167	-0.6882936
0.5838598	1.4349134
0.0481039	0.3906805
-1.3159748	-1.4883460
0.4514545	2.4623901
-2.2504302	-0.7434826
1.8361092	-1.9147196
1.5032251	1.6061436
0.4566218	1.8387267
-1.1779791	-1.8667174
0.7511418	-0.2000126
1.4689115	-0.1247522
-2.7744206	1.2399908
0.9256525	-1.8494150
-2.8017760	0.5402648
1.4507935	2.0124783
-2.0010948	2.0765290
-2.0823263	2.1757012
-0.5044636	1.7809742
-0.4849532	0.7350312
-2.0050267	1.5792830
2.3306087	-0.5138609
-0.8041141	-2.5526840
-0.0758807	2.0481295
-2.3008784	0.1910502
-1.1297659	3.0492518
-2.7150964	-1.0890891
-0.5496785	0.9534212
-1.7469777	0.5650919
-0.2542312	1.9428810
3.0262556	1.5507161
-1.1424940	-0.1262369
2.3486737	-0.5593473
-0.8616551	-1.4754417
-1.0679438	-3.2173662
-2.3134888	0.4911641
1.9056872	0.8731077
-1.4444527	-0.0156650
-3.0174110	2.4166382
-2.1834762	0.1556067
0.5199545	-1.4086546
0.5247367	-0.8276703
-1.7644906	-2.4185107
2.0692174	0.6259122
0.9215184	-0.1884314
-1.7335460	-1.2573752
2.2500877	0.8240787
1.1614533	2.1976549
-2.4805248	0.9744403
0.2701017	0.7469056
2.3907801	0.5242850
-0.1333355	1.7514424
1.6804503	2.5821666
0.6481204	2.8394734
-1.9925213	-0.3940653
0.6410184	0.6257402
2.1754094	-1.6713113
2.8070152	2.2519892
2.3173604	2.6024809
-1.4080802	-1.3594487
0.1651529	-1.0445380
0.0737990	-1.2196939
1.7182158	-0.4234825
1.3963917	2.4409053
-2.1774112	0.7876212
3.0095428	-2.2399371
3.1302646	2.3438872
1.3787953	-0.2307069
2.5112862	-2.1350752
2.1843422	2.1494931
0.3763360	-3.1492507
-1.6707979	-2.6378842
0.4856967	1.7439128
-2.6922108	-0.4005129
-1.0193894	1.3622317
-2.7989216	-2.0593443
-0.8335334	-0.3495952
1.2200982	1.4436681
-2.5385110	-1.9614582
0.6228148	2.8302403
-0.3527686	0.2837188
2.5820581	0.8867591
2.0652696	-2.1744400
-2.0758092	1.0375598
-1.6189017	-2.5415066
1.4642247	0.9590850
2.1665311	0.1273638
-1.5141399	-2.2557043
1.2056496	1.3933077
2.0382827	-2.0534691
-1.5651435	2.8303497
1.3170399	2.5613793
-0.8731484	1.0319568
-0.6744160	-0.2765236
0.9391779	2.2245921
-1.1184825	-0.2943826
-2.2320406	-1.3247989
2.2992393	2.2598091
-0.8468501	-1.5497724
1.4239671	-2.2380820
-1.1893376	0.4676922
-2.6451352	2.1141007
-0.8627706	-0.5994534
1.0461507	-0.8360119
1.5172616	0.9712643
-1.9337225	-1.9879841
2.6656499	-0.6468341
-0.2106533	-2.5491708
1.0337632	0.2468363
2.6157941	0.9042182
1.7614793	-1.8113513
2.3471229	-1.8738464
1.6295212	-2.1339181
-0.2711971	1.0891991
1.2554009	0.6328215
-1.4033887	0.9028386
1.0424464	-2.4209889
0.8920829	1.5096549
-2.2151418	2.5239843
1.7623700	1.2082498
-0.8144800	1.8683647
-2.6942356	-0.3673880
-0.3071611	0.7462595
0.8377988	-0.8767240
0.2664077	-2.0054370
-1.0355660	-0.5239612
-0.7631127	-0.3020214
2.7235102	-0.8217261
-0.0762508	1.9464111
-0.8414707	-2.5139105
-1.8110542	0.9825112
-0.2362875	-0.5806200
-1.3426680	-0.3334368
1.3232091	1.0826675
-0.0634747	1.7413583
-0.6030011	-1.7582469
2.3039194	2.7474766
-1.2610306	-1.9010801
-2.1675238	2.7959944
-1.0915765	2.4739686
1.5646262	-2.0998460
-2.3182361	-1.3775350
1.0468308	1.0487491
-1.2981128	-2.7019581
-2.0503060	1.3257138
-2.6996859	1.6381653
-2.6006750	2.0580609
-1.5459824	1.4750163
-0.0277488	2.2449433
-0.2005800	-0.1258451
-1.7709876	1.0003714
-0.4502505	-2.3972202
3.0017846	-1.0505693
-0.8729070	1.5255236
-0.6233312	1.4417037
0.7130758	-2.3072137
0.7862060	1.5842529
0.7938782	-3.0910244
-0.7463841	-2.2911157
-0.8820840	-2.6091609
-2.9170496	0.0711819
-2.7910991	2.7935714
0.1896218	-0.1429194
-0.9286519	-0.2428786
1.3538682	1.3470633
2.5379050	2.4642601
-0.7989336	2.8028760
-0.7089095	1.1506821
1.1928053	-0.6266192
0.6584711	2.3212171
1.9551359	-2.1483083
-0.6329112	-0.7711667
1.4204527	-0.6879461
-2.2257964	-1.4026392
-0.3203168	1.6507080
1.4868418	2.0435043
-1.8028059	-1.4778178
-1.9546856	-1.1284634
2.5461328	0.5523419
-1.0161092	1.5938285
-2.0750925	-2.1837490
0.6843281	0.9537209
-0.6461594	-2.3027104
-2.7555616	-2.0809880
-2.3143044	-1.5284976
0.4841419	-0.7457959
-0.7341342	2.7674638
0.4291587	-0.0588015
-1.7568091	-1.3601977
-1.0047982	1.4766362
1.3854753	-2.2724112
-2.4054781	0.8988105
0.5693804	-0.3923045
-2.6828839	-1.2602563
1.0959086	0.0879263
-1.0304832	2.3713882
-0.1869953	-1.2949994
-1.4554922	2.2785580
-0.8284339	0.2715776
-0.1005129	-2.4077155
-1.7298260	1.9805385
-0.9712270	2.1096873
-1.5273642	1.6237834
2.1373280	-0.2119724
-1.4005934	-2.5860382
1.0046914	-2.2459169
-0.9181029	1.3755862
-1.6551085	-0.4243629
2.6915141	-0.6724790
0.5009904	-1.3813672
0.0514180	-1.3872735
0.1269057	-2.0241635
-2.0505472	2.6265239
0.9186680	-2.4079909
-1.8689211	-0.1547860
0.2412252	0.4647919
1.0765048	1.1952849
-1.5095997	1.6411040
1.7988150	0.0469405
2.4294943	-1.6408661
0.9215427	-2.4953895
0.6592453	1.9849232
0.1375081	1.5729276
0.7437748	-0.0541913
-1.3629715	-2.0988756
-2.2641902	2.6387515
-1.0277514	1.6178976
1.7453104	2.2202713
-2.0800846	-0.3767595
-2.3313773	0.1646476
-0.5450817	1.0251514
-1.6356275	-1.9764848
-1.5021568	1.7591703
1.4925095	-0.4222001
-1.9389016	1.3719758
0.7273474	2.2767296
-2.7574503	1.5815911
0.0576608	0.0889906
2.1349975	-1.7128426
2.4549854	2.2388999
1.3241659	-2.1225910
-0.0529598	-0.0980076
2.3724596	0.3211010
-1.0296176	0.1967587
1.9487119	-0.6306658
-2.6375058	0.5121993
-1.9471439	-0.3865758
-1.5848411	0.1724119
1.1607837	1.0420755
-2.0938070	-1.2891181
-0.0965845	1.0932106
2.5891317	-1.1523425
-1.1814285	-0.8081692
1.8607601	-1.1464341
-2.2803189	2.4409852
1.7962374	2.2752773
0.9276300	0.3678979
-2.0686901	-2.7664574
-1.2606057	-2.7596246
-1.8794203	-1.1660838
-2.5988821	1.8120892
0.5130583	2.4675896
-1.8294612	0.5370279
-1.8793586	-0.3385377
-0.9817978	1.4803290
-2.1733515	0.5660697
1.3906888	-1.0864784
1.5372274	2.3619475
0.6212567	-1.7547929
0.2978657	1.8776478
0.3937112	-0.4216379
1.7194590	-1.2390684
-1.8324169	0.0718708
0.4122301	-0.1027939
0.1785786	-2.0604914
-0.5522335	-1.2089533
-0.2182539	-1.1596295
1.3976544	-2.5684372
-2.5520576	1.7987612
0.6049162	-2.7465656
1.3902208	-1.9707988
-1.3374957	0.1916914
2.1353110	2.2243287
-2.4985578	0.0318932
1.6020373	-1.3639366
-2.4233938	0.5137715
-1.4907121	1.2225331
2.2552149	2.3406809
2.1376638	0.9234182
-2.4447078	-0.6822325
-1.9467830	-2.3748211
2.7494594	-2.9072066
2.0446236	-2.0339150
-0.8346728	2.4599810
-2.3591819	1.3422519
2.0769781	-0.6410410
1.2357213	-0.0156880
1.0461629	1.5560563
1.7464421	2.2205824
-0.7354281	-2.3658427
2.2505640	1.8132476
-1.2596383	1.3745659
2.0364744	2.4059402
0.9215608	2.4769970
1.9215089	1.9414082
-1.8828528	1.0459628
0.0766524	1.4672412
-1.5966221	0.0317355
-0.5065336	0.2814464
1.3868565	-1.6242385
1.7988982	2.1648458
-1.2667935	1.4884367
-0.6315074	-0.9966413
-1.7468323	-0.7421355
-2.1066249	1.7875732
2.6256967	-2.7172360
-1.8239592	1.1567323
-1.0175461	-0.0418245
0.0730281	2.1626308
1.5119405	-1.5422545
-0.1785342	0.0653768
1.6194194	1.8719313
0.7870093	-0.5384323
-2.3794552	-1.3354465
-0.4810321	1.4334505
-1.8346143	1.8576029
1.3137893	-1.5762958
0.8849382	2.1716222
0.1423961	-1.8115341
0.0815019	1.4287952
2.7175879	1.3855433
-0.5450919	0.5456741
2.3788334	-0.3519719
-2.7289151	1.6216644
-0.4778846	-1.6851381
-0.1704641	-2.0018511
-1.3344725	0.5778348
-0.8659874	-2.1275593
-1.6261574	2.4726080
1.1301513	1.2233813
1.4999811	-1.8285609
-2.4895566	-2.1518417
-0.3363930	-1.6246160
-2.6937681	-0.3775723
-0.8402079	0.3988943
2.0948853	-2.0401584
0.0095223	1.2386589
2.0161847	2.1461497
-1.9035971	-2.6123583
1.5136024	1.4229504
-0.7256448	1.9158065
2.3677530	-2.1641369
2.0496002	2.5280479
-0.4629048	1.2235250
2.1231400	1.4717580
-0.7975555	-0.4590480
0.1677590	-1.8228788
-1.4281140	-0.5841255
2.4745361	2.2111767
-0.1758181	-0.9790096
1.5518479	-2.4441860
1.7666221	-1.3007933
1.1292787	0.0613585
2.0020129	-0.5158594
1.0927151	0.5465729
1.6456664	-1.4046357
-1.0149220	-0.8629160
0.6691978	2.3083211
0.6524507	1.9568698
-0.5249309	2.0733467
1.5321664	-0.6139066
2.7634013	2.6901024
-1.5267406	-0.2551798
-1.2179520	0.1982203
-1.0458266	2.1264282
-0.0441331	-1.7890868
0.7888906	0.6141649
-1.6202675	0.9346743
0.1037578	-2.7201358
0.4169066	-2.3662103
0.7056446	-2.1509227
-1.4032992	-0.9233511
-1.0199654	-2.7127093
0.8957404	0.0923740
1.9011878	-2.4174109
-0.2541584	-0.2436031
0.4732292	-1.5620383
1.2101712	0.5343530
0.6695178	-2.3271917
1.8445252	1.9190317
-1.8821309	-1.8713525
-0.1291882	-0.5714688
-0.5050495	-1.6855915
2.4660408	-1.4851194
2.1070916	1.4716326
-0.1768170	2.7315437
-0.9519891	2.1576112
2.1280973	-1.3234566
-1.6417285	1.6084720
0.0859997	1.6004569
0.2249906	-1.1563892
-2.7275230	-2.3413680
-0.6534989	2.2159480
1.5257913	2.0881710
-1.8483502	-1.7684146
-1.9597638	1.3894864
1.8293799	1.4285921
-2.5779799	-2.4513977
0.9206912	0.9834003
1.3425142	-2.5161600
2.7497546	-2.2351935
-2.3731202	-0.9989710
-2.3823018	-2.4620149
-1.5889819	0.1446748
2.7342182	-0.4441168
-0.8887991	-0.2156427
-2.7882797	0.5924662
-0.2328035	-0.9809965
-1.1915733	2.7868337
-0.6664054	-1.6410233
-1.3457124	0.1385758
-0.2750727	0.4327735
-2.6037130	0.5306326
0.9490109	0.0951726
-0.1101047	-1.1788423
0.9892114	-2.3233346
0.7700776	0.7339628
-2.6390382	1.0447670
-0.3064736	-2.7293648
-0.1147838	1.8031368
-0.5660117	-0.5225535
1.6546343	-0.1438947
-0.4311076	0.8499902
2.7419135	-1.0271423
-0.1095124	-0.9306561
0.2624456	-1.2273789
0.5300186	-1.5957034
-0.5341016	0.7635309
-0.2516329	-1.4724949
1.3400787	1.2657329
-1.2104182	-0.3270863
0.6207865	1.5021704
-2.8220807	0.6351931
-0.8758394	-1.8343914
-2.1616714	1.3278506
-2.4523486	1.3699595
-1.4503449	2.8352215
-1.9346620	-2.1660392
1.0022956	0.4722064
1.5173319	2.0600518
1.5985705	-0.7309879
-1.3682508	2.1111772
0.3492232	-1.6635180
-0.7690105	2.4291735
-0.8410676	2.3144403
-0.5809706	-2.1422245
-1.9071624	-0.9088447
-2.6298267	0.5803634
-1.0280009	1.8405430
0.2541600	2.4492233
1.1808005	-1.2909372
0.8871926	-1.5556679
2.2621022	-1.6509785
-2.3442087	-2.0288497
1.8745602	1.5901050
1.0760130	1.0177653
-2.2784232	-0.5057914
0.2194393	1.6123815
0.9796019	-0.0417590
-0.8203860	-2.1199444
1.8622774	-0.9749318
0.6661030	-0.6179775
-2.5971437	2.3007657
0.2205670	-1.0747572
-1.5120668	-1.5524991
0.7793331	2.0412051
1.4806558	2.3942345
2.4570531	2.2614948
1.4597860	1.5733460
0.1853111	1.5711545
-1.9693018	0.3875416
0.1480123	1.9326204
2.5331513	1.1539632
0.4361853	-1.1326645
0.9729354	1.9214791
2.4017062	1.0230057
-1.6212680	-2.1347897
-0.0866209	-1.3264723
-0.9656170	0.9614609
0.2944281	-1.0647101
-1.2989771	-2.4375943
0.7850744	-2.5357226
-1.3787933	1.7559392
0.5465562	2.1133510
2.4712904	0.6827169
0.4907488	-2.1325763
-2.2769767	2.7067992
-1.5287889	-0.0875681
-0.8431418	-0.3545774
-1.2044507	-2.6839826
2.3152280	-1.8323959
-1.8808906	-2.1929914
0.9936946	0.3590365
0.6111381	-2.1727383
-0.5052884	1.7487351
2.4934784	0.4480265
0.7174404	0.2465129
2.1440510	0.7609350
1.2217604	-0.8474436
-1.7233836	-0.8427248
-2.1621876	-1.5565468
2.6222631	-0.4733520
-0.5660600	-1.7928782
-1.8541673	-2.2815108
2.6046391	2.0703082
2.2309296	-2.6824908
2.2208573	-1.1034808
1.6555431	-0.7409962
-0.6290909	-0.0227484
-2.5297115	1.1491587
1.5320246	-2.5094560
-2.0770634	-1.1816112
-2.6398604	-1.5246252
2.6985622	-1.8002930
-1.2246758	2.5296188
-1.2194818	0.5547457
0.4740405	-2.6480938
1.9574275	1.6830265
-1.2940052	2.2601634
0.8618464	-1.2805313
-0.5949834	0.0315189
-0.2209254	-0.1803171
-1.8314399	-1.9227953
-1.3856729	-2.0762272
-2.1363023	-1.0513533
-0.8071670	2.3084325
0.6855478	2.2099883
-0.7337073	2.0667102
1.2417661	1.6303596
-2.1693142	0.0669185
-0.3719178	1.6561014
-0.8262180	-0.6585669
2.1094955	-1.5223440
0.8734984	1.3903579
1.8623338	-2.4357767
1.2118469	-0.8178692
0.7198961	1.0526959
-2.2679840	-2.1442667
-0.7212939	0.0151830
0.8648509	-2.0493748
0.9829861	-0.9678275
-1.9460853	1.6961943
2.4622827	-0.8870416
2.7172009	1.8186313
1.2796625	0.9484287
-0.2472984	-1.7020145
-2.6600303	0.6976458
-2.6675538	-2.3096542
1.5111509	1.6711255
0.4595958	2.1422964
1.9395228	0.5080073
1.2387383	-1.8381542
-2.4130361	-1.4714952
-0.6538097	-2.5307424
-1.6832039	-0.5916656
-1.5134562	-1.2289486
-0.8165556	-0.6215397
-1.6696957	0.8396553
-1.6712788	0.2916631
-1.4297716	-2.6894948
0.9549924	-0.0988989
0.7888023	1.5461873
-2.3916499	-2.0991290
1.2074516	-0.1197040
-1.2495875	1.7342757
-1.7185398	1.6046005
1.6898549	0.6470489
2.1581395	-0.5905267
0.2759610	1.0242642
-2.2748229	2.0989629
0.7483606	-0.2587322
2.1312777	1.1449710
-1.3010359	2.6396839
-0.2918727	-1.0870785
0.8850549	-1.2860767
-1.2411304	-2.2789741
-0.4259287	-1.0431090
-2.3179907	0.2286638
-2.6818283	-2.5970827
2.4301748	-2.1241856
1.5808143	-0.5916544
0.7080853	-1.3266870
-0.0783747	1.5300197
-1.7234011	-0.7406455
-1.6756480	0.3643910
-0.3801287	1.6879469
0.3210304	-2.0462102
-2.0428463	0.1277565
-0.6218402	-0.3017206
-2.6128830	0.5190186
0.7005772	0.9032910
-0.0839362	-1.4506244
0.3092165	1.1828676
0.0873934	-0.6451143
-1.7755031	2.5614201
2.3623775	-2.1721743
-2.5670920	2.0237767
-2.0167105	2.0884251
-0.5630289	2.2720744
2.5995568	0.4683211
2.6997420	-2.4788415
-1.1458835	0.8680933
0.6466295	0.0640695
2.3063512	-2.2355115
-0.8985600	2.3426444
1.7042723	1.3417326
-2.1622354	-0.9045697
-1.0770276	0.2535953
-0.7159888	2.3039978
2.4999428	-0.4570030
-1.0002044	0.9857185
2.4546222	-1.3545965
0.5534996	2.6637254
1.7267249	2.5688025
-1.1782132	-0.6215205
-1.8864493	-0.4784892
1.4147866	2.6644527
-1.3130706	1.6532676
1.3846717	-2.7085313
2.3014236	-0.5012326
-0.9460117	1.1446542
-1.7473614	0.6796697
0.3868110	-0.5039884
-1.3069051	0.4420014
-0.1455857	1.1019731
-1.9050190	-2.1894050
-0.6526625	-0.5947050
-2.3174854	-1.3508904
2.1615076	0.6318337
-0.8872466	0.4150231
-0.6667405	-0.6609846
-1.2181635	-1.8378681
2.4271899	-0.4938858
0.3388636	-1.8203445
-2.7081379	-2.2938699
1.3704103	-2.5307613
2.3482179	2.6327380
-0.0197696	1.5812071
-2.1210616	-2.0276933
-1.0985233	0.6246623
0.8238599	-0.2499315
1.8713798	2.0926110
-1.3758419	-1.2465437
2.3825721	-0.2402347
2.1240408	-0.2668281
1.9420767	-0.7444358
-2.1500491	1.7711332
0.0254423	2.5486635
2.5779537	2.1235360
1.6011340	2.3862904
-2.1975090	1.2055655
-1.1534079	-1.5281761
-2.1412724	0.7394397
2.0772121	-2.4881924
-0.4170320	0.2473530
-1.4299720	1.6058742
-0.1975042	-0.7036514
-0.7293412	-0.6925795
1.1195090	0.7249459
1.7356368	-0.6976224
1.2106426	-1.1735814
1.1527222	1.3401783
-0.2019458	-2.2016401
-0.3079316	2.1973189
-2.1064788	2.5227051
-1.8947447	-0.2158694
2.2744100	1.2436543
-1.0337094	-2.0244085
1.7942029	2.2525465
1.1936180	-0.4397039
2.6295244	-1.5194656
1.1283187	-1.7884213
-2.4681942	-2.4141530
0.6401500	-1.4979907
-1.7004642	-2.6048628
0.6577859	2.0760019
1.3677957	-0.4726631
-1.7203582	-0.9841728
1.2594285	-1.8723994
-0.3345455	-0.3239222
2.6805539	-0.9374157
1.2757929	-0.6903726
0.7672069	1.8198564
0.4847361	-1.5001003
-1.7663144	0.3879318
-0.7323373	1.9318233
-2.1079011	-1.6947148
1.3932344	2.3975350
0.6293794	-0.2596141
-1.3279979	-0.7735874
1.7996859	0.6989539
-0.2844101	0.0674725
1.5212391	-0.3622467
-2.2377364	1.8435734
-0.3101918	-2.3589808
0.4830396	1.6159500
-0.8440514	1.8220782
2.0665236	1.8792563
0.4024228	2.3934351
-0.6872258	-2.1834947
0.7510342	-0.9872514
-1.4100836	-0.8754556
-0.7911227	0.4010375
-0.7748232	2.4086055
0.3468157	0.1088946
0.5217824	2.1508689
-2.0548859	1.7857278
1.9895679	1.3578601
0.4819913	1.6600946
1.9718461	0.8304044
2.3987174	1.6034888
-0.6941055	0.8548304
2.1232170	1.4157042
-0.0111101	1.8814088
-0.1283187	-0.5308161
-2.3297565	-0.5204305
0.5724255	-1.1662694
0.4824766	2.7415149
-1.0459122	1.8076529
2.1497190	1.2060566
-0.0443318	1.8187352
-0.9361149	2.0777148
-2.5704383	1.6021103
-0.4337213	0.8193343
-0.9649638	1.9958758
-0.2243607	-2.5191107
0.2379005	-0.6102404
-2.4880533	1.3588109
-2.3231819	-1.0753284
2.3687952	1.7994199
-1.3867587	1.1313740
2.0647340	2.6033332
0.8029263	-2.2847955
1.4343499	-0.8563699
-0.8261494	-0.3675742
0.4946034	-2.6390599
1.3293372	-1.1924761
0.0930499	-1.9357731
-0.2587413	0.5515403
-2.0046775	0.5444630
-0.9015296	2.5271406
0.0588256	-2.7153836
1.1525273	1.7842673
-1.2042170	0.9652380
1.4448015	0.0451878
1.8129526	0.0443910
0.2544014	-0.8795374
-0.9745507	-1.8512466
1.6330993	-2.1900657
2.1118543	-0.3829723
1.6679699	-0.6932493
0.2920510	-0.9857068
2.1088942	-0.6666082
-1.2098180	1.3711623
-1.8557954	2.7459516
1.3004668	-1.2682052
-0.7683506	-2.4987348
0.0581395	1.2464568
2.0159322	-1.8892893
0.1441080	2.3118315
0.6106405	-0.1237790
-0.0127072	0.2591557
-0.9529508	0.2815468
1.6420689	2.2111991
-0.8188744	-1.7514242
-2.1017110	-1.6465248
-2.3966632	-2.2191241
-0.4144227	-0.8840143
-0.5560270	0.9512479
-0.1976273	0.8129841
1.7663368	0.8085250
2.6183604	-1.0119723
-0.0804091	0.8353174
-1.9959486	1.7057036
1.9954495	-0.0799010
2.1831989	1.7749027
-2.1191524	-2.3260881
0.4401309	-0.4823138
2.7421698	1.9936144
0.9724505	-2.7326844
-1.1430460	1.7408128
2.7300671	2.1843866
-1.8454577	1.4892026
-0.6248117	0.3718070
1.8772525	-1.3386279
-1.8656079	-1.4250800
-0.3174944	0.1669937
-2.6534841	2.5724238
-1.8170823	-2.7133678
-2.2296434	-1.0481928
-1.3029404	-0.0383780
-0.1724189	2.3271898
1.9156353	1.9946299
1.6954688	-1.3105481
-0.6013020	-2.5038487
-0.9722559	-0.1369919
0.8736770	1.6950348
-1.4130397	-1.7701174
2.6596560	1.2405761
2.1806776	-1.1441729
2.1957046	1.0039825
-0.1349745	-0.7174722
-0.6839675	-0.7938071
-2.3356367	-0.5728869
2.2035046	-1.7844843
2.1023001	-2.0805181
2.2763310	-0.5612439
1.8709835	-2.2015565
-0.0915047	0.6641774
-1.5233389	0.8483148
-2.3733568	0.5714555
2.5581666	-0.6385276
-0.4430399	-0.8864992
0.0722698	0.3996613
1.4400322	-1.0990233
2.0498092	-0.7243919
-0.8154251	2.0846573
0.0110791	2.7084897
1.3457387	2.0278850
-2.2722498	-1.5205753
-1.3354517	-1.9884451
1.4427703	-0.3724177
-2.4312851	1.0868379
-0.8803802	-1.4533568
-0.0788981	1.8330959
0.8332264	-2.5499929
2.3995576	0.6578767
0.7387774	-1.7938808
-1.6235154	0.7638243
2.3987361	-2.6641534
1.2841115	2.5153638
0.3170927	2.5647593
-1.2188838	1.2605257
2.0964897	1.8402906
2.5192252	1.6193923
-2.2107481	2.5527701
-2.2316357	0.5140620
0.8744088	1.6596004
-2.3871696	1.4701287
0.5569940	-1.1458728
1.1408342	2.4954898
-1.9709151	-2.0277452
1.9520878	-1.2554379
-1.3689752	2.4180785
2.6165208	0.3291883
-2.7387679	-0.8300262
2.0312619	2.4469707
-0.1016110	2.7091795
-2.6710370	-1.2431922
-2.6495508	-1.4720394
1.4904919	2.5716653
-0.2393324	-2.5487305
-2.5960385	-0.7922968
0.7049776	1.7412407
-0.0654957	-1.1567989
-0.3559279	-0.0158688
1.7348321	-2.1951288
-2.4974479	1.0113409
-1.6704655	-1.0124653
0.1718186	-0.0963031
-0.1148650	0.3188148
1.7727529	1.6268315
1.0509829	-0.3260685
-0.4443798	-0.6491143
-1.2427650	-1.3293350
0.6353327	2.3915741
-0.5908564	2.6825163
0.9209563	-0.1029751
0.3821845	2.0613693
1.6478991	2.2871843
-1.8457401	-1.6738836
-0.3933079	-1.3737083
-0.8321336	2.4305485
-2.5609125	-1.4542270
0.2434087	2.5440039
-1.3451172	2.6729071
1.1136059	-0.3737604
-1.2092245	-1.2698354
0.7479874	-0.6553187
-0.7916808	-0.1113452
1.7751360	0.6994778
-1.4562195	0.6345335
0.2981296	-1.0944831
-2.3367216	0.1592616
0.2975435	-0.8094516
-1.0084140	-1.3195044
0.9621955	0.8860369
1.1327686	-1.9289956
-0.7127206	0.6281630
2.0356955	-0.6480639
1.2499115	-0.9651127
-2.2674194	-1.7793672
0.5096118	-2.6674413
-0.4529649	1.4542415
-1.3123632	1.1615869
0.6761109	-0.3744463
0.4201979	-1.3621538
-2.2879725	2.3897495
-2.3996781	-0.0832301
-0.8072884	-0.5848831
-1.4994344	1.7709380
-1.4291128	-1.0140834
-0.7884978	-0.3355422
1.8313519	-0.9593917
-1.5026858	-1.5085957
1.5204764	-1.4191184
-1.8065914	-0.6421356
1.5001299	-0.7089420
-2.5849004	-1.1927163
-2.1009406	-0.8516510
1.3205897	0.0037671
1.8213192	1.2989042
0.9963449	1.7653860
-0.9632745	-0.3219420
2.3132282	1.3274975
-1.7922056	0.5073064
-0.7754439	1.1733596
0.1524302	0.4518770
-0.8385385	2.2172655
2.1546609	1.4406753
0.2832516	0.2910746
-1.9335632	1.3574940
-1.2286591	0.5934667
1.9447180	-0.3227513
-1.2088209	-2.7318569
0.6665495	0.9230686
