jMRUI Data Textfile

Filename: dataset24_WS.txt

PointsInDataset: 2048      
DatasetsInFile: 1         
SamplingInterval: 2.5E-1    
ZeroOrderPhase: 0E0       
BeginTime: 0E0       
TransmitterFrequency: 1.2322E8  
MagneticField: 2.9E0     
TypeOfNucleus: 0E0       
NameOfPatient: dataset24_WS
DateOfExperiment: 
Spectrometer: 
AdditionalInfo: dataset24_WS
SignalNames: dataset24_WS.txt;


Signal and FFT
sig(real)	sig(imag)	fft(real)	fft(imag)
Signal 1 out of 1 in file
264.7385400	1154.0767000
597.5468000	1043.0173000
568.3968600	870.5606000
488.6920400	776.0931900
420.5526100	776.8733600
413.8006900	827.8551800
458.7584100	896.9097200
585.9591700	947.9231500
743.8624900	937.6068000
908.1634700	864.5594800
1039.8470000	744.9846200
1122.1938000	596.9462600
1169.6447000	431.5114200
1178.9506000	293.6515000
1158.4037000	171.0691900
1149.0583000	65.4898310
1128.1756000	-20.9941420
1110.5236000	-112.9743000
1087.5974000	-214.3980600
1059.5696000	-299.0044800
1030.4889000	-389.1451500
995.1644700	-472.5353800
955.6492000	-556.2025800
923.1892900	-640.5534400
871.1555000	-728.7731200
802.4561200	-828.1947300
724.4487600	-923.3794600
608.7937700	-1006.2957000
482.3016100	-1070.8630000
348.1154000	-1100.3225000
216.2512700	-1105.4062000
96.9030850	-1089.3548000
-2.6919272	-1062.8194000
-88.9166850	-1023.6743000
-154.6381100	-1000.5240000
-228.6494100	-980.0249100
-303.9538200	-960.4445500
-383.3388100	-939.1172900
-466.5199800	-904.5918000
-554.5280700	-867.1556900
-635.1352500	-811.0304200
-724.2074700	-746.0693400
-796.5117500	-675.3474400
-863.8642700	-588.0966800
-924.3696400	-485.4632500
-964.4455700	-380.6504700
-986.6423000	-266.5364900
-995.0734100	-157.9864000
-976.9182900	-51.6235720
-951.9458100	33.6262920
-925.4206000	113.0968200
-901.4855800	183.1094600
-883.2291200	251.9908200
-867.0360700	328.6721700
-842.5177700	413.8049600
-807.3804900	514.1769900
-737.8047600	610.7435700
-659.3951300	687.8898700
-553.4568500	757.2463900
-448.7483300	795.7287700
-341.8209400	805.4960600
-253.3385400	799.0725600
-182.2347800	775.9660700
-120.7276600	770.7145200
-69.6048380	765.3110800
-18.3327210	760.0565200
44.8345800	769.2603400
109.2267600	764.6299300
184.2643400	753.7095100
258.6606300	739.4019100
339.4788800	697.4984600
402.1543800	654.2553200
471.5175800	606.1862300
519.9276300	553.0400600
575.9467100	486.1168400
608.6912900	410.4140900
637.0011100	344.3980100
651.6684900	261.3308500
661.9282600	196.1935700
652.8573800	130.6824200
643.3867400	74.1265620
632.3091000	19.9362570
627.9023000	-23.2002860
622.5784700	-76.3752510
622.8614400	-128.2635000
614.2377400	-199.8914900
599.9468700	-265.3384300
558.3726300	-336.4575400
502.9569500	-400.2729900
432.8265800	-450.3843100
361.2999300	-477.0994700
300.1803000	-490.8583200
243.0600000	-482.7759600
202.8659500	-483.2343800
160.6835500	-479.2740100
129.4638800	-480.2619100
102.5580000	-495.8347300
63.2812670	-502.5724500
16.9448670	-518.3378700
-39.7645620	-517.7978100
-95.2689630	-520.3266400
-155.1478800	-502.7510600
-214.1553500	-477.0102800
-262.1809700	-434.8925500
-312.9281800	-390.9189400
-341.1440000	-349.8992300
-370.8189000	-294.4520600
-380.9874300	-240.4097800
-384.5077200	-193.2141900
-389.9371500	-145.7176800
-377.0368800	-106.3836100
-368.0389400	-74.9588850
-373.1735900	-50.8287290
-368.9033000	-26.9437690
-377.4849900	3.3592239
-374.8447300	33.5000350
-368.5254600	81.1220630
-355.8153200	119.4570400
-330.7135200	165.9967800
-297.6516200	194.2049700
-265.4887500	222.4011600
-228.7063900	234.2500600
-188.2543200	242.3363200
-162.1574500	242.8027600
-147.8787700	236.5533400
-129.7803500	241.0048900
-110.6207800	247.9426600
-98.4670330	259.5451300
-79.5041480	265.7221100
-50.9917960	283.5171100
-22.0125730	288.4221900
15.6906300	288.3199800
50.3659500	282.9924300
78.1164570	271.2006000
115.8266000	259.4293400
138.1273600	239.6453900
160.7077900	211.7460200
185.8444600	173.8553700
191.9238100	149.2240600
192.8038800	113.1409500
183.8743000	89.5775620
189.2572400	78.8549100
178.2559600	58.7307320
178.9750000	49.4821850
184.6979800	33.2090460
183.3060600	23.0337590
189.8664800	5.7967852
189.4478100	-17.2146080
178.2818700	-43.1553210
171.6864300	-64.6342740
144.6960500	-75.8257310
128.6398900	-92.1233740
109.8921700	-98.2636100
96.4592930	-93.0462220
88.3382190	-96.0683060
78.8975240	-84.8130250
79.0384690	-90.5946060
78.3667160	-98.8764040
74.4930350	-106.2336900
63.6790320	-118.6300600
57.8675460	-126.9974000
37.5951660	-141.7305800
17.4593490	-151.4979100
-13.3816600	-150.8051900
-28.1792170	-146.0818100
-49.1668600	-123.1964900
-74.5984660	-109.7906400
-79.7085110	-87.7803190
-85.0749020	-70.6025940
-77.1313550	-49.7032910
-73.7184050	-43.3539260
-69.4739140	-36.9809300
-58.0686790	-35.1617770
-58.0937110	-27.8394890
-59.1423870	-35.4473190
-63.6906410	-31.0754970
-66.8641270	-18.5585600
-72.7918250	-18.7358060
-74.6067250	0.0670912
-69.3249060	5.2677029
-57.8865020	15.2951300
-54.8835150	17.7969660
-49.0244840	16.0821120
-37.9463740	18.0946280
-33.6775210	11.0649440
-43.8746370	13.4541590
-47.0076230	8.0117411
-51.0820920	10.2722180
-52.7695850	22.5278770
-49.8539920	29.8055900
-50.7440170	42.4371170
-50.6859210	48.9040190
-40.1759410	61.9469210
-31.0088940	64.0149570
-15.1886480	70.8873910
1.3746460	70.8158410
13.7343400	56.5494350
21.0736430	45.9624000
22.1402000	43.2978030
23.6414240	31.4275370
26.8419700	29.6472690
12.5608410	19.7509420
16.7733730	22.4877290
10.8182110	22.9813770
17.9050000	24.5399220
18.7536320	33.7295580
25.7311140	21.2079140
40.4428110	15.6232360
38.0210410	8.6611229
32.7215710	2.5615654
30.0658650	-0.9097412
27.3462850	-11.2993220
16.8602900	-12.6987320
9.2534241	-5.5520245
5.0462572	-8.2007979
3.5464987	1.5008447
12.1567960	10.6450730
18.2299850	7.6555935
18.0786340	6.5401878
34.0791700	2.7103299
37.0146160	-5.9182154
41.4796930	-8.1230403
35.4019290	-22.5074660
28.6100930	-34.4696360
21.3274030	-38.8151740
10.5528160	-38.7209940
-7.0830021	-40.8904410
-10.0370650	-36.8071180
-12.2251750	-28.0982160
-13.3432400	-14.3561070
-18.1409540	-4.4490742
-9.0811096	2.0741355
-1.9989653	-6.3185973
-4.1047069	-7.9959287
-3.4596136	-9.7181078
-1.1209698	-13.5989390
-5.3117855	-13.5883460
-10.4319040	-18.6404250
-5.2740407	-15.7227010
-11.8690190	-9.0845095
-12.6478360	-5.5678474
-10.6940520	-3.8435034
-14.4087100	-1.0053420
-15.3003230	4.5105083
-6.4259318	-2.2521133
-10.8978990	-0.5664375
-12.4513090	-3.6678951
-7.2684437	-9.6673829
-9.4730113	-11.5677530
-13.1505440	-8.7455170
-21.7280630	-4.5482578
-29.3729080	3.8474966
-22.3843160	12.2178030
-19.7617220	18.3349650
-6.6188370	21.4078010
-2.6788861	24.3230680
1.3645529	29.5886750
10.3584660	14.4280900
12.3057230	12.5567530
17.7325990	9.1214462
16.6127760	2.5559349
4.8715829	-5.2584348
4.5452962	-3.2828318
0.6190522	3.1914038
-6.8260860	3.4789548
2.4423556	7.7749602
-2.9328004	11.8901300
2.4914632	5.6052686
7.3280946	8.6032429
18.2055630	6.6531424
9.4568457	-4.0251843
9.5707634	-1.9205518
11.3461960	-6.7779145
3.1882644	-9.5103930
3.2951465	-13.6013050
-1.1181265	-10.1442550
-12.0327320	1.5650290
-3.4406036	2.9466132
-8.4733432	1.1461711
2.5432732	10.1852760
1.6943700	9.2397927
10.9995710	3.2165268
13.6219830	-5.7412303
5.7524964	-4.0480864
5.9962614	-7.8867426
-1.0905861	-17.0702300
-3.2466836	-16.7125970
-16.9928740	-12.0054860
-12.9894680	-4.2763623
-15.4866320	1.6195614
-12.8912270	6.6367077
-10.3988010	13.9510290
-4.0146013	17.8385060
2.3696655	20.0817570
5.4749159	15.1703770
8.7255091	2.3002869
15.7445010	-0.3108656
6.3087761	-4.3454352
10.5788170	-13.0345570
-2.1611417	-15.3596810
-2.1318613	-8.6987612
-1.3706358	-12.9340750
-12.5882010	-3.0142676
-2.3459938	-2.0271635
-11.0408660	6.4703334
-2.2198525	3.7082983
1.9422316	6.9861761
-1.6769879	-0.2326479
3.2243155	-0.0293289
-5.0321677	2.9484781
0.0965653	2.1772083
-3.7380622	1.3214818
-3.9119753	6.1493493
-7.5305367	8.0224635
-1.7743500	7.4082587
-1.1428962	7.4020921
-3.3153660	11.8245340
6.3647402	15.6172480
10.1462820	10.8069700
14.1351870	8.2121717
12.2722940	-1.9631928
10.5630050	-8.9712048
6.1359494	-14.9081600
-0.2040249	-14.2508160
-4.1377695	-16.8932090
-1.5314934	-14.1254700
-9.9841470	-1.2316411
-5.5127921	-2.6144034
-5.5070419	3.1916393
-8.2493337	2.7704219
-4.7077974	2.2800881
2.0655310	4.5620097
0.5740082	-3.3524772
2.7436305	-6.4285875
2.3668577	-1.8436799
-0.2961395	-2.4647794
-3.2179814	-5.0395023
-5.2230151	1.2309419
-5.2337827	4.6564225
-2.6492040	8.0870674
-4.9560638	10.4412650
1.6310411	3.4289949
0.1706423	3.0920673
1.0354063	7.2515055
5.3311706	-4.4871945
-1.0707230	0.7861796
2.1840729	-3.2282128
-5.7009605	-2.6216074
-3.4160163	-1.7631071
-8.7797911	-0.0138501
-12.6827940	8.4232023
-6.7050186	10.1788300
-2.2448398	12.3147680
0.7519785	15.2483680
13.6932460	16.9515310
11.8477160	11.5481020
10.4017300	6.3129195
12.1191580	-5.9771714
10.8444620	-3.1547261
6.8532169	-9.6603113
0.3743586	-7.1178970
2.3894095	-11.2066900
-2.0482698	-12.3737210
-7.4701574	-10.4691990
-5.2967381	0.1720945
-3.7978920	-1.1027657
-0.7964327	-0.9596153
-2.6557629	-1.5236229
2.0308126	-6.6323149
-0.6941746	-9.9632557
-5.5982473	-5.3052476
-11.0477360	-10.8007650
-10.2365520	1.6286766
-9.5287338	1.7217907
-14.0636930	4.4876979
-6.9691815	4.8588552
-2.6419158	10.3063140
0.4634203	19.4907780
4.5932334	11.5844460
8.2663137	11.1247310
9.1531508	11.9168740
9.5421308	6.4135904
15.7734310	-3.1820914
12.6815810	-12.2526420
2.8996335	-12.6217640
-3.7193695	-6.8721909
-4.5132024	-9.0914002
-5.8359635	-4.0002732
-9.4544758	-1.9724829
-10.2887910	7.3402613
-2.2783685	7.1084532
-5.6803667	11.5473190
0.5210931	9.5205343
0.5445774	1.4383577
9.0896632	3.5960119
9.3901367	4.0234772
7.4876290	0.1053009
-1.3080797	-3.2186959
-3.9043413	-9.5664967
-6.8433525	-7.4441849
-1.7841102	-1.2786123
-6.8068554	-0.7650755
2.5013150	8.4132139
-4.3943695	5.9222407
7.6448579	0.4499410
8.1570863	1.2304670
8.2638738	-6.4962819
1.2579808	-1.3161482
2.3851052	-6.7047043
-6.0903230	-8.2452980
-7.5513022	-5.4279898
-3.0365237	-8.4214085
-12.7909740	-1.7640032
-11.9788450	1.1463152
-7.0079598	5.1176065
-2.8937460	9.0512111
-2.3381342	1.4508513
4.0710641	7.3252886
6.0042189	5.5965435
6.8175206	4.3558297
2.8686975	-3.6097624
1.7240201	1.9550096
6.2993462	-9.1589840
0.7009576	-9.6223661
-1.6885985	-4.2613202
-4.2845202	-7.2061319
1.2662292	-4.1232399
-5.9494797	-0.2544535
-8.2644188	-4.3706900
1.8509543	-2.0801920
-3.1825212	-1.3864707
-2.1837550	2.7345535
-1.5948781	-1.1908935
-7.5124580	3.9937782
-3.3233073	0.6807190
-0.6206308	9.5748183
-2.7141171	12.0709000
-6.2463898	5.1281975
5.4314056	10.8511610
9.1055813	10.6415660
7.8611185	11.3172140
3.9736851	7.2222304
7.4524313	4.0847954
11.1646340	-8.5549438
5.8488944	-4.5503913
6.9906278	-7.9876417
-0.6540842	-11.6931720
-5.9532852	-8.6061225
-1.9598380	3.1295780
-9.4677330	2.3956557
1.7433785	0.8269940
-5.3778466	4.5630323
-0.1307512	6.6115439
5.7878777	3.3182218
8.5544912	-2.2787011
3.4071787	-2.5062376
7.7124012	-5.7066382
-0.0878060	-6.3220579
3.3204430	-6.6497412
-1.6520311	-9.5533600
-5.6999020	1.8757372
-6.4080340	2.1577846
-3.8234228	3.7854966
-5.4100649	4.6581600
3.3040811	8.3463041
0.1369689	5.2593410
2.7371674	6.8021613
1.1462704	5.0607600
-0.3012592	3.3042120
5.6387447	-0.4818652
-2.0551001	-5.5905679
-0.7733122	-3.1689569
-3.0351408	4.0944848
-0.3179224	3.2586911
1.7800824	0.6621288
-0.6660504	4.3455666
6.1684576	8.5004056
6.4679483	4.5882525
6.0483562	1.5578472
6.2336374	4.4591860
3.8478741	-6.1266458
11.3489230	-3.5069279
4.7411732	-12.1293590
-2.5572340	-3.2812250
-4.0357093	-10.8644380
-9.2684800	-6.0570283
-4.9553717	-6.8017644
-11.7673220	-1.9588374
-3.6091229	2.7648588
-1.4574004	4.8973614
2.8868671	2.8112789
4.2824241	3.6892491
6.3756585	2.5856800
7.0839194	2.4083264
3.3644561	-1.9148201
0.8917310	3.0824066
5.3790288	3.3489564
-2.6536960	1.3859878
2.9213646	-0.9254856
-2.9312472	-0.3283142
5.1241551	-1.5567924
2.7666416	-1.2852609
4.4889675	-1.2164511
1.9761860	-4.3553881
7.1999583	-0.9284000
7.7260107	-7.5344084
-2.2963109	-10.5359250
-5.8012829	-2.6613444
0.3418826	-4.5224909
-1.9266186	-7.6354438
-0.9692336	-2.4871721
-1.0398900	3.1541636
-3.8771150	-0.6499556
0.9761938	5.3812923
0.2408948	-0.7415560
1.7188387	7.3954468
-2.5486436	1.3515749
5.6688379	-2.2209658
-0.6001897	1.4985156
7.5572403	-1.0198731
1.5652295	-3.0112937
-1.1238692	-4.0540971
-2.8906832	-0.4067574
2.9995756	-3.7201522
-4.3527361	-5.5719580
2.6769862	-2.7454589
0.7383973	-1.4850251
-2.9087506	-4.4945949
-1.9325428	3.4957827
1.1881409	-2.2731141
-7.1947986	-1.3826605
-7.3097888	0.3602846
-3.2996189	-0.0013170
-1.6775031	6.6312594
-3.8468688	5.2449329
0.3083399	7.9963677
-3.6748180	7.4826090
-1.2782388	9.1510761
4.7392290	1.1303690
12.5442120	0.7011917
10.6929380	-2.6195533
11.4102510	-6.1455587
7.1484478	-5.9879309
4.3020395	-5.6068987
-1.7282033	-10.8907490
-7.6947536	-7.1765786
-8.1968457	-8.6457373
-7.2814100	-3.4432602
0.5926973	1.4386281
-8.0345856	5.9266029
-5.8938646	6.4751746
-2.8487241	7.6528228
5.7737763	2.4481303
-1.0941448	1.3303736
2.7068072	2.5633118
-5.0761111	2.4590698
-0.9157596	-0.9903701
2.4831778	0.6359729
-0.3947430	1.8384596
-5.2365820	0.7910922
4.0919993	0.5882384
3.4253542	0.3478191
4.0122884	-0.8207839
1.9952735	-2.7292955
5.9345303	4.4646913
6.4839078	1.3376199
6.4966526	-2.9858192
-2.4237117	-3.4763079
-3.8020563	-3.1395107
-2.5147480	-6.4001759
-7.7713867	2.8158062
-9.6015390	-0.2604304
-3.9462247	0.2999595
-5.2578123	0.8268057
4.3384807	0.3761191
-0.3389613	0.1133156
4.6996065	1.0068920
1.5269650	2.0821968
8.5038615	-3.0211422
7.4523671	1.7723752
5.0824934	-0.1431737
-3.4391724	-1.0573997
1.5308936	-7.4105796
1.6915663	1.3842709
1.1896911	-1.9909993
0.3944027	2.5458516
-4.4761602	-1.3963233
-4.0723167	2.6822723
5.5573546	4.6374433
3.8133884	1.0968169
1.5887041	-5.6670091
4.3062365	0.3701636
0.3817561	-8.5501724
-2.8573618	1.4895804
-1.9952397	-2.2401927
-2.0061732	-0.9268126
-2.9975009	-1.6484307
-1.9459445	6.9380879
-2.3526978	1.3044418
-1.2476526	4.7793893
-0.0101472	-0.2438322
4.2779470	5.8081424
1.4819226	5.5099683
-0.4642132	3.7419772
5.4120539	-6.4239469
3.6101962	-5.1146680
-5.8251900	-1.5387159
-3.0523336	-1.6624703
-7.2956464	0.2589267
-3.7255710	-1.8364838
-4.7466203	5.6240506
-4.1785115	0.7244957
-3.7782158	1.5605811
-1.0434042	2.7034196
5.5387120	-1.1941032
7.7669056	-2.8350703
1.0039409	2.0537539
1.6558697	-0.8617169
4.1921068	-4.9649248
-1.4285570	-0.4224819
-5.4311085	-0.4045011
-3.0761723	0.2917800
2.6172630	2.1231260
-3.5146770	-4.5137736
0.9410714	2.2597484
3.7822523	3.1803193
2.6754275	-3.0777017
-2.1150175	0.9546669
4.3598668	0.7464747
-1.9183421	1.8706040
-1.2417520	-5.4476892
-8.3773032	-6.4219950
0.7773544	2.5468471
-1.1575317	3.7857664
-2.3090986	-1.6120255
-4.0861712	6.7933229
5.2920515	-0.9132835
6.2887970	-2.5294277
1.5437476	3.7708224
0.1635568	-1.9859024
-1.8414615	-5.9548300
0.0778393	-2.2999334
5.3234284	-3.7980703
3.6018851	-0.5470059
3.3042400	2.7770380
-3.2439918	-1.8373263
1.3667615	-3.7065897
-2.0945303	4.0119752
-4.3396674	2.4222033
-4.3555245	3.6324805
6.8278156	-1.7793946
-0.1957725	-4.5639700
-2.9596062	-4.3294209
-0.4953531	2.7122968
2.7056664	-1.3713042
3.0554366	1.9922027
-1.5521837	1.5752891
4.3051797	-4.2037493
-1.1875618	-2.5090831
0.3817277	5.1879631
0.1777757	-2.7736290
0.6650867	-0.7061783
3.9547278	-1.2351122
3.4151740	-6.6999027
2.5073601	-2.8633716
1.2006139	-0.4821593
0.7130623	-2.8172181
0.8670694	-7.3697633
1.0241811	-2.2643845
-3.0446868	-1.1005579
-3.9877094	2.5735513
-5.2847973	-2.0698812
0.4086744	5.6442334
2.0715029	0.0595722
-0.4009058	1.9841596
2.4669464	0.6749603
9.3046095	-0.1166287
7.0840362	0.4614709
0.7707593	-3.6355693
-0.1521663	-5.3064907
-3.5137833	0.5697675
2.8575507	1.7438020
-0.4347405	-3.1113859
0.8715424	3.0089959
-2.6914535	-5.7286179
1.1250699	4.3745192
-1.6074364	2.3064498
-3.5331746	-4.6251109
1.0441978	-6.1431069
-4.9372146	-0.0970154
-5.4291339	-5.4690003
-3.3606791	-6.2397583
-6.5483700	-2.7498607
-6.0431433	2.5390354
-3.7557395	2.1398247
1.8843959	6.5279682
-3.3937985	3.1896586
1.2254538	7.4418894
-1.3049352	5.1679252
8.2202916	-3.4424970
3.6366188	-3.0416491
6.5360924	-0.7612612
1.5331659	-3.9080486
3.7198062	-0.8879852
-1.5862686	-5.6559008
-4.8600664	-2.5206868
0.4507848	-3.1968167
-6.5808888	-0.5902854
-4.2552894	4.3330976
-0.2489315	6.2871672
2.4098219	0.6293518
-0.0856933	-3.4719825
2.8961797	0.1805861
3.4085108	3.2644612
-3.4267013	-5.5028132
5.1209234	-2.1140052
-1.5127664	-6.2463875
-5.9323903	-1.8909151
3.5259082	4.9171228
-3.7465590	1.7907053
-1.8694261	2.5873929
2.9115521	-0.4589350
4.1372902	3.2420398
5.6553573	-4.8485797
1.4594535	2.1869830
5.0353277	-5.9859335
-3.0148756	-1.2419894
-2.0242314	-7.7958682
1.2838497	-6.6929848
0.4127191	-4.6489367
1.2689606	-3.4642642
-3.5952179	-0.6579751
1.1368908	-0.9680390
3.3514219	-0.9032171
3.2749725	6.4320976
4.3190745	5.4240328
1.0047517	4.5763067
2.2225514	-2.4070863
4.5212606	-3.8750405
6.3413430	1.5777718
0.0459274	2.8743796
-2.0775692	3.5302680
2.0256578	2.3765284
0.3986868	1.0352625
3.2401382	5.5089680
-6.3502891	1.3562820
-3.4715310	1.1507476
-2.3266628	2.3956790
-2.5823241	-4.0942757
2.3985932	-2.5097016
-3.4065102	-0.5748624
0.2544033	0.6189457
-2.1003313	-3.4770646
1.9768878	-3.8068172
1.3396711	4.5063426
-3.6184229	2.1116460
-1.5644855	5.5817727
-1.4933245	0.5852809
1.0764261	-0.9298739
-0.4587991	8.1870057
-0.9341114	0.2510160
6.9103986	-2.8107761
-1.6044234	-1.4739612
5.2790604	2.7766179
-2.7632789	0.9699352
-2.6832059	-0.7304185
0.2206034	2.2193237
-0.3886137	3.9553322
-0.2401109	-4.9738454
-0.5487382	-2.3338170
-5.5760189	4.7294075
-1.4972478	3.6504653
-3.1002643	6.2525830
-1.4053772	2.5117856
-1.1299001	6.3968300
1.5670809	3.8248990
5.8995318	1.8106536
2.6319759	1.3100820
-0.4697018	-3.4524134
-4.0208982	-1.7981830
4.8790674	0.6092790
-4.8825685	-2.3593431
-2.0272373	-2.9597934
1.6579318	5.6393987
1.0226788	5.3406561
6.6852971	1.2951264
-0.2177811	2.2914866
5.9054272	0.8267498
3.0958239	3.8001687
-1.9910372	-1.4816615
-1.1619473	2.7141222
-1.6574188	1.2794701
0.7154782	-0.3126672
-1.0100991	-1.9672918
-0.5715592	7.1972772
1.0299758	-1.1089329
-1.2974948	3.1238983
-1.8758682	5.9373388
6.8754613	-3.9831708
-3.1176943	-2.5064220
2.4397694	-5.1411708
1.7182033	-7.3847312
-1.9736824	-4.5570662
-5.5973239	0.3729442
3.4247462	3.5651324
-5.2973948	-2.0967406
-0.0761645	-3.0416051
1.2361753	-2.3405611
4.3442078	3.2157054
-1.1643507	2.8781533
1.7348847	5.4222293
4.1714448	-3.6826836
-4.2189188	-1.4352174
-4.4134351	-6.1710744
5.1192455	-3.1031706
-2.2692306	1.5538347
2.8394001	-3.5650842
4.2901776	3.6961306
2.4577200	-4.1873597
4.6130502	-4.2998700
-5.1129655	-4.1134720
5.8464332	-2.9673764
-1.1943030	-0.8462744
2.9679469	-1.2158421
-1.9234440	-4.6786336
2.5910028	1.2416077
-1.0284991	-1.8064110
-3.7836278	1.5580040
-3.2097335	-3.3752205
2.6873675	-0.7568033
-5.2754082	5.3351848
-4.3764175	3.6676740
4.9880405	-3.9244045
-5.0476022	6.4558826
5.4581169	-2.2749509
2.6446462	-0.2414883
0.6038513	2.7141932
-1.8625187	-1.6346392
6.0616892	-2.3910332
1.7025540	0.2759196
-4.5940604	3.6744601
-3.7750778	-0.5325117
-3.6266837	0.8493286
1.4363317	0.3944553
-0.7170315	2.5739045
3.2250869	-4.3832079
2.2081246	-4.5619733
3.9569121	0.2770586
-1.4076518	2.1522104
4.7476232	1.7225026
-1.9815327	0.9973298
3.9016192	-3.4903351
0.4081412	1.4050007
-7.1191263	5.8762867
-3.9080263	5.3902473
1.3239424	-2.8672424
-2.0113210	6.1542059
-1.4777105	1.9047557
-2.8034886	6.9266024
-3.6878573	5.9898535
-3.2145872	2.7471475
-3.0317514	0.9170425
4.6072986	2.0592543
-1.9531889	-4.3815814
-0.5582846	0.9137253
-0.5427142	-0.2268024
-5.7586337	2.6610664
-2.2504360	-0.1712683
2.3838689	-2.5934501
-4.8828873	4.7123414
0.3329735	6.5274901
-1.8007362	-0.8098044
-3.1289040	2.5217101
4.4581371	-1.7432913
2.0674396	-0.1279648
0.8633403	-4.3372866
4.8500269	4.4898611
-4.8443884	-4.3779113
-2.2322348	-4.0585223
-5.5075527	2.6515296
1.0939890	-2.9613156
4.2450904	-3.9410159
5.7242572	4.1804681
4.0970077	-3.8696227
0.5913033	2.5199311
4.0064451	-2.5301984
4.1903972	-0.7123739
-0.7068426	3.8499734
0.3674047	-0.2114866
0.2074054	4.3643367
1.6446218	3.6882458
1.5757795	3.2443839
2.3079021	-2.8184845
-4.3335599	0.3933346
2.1342315	-1.6014598
2.6264331	6.5507227
4.3168483	-2.7386805
5.7373704	2.8424589
-2.4787633	1.1175303
-4.2108328	0.8372447
0.2494265	0.5759211
2.9567960	1.2706853
3.2991682	-1.2144217
5.1504820	-4.2443966
-3.3738866	-3.9384954
-1.8954931	-4.4066774
-0.9764378	-2.3306094
-0.8580956	5.4136504
2.0050152	1.1075849
1.5322176	-1.3898484
-3.2862290	-2.0659669
2.0142011	0.1862459
2.9743180	-1.7653380
2.3982899	-0.9680349
0.2565636	0.7487097
2.3210990	-3.2197465
-4.1326320	-1.2592291
-4.6030905	5.1964575
-0.5771497	3.1853900
5.6884530	4.0006835
0.9224942	-3.4432217
0.8431783	-5.1392734
-0.2552859	-4.2001759
5.7982567	-0.7934436
-4.6839618	2.3836490
1.9104297	-4.1453444
1.0451181	4.1366919
-4.6703944	-0.9014412
-5.7200708	4.8551172
2.2182049	4.8186217
-2.4066269	-2.7373958
5.0019651	-0.2892324
2.0250594	4.2440546
-4.4052111	1.1564419
1.0919375	-1.4046119
3.4502815	-4.7193922
-2.5479787	4.8717879
-0.5264555	-4.6210937
2.3816450	2.1886054
-5.8611274	2.3941350
4.2798125	-4.6159025
-1.6068956	-3.2343604
-2.4695385	1.6262545
5.5290794	4.6694856
-4.1634726	-2.1283556
4.5083016	0.5141491
-0.5812032	-1.8373288
-0.5320207	-4.0107521
-4.0671976	3.2790901
0.0377538	-0.6156129
-3.9261746	-4.4625840
1.9435996	-5.0912936
-5.9094591	5.1813936
1.6364916	0.4729487
-1.4802520	-2.6965436
2.8841188	-1.5644275
4.4650977	-2.3241301
1.6873280	0.1980652
-2.4297259	2.7095395
6.4707002	-2.9168700
1.5991240	-3.5142878
4.6407877	-3.4469611
2.0120272	-2.1619209
0.5217650	-2.7026934
-1.3981823	2.0560100
0.4775889	0.7242178
3.0963023	5.1587687
3.1928862	3.0427011
4.3328236	-5.0287994
3.4412905	1.4296572
3.8414423	0.9959271
2.0419804	-2.0510948
-2.4738601	3.7372183
-3.6445267	0.1492241
-3.2708632	4.2219778
1.5721549	5.0155463
-2.6594179	3.4145404
-6.0678149	-2.6590890
-0.3613174	-1.0558140
1.0238126	1.9862361
3.6492613	5.1173992
1.8498553	1.8512862
4.3365422	4.5294830
3.5494291	3.7372572
-0.3574736	-0.5511824
-2.8302394	-3.0147266
-2.5534113	-1.8677774
2.7499606	1.1277097
1.2543417	4.1797012
0.9257261	-4.8009734
-4.6337272	-4.2603017
2.3947688	5.2805530
0.2996796	-1.3912697
3.5122790	4.8842988
2.6863527	-0.2796134
-3.6536373	-2.3745242
1.5857435	-3.9164072
-2.1760070	4.8744268
4.6152191	0.7769746
-2.5894403	2.2212409
-4.9549261	-2.4838935
-4.9601990	-5.5409183
-2.4090437	-4.4682622
0.4889865	5.0686109
1.2484524	-4.5370875
4.4347408	-1.3281848
2.2696963	-4.2121370
2.9996391	2.7444925
-4.2578170	-3.0366912
-2.5650672	2.3291016
-5.4935894	3.1216007
-5.6114161	-2.0199429
-4.6020980	4.5284683
-2.4814583	5.4503357
-4.7983305	0.0197545
-2.0965445	-3.2023621
-2.6394648	-4.0605809
-0.0056854	3.7190331
0.4493710	4.0218055
-0.4700262	-4.6582253
4.9097888	2.7817519
0.7181232	-5.7112513
3.9885117	0.2681851
4.4242942	-6.1728930
-1.0732889	3.6352368
1.1568153	-2.0026165
0.5148664	4.1853838
-2.1541629	-3.7018383
1.6327845	2.6028958
-3.3362949	0.3400593
4.9087990	2.2601941
2.5145540	-3.6406191
-3.6008084	4.7089940
-4.8995347	5.5695899
3.3508730	-2.6927696
-3.5898308	2.7085637
-1.3272981	-2.6803646
1.9976470	-0.6089440
-0.1188139	0.1821175
-3.2900997	2.4090882
-4.9221104	0.8454794
-0.4534259	1.9839480
5.5189561	4.5635080
-4.3549157	-5.2202912
-4.5956837	-2.3736192
5.1946920	4.2780736
-1.2460253	4.5758345
-1.7384125	0.7708360
-3.2735754	-2.5215883
4.3915825	0.7717773
-5.0032868	2.2200103
-0.2500875	2.5650828
-5.4773008	4.2994832
-1.1920428	6.1161711
-4.4191461	1.3850167
3.1313465	5.8282335
-0.7344437	4.3686883
-4.1545670	-4.4402691
4.1012767	2.5782762
3.3410943	-5.3541665
1.2244294	-4.9934999
-3.8680203	-4.1780255
-3.4100723	-0.7583026
-1.5782332	-5.0727369
1.4401534	2.7933787
3.8450149	-3.0354564
3.7271438	-0.6786362
-5.3340811	-1.7421362
3.5466791	-4.4092000
-3.7547408	-5.1683250
-4.3323717	-2.0521183
-4.8910005	-3.1963640
1.2972918	2.1060572
2.9143551	0.1611777
4.6308259	3.7044234
1.4699971	4.7770660
2.0983806	-4.5282248
5.0686866	-1.7072810
1.2326654	-3.2839043
-4.4837658	1.1094677
2.0774637	0.7779625
-0.1465576	0.2703255
-4.1765697	1.4685291
4.5741978	-3.2591986
4.0097201	3.0933930
1.7046030	2.4967386
-0.4772566	-4.9848077
0.7724691	-4.3308484
-2.7640132	-3.2551466
4.1338378	0.0014343
-1.8614804	1.9194197
3.4144024	-4.0269256
-0.0650269	-2.2464100
-3.2214223	-1.5624720
-4.3289306	4.5873952
-4.8645874	1.5716592
1.0506422	5.1314364
1.0478471	-1.9470129
0.6297001	-0.0237268
-0.7251516	2.7531933
-3.0668822	4.9747299
-4.1521683	-4.6532995
2.9311440	0.8087494
-2.4834273	-0.7938154
-4.5663780	-2.8938343
4.7535608	1.9682716
-3.9774207	-3.9425851
-2.6030077	3.9395167
-1.0050857	-4.5131954
-2.0808212	-1.9140717
3.6932476	-2.3651104
0.1582134	-0.3250219
1.7574052	4.8043164
2.1161035	-1.2196724
-0.8019258	3.7033997
5.0147392	1.5115638
4.3044218	0.7690531
-0.5075578	0.5706158
1.0972484	-1.2765084
-1.1940464	3.0641664
-3.0063663	4.3949698
-0.0727522	-2.1991579
0.9414427	-2.4590361
0.3290647	-0.0917166
-0.1442400	0.8208270
3.3123163	4.9088110
3.2576258	2.4390952
1.6761304	1.1287203
0.2071621	-4.8833249
1.9887178	3.2385457
4.2338940	-1.8668660
-0.3008172	4.0895640
-4.2020407	-0.2439553
-0.7417447	2.4609883
-1.0506724	2.1018040
0.1958205	-0.3968275
3.8906189	2.1137497
4.4395314	-4.0277280
0.1894628	4.5651681
-2.6353167	5.1842358
-3.9236756	5.7843140
-4.0276086	1.9137488
-2.7430720	3.5514688
-3.3582318	4.1348165
-4.8519539	2.2112597
2.7914472	2.1746753
4.8915977	1.4558560
2.9542855	-4.2980998
-1.3523055	4.5147612
2.5224509	-3.0900749
3.0761515	-2.4209650
-4.7576299	-3.9827501
4.5574357	1.5501058
-1.9980292	3.3982169
5.5076409	-1.4785565
-2.1417876	-4.5749758
-0.7259541	-2.4443371
2.2838063	-2.4464648
0.0148867	-2.6803793
-4.3434353	1.0202367
2.9925172	3.4417977
4.6140823	1.9152188
-1.1965320	-2.1650321
1.2648020	4.5816035
3.1893131	3.7379858
-2.3830854	2.5820994
-3.4479754	1.8680901
-1.0452259	-1.7027218
2.0480805	-5.1953828
5.1198756	2.0527287
-4.1871557	-3.3785274
-3.7067282	-2.8580871
-0.2068306	5.3675048
-3.2327804	5.4435271
-0.1805364	1.4665725
-2.8024382	1.7506077
-0.9183484	2.5757909
-3.6159031	0.4083484
4.5893960	-1.4871502
0.3645743	2.0965678
3.4726613	3.2530777
3.1355445	-4.5575084
4.4786747	-2.3058898
4.2901080	0.7870260
3.2244415	-1.2804190
2.7206177	4.7559955
-1.7375940	1.6462079
5.1155361	-2.0582025
-0.6781004	0.0853258
-1.0772214	-3.5258441
3.1404383	3.6052308
4.0148424	1.1860459
-2.3944321	-4.5720265
1.4908538	0.6566866
1.8621774	-4.0287719
5.2045544	-3.6593959
-3.0659403	-2.0787661
2.0806919	-4.9259208
-0.9177964	1.7000112
-3.9664928	-1.3518622
-1.0323676	3.2829292
0.7254215	1.9082172
-5.0209979	1.8243210
-1.2874658	4.8928777
-3.9251338	-5.4422530
-2.1821586	4.0744624
-4.3751060	2.4539110
3.4565069	-3.3415325
1.8420598	-1.4336953
-2.3350508	-5.1525846
-1.1446736	0.1068190
-3.5605321	3.9251649
-3.6734025	1.5922108
4.3856784	-3.6388650
1.9607804	-2.3858574
-0.4825271	1.1461487
-3.1670012	2.5664381
-0.3019695	-1.3151302
-4.8292457	-4.3103806
-1.5174336	5.2732266
2.8182966	-0.3252424
0.2424340	-3.6567558
1.8811044	-5.2514414
-4.7639289	-0.6123918
-1.0677835	2.3123953
-5.1731767	3.0335243
-2.8680405	-1.8208886
0.0443503	1.3889851
-0.7256279	1.4797675
1.3291257	0.3429200
-1.4801352	1.8001111
-3.4479385	-2.2505196
0.1224721	1.7192201
-0.1475277	5.1287606
0.4818215	-5.1425839
0.2580381	1.5813443
-0.3050996	-3.6109219
-2.2311329	-4.2689181
-0.1456602	-1.3368385
-4.6670804	-2.8400308
0.9465651	4.0434568
3.7673352	0.2785191
4.1104101	-4.9273055
-4.1674091	-0.5251452
-3.3077172	-5.5472905
1.4135226	-1.1350741
-1.8788950	-2.2883979
-1.9579690	-1.9450603
-0.1435540	2.8347982
2.5701105	2.3432348
3.1894437	4.1002281
1.6814569	-4.9593361
-2.0227991	-4.4737496
-2.9470149	1.6405488
0.6980335	-4.5412505
3.9005811	-4.6603128
-1.3016101	4.6061468
4.6391958	-4.4033746
4.8618095	1.9316950
-2.3058162	-1.9936815
4.7860693	4.3770761
-1.2055785	5.0782816
2.2690556	4.3439280
5.4752453	5.4456674
-0.0383265	-3.9407880
0.2538730	-5.4198783
5.3298922	-4.6148306
-4.2065785	-3.6929231
2.8595440	4.0505905
5.0586617	0.4904710
0.7438844	4.7097648
-3.9723499	3.7014852
-2.4194995	2.2383198
3.8563220	2.8387058
4.4912547	2.3631756
4.4230620	-0.0705751
1.2105202	-5.1734508
-3.9426304	0.1109926
5.3472450	-2.5267410
-0.4536287	-4.5074084
3.8247633	-0.3273181
-2.7580588	3.9533967
0.6689424	-3.3018901
0.7431840	3.4468382
1.1034909	-3.7508009
1.8657765	3.0155226
-2.3305345	2.8790129
0.8930490	0.1675793
-2.9368986	1.2020397
2.9265995	2.0592150
0.1400469	-4.4505512
-3.2277403	-4.3622698
-2.9177010	0.1975474
3.0785233	4.4053316
0.5890690	0.2207655
-2.3270525	-1.3299931
3.5466113	-3.7919692
-1.3014324	-3.5093974
-0.2967274	4.0297990
-2.9477589	3.0938185
-2.2214226	0.7707961
2.3503459	-3.7362691
-3.3888405	5.2769458
3.4297128	-0.8532595
-0.6849197	5.3698615
1.8697377	-4.4423021
2.1268921	0.2577487
0.7630565	-3.8799190
-1.3515096	2.5781915
2.3128443	-0.6919131
-5.0610874	3.6833000
4.7775086	1.7636162
2.6042941	1.3895436
-2.0730627	-5.0509031
1.2432572	0.5615450
1.3414982	3.7370980
-1.9133809	-4.2671805
-0.1757821	1.7406901
-2.0912424	-0.2780234
4.1616437	5.0654875
-4.4211499	3.1207677
-2.3082731	-3.6444146
0.4617657	-0.4796931
-3.5629288	3.9308738
-3.7126362	-2.2653717
2.9871434	3.6289882
4.4786033	4.9334545
-0.8308496	2.2376844
4.8417464	-2.8672062
-3.5300090	-0.2979652
3.4326377	1.2621670
-1.5857254	2.1931064
2.3539354	-1.8811485
-4.7270840	-2.0062937
1.0941796	-3.3927848
5.1141102	-0.9619897
-4.9826625	-3.8563243
-0.4855847	-2.5298984
-2.8656614	-2.0534993
-4.5199580	3.9797947
-4.2739664	-4.9159191
1.2928360	2.6619020
-1.5728839	-4.9357740
3.8178047	-0.6898337
4.3512642	3.6404586
-0.5599514	1.0607900
0.2564865	0.3705191
-5.0156678	3.9862244
3.7284005	4.6231042
4.3052429	2.6456518
-2.8337177	3.4619033
4.7743326	2.8735357
-2.7075658	1.6503915
2.9415251	-2.3189977
3.8338306	-0.7206324
4.3548151	-4.4989182
-0.8217372	1.2223738
0.1717871	2.1855117
-4.3481898	2.2196618
1.8541279	-4.2743557
5.1504178	0.8557353
1.6472566	3.2176579
-4.8440452	-1.5633654
0.4324704	-2.1961127
-2.9681745	2.5794490
-1.5292548	-1.7331625
2.7640344	3.6857319
0.6718210	0.9848418
4.6439080	-0.7972315
2.1706619	1.4852214
-2.9110510	4.5396732
-3.5995810	-2.5597742
-1.1223649	3.3622832
2.1936921	-1.5319954
-2.0921787	5.0434277
-3.1659155	-2.6196830
-1.6431073	0.0835929
-0.5826969	-0.6267395
2.0919385	0.3339350
2.1952178	4.2579071
4.3829985	-2.1754846
-1.8030726	-1.3308511
-2.8982236	-3.3983180
-3.5456707	4.2138248
-2.7013628	2.8370495
-1.0290775	-1.8536993
2.0733223	4.1580117
-0.9279517	-3.9398592
0.5624660	4.4478295
-4.5248314	2.7960285
-0.7031409	-1.0366448
0.9168221	4.9039845
-3.2316938	4.8165907
5.2249425	-1.7329935
2.5045606	-1.1438435
0.6277044	3.1945202
0.0755277	-2.5957429
-1.6280660	-1.1538404
0.6673289	3.9423504
5.1611295	-4.8656007
-0.2975056	4.1008631
-0.8355333	3.7751559
4.6197679	0.0871458
3.8977116	-0.6341133
-4.9230781	-5.1497248
1.1991464	2.0265476
-5.5200694	-1.9009844
4.8651220	2.5273748
0.7456788	3.6106401
-2.2979788	-3.9246847
5.3838360	-2.9725525
3.6661702	-3.2335968
-3.8476995	0.4270681
1.0750181	2.5540403
-2.5660261	-3.1212491
3.7925563	-5.5204488
3.6275277	-2.3777778
-3.8132923	1.8871434
-1.1086841	2.1599237
2.4938794	5.2725167
3.1500192	-5.1297437
5.1308966	1.4785217
0.9065944	2.0647561
-1.3697455	3.9542041
5.1305094	-0.5690481
2.9339451	0.1151614
-4.4577039	4.7861445
-0.5346522	0.8710351
4.2530253	-5.4954015
0.5963311	-2.8842983
-4.3808374	-0.9171336
-4.9887961	3.1703265
-0.3274231	4.2295013
2.0556373	0.7720822
3.5590144	2.5522648
2.5121959	3.3065742
-0.5134950	3.5898012
5.0349602	-2.8928828
-0.1591567	4.6886513
-2.5838067	5.1884615
4.6746517	-4.8518884
2.8913672	0.2754418
3.3209280	3.5521795
-3.3698274	2.7106133
5.2371746	4.7257890
-3.9612114	1.3830932
-4.0872740	-0.3312707
1.4814901	0.4586982
-1.7041186	1.8122123
-0.0647377	-3.5532042
-4.4819928	-3.0695795
-1.1792996	-4.5980746
3.2174807	3.5567336
3.7608498	-5.3158184
-2.8770007	-1.2477554
3.3989802	0.2388060
2.0248164	-2.0859713
-2.6212458	-2.5021395
-4.2916800	-4.3475890
1.0611859	2.8846317
-2.1884806	-2.0739380
-2.1015797	-2.7944689
-2.4334236	1.6286708
3.8952523	-3.7809811
5.1293161	-4.8259808
4.5938762	4.7069219
5.0419220	-3.4678350
-0.0044706	4.1961282
5.0790413	-1.5015412
1.2998306	-3.1238957
5.2396589	3.2032555
0.2822412	-2.3230058
3.7198896	2.0152830
2.0215300	-1.9188835
-0.4540778	-0.8172850
0.7045301	-0.7745257
1.1384347	-0.9797314
-3.2514575	-5.0620618
1.8618052	4.4743716
-3.6531425	-4.6322950
1.0402006	-5.0158640
1.4823424	2.7179354
4.0172018	4.4742103
-4.4012956	1.1039292
-1.6437772	0.6819379
-5.1767933	3.5212561
-1.6529827	-1.7924384
-0.3748629	-4.2798529
-0.6919415	-5.2848165
-3.4401562	2.1257645
2.0559270	5.1266943
2.5904784	-5.2246020
-0.0070485	4.3809193
-2.9293225	4.1588177
4.7264122	1.5197281
-0.9498407	0.9242013
5.1090387	3.1516783
-1.3224558	-1.7594458
-0.8263040	-1.4676318
-4.7261563	-0.8628270
-0.5871339	2.3546012
3.2634362	2.6084309
0.0631310	-5.4754310
-4.6598458	-4.2655970
-2.2046475	3.2180919
4.0952350	-2.1817957
-2.4857973	0.5085794
2.2846732	-3.5559845
3.4322703	-2.3706981
4.6154018	-3.9608211
4.8201588	0.3692029
1.7210026	0.4218189
-1.3543941	3.3006591
-4.1100246	0.9088130
0.8954926	2.8303429
-4.3032504	2.5148791
-2.8976790	3.7543511
-3.7330957	-3.1604317
-1.0371153	5.3895930
3.1601440	2.8543762
2.3196699	-3.6008279
-4.0418164	-5.1969113
-0.0214219	4.8999065
1.7777586	-3.6973455
1.5679989	-1.9821028
-4.7388149	5.2356478
-0.3404827	-1.7273828
-1.0152500	3.3697416
-3.6663825	-3.8278201
2.0428881	2.5661658
-1.8968972	4.8261840
0.6889508	-3.9288354
-3.3676310	0.1344553
5.5494166	-1.0775535
-1.3076037	0.3491712
3.0715956	-2.3233938
0.2927267	-2.6630385
2.2983859	0.5939264
-1.5804378	-1.6256977
-3.5862368	-2.2193569
5.4054234	2.7211539
2.2027516	0.5986548
-4.6108768	-0.5199104
-5.2759921	-3.3245631
2.5088913	5.3395503
3.1186960	4.2809456
-4.8673425	-3.7518853
4.3456876	2.8921444
-4.7028735	-0.4193585
-1.9318096	-4.3959157
-0.5073183	-4.2729510
-0.8151999	0.2720243
2.9307418	1.0496520
2.2854809	5.4925592
2.0260512	-2.7320137
3.5935347	-0.1887740
-0.7186291	1.0805443
-2.0049027	3.5676292
0.7702857	5.5257991
-0.4363001	0.9474891
0.8041876	2.3515492
-4.9098464	4.8972931
-5.3687970	-1.5585342
-0.1591828	-3.2197047
-4.6357219	2.3863321
4.0918806	-5.4571441
-0.8533955	1.5058436
-2.9862861	4.4565345
-5.0383549	-2.4872615
3.2249972	-4.0081291
-3.1706315	2.5304395
2.0055246	4.5364729
-4.5647984	-4.0575265
-0.0867766	-2.8240205
-0.1121262	-5.3773906
1.7470469	-1.6364032
-3.1244968	-3.2789459
4.3012051	-1.0024958
1.5446794	-3.5921101
2.3896473	0.4344461
-5.3093139	4.3081169
1.7258908	-0.0945695
1.8314497	-4.5772041
2.7764890	-4.6597803
3.7458141	2.8720097
1.0527753	-0.9400498
-4.2987109	-4.3406973
5.0734409	-0.7507439
-5.3371763	2.8310930
3.1253254	-0.7888729
5.1377902	-4.1014484
0.3436496	-0.5137068
-2.5908903	-0.7240382
-4.8212704	4.4375888
5.1363547	1.8647010
2.4013326	3.8508641
-3.4175922	4.6160366
-1.0517730	3.2623992
-4.0418242	-2.7692182
-2.8550716	0.6170892
-3.2630690	-0.5643906
-5.0093735	-5.3344770
-5.0066447	5.4367566
1.3964148	2.0301314
1.9479577	-2.5023044
1.9924886	0.3702820
-4.8335463	-0.9779462
4.3170803	-2.4446498
-3.2853854	-1.0775945
0.7223316	-5.1230462
-2.0666654	3.5057076
-5.5027200	1.4650400
3.1850951	-2.4803870
-4.2786971	0.7630946
2.5639661	4.9399739
-4.2250256	3.9874073
-1.0364321	-4.8631510
-3.9861251	1.6437606
0.9945278	-0.6627266
2.3116812	4.5197151
0.6457348	-2.7083436
-3.7280190	-0.3274048
1.7860327	2.5708297
-3.9915619	-3.9914569
-5.1086758	1.2999510
-0.6852208	-5.3061328
3.7375403	1.1604890
-1.6060324	-0.3883946
-0.8861005	3.1260787
-2.2303378	3.4509808
-3.4377262	-4.2811172
0.7909414	-1.4667719
-1.3033739	-3.8160720
-3.1047909	-5.2644039
0.1065539	-4.0994154
0.3675169	-1.5091659
2.2280799	0.7277049
3.9346683	0.5805740
1.5275742	5.3188485
0.3473787	4.0909310
-4.4522616	-4.4080719
5.2682170	2.3064430
3.2542610	2.5957892
-5.0739940	-1.3275897
2.2321761	4.5682429
1.7314431	-4.9837996
2.2625749	-3.4666896
3.6632638	-0.4294466
0.1646349	0.0409565
-4.6498800	0.4806561
-1.1798011	-0.0641920
1.4252957	3.2239911
3.5851516	-3.5607187
2.0512427	0.4588187
4.9188825	-0.3706537
-1.6607102	2.0210865
-0.4899979	0.1522527
-4.7132379	5.5469841
2.7249402	-5.2289847
4.3475700	0.9504065
5.4023782	-1.4435152
4.5303526	-2.4720848
3.0947356	2.0985276
1.0662002	4.3854770
0.7230824	-1.7827255
-1.6018459	-1.8778274
-1.2886635	-5.2845279
-4.6253032	-0.3229314
-2.8071603	3.7100315
2.7534485	-2.6853399
4.7677178	3.4016375
-2.4029258	-1.2280326
-2.4747853	-5.0172079
1.9741583	0.1409769
-0.9421427	4.3576718
3.2535451	-3.3101499
2.6572015	4.0203581
0.7250247	0.7947375
0.2209770	-1.3932459
-3.8378031	4.3517938
-3.8485534	-0.6043476
-4.1020838	0.5017109
4.9076738	-0.1886149
-4.1803417	4.7229792
-0.6695050	4.4689787
4.1762582	2.4225699
5.1523098	3.8241156
-3.3888705	3.5823468
2.4906380	3.8599455
-1.4116235	3.4049072
3.6275336	4.9497395
0.2878406	-1.4669709
-2.3816612	-0.1985744
1.5014075	3.2138243
-0.5716689	1.6441499
-2.0366210	4.9176191
1.3614352	4.1449447
-4.7765024	4.0231785
1.7032746	1.0024592
-0.4335679	0.6164225
4.6996279	-3.4882388
2.9412184	2.0001573
5.3516646	2.1210281
-1.2717424	-0.7428663
-0.7027427	-1.7065921
0.1659023	-4.8006322
1.2304548	2.7149996
-4.9384166	-0.2886976
-4.4480652	-0.3786970
0.9993875	0.1845756
-2.5719281	-2.4456359
3.7577881	4.0918460
3.6292220	-4.2727346
4.7255300	-3.9151872
-3.0524686	-1.9737645
-0.9222741	1.4492270
3.6351431	4.2274552
-4.6187907	-4.4806387
-2.0642582	-5.4143739
1.8012301	-2.0672085
1.7121118	0.2684593
5.2637614	4.8136543
-0.8202098	-4.7453657
-4.6160707	4.0729598
2.5864985	-3.4236639
3.6876998	-2.6443083
0.1731252	-0.7903963
-5.2768307	1.8615753
4.6111254	-4.9588188
-1.4320596	-4.5194737
-2.1156494	5.0091389
0.2286760	2.9221935
2.6367266	2.9366008
-0.6009521	2.8899765
0.9574291	-4.9944076
-2.7000781	-4.9060912
-1.9388120	2.2397530
-0.0345595	3.1403093
-2.8528439	-5.1036186
0.5143641	-2.9387374
-4.2521798	3.5491714
3.6627413	1.8766814
-1.9715231	4.3244303
-5.2083785	3.4580624
1.0398519	3.9042481
5.5018453	-3.7042020
-3.6559676	-2.9314146
-5.1636545	4.7671025
0.8878677	-2.9052071
1.3327550	3.3195961
-2.5987727	2.4752510
-1.2751793	0.5018282
-5.3921744	-4.7082372
-2.6634299	-2.6184057
3.0616622	-5.3634276
-4.8967185	1.9619079
0.0233282	-2.0728723
2.8200161	3.1458626
-5.4527164	-5.3822616
-3.5145059	-0.5833071
-1.3060982	-0.3721405
3.8956342	5.2585136
-1.7925596	4.1010512
1.4555996	3.7581664
0.5324844	1.6273227
-3.2104114	5.1615476
2.0476776	4.0194234
-2.3679917	-2.0865087
3.3493393	4.7592192
1.2421119	1.8685056
0.1728302	-5.1923196
-3.9819535	3.0238406
-1.9180069	0.4317190
0.9800158	-4.2327974
-1.0489600	3.3735190
4.0855334	2.4857127
-4.5942671	0.6099859
1.4900793	1.9285900
0.7060731	-4.0965182
-0.6050225	-1.2482354
2.3349805	-0.8333896
5.3666514	-2.2761582
-5.3593807	-1.0659094
-0.6184433	-1.6100763
-2.2245358	-2.1010261
-4.0639047	3.5180577
2.9878280	0.3484758
-2.9818956	4.5829524
-0.0063016	-4.6770110
-2.0720940	-5.4009344
-2.3588228	-1.2629029
4.6321469	-1.2503230
-3.0755362	2.4840400
-0.0113864	4.3286837
-2.2324014	0.9997774
2.7044399	1.6096932
0.8798365	-3.0818928
3.1067413	-3.5518466
-3.9529792	1.3777875
2.0604430	4.6749716
-2.0600141	5.3445704
-0.2916929	-0.1716161
-0.6030584	4.4003174
1.9283943	-3.9481508
2.6210955	-0.1812018
4.6549386	-2.1119863
5.1672875	3.9955529
3.8987001	-2.7944526
-2.5703446	-3.6163706
1.7170807	-2.1804367
4.4032046	-4.6546666
0.9781726	-1.7922802
-3.6123463	-0.7575823
-2.0297770	-3.5524112
3.7338512	2.0272465
4.0976496	3.3815599
0.9050822	1.7273945
2.3017987	-0.8756313
2.1463687	2.8769000
0.8712397	2.5787850
3.0144535	2.9044513
1.6935213	-0.2501362
1.9343810	3.3574883
-0.3549060	0.1682512
1.8191288	0.8162877
2.4090548	-2.7330372
-0.0291979	2.2497188
-5.2354208	-1.6136193
4.3397190	3.2647652
-3.4518001	2.1118642
2.3079236	2.2503689
-0.6901785	2.2686799
1.7257834	4.4750540
3.0934722	-3.4874579
2.5429018	2.5357294
0.6302006	4.4940128
4.7451457	-4.5507101
4.1282068	-3.1024794
-4.3041263	-1.1390619
2.6093325	0.8613813
-3.6526439	5.3465578
4.5549414	-3.5206208
-0.5269469	-3.6936105
-4.1528323	-0.6103524
2.1228232	-3.1931606
4.4052462	-0.6329919
-4.8100643	-4.1316301
-3.2360841	1.0184127
-4.4071841	3.0515221
1.5009685	4.5676544
-0.9949438	3.4487652
-1.1412574	-5.3396251
-2.0043705	-5.3598364
1.9487965	5.3598324
0.5121029	4.3584782
3.7822402	-2.8982168
-3.8742756	-4.5445519
-1.2024636	0.1956738
1.3919130	-0.7486120
1.2480652	2.9348923
-1.3570642	1.8516112
1.8439099	-4.6418856
2.6189709	3.4201177
0.5462880	-1.6082379
-2.7203895	5.0468932
-5.4861199	3.3761323
0.8076586	3.9903492
-3.5831689	3.2442019
-3.9600364	-4.2344823
5.2433162	-0.3895126
1.9943529	-3.3099641
0.1079248	-3.4685464
-0.8580074	-0.0396413
3.3573882	-3.0650463
-0.6542767	-0.2154188
2.2668565	3.8139326
0.9954213	5.2849990
-1.1780416	-2.4886947
-1.2523183	-0.8892859
-4.9141596	4.8834332
-2.6174215	-2.1513805
-2.4049330	3.9775684
-1.8547246	3.3860140
0.3711522	-0.7313517
3.1549317	4.6835832
1.1684281	-5.2946401
-1.7524807	2.4824186
-1.0770734	0.9062553
-2.7469529	-1.8951035
-0.7502021	-0.2706841
3.8263070	4.2619115
-3.5782985	-4.2530533
-3.0953659	2.6395465
1.6186533	4.0772138
3.9838405	4.5733089
-3.3407585	3.9285292
2.9701013	-5.2552705
-0.7338183	-1.6674114
0.0554534	-4.8691400
2.4818697	5.3826588
0.6397933	3.0799790
-0.3182931	1.7728883
0.4050158	2.8204250
-2.4071963	-3.4333657
-0.9896593	-3.5066351
2.5764841	-2.4100478
0.9626384	-2.0849046
2.6966253	-0.7576245
4.9381188	-4.8771269
2.6705466	-5.1097642
-3.4156215	0.2869259
-1.2572131	0.9653085
3.7037804	-2.8320368
3.4059515	0.2225963
1.7666379	0.8830405
0.8263678	1.8670529
-2.4737412	0.0181966
-4.2900437	4.1963538
-4.7764326	-2.5284691
0.7417542	5.1202196
5.2138709	2.2928015
-3.0063481	-1.0774760
-3.6444336	0.8785256
2.0641042	-0.2728153
3.9688052	-2.8578939
-1.3255026	-2.3368698
5.0534472	3.2498914
-1.3561437	-4.5556965
-3.6207296	1.3270389
4.1272600	2.1062803
1.2085816	-3.7128752
-4.7879011	5.1715872
-3.0365072	-0.8647167
4.3122652	-2.0646966
5.1766958	-2.1135799
-3.2814529	-5.3640587
1.7048947	-2.7517427
-5.0349576	-2.5141499
-1.1032460	2.5961504
-2.4040734	-1.2824773
-4.1011692	-3.3478288
2.6061205	-3.0963592
-2.6532145	2.7678087
4.4271882	-1.9647263
5.1117262	-1.3994664
3.6147243	-3.1110195
4.0246240	1.3137261
4.6234636	4.6347313
-5.2805867	-5.4530220
-1.7214812	1.2328240
3.7240896	-3.2005442
1.9150898	-4.3361764
-5.2919236	4.4815118
5.1156521	-0.1455064
1.7358273	0.1725650
-0.7599909	-4.3283959
1.5792966	-2.3434928
2.8813946	-4.9436290
3.7165409	-2.8383077
-1.5191309	1.1048141
0.7179207	-5.0812622
4.7789442	-1.5981894
-1.7719694	-1.2324230
2.8629180	-4.0224709
-4.8682892	0.6540340
2.7492179	2.0188537
-0.1737945	2.2486592
2.3141489	-3.5375791
4.8957343	-3.9883269
1.9681074	-4.1544430
5.4590751	4.6160493
4.5640941	-4.4379204
-2.7489770	-0.3011452
-5.4001314	-4.3693912
-0.0841869	-0.7277689
-1.2328954	5.1941413
0.6009389	2.2110105
-0.5948910	-4.5698674
2.8911491	4.1020259
-3.3831993	-0.5156604
-3.7996699	-3.2606033
5.0973316	3.4364579
-3.2169974	-3.8534035
-2.2477975	0.9613438
-0.3273000	-1.9598555
3.2712164	2.7271396
3.3349688	-1.8054743
0.8013676	0.6069835
3.4363543	-2.9901053
3.3157863	4.9473123
-1.2929543	-4.2816156
5.3883975	1.4963712
-4.7132103	-2.1414099
0.6097539	-0.5110141
-0.9815557	4.4434676
0.3275043	4.5380727
1.2470815	-0.4182498
-5.2057324	2.0018629
0.7445092	-2.5008451
-2.3450547	-3.4500736
-0.9171683	-3.7078428
-3.3856739	1.5808519
-1.4446277	4.7416318
-1.3034098	3.9828411
-2.8255883	-1.6388036
4.6183682	-1.8232560
-3.0727576	-1.1362209
-0.5101183	1.3889262
-3.9324596	-4.4459367
3.4730719	0.9763799
-0.5530146	1.8844805
1.7704532	-0.6474940
2.6669716	-0.8860250
-3.0698418	-2.0220987
3.0820299	0.7908537
5.3270575	-4.4242665
-2.4791291	-3.9839478
-2.3807534	3.3812206
2.2244094	-3.5085942
4.4723263	-3.9971619
4.5123495	-4.3796204
4.9659358	5.1210873
-1.4758884	-0.4719716
-3.3179480	-4.2790648
-3.9936211	3.4900326
-4.4862446	-5.4007733
0.7475992	-0.7112779
-2.3515809	-5.3132899
-5.4219817	-1.6402900
-1.9893508	-3.6376483
1.5147567	3.7912305
1.2676132	-5.1395492
0.3164268	3.5128258
3.6701224	-3.3680526
-3.3907294	-1.2656662
5.4749071	-0.1040703
-3.5143104	-1.4071832
5.2415602	-3.9705950
-3.9511174	1.9439943
-3.2636828	0.3329163
3.6043852	-5.3915187
-0.9773667	0.2136367
0.6979980	-3.6165483
0.3616590	-5.1265327
-3.9958232	-0.5541736
-0.0346040	-1.3378398
-4.8282889	4.5548820
-4.2468611	-2.2662958
