jMRUI Data Textfile

Filename: dataset11_WS.txt

PointsInDataset: 2048      
DatasetsInFile: 1         
SamplingInterval: 2.5E-1    
ZeroOrderPhase: 0E0       
BeginTime: 0E0       
TransmitterFrequency: 1.2322E8  
MagneticField: 2.9E0     
TypeOfNucleus: 0E0       
NameOfPatient: dataset11_WS
DateOfExperiment: 
Spectrometer: 
AdditionalInfo: dataset11_WS
SignalNames: dataset11_WS.txt;


Signal and FFT
sig(real)	sig(imag)	fft(real)	fft(imag)
Signal 1 out of 1 in file
102.1153400	-36.9862430
184.4538500	-61.6821140
149.4256700	-115.9635600
95.8039960	-146.6494800
39.8879750	-155.0809400
-11.5111440	-145.0790800
-45.6298460	-115.6916100
-70.7185090	-72.2183260
-69.9986110	-38.9169010
-54.7403040	-11.2508980
-31.4286560	9.9457486
-7.6780561	7.1124275
4.1462210	0.3030917
12.3061230	-14.5506610
5.1993035	-34.5860680
-9.8475451	-44.3281070
-24.5885260	-47.8878380
-41.6467260	-34.7636540
-57.0028340	-14.2083880
-55.9848770	6.1904614
-54.5370360	23.3284650
-32.7109130	38.7616430
-16.0602800	52.0375900
5.7031183	47.4925040
23.3727620	27.2640920
29.7587460	15.2182040
35.5688200	-5.9310272
22.9809590	-20.2313310
5.8544078	-27.9854570
-17.4749670	-27.3013510
-26.8785660	-22.1500620
-38.3983700	-2.9013927
-37.7388050	20.8491210
-23.9422820	32.3651410
-8.9699378	39.6107170
10.4611070	46.4085080
26.3045930	38.6472950
41.9068830	18.9874970
40.0598790	9.5681211
36.2078620	-7.8612837
25.1037760	-22.8024420
14.8142420	-26.4231430
3.5724255	-25.1456430
-2.4655875	-17.5515700
-6.9249710	-6.2098940
-2.5520655	0.5959325
0.1814690	4.5978520
10.8290050	-0.5544077
12.7185380	-2.5727706
17.7917050	-9.2105043
10.2643600	-19.9045750
2.1508720	-24.5399400
-11.7835990	-25.4816690
-21.2679680	-20.9576880
-28.9379550	-8.9129728
-34.5372740	4.4072646
-27.0226570	18.6391420
-16.5509040	27.4019600
4.3452973	32.0659890
18.0890050	23.5115660
30.4160220	15.1849370
39.7765140	0.6671620
30.5614940	-23.1710690
21.8773830	-33.9522430
4.4244239	-38.8516630
-10.7752590	-44.7363180
-27.0929860	-36.2449260
-36.9397380	-24.1292770
-41.6401430	-2.7446560
-38.2814560	10.4362250
-28.5934220	23.3241730
-16.4180800	30.2345620
-0.7282015	25.8106460
7.9353427	17.3347900
14.3495210	5.1174008
11.5044180	-0.8225189
6.4141330	-12.9171480
-9.0848714	-10.4727910
-18.9087720	-4.7883782
-25.6862330	-0.9038811
-19.3178830	14.6162860
-19.5823670	22.5871630
-4.5320713	34.4594350
3.3020052	28.7350450
23.1655620	22.7706890
32.1466110	13.5128180
28.0772030	1.2934935
25.5334640	-11.3874960
15.4848590	-24.5383700
6.6966863	-27.5749570
-10.1894920	-22.4769490
-19.2158000	-13.3998930
-24.7009530	-5.3664966
-19.4779590	13.5643890
-11.8191100	20.4982670
5.1075548	29.9891110
16.2923350	21.1992090
28.4767310	18.4243960
31.8777650	4.8645154
32.0456790	-14.6703410
29.6937180	-29.1334130
12.9323640	-32.9457980
0.3066859	-37.5350910
-14.8107680	-37.4451210
-30.0558170	-19.9524990
-31.9104250	-8.1770914
-34.7703140	3.6247732
-21.3559890	15.7090250
-13.0230720	19.0414310
-4.6991450	19.2904810
5.5433179	17.0316180
14.6211650	9.8872021
10.5675900	1.2067003
8.9799609	-3.5763683
3.0998919	-10.4776770
-5.1633958	-8.1177344
-8.8770270	-0.0513660
-8.6143320	2.4580287
-6.7411081	11.3659590
0.0674102	19.7048550
5.1276890	14.0824370
16.4044110	10.4940410
21.0919830	2.5607715
19.1750780	-6.4153949
13.2885330	-19.7883950
6.5452397	-22.8890700
-6.7754492	-23.6956350
-20.2826330	-21.9062330
-22.5194490	-17.3410410
-30.8062170	-1.1429416
-27.1891140	12.1151920
-18.9520840	24.9913560
-12.6198700	30.3868920
0.6604622	30.2847290
17.3623090	25.9717380
22.8932570	20.5568820
28.7926640	9.7476508
23.3609530	-1.9608000
20.9828560	-11.2342100
8.7716717	-15.2464120
3.3456135	-18.1529740
1.4495268	-9.9923192
-1.9382257	-4.6703072
-1.8152494	-2.4992646
0.3310707	-2.7450674
-1.0636740	-0.7621040
3.0454060	-0.9842167
5.1622588	-10.9859240
4.5971419	-15.0276410
-0.7125291	-13.3738640
-14.0718620	-19.1870180
-20.3669300	-11.2848060
-24.4822980	-2.6220851
-28.5549610	6.2346614
-23.3546010	13.8587870
-16.8915530	24.5803470
-4.4049973	23.4062000
2.1665627	23.7776230
16.7459620	19.1361110
21.3415210	12.6584890
23.7801220	-3.2960758
16.8443310	-10.2282540
13.5143370	-21.6280950
-3.2849839	-26.2855170
-13.0999640	-20.6145640
-18.7396280	-10.0931150
-26.0248640	-0.4428661
-22.8543050	6.3576266
-21.3493800	14.4330150
-14.5703030	24.7609880
-1.5213686	28.4763480
8.9440043	25.4553720
12.6926900	20.9197780
18.4572840	13.4566100
17.8482360	9.6672280
13.1346500	3.8093142
7.6791284	0.1456942
11.0754990	3.8681276
10.1778030	3.1753901
14.4279800	4.7644056
15.7714220	5.7692034
15.9684740	4.8609008
20.1924540	-1.6072195
26.5915510	-9.3373943
18.3398670	-18.8554720
12.6320010	-22.3838550
4.9317047	-30.2726640
-6.4683740	-29.8962930
-11.2458250	-28.0828700
-23.0282300	-22.9137860
-28.6145560	-13.3580180
-25.0563660	-1.5836898
-22.8063830	11.7492780
-19.1484650	18.6952590
-9.4157991	18.2419440
-1.9645722	17.1899190
7.5699222	8.3298687
13.0010170	8.4745463
10.3704310	-2.0950137
8.2489962	-11.2588800
0.4972266	-6.9746768
-2.8193505	-11.6459510
-12.3472400	-6.6990184
-15.0759110	-0.7152246
-11.4842000	9.4784471
-3.8918558	14.2411330
3.8841019	14.3794720
2.8272975	11.7299130
10.5042570	0.3275407
11.3527360	-0.3747998
9.9993598	-8.5999672
-3.0435648	-9.7598080
-9.7850619	-12.7206770
-14.6056410	-4.0368217
-18.2569300	2.4903512
-14.1068740	8.7387533
-15.7279320	18.5562430
-4.9879705	21.0356770
6.9663506	25.4127710
14.5949060	26.1745450
24.0992990	13.5829000
32.0853470	7.1089222
29.2096370	-8.2744199
19.9642270	-16.8110190
11.4959730	-20.0155560
4.2425504	-25.3548170
-5.9212984	-23.7807220
-11.1208480	-15.7403760
-12.5203930	-6.1616300
-14.0698910	-4.3088085
-7.7100343	7.4162175
-3.0586252	8.6269721
0.6752760	3.8256222
8.8392528	5.6928764
9.0634185	0.0647120
10.0450310	-2.4580896
6.8128098	-6.4324825
3.7555977	-10.5636900
-0.6381343	-7.1158328
-3.9327589	-9.2071734
-4.6376929	-6.1546105
-2.7764651	-4.5681892
-2.6834265	-0.8185268
-5.0671183	0.7840441
-0.3966085	-1.3054370
-2.1147872	-3.3203238
-1.9322998	-5.1498346
-1.3012672	-10.1935810
-5.9801762	-14.5440380
-14.5217440	-5.5288817
-15.7058390	-4.3297898
-17.6304120	6.6009324
-17.5725060	8.1630937
-19.0291350	18.2379000
-6.3105154	25.0178510
-3.1501354	23.3470940
10.1745070	23.3549700
9.5608139	15.7894670
14.1680590	5.7115586
15.9999640	0.2239236
16.6418740	-2.6898285
8.0879627	-3.8651306
4.4569956	-9.7170983
-3.5204918	-6.7046016
-1.8096306	-3.3275533
-1.8805183	3.4044834
-2.1752855	8.9380315
0.1287756	11.0704390
11.3653360	2.5866793
12.9631960	3.4940852
8.8257325	-2.4897480
7.4606010	-10.1250180
4.7018521	-10.5650430
2.7662900	-16.8522750
-0.7045162	-8.6372601
-10.6761530	-6.4232187
-12.3258060	-6.4239431
-9.9682470	1.3596775
-6.4883403	7.3901870
-1.3747668	4.7442911
8.3405058	8.4862518
6.8443904	3.4178220
9.0948197	-4.6013339
11.9637860	-11.0408550
2.3526684	-13.9077460
2.9736462	-13.8140530
-9.7157274	-13.4180140
-10.4975270	-9.4417628
-13.5584190	-4.8118026
-20.1685690	0.3667154
-18.2603810	12.4114040
-12.9362030	12.6856920
-1.6883297	13.3220010
2.2808738	14.0589380
7.7944272	10.5905480
9.2862143	8.9492584
10.9520360	3.1837489
12.6985270	-1.2414345
10.2383340	-8.4493099
2.3710894	-12.9419250
0.1502026	-11.0560670
-7.0561124	-8.7290340
-5.9486676	-2.2837785
-7.3142077	-0.0119063
-1.8732727	-0.0016367
-3.5772670	4.2536759
-2.0167903	-0.5539664
3.0690658	-0.2992386
1.0254363	0.4312278
-0.3548751	-3.6067534
-4.4224222	-6.8706500
-7.1505889	-2.4359119
-6.7472523	4.7962054
-11.5344290	2.3465422
-6.9514792	13.3315380
-5.3824497	12.1867310
4.0669666	11.7097540
11.1687440	9.8337676
9.3890978	12.1631240
15.1601000	2.1581290
12.7902870	-2.5822748
14.0687680	-10.8842510
8.1296727	-12.5890240
7.2282190	-15.8185840
-1.8443812	-13.6698090
-2.9885962	-9.3841620
-6.8450620	-7.1809916
-7.2817498	-0.7822387
-3.8862571	0.4673983
-2.3169759	-2.0406224
-4.6069514	4.2772274
-0.1826365	0.1011737
-1.1032226	-3.5917549
-1.0554907	-3.7389825
-5.4029041	-0.6918621
-4.6595792	-0.2424765
-7.8274237	2.8201322
-10.8349130	2.0342156
-4.1737944	5.3144108
-1.8554713	4.8067959
-4.6926639	7.9096369
-0.8238323	10.7400950
1.4205068	3.9173499
2.0482269	-2.3640179
4.6489343	-2.1652872
4.6646168	-7.1697638
-3.4939522	-6.5867821
-7.7210864	-7.2589225
-7.3023094	0.6109148
-7.5644115	2.8919116
-8.8219638	3.9868311
-5.7604340	14.6365850
0.9431421	11.5716580
2.0348643	16.7759660
12.0754300	15.8385990
9.8044868	10.0683440
14.3800080	4.5359695
17.1926300	-2.3424879
10.0456260	-9.7518407
6.5103673	-12.6251090
7.0463528	-13.2754890
0.4581485	-10.6350950
-0.3626257	-9.1412615
-6.2587997	-3.5182655
-4.2945907	-7.3707999
-3.7541743	-6.1368273
-1.1965753	0.9120417
0.8440608	-3.6619023
2.5966720	-7.3781388
1.0500646	-2.9389560
-2.5901493	-2.3387179
-4.4982222	-8.7054684
-5.5555234	-6.7775641
-8.4139617	-3.8976612
-11.9624710	7.5565702
-7.3491352	8.4189805
-10.3938800	16.1077420
-1.1153727	13.9500160
0.9882524	12.4245290
7.5033330	9.1364745
14.2742770	4.4471548
15.7073480	1.7828998
10.2957780	-2.5002696
13.2198380	-12.4036300
2.0845241	-13.2045620
-4.4877169	-9.6342507
-2.5134268	-8.0073674
-10.7725030	-8.3448395
-12.8066870	-0.1383970
-7.3031939	5.3516924
-1.9842722	4.1407785
-2.5627244	11.8519430
5.2022783	6.5161678
5.6010698	8.7335253
5.8300591	3.0094573
7.3295058	-0.0633558
5.5034070	-1.5988880
4.7064290	-7.7411105
-2.8776271	-5.4905493
-0.6040887	0.4268143
0.6132647	-2.9411663
-3.4843444	0.0345659
-2.1934153	4.1387159
3.0551398	1.1870704
1.5966774	-0.6048180
7.3950265	-3.2662241
2.6490211	-0.4422005
2.8460701	-3.7480327
1.3031968	-8.2646664
-0.6218675	-3.7055403
-3.0828866	-7.9146877
-8.6397398	-5.4432980
-7.1912979	-0.4184058
-3.8117514	-0.8591260
-8.4471739	7.9051981
-5.6306688	8.9757664
3.1512930	2.9143016
3.8775627	2.6740810
3.9914365	2.0491111
5.9614316	2.9065780
5.8749368	-1.7735102
6.5867294	-3.2477485
0.9750606	-1.4442268
-1.1250187	-0.6230518
-5.8720356	-1.6496449
0.8412802	-0.8666203
-5.4887715	-5.6636088
-3.5906082	-2.6640616
-0.0013689	0.0319602
0.3246350	2.2016348
-2.8051607	2.3780979
-3.9162429	2.9413171
-3.7859744	4.8010170
-7.8799741	1.1995088
-5.6625672	3.5663002
-7.7364552	5.7297020
-6.0218384	8.6670612
-3.4013471	4.9011618
5.6120913	12.5536270
3.3388928	4.3155476
4.5173286	5.2738818
10.1891130	0.6285366
12.7900430	2.1295033
7.3077805	-3.4204004
1.4377866	-4.5818211
1.3474509	-6.0227832
0.3309946	-8.5129578
-4.0534546	-3.1544407
-8.1821043	-5.4891608
-6.9525558	4.8944555
-1.6292895	7.4099875
3.6375665	7.6782804
2.0243087	4.0300699
3.0756244	4.4262773
5.1948440	1.6180732
6.3474115	-4.1098641
5.6081582	-9.1286760
-0.2988292	-10.8001880
-5.5099198	-3.7506050
-7.3192453	-9.1284831
-4.3328430	-3.8557791
-9.5253344	3.5713082
-4.0669647	3.8523221
-5.2463211	2.5087411
1.4063290	5.2969479
-1.7687639	2.3156636
2.2660227	3.3246923
6.5814382	-2.6874796
-1.1664060	2.0504315
-2.4418847	-2.0308569
-1.2970508	-5.9561758
1.2051354	-2.7122486
-1.0192372	4.3952000
-7.3914012	3.2954585
-0.5372465	2.8069770
1.5892085	6.2046960
5.2497872	10.5624260
7.8701403	3.3930965
7.3602079	0.0139788
10.2346020	2.7643021
5.7916239	-4.7849461
6.2883611	-4.8309368
2.7961660	-9.8510488
0.5359531	-8.7446921
-4.4043990	-7.2021539
-8.9201215	-8.0600480
-5.5933441	1.4992405
-6.7913841	5.1687454
-3.4939402	7.5463501
-2.4543392	5.2636278
-3.5417945	9.1123060
2.0168133	6.1820166
-0.2008271	5.6245808
3.8184713	2.0765545
5.7214695	-1.2339407
1.7323704	-1.0337326
-0.9337593	-1.8709529
-2.7911222	-0.7307926
-1.4874098	-2.9269775
2.5626924	3.0015087
3.0198613	-0.2684686
0.7799487	5.6375987
2.2053772	0.5885571
4.5378261	-2.3551700
6.6732120	-0.0435154
1.6988626	-5.6536434
-1.5231464	-2.7994408
3.3386022	-8.2298238
-3.0667613	-4.2189536
-6.4340257	-0.5397727
-6.3196923	2.0739928
-3.3138163	4.1722788
-2.2231636	0.7962449
-3.5309861	0.0401529
-0.9308201	7.5788308
3.9057181	7.4090622
4.8388587	3.4261532
-0.0772241	0.7426696
-0.2748008	1.4025750
1.9649767	2.0090597
2.5091866	1.3553482
-0.0642539	1.1907799
1.0517063	-3.1349960
0.4729801	-5.1180392
-0.5740574	0.5286530
0.5199891	2.6558506
0.1238358	-2.5858929
-4.0631906	-1.7389594
2.0729531	0.5523595
1.6131100	-4.5657447
-0.2536252	2.5144355
-3.1181117	1.3556604
-8.5876478	-1.3380654
-0.5425517	3.5115300
0.5724125	6.6202633
0.2102665	8.4127606
-0.2659920	5.8437917
0.2995266	4.2491762
2.3971524	4.8353570
6.2721137	4.3782720
9.5694722	-3.2865569
10.9749440	-5.8482129
1.0473760	-4.9406912
-1.2961304	-6.0261607
-4.3726285	-3.3550837
-5.7217027	-8.6492018
-6.4471079	-7.2365630
-3.9566742	-5.0880400
-3.7380315	-0.6681377
-4.6141933	3.6901997
-4.8657630	0.8480891
3.3609120	2.7373303
1.4001032	0.4483677
0.8701698	3.3494212
2.1615642	2.2419122
1.6178417	-1.9182516
0.1076646	-4.9809090
1.5673432	-1.3959898
-0.6636421	4.5478974
-2.2701561	4.9831460
2.2841023	-0.7516500
1.3034190	5.4624665
3.2089189	1.7632581
0.7529645	5.5862490
7.2604299	1.2398658
2.9259301	-5.5081303
1.6441443	-3.4577458
-0.6426442	-3.7904162
-4.7600286	-0.8834069
-3.6617490	-4.3290828
-4.6208874	0.7432069
-1.7104834	4.3434749
-1.1956518	4.6427685
-0.6516327	7.8806660
2.0303982	6.4514260
1.0078808	6.1868877
2.7935008	0.6613498
8.3914801	-1.1688360
3.2648664	-2.7561260
2.5024621	-3.3290541
-0.2510146	-2.4574676
2.5613661	-1.2116927
2.9837646	-6.4086209
-3.8111539	0.4099164
-4.3902214	-0.0129038
0.2523221	3.0475078
0.6872965	-1.9347773
3.7194028	3.8140305
3.3250742	-3.7160697
5.2638313	-0.8551880
-0.6695443	-4.9921322
3.7749289	-6.8449707
-2.4672103	-6.7582018
-4.5916612	-0.2748517
-5.8094174	-5.7690988
-6.9169672	-3.0950101
-4.7903719	4.6951389
-4.5422417	5.9375122
-2.7731705	4.2943293
2.9956605	6.4416037
1.3917437	5.9373569
5.2783309	5.5636477
5.6166103	-2.0471928
2.8910743	-1.6090100
-1.4434472	-2.6893329
3.5692419	-3.1513145
2.2322222	-5.8651507
-2.2489860	0.0868850
-1.0248352	0.3608538
-6.0776693	2.8408637
-1.8654900	3.0702664
-0.2992033	5.2675387
-4.0826250	3.4852946
3.5948648	0.5096307
5.7591886	5.9634063
5.6881721	3.7986142
3.1857776	-2.1811442
3.3042345	-2.5573650
2.4831282	-3.9937460
-3.3237837	0.7731978
-3.8039305	1.5302705
-3.2384907	-2.5523059
0.7093071	-3.0536433
-3.1941313	-1.3198358
-1.9994475	3.4344132
1.8142537	1.9809834
5.0552845	-2.1007555
1.5364929	-3.3361777
-1.2725476	-1.3929609
-0.2517992	-1.3042865
-1.8724158	-6.0164050
-2.1518750	2.3230640
-4.1548203	-1.2348371
-7.1037002	-1.2628087
-1.6850898	-0.6737743
-0.0309769	1.9673328
3.1281465	6.4629774
-1.5195824	3.1171149
-0.9135600	-1.0428222
0.1396055	1.9121988
6.0052255	-4.3573863
-0.8846080	-4.3730731
1.0825369	-1.3323930
-4.3669770	-3.6595869
-3.0798631	0.1897098
1.4827634	-1.1399347
1.8328861	-2.2145427
-4.0487319	5.1115908
-1.8273995	5.6810698
1.9187354	3.4748653
2.0253315	-1.7063857
2.2956966	-1.3006417
-1.0963523	0.8406906
0.2168442	-2.0798535
-2.1906957	0.0076778
-2.4924812	0.1159890
-1.0311089	-1.0773011
2.8170413	0.1735853
-0.7883912	0.0329298
-1.2189499	0.8065709
4.8734933	2.7789386
4.1336773	4.8938798
5.7021746	2.2805883
4.2129808	0.2526965
2.9512712	-0.2364262
-0.4014849	-1.6051876
-3.7863566	-5.2989085
-5.8600040	-5.6997520
-5.3284017	-0.4107827
-1.7254549	1.7812252
-5.1264156	2.2687165
-1.8646091	0.5714597
1.0715227	0.5785146
3.4221831	5.5408913
2.7593443	8.0146877
0.3478047	-0.4574721
3.3868594	3.9345661
7.9218367	-2.9387126
2.6247199	-2.7397857
1.3794872	-4.9398217
-0.1484259	-6.4329562
-0.3660936	-2.9563143
1.0867218	-5.4325490
2.1323785	0.6281732
-0.3867351	-2.5881612
-2.1466396	-3.0039788
3.6070223	-3.3725593
1.1652439	-1.0252550
-3.0779521	-2.9918733
3.2696839	-3.2195726
0.9575331	-4.3678171
-4.3704560	-2.5221368
1.2822918	0.9248772
-4.1621171	2.3730486
1.5289111	1.5056055
0.4852206	5.0741430
3.0509151	4.4087678
-2.0556288	3.2420092
1.3542291	3.1274893
2.8225852	4.4180960
4.1885376	-1.9160492
-1.2040686	-1.4378058
0.5341982	-0.5398603
-2.6480061	-1.5767189
-1.8507382	-1.8033097
-4.3250766	-3.0580679
-3.4190537	-3.0139992
-2.1835727	1.2389409
-6.0974011	-1.0698961
-3.3727056	-2.2776247
-2.5707995	5.1524947
-3.3020204	5.3965319
-1.4186749	3.6017193
1.8249591	1.5549847
-1.6797568	-1.9257338
1.1518497	1.6371713
-1.6088232	2.6891817
-0.3043134	-4.6684435
1.9660708	-0.7577824
-2.5640867	-0.4820552
-0.1133816	3.7402632
2.3109053	-0.4487076
-2.8092528	-3.1280755
-1.3928470	0.2883561
1.5428094	-0.4098764
2.8552823	-1.4671002
-2.9449956	1.3023162
-4.1484297	-0.8153950
-1.5248955	-4.1986084
-6.3326085	1.3436123
-5.7299895	3.2746430
-6.5644071	-2.0207273
-1.0238372	-0.2591326
1.7877142	5.2184381
-3.4938942	5.4425685
1.4325679	2.9906758
3.0454193	2.9488858
2.7229804	-0.0291845
2.9714662	2.3743925
4.4712941	2.8779090
-2.8084293	-2.1841280
-3.0580023	-1.6518975
-3.4483797	1.7430426
2.5929211	-2.0436759
0.9724861	1.8341297
-3.2861748	2.6798182
-0.1119557	3.3324801
-3.5882496	-0.3951311
-1.1017350	-1.6814608
-2.0137626	-2.9629755
3.3881797	1.5933504
1.8864065	1.8689133
-4.8601221	-4.1098237
1.0703203	-4.6643532
0.2956382	2.3832319
-5.6964113	-2.8661622
-1.2734609	5.0483203
0.1347972	6.4048446
-2.5129505	6.1885966
-1.9500033	7.0611338
3.6645316	3.2941980
3.1949231	-1.8041515
-0.4963334	2.1837981
4.5661768	-2.4022912
-1.8650664	1.2976185
0.8305891	-2.1393586
3.4106280	-0.9388247
-1.4576680	-2.1427102
-2.0338995	1.0746578
-1.3210729	-2.7369523
0.4201554	3.2764783
-3.0061564	1.0101483
-1.1327418	0.1429161
-1.0980233	-1.0222774
4.0273197	2.0929804
-2.1585468	4.1380902
-2.1414563	3.5311217
2.9958448	-2.9097612
-2.5657564	-0.7193470
-1.7577377	3.8739690
-2.9968420	0.9761651
3.3191869	2.3043534
2.6529057	2.6658228
1.8516882	-1.3930112
-2.1098032	3.3889194
-1.8339229	0.6611389
1.4386623	1.3303482
-2.0443325	-1.0061086
0.7195878	-2.4471687
-0.1201968	-0.7820350
-3.9368540	-3.8399971
-4.6933320	-3.5532939
-0.7602281	1.9184362
0.6902875	5.1694598
-0.2451918	1.3652615
3.0255151	-1.9826220
3.3927515	-1.0958569
1.3867424	-2.3685313
5.0556533	-3.7998721
-0.7652569	-0.1860422
-1.1108374	-0.4992905
-1.7385158	-5.6763271
1.0235396	-3.7031930
-0.6987677	0.9280613
0.0261219	1.6590203
-1.6089860	-0.7149839
-3.9186404	-2.6972092
-1.8662398	3.5829783
-1.8350105	1.8553210
-0.2576711	-0.0471643
3.4071128	2.8691096
3.3189005	2.1983414
-1.4882481	-3.1733979
3.7324366	1.2098487
-3.1056628	2.4159704
-2.6284215	1.9919626
-2.0097957	2.8658866
-2.6350249	-2.7340305
-4.5788297	-3.0406947
2.1611053	0.7485956
3.1986898	4.2355732
2.7252357	4.4610046
-2.3557174	0.3177010
-0.7187439	0.9255027
4.8033133	-4.7116061
0.8864646	-1.1723449
-1.9032809	-5.0623014
0.8343123	-0.2815926
-3.6885794	-0.8836604
-5.0015638	-3.3377227
-1.0171977	1.5521715
-1.2100038	4.2829606
3.1718745	-1.6217979
-3.2152352	-1.2062830
-1.7063424	-0.4289643
-1.4276323	1.7733606
1.6515236	-3.4852110
-1.8025913	-3.0114613
1.4784863	-1.7019993
1.0972373	-5.3584472
-1.2790343	-2.1177563
-0.0766151	0.8384207
0.7205177	-1.0692769
-2.2043409	-3.9170289
-1.6303861	-1.6131624
-0.1697408	-3.7225667
3.2645640	1.1168932
-3.8308735	2.8683936
3.2229191	-1.0021326
-2.4246294	-1.2720176
-3.0558321	-3.8407607
-1.2349112	-4.3177224
-5.1494603	3.2979126
-2.6803329	1.4539208
1.2366933	0.8206151
0.5844602	2.8958820
0.6001664	0.8032010
-2.2128157	-1.3216421
-2.9764769	-2.1215365
0.8285828	-0.6828159
-1.0984758	1.0342392
-1.0209974	3.2826994
2.6964424	1.7152954
3.5781937	0.5009542
-0.3124296	-0.4438117
-3.2807820	-1.5225877
-1.1208610	1.0294354
0.9016329	3.9302376
0.1706151	3.1145611
-1.9714332	2.8781093
-0.2728914	-1.0999607
0.5565656	-1.9064747
-2.9010143	-0.6864913
-2.7619821	0.2684584
0.3243975	1.4038242
-1.5392497	-3.4428668
2.5703217	-2.8893295
-2.0054003	0.2910983
-4.2395493	0.4044152
-1.5758794	-0.8114863
-1.5745639	1.1952963
2.6683831	1.5688497
2.7345071	0.4824977
1.4477374	-0.8418145
2.9130894	1.9307258
-0.0416576	2.3391776
-3.2275795	1.0003224
-0.9992003	2.6630332
2.0442467	1.7260182
1.6226409	-1.7428382
1.1186007	0.9472950
0.6857925	1.4954337
1.3208408	1.4210311
-3.8173627	3.7778366
-0.0366792	0.6529070
3.9126717	-0.0690369
0.6760069	2.2196635
-2.1223774	1.4102960
0.2382679	-1.4711914
-0.2157507	0.0673258
4.5065142	0.8596006
-3.6833051	-0.9119479
-1.5698395	-0.3512591
2.0380771	2.5734981
0.0310963	0.4100483
3.7434346	-0.0639309
-3.2245316	-2.4100174
-2.8303118	-2.7554726
-1.7961432	-0.2399275
-0.7430534	1.4894547
-1.8363142	-1.4154537
0.7395105	-0.1392920
1.2526496	-1.0816338
-0.6745260	-0.7013519
-0.6556262	4.3584337
-2.5681980	2.0271140
3.0569427	2.9144723
-2.8977922	4.6588459
-2.0263767	-0.8869772
-0.2224683	4.6412949
5.0789808	-2.7789720
0.1888294	2.4896808
-0.8443620	0.0862149
4.2234824	0.1054688
-2.4217453	0.4647682
0.0164579	-5.4675460
0.9418929	1.7934200
1.1964189	-1.2031835
1.1215808	0.1789557
-2.2951462	2.5098675
-0.1215110	-2.8817018
-0.1443713	-0.4256642
1.3379952	0.0963207
-3.3384144	1.5284922
4.5164767	1.0554778
3.1098241	2.2699598
-0.5933487	-4.0231489
3.0205058	1.1226243
-3.0734120	-3.1087033
-2.4450391	-0.0174644
-2.7093674	3.1674559
-0.3162041	3.3383800
-0.4184309	2.5962931
-1.8895550	2.5365636
3.3584480	3.4596296
2.0784516	-3.3986911
0.0297451	-4.1399091
0.3038166	-3.7359912
-2.0903633	-3.8446891
-0.4875351	2.5891317
1.3622513	1.5194855
1.4120108	-2.9410229
-1.6407315	2.1700184
1.4643203	4.4670979
1.8777769	1.6562293
-3.7895171	-1.3819371
0.3229401	2.3674389
2.3525785	1.3554011
3.4507148	2.4536239
-2.8457484	-4.0068908
0.3010865	-3.4428033
2.5019553	-1.5922042
1.6770788	-1.1267105
0.9445001	1.2129679
3.2975783	-0.1167861
-1.3642085	-2.1811620
1.3033980	3.2215812
0.6148261	-0.0565121
-1.7039703	-1.5633499
0.3797506	2.9621601
-2.6204411	0.7033479
4.2630733	-1.0060005
-2.2211640	-2.7348171
-2.3375202	-0.6449062
-1.3115951	-0.2357090
-3.3081357	-4.0355116
-4.8639710	1.0687531
1.7551163	3.6629060
-1.9634605	-0.1640814
-1.9891014	1.5162407
2.4809699	-1.6251749
-1.2646283	-1.1351435
-2.8143018	0.9407513
0.6554350	3.4136038
4.5550802	0.4996292
-3.1922039	0.2421134
-3.3983842	-3.4358672
-2.4536313	-0.4459637
-3.9323151	3.5787311
-3.4649361	-1.2215034
-1.5548392	-0.7990171
3.0212088	2.6695384
-0.1105266	-0.4113282
-3.5100843	2.4959685
-1.6101133	3.0508768
0.6938271	-0.9131096
-0.2497784	-1.9397458
2.0970736	3.2582781
-0.8119243	1.6271504
-1.0649993	-3.4773679
-3.4332840	-1.3111805
-0.7124028	2.8676090
-2.9664460	1.8635675
-1.3094710	-2.1039565
-2.5093785	2.5108728
-2.7064814	-1.2016104
1.7632443	1.9066332
1.0599241	2.5757232
1.7894585	-3.7549803
2.8018294	-3.5157172
-4.1681725	-3.3046876
0.3205142	3.4659033
-4.2161704	-3.7843263
1.4622646	-1.8288114
-3.7763113	3.6037650
-2.3362799	0.6892581
3.4738580	2.8669079
-0.6804411	1.3176383
4.3941903	2.1752378
0.3625642	0.6129575
-1.5542766	-2.8667519
-2.5954115	2.7461061
-1.9347304	-3.3136554
-0.6952158	-0.4217445
1.4936506	-2.7933161
1.1953644	-1.3767397
0.0002274	0.5668603
2.2801814	3.2141812
-2.3071867	-2.9987785
-3.5701839	1.7636243
0.1888755	-3.0627731
1.9047308	1.3463982
2.8778523	1.6673765
3.8086484	1.6059288
0.6275563	0.8196613
3.9678726	-1.7912017
1.7693939	0.8159991
-2.8754740	3.1207877
-0.7838926	-2.9979643
3.6930554	3.6351034
-3.4021768	1.8570686
0.3444005	-0.6483729
-2.0977518	1.0711290
3.4126922	-3.8747314
-2.7833281	-3.3994725
0.4182289	2.2428243
0.7474555	3.0604121
-1.9981539	-3.3835740
0.8895878	-2.2718331
-2.1563998	2.6092825
-4.0960639	-1.4786208
2.7224180	0.5352407
-0.4135865	-0.9105606
-0.2309674	-1.8486229
2.7630315	-0.5190578
-3.0758195	4.4408384
1.8909439	3.9752474
-1.3987843	-3.5742307
-1.5761517	1.8111182
3.6158274	1.0021920
3.7456252	2.3689405
-2.1897385	-2.9890455
-0.1335781	-2.0467894
-3.1677974	2.9013963
0.0313973	-1.7090775
-4.1327500	-0.7929664
1.4224601	1.7722143
3.0133244	4.0910619
-1.3853562	-2.8943201
3.3872365	-0.3588286
-3.6496879	2.8161241
-3.3866128	-2.2539931
-1.9778602	3.3496502
-2.7843919	3.3880751
-4.5384638	2.2284157
1.1602453	-2.1242183
-3.2537172	1.9940062
3.6159502	-1.6665333
1.1153411	-0.9347045
-2.1205513	-2.8232865
-0.6291688	1.7595630
-2.7095821	0.1515204
3.7186136	3.4401235
0.5999375	-1.4847327
-1.6670645	-3.4001787
-1.7146308	-0.8004367
1.0129399	2.0174813
-2.0769653	-2.5611170
-0.6691227	-0.2027144
3.4035561	-3.1103292
-1.9480367	-0.8407527
-3.8580535	3.0572122
3.6620693	4.2432928
3.6772248	-2.9893518
2.7154291	-1.1708465
1.5186549	-1.3265058
-1.6053677	0.7801144
-0.2809814	3.4423179
1.5818981	0.6449873
-2.8421877	-3.9533006
1.9238911	-2.0467622
-2.5431434	-3.7464206
2.6987415	2.7874157
2.4171505	0.6168809
-2.6957255	0.1614051
-3.6270747	1.5907815
1.8406245	-2.2864744
-3.4663143	-1.7421570
1.2823821	-1.4009300
3.1429482	-0.7754932
-2.4548766	3.1929389
-2.1874006	-0.9901232
-1.7733738	2.6236403
-1.9304542	-1.5921321
0.5891984	-0.8734820
-0.4456483	-2.3363691
-1.4539407	-0.5336245
-0.4293044	2.0651345
-2.4294908	2.4576398
-0.5299790	0.3210423
-2.8334868	-0.9616529
-2.2074980	-1.9248337
1.1842424	-1.2408482
-1.7951574	0.2516222
-2.8563957	1.1372803
-1.5930711	-1.8137060
-0.5092532	-1.9715088
2.1999826	-2.2452665
3.2617910	1.4223732
-1.1534599	3.2841537
2.9385552	-3.5929953
-2.4764591	3.2379275
-3.0567651	0.5024503
3.8768548	-3.6091436
-0.3407765	-0.2616749
2.8005843	-0.8363127
-1.6326065	1.2780272
2.0609014	3.5192191
2.2948113	-0.2010165
-1.2424426	1.9613767
2.0584036	-0.5982914
2.5688571	0.4707061
1.7723947	-0.6554298
-2.6264009	-2.2370364
-3.2989881	-2.9612362
-2.0374675	-3.0862750
-2.9984123	-0.8979046
-2.9653900	0.3555595
1.5456471	0.1301155
-4.5294366	-1.8996077
-0.4813186	-2.9429945
0.2769015	0.3603371
-0.6450878	-2.0747063
-3.9175983	-1.2068778
2.1173543	1.1599557
-3.0416707	-0.4862057
1.4088970	0.4961895
-1.5286552	3.2651611
-0.5359660	-3.2129962
3.1201747	1.8670754
2.4221854	-1.7892695
-0.0750887	0.4416189
0.2207937	3.7172262
-3.7765612	-1.1879276
2.2198784	0.5409398
2.7844031	4.1238844
-0.9563515	-1.1581578
1.4729669	0.7574894
2.7208461	-0.7638579
0.1486331	-2.9875204
3.1036855	1.7734830
-0.8737769	1.4369377
-3.4732615	-0.4961497
-2.7244417	3.3825156
-0.1784986	1.1384016
-2.9460409	-2.8066718
2.9882909	0.0680391
-0.8050142	2.3968471
-0.9917985	2.9341460
-2.5883853	0.2597585
-1.3288718	2.3859738
3.7701580	-2.4420599
-1.6388989	-3.7094776
-2.9751070	3.4761149
1.9457287	-0.0287294
2.8369893	-3.8726495
0.7307803	-2.8498453
-2.9492390	0.9580891
-0.6183391	1.6387308
-2.0901815	1.2789735
2.5257316	-2.5971885
-3.8059933	-2.8774691
3.6888478	1.9368087
0.6872824	3.3137874
0.0499728	1.5180772
1.0090549	0.8581626
-3.9579050	-3.1658040
1.7246977	2.1570808
3.2166195	-3.7596839
1.0848296	1.2293222
2.8582684	2.5616002
3.2177329	-2.8637380
-2.7430285	0.6224358
-1.6959747	3.9626504
3.9571003	1.0516038
0.2962462	-1.2797374
-0.7030103	2.8044212
-1.0374501	2.7866415
-2.1164576	-2.6681404
0.5236355	3.5259309
1.3250423	-0.6269509
0.0707670	0.6663585
3.4712740	2.8482966
-0.6373669	0.7697783
-0.5810518	-0.1589370
-1.6694938	2.2605917
1.2200872	-0.4501007
2.5561720	4.1012448
-2.8774066	2.0787542
-2.4619498	0.2870011
-1.8182837	3.0392829
3.8198320	2.1101436
2.1089086	-3.2710023
1.9796906	1.8687213
1.5987991	-0.7611609
2.0158996	0.9574684
3.3540570	3.0312551
1.3553262	-2.8739291
2.3550974	-3.5364904
2.5408271	-3.3747353
-0.7494881	-1.6138219
-1.7503898	3.0532689
2.2201111	0.3343497
2.6987723	-3.2531934
1.8154695	-2.1687621
-0.8456584	1.1445538
3.3229443	2.8040160
-0.7263280	-1.8924043
0.9728018	-2.0030229
3.1867347	2.6059554
2.2321373	3.3613681
3.8546578	-2.0570349
1.4622318	-2.6695607
-0.7038814	-0.2456800
2.6776407	-0.7210214
2.8131478	-1.5154321
-4.0432257	1.7217276
-3.7226783	-2.1656460
-3.6189217	3.7777116
-2.3321149	4.0220919
1.5242610	-0.3870580
0.6986187	-0.8356462
-1.0659970	-3.2752464
3.1399955	-3.4640218
0.7295592	-1.2343554
1.5426500	2.6566039
2.2663156	-1.3868303
1.1549879	-2.7805397
0.6994560	-2.1648318
3.3203378	-2.9740896
0.7230990	-0.0804060
1.5286736	-1.2931140
0.7454218	2.1166367
-1.7558043	0.8522190
2.9322123	-1.8464668
-1.1186639	1.6290361
-0.6293395	-1.9525334
-3.2777838	-1.7515224
2.3790629	-3.9129045
-1.0433814	-3.3859248
-0.6769014	-1.4493176
-2.5375631	1.7033068
-2.3001814	3.6640487
0.6121052	3.2958793
2.0276711	-1.0175065
-0.0332938	2.4572689
3.6440211	-0.0631096
1.0334268	-1.7190029
-3.3762481	-1.3678429
-3.5031707	-1.3738712
-0.4752670	0.9688695
-2.6778734	3.3053302
2.8079835	-1.3117694
1.9875053	-3.6930337
0.6253176	0.7508979
3.3001422	-1.5153311
-1.2925858	0.9354336
3.7988018	-0.5770422
0.5181517	0.4486174
-1.4813655	-3.6502855
-2.5549757	3.8381958
3.1772497	3.6006843
-3.4781180	-0.7355687
-3.2068844	2.1098008
3.6466188	-2.1789288
-4.0626401	0.0957464
-3.0058752	-1.7326594
0.9874297	-3.6100525
0.3362491	-3.2740882
2.6471909	2.6870870
3.4348749	0.0103473
-3.8211257	-0.4257477
-3.3818634	-0.4055001
-1.1786493	-0.3553324
-3.7324313	1.4762276
-1.2918477	1.3837977
-1.7997487	2.4456516
0.8376406	2.6268566
-2.4417232	-0.2443663
-3.3679132	2.3653737
-1.1922250	-1.5507606
-3.0284491	2.0463752
-1.3234640	-2.0412341
-0.3491657	3.8510204
0.1351560	0.6842384
3.6152982	3.1759197
3.6387137	-1.6736003
3.2388836	3.3669804
-1.8775002	0.8310895
-3.1338413	1.4420061
1.2735622	2.1550520
-0.6149485	0.3785063
-3.0258443	0.1353254
1.6475778	-0.4977425
0.0112005	1.6669865
-3.2614524	2.7738357
0.0490602	-3.6232505
-0.6966523	-2.3831133
-1.3054788	-0.1465222
0.8038497	2.6845020
0.3515806	-3.3530086
2.6555779	2.2573663
-2.6158309	2.5875063
-1.9518939	2.7176470
1.9727730	1.4458871
0.0509367	-2.1751742
-3.8907169	-2.4507820
0.9921946	-3.0661644
2.3740323	-0.1307169
-1.9979747	2.9502988
-3.0350371	-1.7741731
0.0565723	1.5885552
-0.0586259	-3.1582946
2.3911456	-3.8021264
-3.8697969	3.6203348
-0.2659450	0.0531432
-1.7795334	3.6133941
-3.2595599	-1.8766321
3.8466805	2.8489838
1.9422058	-1.5843237
3.3371183	0.2027626
0.1012288	-2.3570733
-1.2612139	0.1308890
-2.3897949	-1.7524323
3.2314518	1.8282000
-2.4272002	1.3860497
-0.9633324	-3.8809992
2.2587509	2.4186486
1.0596009	-2.3036479
-0.5327682	-2.5350522
1.2946975	-3.7279624
3.1470841	1.3871915
3.2155352	0.3239520
3.3135136	-0.2288685
-0.9854781	0.7831252
0.7563258	3.7649321
3.7141204	-2.0545934
1.3637426	-2.4712565
-2.1852624	-0.4841548
2.8779728	-1.1916505
-0.3036232	-0.9912868
0.4634417	-2.8649898
-2.3928929	0.9811737
1.3870809	3.1792579
-0.7527076	-2.0374406
-0.1403915	1.9825147
2.8075603	3.3815545
1.8900416	0.0160065
2.1807908	1.8811959
-2.1115601	-3.3916466
1.8127166	-1.1255422
2.6289521	0.3730813
2.3391410	-0.9840483
-3.8448332	3.7198842
-1.3943867	0.2987523
-2.6523562	1.8238657
-3.5038975	-1.3955650
0.5111837	2.6909932
-0.5406762	3.3265820
-3.8611172	2.9946494
3.1201597	-3.0087251
-0.3347016	0.0633345
-1.4299346	-0.1290984
-0.6130290	-2.8200178
-1.8722047	2.2290248
-3.5575885	3.5277537
0.2533887	0.5517339
-1.0629354	2.9723836
2.9417599	0.9308654
3.8024475	3.3344708
3.0114512	3.7669631
-2.4656755	-3.5895347
-0.6675286	-3.6377803
1.8499625	-2.2732867
0.5640499	0.7169060
0.7411992	-0.1326541
-0.3477782	-2.7191939
-2.4772665	-3.6370646
1.0038726	1.4558144
-0.6375966	0.9397364
-0.4104877	-0.9470277
3.0747725	2.9323723
2.1803521	3.3962755
0.7857979	0.5217107
2.9997654	3.4884190
0.3343115	1.2119803
3.8496108	-0.6769659
-1.5950724	-2.1839277
2.6702418	0.9907383
-1.9800086	1.5482499
-1.6335876	-1.2014113
2.9938817	-2.0403344
3.2095553	0.8196969
-1.1700994	2.0509050
-1.2481046	3.1851238
-1.0181890	0.8394520
3.1592708	-1.8920844
2.1938651	-2.5469102
1.0146913	-1.5046501
2.3346368	-3.7703530
-1.2879586	-2.2788532
1.7619843	-0.7774604
-2.4758124	3.9567792
1.1499183	1.8677228
-3.9138840	-0.9117330
3.5927860	2.4146213
0.9017802	0.3870904
3.0645880	-3.5345126
1.2032801	1.2265337
-0.4927889	-3.2079511
1.7706459	-1.8101018
1.5517567	-0.4795881
1.4055129	0.0194222
-0.7431980	1.5932881
3.7344279	-2.6052989
-3.6102152	3.3605791
-2.1493659	-2.5942021
0.0879377	-1.1979824
3.7005792	-0.9068068
2.4234360	1.2935521
2.3859485	3.8706603
-1.7754007	-3.4935375
-0.4359817	-0.5456132
1.2430827	0.1424003
-0.0254261	-1.6946229
0.0879031	0.4536375
3.3554588	-1.5621898
-3.4979233	1.3982622
3.9402490	1.7696483
4.0335616	-1.9184384
-0.7763134	3.1001070
2.0512719	-1.8329224
0.6291342	-1.3738823
3.0639446	-0.9121342
2.3781845	3.3195055
2.1478390	-0.3545225
2.0458092	1.4680685
-1.0571028	1.6155983
-1.6650227	1.6526034
3.0206406	3.5401344
2.6031670	-0.1974387
0.8801254	0.1793651
0.2847650	3.3712512
-2.3863552	-1.9940443
0.5605160	2.2227110
2.4042799	-3.7765801
-1.3047571	2.2905046
-3.3785788	0.9532366
-1.7940804	0.7518731
0.7032689	2.3698760
1.6034107	1.3073087
-2.3449303	-2.9468718
2.1835293	3.0060541
-0.1419685	3.8968685
0.0086746	0.1655281
3.5283656	-2.5976490
1.5668254	-0.8253084
-0.8646111	3.3078249
3.7762984	1.1431112
-2.4967803	2.1679562
0.5296085	0.7715971
2.1351935	2.2407805
-0.3574945	-1.6656975
-2.9298163	-2.7705976
3.0919426	-1.3079447
-1.1630074	2.6185778
-2.0522476	2.0470344
1.6168230	2.2135714
-0.5822971	-3.8074159
-1.5200120	1.8342310
3.9518105	0.4743664
0.6729658	1.3671274
0.6519027	0.2411689
-2.5186894	1.0550842
-0.1461788	-2.1806535
2.6490723	-2.3632862
-3.2144158	-1.1950972
-2.1935357	-0.0051687
2.3304466	2.4589366
-2.0808350	-1.7750257
-0.7676397	-3.2028124
0.2788068	1.0533238
-1.8315135	-3.3959261
-1.7648984	1.7598306
2.9086390	1.5090412
-0.3871392	-1.9092643
3.7093639	0.5302019
0.9778904	-2.3693707
-3.4367371	-0.2244125
2.5728719	-2.6488688
-0.9277611	0.1017149
-1.0153566	2.2624912
0.2072182	-2.4970352
1.5574637	1.5643102
-1.8976848	3.8147238
1.5079649	0.5750937
-2.9506524	0.6765135
-0.6296177	-2.1593958
-0.8820740	1.5081441
-3.8322290	0.7648153
1.8492446	0.3213397
1.1451088	-3.8398474
2.4240005	1.9934187
2.4465577	4.0758727
1.5718091	-3.8129703
0.5691182	-3.1928210
-0.7749963	-3.9003231
-2.0498163	-3.4320249
-1.9782705	-0.4505520
1.3521099	2.5614320
2.1500317	2.6937681
3.1967366	-2.9592338
-0.6283094	2.1347626
-2.8331300	-3.5972210
1.1861355	2.1019516
-0.8917106	1.6996749
1.8233669	1.1673640
2.4443158	2.7812480
-3.7134328	-2.9824304
-2.3629245	2.3472464
2.9383971	1.0715351
-3.9591154	2.4222680
3.8772226	-1.0003201
-1.0484673	0.8680653
3.0778029	-0.1948519
-0.5382139	-3.7270444
2.2081942	-1.7153896
-1.6293927	3.4892360
2.3311295	1.2502708
2.4886155	-0.1842073
-2.2976776	-0.3354712
-1.9472747	3.0225532
0.9412544	3.3502531
-1.6703431	2.2538640
0.5342150	2.8279524
-2.6051458	-3.8007635
-1.0522855	-3.3114733
0.8492253	0.8850945
-2.4015346	3.0773317
-0.7825797	1.4713172
-0.1528009	-3.4641583
0.9130901	0.7763931
-2.7153920	1.6375556
3.5295054	0.4900984
-0.0715188	-2.8561123
3.7690472	0.0215864
4.0534246	2.6509064
3.5305326	3.4768311
-3.3471846	-3.0105878
0.6275709	0.6249813
-1.5438605	-2.2459696
-2.8280923	-2.2301825
0.4182408	0.9534208
-1.5888270	-0.2360610
-2.1706250	0.3695310
-2.5868194	3.3476493
-1.6715514	-3.3066837
-1.6122361	-1.5863999
-0.0592388	0.9020255
-2.8996898	-3.4727102
1.0624929	-3.3878507
-1.0987640	-2.9794455
-1.7675771	1.0050422
1.3033963	-1.0933990
-0.9034655	-3.7330142
2.1901498	1.4221931
-0.5866176	-2.0420178
-1.3034892	-0.8552105
2.2224576	-3.0860846
3.4649544	0.2058535
2.1752055	-3.2529237
1.5470269	-1.6498494
3.3726663	-2.1832798
0.5846553	-3.4945696
1.2665510	2.6005997
-2.8344034	3.3205311
0.1544856	2.0263542
-0.0876444	-0.7914386
-1.6284885	0.3544385
-2.0732623	-1.3342010
-2.8489989	-1.2123855
2.9743594	-2.3855790
-2.0367554	0.5254497
3.8991576	-0.3263143
-0.1775975	-0.4720463
-2.0356633	-1.8559429
-0.9156136	0.9370119
3.1861602	2.1761164
-3.0339676	1.9771696
-1.2046082	-2.0860139
0.7888798	2.2205466
-0.9620496	2.2194739
2.5997092	-0.2980687
0.9639358	1.3345248
3.9014905	1.5664400
-3.0049693	1.9712132
3.5374975	-2.4990149
-0.3108271	1.8009580
-1.8252592	-0.7077658
-0.5138040	0.2867165
0.7781036	2.1204710
-1.6843470	3.4949322
-1.8876887	2.7825701
0.5338916	2.5592149
2.4149593	0.2693691
-3.0032525	0.8684181
1.0822823	-1.4320618
-2.2446414	-2.2357683
2.2917815	2.1323334
2.7207068	-1.8588957
0.8061649	2.8798205
1.4475937	-1.7323283
-2.5764279	0.0158583
0.4691031	1.0186809
-1.0405028	-1.5570667
2.2438963	2.8012202
-3.7966150	1.5620394
3.7061229	3.8042623
2.2643925	1.0390079
0.0590816	-3.9944719
2.0565824	-3.8878361
-2.7822754	-0.7729319
-1.8971197	-0.1599551
1.3503870	-2.5129756
3.7707492	0.2768024
-3.0255089	2.5695390
0.1826592	-0.4403657
0.2969288	1.1094115
2.1247367	0.9299050
1.3388156	-0.3909408
-2.3462897	2.2830601
1.8147476	-3.2081206
-0.9478222	-2.8775074
0.4582492	2.8847098
-0.3855244	-1.1180437
3.8936054	4.0000237
-2.8618875	3.0388424
-0.3518918	2.0789966
-0.3199643	1.0228240
3.3815643	-2.7927138
1.2569256	0.6482431
2.2490911	3.8638695
-0.2759114	2.7479534
0.3797536	3.6734393
-3.1928416	0.3359979
3.3748434	0.3558674
3.0236425	-3.2801469
1.5349870	-3.7161003
-3.5876937	2.6756196
-1.0805636	2.5659602
-2.5492485	2.8263860
-0.5938730	0.3916958
-3.6846396	0.4628606
-3.4821458	-1.8526952
3.6720651	2.2503808
1.5068015	-1.2592159
1.8326942	-1.5744194
-2.4567953	3.7993501
-0.0142431	2.1103807
-0.2633140	-3.9332679
-3.6395242	0.2262697
2.5572740	-2.1467589
0.2679863	-1.2786454
1.4503267	-2.1409586
-3.3279250	-3.6778003
-2.1190465	3.2308194
-1.1908003	1.0949992
-1.1245775	-3.3971385
-1.6437277	-2.7335714
2.7211349	-1.3756785
-0.5309498	0.6349059
2.8545245	-2.5102698
-3.1123927	-1.4113707
-3.5226160	1.8009886
1.5010221	-3.6269853
-0.6132350	-0.3102600
0.8492237	3.0629943
-2.9860201	-1.0147189
0.7937655	-3.6941967
-1.4534819	1.2378708
1.6120363	-1.3610167
-0.0448179	0.5324643
3.6395328	-1.3956249
2.3292566	-3.3320691
-0.5798852	2.1908086
-1.4656939	0.7568659
1.9935958	1.8990455
-3.7473968	-0.8874179
3.9056594	2.5271404
0.5848618	3.4973086
3.1899314	-2.9658325
-2.6950589	0.7245504
-1.0467444	2.2469167
-1.1489295	-0.8973207
1.6448022	-3.7852009
-1.0173129	2.0245133
2.2247499	-2.0888213
-3.0327378	-2.3993543
3.1576366	-1.9578908
-0.6704694	-1.9223113
-2.7762260	2.0829411
-0.0589557	2.8039706
-1.2834076	-3.2892841
3.7733947	0.7582698
-1.9255519	-2.8184404
2.7242331	-2.0534367
-0.3360997	-1.0604339
-2.2457190	-2.0886056
2.2029101	-3.4075331
-3.6565125	-2.5319708
-3.0924224	-2.8483559
0.1717766	1.4670584
1.2538043	3.4233624
0.8414601	-0.7767915
-0.1866365	1.7697070
-0.1961287	2.9116979
2.0725927	1.9307668
-3.3729572	-0.1163483
2.7346444	-1.5909864
2.4284922	2.4638297
0.7468544	-1.8706406
-1.3545930	-3.4250364
-2.4879422	2.1474067
-0.0666573	-0.5274644
-1.9008681	-3.3942865
0.3933715	-2.5185953
2.9516455	1.3871994
-0.4113923	3.4151493
2.2107311	1.4064886
0.3646144	-0.2827820
2.7150139	1.8123649
0.1479510	-3.1208407
-1.0479289	-1.8945967
2.4245231	-3.0720701
-2.4492440	2.5228364
0.2439900	2.9591636
0.5907013	2.8687179
-2.1178683	-1.8064945
-0.9439149	-3.4742065
3.2821072	3.7450083
-1.8480827	-1.4478975
-3.2129286	-2.1049038
-1.8705968	1.2401097
3.1666500	-3.9656861
-1.3883470	3.3472467
-1.4511300	2.1787765
1.4500736	3.7547203
1.1082377	-1.1411302
3.7481202	2.4595416
2.3911302	-2.9247234
-0.4834634	-3.5095499
3.8862551	-3.1203516
-3.8401196	-3.5101611
-1.3605050	-1.3519532
1.1261588	3.7897480
-3.6687061	-2.3708766
1.9701020	-0.9130220
3.6088118	-3.7730756
0.6636929	3.1054576
0.3043941	-0.9149412
1.3062858	-0.0506243
-2.9372288	-2.7783275
2.1852477	1.8466616
-2.3078674	1.4071864
-1.1764204	0.4830233
2.4969829	-3.9243246
-2.1979508	3.1722265
0.2736077	2.6851453
0.0797830	2.1936088
-1.9561979	2.2353681
-1.3381219	-3.9421198
2.1080440	0.7549879
-1.6403833	-3.6502521
2.8380124	-2.8170126
-0.8839196	1.7301690
-1.5905007	-2.4270802
3.1366207	2.1680116
-3.9264199	-3.1634350
-2.2799825	2.7478915
3.8743947	3.1521845
0.2019561	1.4849487
3.2278147	-0.4345083
3.3167492	3.4334936
-1.7630461	1.5131784
3.0449163	3.0322836
-2.9884646	1.8960506
3.9272706	2.1083961
-3.3571892	2.7447823
-0.9182282	-3.3686727
-1.2005293	-1.9202025
1.8592690	1.3218220
-3.1283566	0.3383182
-3.9128729	-2.0271370
3.6498146	1.5860558
3.1460443	2.5625467
0.6046483	-1.3512804
0.7745061	-2.3470919
0.9134120	3.4938770
2.8816317	-0.8757286
-0.6631668	-3.9298640
1.2500715	2.0639584
2.0754509	-2.9158632
1.1901584	-0.4140510
-1.8975011	-2.4026511
-3.8517355	-3.4639137
-3.1837990	-2.0336039
0.3393766	2.5465711
-0.0353362	-2.2558872
1.1864886	3.4649238
2.9833930	-1.7768685
1.2984940	0.6843020
2.5585805	3.0532964
-1.5839041	3.9122110
3.4555758	1.8041234
-0.4123194	-0.9277705
-2.0000934	-3.3496929
-3.7293237	-1.9608331
-3.0276446	3.8372444
-2.6787243	3.3309750
-1.0388793	2.5633280
2.7225504	-0.3922917
1.6028622	-0.7209640
2.6132521	-2.9044099
-0.3680035	3.5504600
-1.8689672	0.4812946
-2.6782331	-1.3302998
-0.0734025	-0.6546839
0.3949862	1.1646834
-0.6195497	2.7464940
2.7260524	1.4174480
-3.7618917	-3.8738096
-0.7871352	-1.5120250
2.7291399	-3.7097034
-0.8743234	-3.5165177
-1.2460368	3.2348772
3.1016191	-0.2484915
3.6547279	-3.6517507
-0.1590112	3.6198212
1.2185556	3.8714525
-3.7759431	-3.5496264
2.9714990	3.7054685
-3.2052715	2.9577747
-0.1182871	-1.8891795
0.8114386	-1.2077129
1.6287181	-1.3303655
0.7062322	0.5161500
3.2713702	1.5556982
-1.3640281	1.0303651
2.8134051	1.5545458
-0.8847243	-3.6934171
2.0787835	-0.6062607
1.0169253	-1.5363308
0.8729280	-3.5503005
3.5941297	-0.1214764
3.1794604	3.9351464
3.4691455	-3.2214223
-3.7057115	-2.0164729
-0.6612740	-3.2765562
0.3915214	3.9283214
-1.2482339	1.9454326
3.6994156	0.9211438
2.8913752	3.3844221
0.5220293	-2.4841426
1.9335441	2.1955417
2.5103509	3.4403911
1.3894471	3.2835066
-3.9253470	2.3219125
2.3005310	1.1404949
2.4621738	-2.7504838
-0.6709521	-3.5211818
-2.7647869	1.1761442
3.7401132	3.1841664
-1.1665499	-2.3781358
0.6169431	2.8028103
1.1023347	-2.8104045
-2.6063279	-2.0351694
-1.8653078	1.8955454
1.0746114	0.1777152
2.8459279	0.5296677
-1.5192535	-1.4492612
1.0756516	0.8908233
1.6036491	-3.5044522
3.1509134	-0.5469787
1.6433353	-1.3134851
-0.9716777	-2.7783480
-0.8558864	-0.7582358
2.4316283	-2.3809698
2.2416253	-0.4718104
3.7471670	2.7597332
-1.5432484	2.0430675
-0.3947392	-2.2835341
2.9619910	-3.0793155
1.3053104	0.8159611
2.2101728	-1.1491180
-1.7210936	-2.6947740
0.5573653	1.2554205
1.2415475	1.4892814
3.5304287	3.3131315
0.7008647	0.1461454
1.9748596	1.2649205
-2.1290788	-1.4958098
-1.7019394	-1.7218990
1.7900466	0.4796807
1.0488319	-2.2399807
-3.9988404	-3.9406000
1.7912390	1.8313317
2.3735354	-2.7836110
1.4419011	3.6674149
0.0017034	0.5972945
0.1867145	-0.7909326
0.6892338	-2.6477127
-3.8591288	2.7394233
2.5011321	1.2630908
0.4729068	-3.4763282
1.5745590	-2.5943667
2.8652573	2.8913024
1.9271557	-1.2515009
-2.3116333	-1.2690782
-3.4913946	0.0397453
-2.9855582	1.1307435
-2.8203871	3.4309826
0.0394863	-0.2215429
-2.3054713	-3.0776553
-2.7148723	0.2948142
-2.0944563	1.5276793
3.8931260	-0.2615579
-2.8412633	0.8847787
3.8784709	-0.1595517
-3.1010781	2.0547129
3.8442554	2.4862985
-0.5610014	-1.3831536
-1.0021442	3.9885011
-2.4281350	0.6756650
0.2432705	-3.4557550
-3.7304173	0.8485088
-3.8681441	3.5418316
-2.3378852	1.0811910
2.4705928	-0.4848702
-0.6390482	-3.9849963
-2.3762312	-1.4494814
-3.8209094	2.5441908
-2.0462480	2.2144929
1.3162729	-2.8320817
3.7093674	2.7218157
2.5536642	-2.6048258
-0.4972502	-2.5620782
0.9508267	1.6115288
3.4665099	-3.5297096
3.6049904	-0.0734495
-1.2262823	2.8259430
2.7784488	-3.0413786
-2.6279612	-3.3878035
2.0327465	-3.8563371
1.0489765	2.6863781
-3.4862674	3.2652331
-1.1259746	-3.3814809
-0.1781713	1.9865703
-1.5431389	2.8715962
2.1648319	1.5920930
0.1119517	-0.7591387
-1.5224914	-2.2654655
1.5111755	-0.3278111
1.0288678	2.0294112
-1.0700934	3.8832241
1.3450183	-0.9263404
-2.8790462	-2.4499942
-1.9430946	1.5555478
0.3310083	-0.8652730
2.9212274	-0.8154056
1.6256386	0.5361726
-0.4541924	-3.7639574
-3.7264434	1.7551098
-1.8162473	2.3446723
3.5823797	-0.5037253
0.3847796	-3.3244727
0.2251888	-3.3352065
2.3074069	2.3586756
3.8788722	0.2284212
1.5233642	-3.0749710
1.5172764	2.6469498
3.9308357	-3.2750698
-0.7719833	-0.5766853
-2.3762948	-3.3181425
-0.4072217	1.4024937
3.2558448	1.8117000
3.3042466	2.3390768
2.1650919	-1.1294590
2.1465253	-1.0561588
-3.1949218	2.7040407
-3.3542707	1.7076612
-2.9291196	-3.3065222
-2.9000222	-2.8534331
-0.6185736	-3.8453399
2.0241390	1.7384217
1.3551689	0.4532125
2.3148251	-3.0695395
-3.4672675	2.7969249
3.7482923	-2.4983034
-0.5811290	-3.7364123
1.8272728	0.6017050
-3.3725373	3.8273104
-1.6832859	-2.0032685
-2.0600684	3.4738960
1.9534932	-1.5142090
-1.6350240	0.1138856
-1.9483251	2.7058247
2.9415898	3.7662621
-1.6581192	2.4878294
0.7193344	-1.8526563
-3.5208164	1.0547093
3.7939581	-0.8547520
-1.1901562	3.8917687
-0.8477866	-2.1843075
-1.9111031	1.0743050
-3.5202673	3.7176921
-1.1552586	-3.9441186
2.0988331	0.8370079
3.0543473	2.7443060
