jMRUI Data Textfile

Filename: dataset12_WS.txt

PointsInDataset: 2048      
DatasetsInFile: 1         
SamplingInterval: 2.5E-1    
ZeroOrderPhase: 0E0       
BeginTime: 0E0       
TransmitterFrequency: 1.2322E8  
MagneticField: 2.9E0     
TypeOfNucleus: 0E0       
NameOfPatient: dataset12_WS
DateOfExperiment: 
Spectrometer: 
AdditionalInfo: dataset12_WS
SignalNames: dataset12_WS.txt;


Signal and FFT
sig(real)	sig(imag)	fft(real)	fft(imag)
Signal 1 out of 1 in file
230.3427300	-72.7273140
410.6165400	-195.6812400
279.0757200	-320.8856500
136.8559400	-382.5044200
-40.2155320	-359.9567500
-136.0729100	-267.8570800
-193.2258200	-139.5502200
-186.7926600	-40.5700810
-127.9857900	15.5758800
-54.2946950	53.8682360
1.2106783	21.5507960
39.8869990	0.6558890
13.6607700	-44.6092750
5.5737050	-80.8367180
-36.9101330	-56.5492280
-64.8813550	-53.6930680
-82.4074760	-40.8388900
-93.2200580	-7.7705890
-68.4509720	11.7877930
-92.3206030	21.9298270
-75.7002180	23.2695470
-67.5565890	66.9703740
-42.5009570	66.1804360
4.6357652	57.4606870
10.1151070	46.1924300
46.9174560	38.6661110
31.9615620	17.6156630
39.7801090	2.0440728
16.8522420	-25.5439410
-22.1718160	-50.0892120
-26.2754030	-34.2566970
-69.5553450	11.7705040
-62.9769780	35.7625370
-38.1716760	50.5486520
-16.8457210	59.7331760
15.0219930	51.7590010
70.8333980	60.9547710
87.3957280	20.2661960
90.0460290	23.0528960
85.2903020	-19.0340890
64.0010540	-10.4456380
58.4898030	-36.4122890
40.2487630	-31.3671710
13.6457180	-59.2031620
8.6257242	-37.6176160
-3.8932287	-49.4499090
-32.7672230	-22.8957990
-19.3924910	5.2895331
-27.7600610	22.4918320
4.2830449	9.4167610
-0.6996300	-23.4071990
16.2294050	-29.8370460
2.4480341	-37.5311280
-12.9876940	-53.5862790
-23.9427580	-40.2577570
-47.3049860	-11.8200620
-45.0030560	4.3327606
-16.0727580	24.6047320
7.9323724	55.7667520
11.3971930	42.1854610
69.5355880	18.4791440
52.5986590	9.9971016
42.5537560	-24.3018250
18.5045720	-72.7833740
-8.6497743	-70.3146820
-16.0048670	-43.8568490
-49.9747700	-30.6825630
-37.9166880	-35.4692680
-46.8049290	6.9300160
-43.2340040	3.2874599
-12.1738180	34.7404980
-2.4445920	7.1376223
-8.5691407	24.4868650
8.3725494	24.9271000
6.7888421	29.8622100
-2.5385303	9.0154519
19.4683040	20.8069220
13.4417090	6.3412285
13.4512690	-16.1170580
3.1328909	-11.4492540
-37.6280480	-18.7404680
-6.0800684	12.3028210
-5.1838558	12.0352810
-3.9781731	43.4499790
20.9668310	27.0287390
32.2544960	38.5563950
43.1884180	14.3841900
29.0890590	7.5205546
20.3439780	-21.7995600
14.4772020	-34.3398260
1.5897260	-29.1537930
-14.1756600	-6.1168972
-16.2937720	-13.7245510
-24.9562950	37.7735600
1.4024084	38.7337720
20.0395810	26.5270400
47.3358090	26.7418910
53.1357860	7.9536349
27.6083680	-7.0152230
37.1085280	-40.7720650
31.3422410	-56.3820760
13.2658180	-63.0953710
-25.0142720	-62.5865430
-40.6181300	-43.2310910
-49.5937350	-40.2410730
-52.9344270	-20.4830270
-28.3523540	-1.3902065
-19.2377420	-4.1577588
-17.3634920	17.2631560
-4.5720208	27.4092270
18.8452460	43.8406290
16.1484070	23.3793290
19.8021950	26.4411580
14.5644970	13.1829600
13.3894640	-19.6694160
11.7299130	-3.0351163
-11.6477530	1.1718870
-12.6927930	-0.1494347
-11.8331780	1.1962142
14.9251020	11.2855220
16.5623890	39.3693090
17.6526620	5.2989724
43.5075120	8.0247116
23.1852200	-20.1332870
5.1927196	-10.1580740
14.9691070	-15.7045490
-1.7107297	-13.8368560
-31.5379620	-36.4326960
-33.8700960	-13.6182210
-38.5147150	-10.2958160
-39.4807200	20.9815260
-5.5237028	20.3858150
-24.9632110	23.5695340
-13.3453830	34.0212450
10.4662000	19.9292190
11.3134140	8.5882456
44.8912390	-5.3794149
14.9248770	-3.6561443
15.2834010	4.2612700
15.2209820	-25.1252500
3.4918875	-7.4731694
-3.7006953	-7.9659685
-5.9949331	-25.2791340
-22.8080120	-31.9921490
-22.8062620	-6.4362722
-5.8153938	11.9420570
8.9177685	11.6769550
0.2488015	-11.8573080
7.6933397	-26.4226800
-19.8734980	-10.7250560
-5.3282297	-34.4602100
-3.2430084	-14.3022320
-42.1532730	-10.1041910
-30.4734410	-1.5875645
-19.9765610	21.0617320
-10.0010830	34.5826110
-7.3621089	27.6139150
24.0536870	27.5145350
34.1388350	2.6839157
18.6182490	28.4082570
41.7715180	11.1727570
20.7630240	-13.6098370
3.9798574	-28.8512980
0.2080997	-24.0594920
-17.6428360	-4.3394373
-19.7338870	-26.5298980
-43.1902130	-11.0527390
-18.3637220	-9.8884681
-26.2764620	37.0384800
-6.7605656	38.3782230
3.2974882	29.1625890
3.6439647	46.5617580
3.1044330	43.5570550
4.6169736	31.6988890
33.7532110	15.0901030
14.8915000	2.4084419
21.7664170	-7.7555210
34.8658190	12.9902590
15.8804290	-11.3516870
7.4413048	18.2712220
-3.1892078	-5.3117853
0.6287972	-16.1262400
17.3790200	-13.6069720
6.9292786	-34.4571240
23.1501600	-35.0596800
14.4081640	-12.4710970
-15.5918670	-47.4398410
2.1667333	-22.7711240
-24.9566490	-34.1446620
-15.1258020	-3.1220590
-19.9147930	-16.2292480
-21.5267480	-4.6011683
-25.3561000	17.2366370
-12.1007960	30.7112140
-14.1768220	16.7861010
10.5808980	18.6492440
0.0599700	8.9749049
23.6956960	5.0388348
24.7166280	-7.0627158
27.1313340	6.0365590
9.6857514	-0.5169188
-0.7675274	-23.4328720
8.0826634	7.1643534
-2.6611797	13.9880630
-11.9159000	-11.0983320
-5.1739889	-2.5303168
-8.7505509	6.9234937
18.5229640	1.1624514
3.8330849	14.4811530
-7.9400791	-17.1065590
-4.2917334	-4.4566720
-13.8614590	6.8782887
-16.9559270	-22.6469020
-6.6705017	8.9812545
-4.6025777	22.7475120
0.9260466	16.7821780
-6.7382597	18.6855970
-3.1590116	13.6405780
17.2394010	-0.6128062
29.9446240	13.9347810
15.1154220	28.2588510
11.1049230	11.8039110
34.1171790	6.7249014
12.9791110	-11.9227030
9.8350743	-7.7318676
21.1640270	-31.1499410
-8.6775948	-34.8452220
-18.9316550	-29.3450050
-32.7579330	-1.5105376
-9.3847996	14.0758910
-11.1436350	4.9884691
-25.7558010	16.6962270
6.1379282	3.5284712
-0.4918682	9.3790630
16.2251200	-11.0385460
-8.7008191	-10.0465220
5.2760965	11.3083760
4.5370322	-19.2499800
-7.9191126	-5.4824772
3.2257804	-22.9998950
12.9375920	2.7842393
-11.3922650	-1.3890009
-15.0173750	13.9696760
-15.9953020	-0.9904084
-5.4748789	12.6635590
4.5633682	12.8202830
-22.2193060	-25.2265840
-18.8815130	0.0649319
7.4213727	-12.7930280
5.4950791	-22.1593310
-34.7689640	-20.8474710
-7.2966411	18.2606460
-8.4418720	-6.5585876
-19.0053500	4.9857328
-12.6541560	14.9905870
2.3840509	16.5922980
24.5156550	32.3586380
-5.6658306	10.7335600
20.4661320	24.0458350
20.4209620	11.8056520
18.1709140	9.4111752
3.6104541	2.9851659
12.3520360	4.8439898
-1.1009777	-0.1802060
11.1172190	-8.4308300
13.9421240	18.9138290
5.4844922	-0.6310735
-8.5878390	-2.7839678
3.1003821	4.1352239
10.8647770	-13.7568870
2.9900246	14.2211700
18.7426730	-12.0070080
-5.0277297	5.6991968
-17.1072990	4.0359094
2.2927708	9.6661133
-17.7453110	6.4259937
12.7480590	-17.9049220
-9.5693377	-19.0641080
-14.0374220	17.4684490
-6.5990791	15.1593880
17.0326310	-13.6633460
-5.1069534	-12.4936940
23.3328060	-1.8829516
-9.9713659	-12.5988120
16.1248710	-5.4422768
11.5288900	-11.9431110
7.2318507	-22.5660800
-18.5656170	0.9194539
-28.1405190	-11.4755300
-34.4973300	6.9097124
-14.0105960	20.5954380
-11.0306290	-0.8897909
9.1584242	17.4187800
8.3464541	3.5420263
11.2757690	24.3511470
30.3760250	18.3410770
7.6671353	-11.1303550
21.2346020	15.0117080
11.2522250	-12.1773640
-10.2199410	-21.4140180
-17.9705130	-8.0898526
13.1701190	-22.6493110
-1.3799904	3.0775665
10.1332450	15.0047750
6.7060571	-6.2060687
1.8396130	20.3799000
-3.0729044	11.1616600
-21.0084350	-8.8819617
12.3888790	14.9382610
4.4128059	-6.9623810
-17.9589140	-1.9515829
-19.0195570	-7.8486625
5.8034777	-14.7243080
3.4258823	-1.6282650
6.6846183	-8.9731082
16.5383990	31.2416190
12.2303190	-6.0725308
23.5836070	-6.8439698
19.7811890	13.6938980
16.8531270	-4.7626044
0.2679529	4.5111101
32.7806100	-8.0692090
-8.5895938	4.7897847
21.9472070	-19.7497460
10.2006110	0.9943569
-8.4426135	-3.0355042
-21.5393320	-1.5664890
-2.1860827	-2.1048984
-22.5219960	-15.6378210
-0.9550890	-12.0204780
-4.2118534	-17.2246750
-7.8484035	-4.8643382
14.4495140	14.9257980
-8.8727347	12.5644520
-12.2184650	-13.1632970
-20.3406090	-16.0709440
-14.5697320	7.8758709
1.4962008	17.3507890
-2.4495078	15.0592300
5.5276920	11.7233470
-17.8467750	23.4951370
-11.3091380	14.7335050
-12.9155160	19.1594110
-2.6534318	2.2044313
11.5113920	-4.5917347
-4.5883466	-12.1624590
-9.7154346	-10.3083870
-21.9690360	16.7495300
-14.3897590	-11.4177760
-26.8685040	-12.7351010
-7.1777249	13.6747600
-15.9456740	26.4123120
-11.5159270	14.4767370
15.8927680	22.9833960
6.2097837	11.7284060
5.6995616	-6.9733890
23.4522830	-2.7839371
11.4283010	2.0382618
5.8051575	-17.1008460
13.3080470	-12.6617240
6.1955182	-0.8098212
-7.5067775	8.2624330
-10.3537160	-18.6769020
-15.3768170	-11.9771770
7.1989276	-7.0483178
16.5507180	9.7901230
7.8366569	-3.2113406
14.0433070	6.8948253
-12.6458550	11.5134660
-7.1948730	-11.9687930
-15.0001190	-13.8149800
3.3142184	-13.9577130
6.6360646	-20.7413930
-6.2197507	-2.7631748
-17.8278540	20.9827770
6.7590818	10.5328620
-8.9118766	25.0530790
4.3825789	-3.0694985
17.8308680	6.6920693
-4.1872704	12.2302020
12.6665380	-11.9770640
19.3975880	16.4291730
20.2290530	-11.0474760
4.2831415	-8.2939613
-6.8327538	-11.9414100
18.4093670	-0.7130092
9.0369469	-16.3209990
-22.9159730	-0.6542041
-15.9327330	11.4625390
-0.6916461	12.0450170
-11.0809750	13.0142310
7.5214634	-5.6275754
0.2670796	-3.3374172
19.0265260	15.2912000
-9.2607503	7.2490435
-0.5030826	4.5182658
2.8148330	-10.9473710
15.7695320	-10.7122700
1.4280361	-5.8600596
6.4907312	-19.0606450
0.2498590	-21.2624130
9.5691255	-7.2989423
-5.5002066	-11.3492940
-0.8527274	4.6710920
0.4538225	-12.3985390
11.3003870	18.6463660
-12.6267230	6.4617092
-8.2567845	-14.5479710
-16.1503930	-4.7643203
11.4011680	-16.5310120
-21.6470270	5.1229274
9.6325023	-5.2880269
-11.3276070	-9.6650260
-2.4287428	17.8684320
6.1158651	0.9974496
-13.1903550	15.2019940
8.7925329	20.7530150
-7.5833327	22.9783730
-6.6851145	18.4766760
21.2073640	2.9154508
-15.1289440	-6.2874269
-9.3486264	10.5959100
8.3353161	-7.0803282
15.1006080	0.1201592
-12.0384620	-4.5123812
-6.6407580	-2.9449531
4.0428420	14.3166750
8.5526732	-22.8818430
-18.8836830	6.5715110
5.7586349	3.2075999
12.6674140	5.8263067
-1.7542170	-9.6550870
-3.8247075	20.7426650
-6.3343507	-6.9533186
-0.3621718	-2.5445071
9.0069413	-3.3465388
6.5471517	19.7555810
0.9554692	-2.5706916
-17.1967420	25.1823730
13.4246770	20.9907550
23.3111210	25.0946090
-6.5521608	-13.5875210
-10.9976320	12.3163680
7.3588790	1.8394391
17.5905330	2.2201374
12.2878840	-4.8727056
10.5985350	-14.5409220
-17.9249090	-22.3462820
-0.4692458	-20.5626070
-14.5505760	11.0540420
2.6106298	8.0465172
2.0559539	-7.0188908
-7.5692701	9.5188546
12.0284540	16.9105760
11.9499540	-9.4737306
14.1006080	-19.7290030
21.8034520	2.1471870
13.9373000	4.0753932
-6.1889988	12.9821200
5.7493570	-1.6763162
14.0271880	7.0979208
3.7914083	-12.6206810
-14.8680580	-12.7273720
6.3326619	15.3524000
2.1744415	17.6563530
14.8701540	13.0073030
-0.6614291	15.9121310
-10.0667220	-11.2749210
-11.6788300	-14.7527700
-3.6748675	16.3507300
-5.2135385	-11.2617100
-21.2674910	-8.1589955
-21.4426410	14.7768950
-17.9057180	-5.0379083
16.3052320	20.8796160
-17.0383740	-7.2825666
1.8255070	-7.9625944
-4.6522688	5.7899162
0.9655738	21.5433870
6.9245862	8.1110397
-11.4406770	-1.6737197
-6.8281529	-21.0931330
0.8961867	-0.0281328
11.7438710	-17.8645710
-18.9113160	0.7274731
6.8111847	3.7794649
6.3416198	-16.4649850
12.6563370	18.9831850
-22.2021240	-8.6965726
-21.8256660	14.8354140
16.2184280	-12.3103780
15.1580220	11.3136360
-6.0571527	22.0308320
-6.2096842	9.7786600
-7.4696900	-13.0099470
-8.7990415	-20.5661750
19.5187260	11.7011480
1.3624025	-17.6482050
-5.4232467	15.5952630
-15.2561700	-7.0944533
-8.2494919	-2.5009540
-3.0735362	-12.1871510
0.0568610	-12.4398030
0.2946403	4.3346220
21.1955590	-7.1334500
19.2066920	-14.9275830
-8.3885574	-23.1361310
7.8349931	-11.6021720
-11.8979840	-18.0911140
-18.3791070	-2.2657849
3.8093598	-14.2719070
5.5765577	9.4625455
-0.5896306	-5.5646358
-3.2367034	-0.2329383
-6.4678830	-4.0077643
-14.6265070	12.7498400
2.7265060	-1.7249129
22.0295340	-1.1189974
-7.3349634	17.8315950
-12.0484330	18.9598140
-14.2633280	-14.9775530
8.4286888	-18.6046700
8.8681572	11.7175580
-3.7188749	12.7793010
14.0769670	-19.3008710
18.0140920	15.6274420
-17.5215700	1.7788135
-2.2123509	-6.2001111
-8.7792473	5.3945667
-19.7055370	-7.2327884
-17.8654550	15.5577910
-11.2442800	15.4261660
2.8778017	1.8080371
0.2108626	6.9698919
-19.5150870	12.9078520
1.8816720	20.0765910
8.9761584	-12.7993690
-7.7276882	6.6765002
-4.8889657	-7.8264470
6.3598869	-5.4059129
-10.0339700	-15.6198220
-2.2745809	5.4082452
8.1157755	-13.3850810
2.4603577	-9.9729626
5.9224237	-20.8150480
-4.0777672	7.3980869
-23.1511000	-4.0709739
8.6091621	-18.7781560
-16.3861290	1.1494125
15.2607910	6.1045129
11.2632010	-6.2886685
5.1156685	-13.9324800
17.6114840	12.6341380
-6.5004638	-12.7786480
18.4363100	-12.9567830
4.3955779	0.6022693
12.6782900	1.5100381
5.4875045	5.4556662
-9.4945385	13.3733630
5.9520857	-4.0141316
17.4237800	1.4129134
-14.8972430	-5.4228087
-16.5957050	4.0786450
3.5207246	17.0851450
16.4443290	12.6838150
20.7437460	1.1967432
-16.9483800	-7.0099011
14.4114470	-15.2798920
2.7280210	-7.8245071
-14.3427550	-14.8230400
-9.9520668	16.1355460
6.4868374	-9.6748431
-16.2328410	-5.3932704
-20.4803840	24.4368810
19.0099270	22.7634310
14.1008920	-12.1619050
-14.6411800	15.3557810
14.1454060	5.0384816
-5.0411510	-9.4473693
9.0677788	16.4587590
1.7081535	-19.5813990
9.4990228	-17.0211780
19.4855860	-11.0611690
-12.4204730	0.4437597
-5.1446052	9.9840345
15.8586390	-1.9222317
0.3236318	13.4623650
17.0444000	-4.4732667
-0.0999688	-13.4802750
-18.9314130	10.2042950
2.4826074	-0.1355745
1.3439889	-0.6104850
15.1780960	7.1431473
-16.9404750	15.9004620
3.5077540	6.9589055
5.5187511	19.5286790
0.1859587	0.8762579
-0.0644268	-2.4633514
17.0702490	-7.3987452
-7.9054052	8.4536959
-17.4806190	-7.8015464
7.3240198	15.2375360
1.9993094	-7.6956389
-5.9199922	-11.0670680
18.5022600	-8.5968604
-3.5606334	-19.7708210
-6.3595718	-10.5146940
-17.1867910	4.9165945
1.9486107	-3.2414770
-18.3672490	17.0563420
-1.1005539	-8.5979284
-4.7446261	2.6510854
-7.3295386	16.8893310
-6.2251018	-7.1101147
-13.6121290	-13.3770660
-13.5174740	16.2117910
11.0120980	-15.3761030
-5.2387316	12.7410890
1.9367040	-16.5328500
19.8405760	-17.8925820
-11.3666060	1.6486641
16.4299350	-4.3020583
8.1984016	-2.2479601
13.7669860	-5.7754636
-1.7502157	-18.0224640
-16.2897750	15.6844270
20.6801970	12.7886990
-3.0454546	-18.0105040
4.5739316	-21.6655390
-18.5405040	12.1617930
-12.7581800	0.9346568
16.4125880	4.0610815
-14.1990770	-12.2233870
-6.3011767	-6.3943714
-10.1816010	-0.3153028
8.2703334	-6.2847418
-5.1717526	-2.5711541
-12.8174090	-5.4789334
7.2611261	-17.1237020
3.9838046	5.3134357
22.1221000	16.3748210
15.6787660	-18.4798550
6.6935853	3.3019520
-3.0280473	4.8057176
0.5671222	-6.4235094
-15.7603500	-1.3874833
-13.2650860	-18.2515230
6.4512161	3.3961543
1.4696309	0.7536897
-3.5707680	7.3575737
-15.5361850	-1.3576671
-16.6270470	17.5463370
7.5843277	12.0367170
0.3867064	11.1632440
5.0485504	-10.9942490
-0.1362782	18.4966290
-14.0328950	4.6156681
-7.0445087	-16.3581500
-3.1216708	17.6517770
10.9484640	18.1339280
-4.3369144	-1.3630384
-7.9264468	-3.9724217
-3.0465585	-2.4928882
15.7623130	-15.2367880
-5.8451465	16.0239070
12.2858730	-0.1800526
-2.8248519	-16.9637320
8.7736430	15.7007840
-0.0132773	7.5439574
-10.7126920	9.0004213
3.7020065	-9.7785665
-6.6557557	-11.6606380
3.9013722	6.4646405
-13.9062480	16.8098300
15.3139510	4.9233542
4.8152255	-1.2284469
1.8029764	15.4800820
-15.2343790	10.0364140
-12.6050800	2.4876914
10.4563080	8.7835459
20.2253670	11.7925080
2.0884599	3.6517211
12.9669850	-1.1705013
9.5793738	7.1952440
6.7405615	-4.3704480
-12.7968980	-9.0915514
-1.1007842	1.5316862
-13.7678510	-8.6868232
8.4057407	17.4009650
0.3574880	-12.9289390
-15.6236420	18.6083720
-3.9571933	-7.9822470
16.8893120	-2.5055195
-0.4338022	-14.2780220
8.4994785	-5.4367498
-12.2758080	-9.9606310
5.4753328	7.4359632
-18.3394780	-10.5694590
6.4522070	10.2741380
11.7423350	-0.8359839
-1.5300069	-4.5136992
18.1879710	-9.6513928
-17.7340200	13.1908800
-6.6206389	-17.9824630
3.2288580	6.1183283
15.1046050	14.5099730
-5.0703161	0.8845326
-12.6261860	4.2145050
-17.9032100	6.1419708
2.0903385	12.3973570
4.1203339	5.1543761
16.8294340	-9.3497136
-19.1086730	18.7330360
19.2813370	8.2446207
17.0785230	10.3263450
-8.0207718	-20.1657680
0.8979420	-8.8578403
15.9471050	10.2581040
14.2155860	-3.8789299
-6.4902976	-5.3932001
7.3306954	-19.3472680
-5.2838922	-5.0464794
10.7328740	-13.3006820
11.1325130	-1.4059480
3.1365602	5.0026107
-0.7965248	5.4063913
2.6499603	-2.6229832
10.6872020	15.3811490
-10.1955910	-16.6755970
-10.8001640	16.6108270
-5.3472710	17.8535410
3.4165896	-6.8168150
16.1496800	-2.3380174
7.5992280	-7.6581212
6.0886598	-13.8959500
-13.1479810	9.7120544
16.4510560	-4.0319439
21.0988840	-0.0365299
7.9910679	-0.6649516
-8.4127828	12.0438740
-3.6549667	9.9008453
-4.4828952	4.6808187
9.6480024	15.4956170
-18.9821990	-19.4139270
5.5461954	-11.5160710
-5.2773288	-12.9664320
-18.3955980	-9.7902370
7.9291325	-3.4772981
-6.3467318	1.6642637
7.8496102	10.4143990
-17.6536780	11.6332170
-17.9721640	8.9813922
6.2633065	18.4311050
10.6251600	9.3380586
13.7304530	-6.5640524
0.6844922	-14.7334740
9.8269792	7.1383236
-15.4329550	-11.4658190
13.8810330	-5.4548644
4.6709586	2.0652430
16.0245150	21.4996530
-15.3568380	-7.3107887
18.7635360	5.0064504
-11.0443340	6.8633527
2.3919631	-7.2945116
-12.0735700	-9.2933697
-12.4391510	-16.2722330
17.2735360	14.7055360
-12.6347440	0.9435453
11.0634520	12.2432610
4.5226445	-3.8134853
10.7381850	5.8311566
7.1769153	9.7238053
-14.6022680	-6.2681346
0.9642324	-0.2890822
-18.4838980	13.7197960
8.9384478	-4.0234014
-18.1184440	-18.8131470
-12.6893290	8.5982611
12.4942010	8.5535836
-5.9154277	9.1743087
9.1090432	-5.6492550
-9.5023568	7.8646843
9.4417740	12.3755690
-6.9062068	-18.0722830
-9.0527880	-9.1057271
-2.7070544	1.6615963
-13.5412460	-0.1939492
2.0005496	11.8199680
-4.8503695	-11.8133220
6.6443179	-20.3109210
-14.5159510	-10.8098550
-19.8117920	-3.4909525
6.2542861	-14.0824160
-18.5286500	17.0871620
12.4704510	-3.9750294
-1.0304064	4.8250608
9.8008183	0.0490851
13.3077510	5.3783347
16.3210470	-10.9210440
9.9603639	13.0679940
10.8792470	13.5771260
1.3035085	10.9339090
0.3612317	-14.1824940
17.0636540	-5.1175500
10.6967730	0.1967173
6.4714521	-13.3894210
-9.1848448	-11.5006330
-2.7134953	-6.3248092
1.2733767	10.8325960
-15.2660730	-7.1806964
11.1184170	12.8789270
-0.8003714	17.6722720
-1.5631401	16.8862110
16.9705940	-9.0754479
-9.9731349	-19.8820390
-2.1634331	0.5831285
-4.4387452	3.3932831
-13.0495280	1.8355761
-5.1585891	18.6830600
-5.6586429	13.7506920
-17.4475830	14.9184560
15.7262160	19.5979700
10.2195020	12.3837820
15.9368730	9.1572531
10.2855980	-2.7471374
18.5068250	-10.3817590
3.2804991	4.7265792
5.8994132	16.7707670
-9.4473006	-2.4359867
10.6766170	-5.2068034
6.5921013	-3.7962560
-10.0991790	-5.6209392
12.5940150	-9.1660324
19.5560970	13.0778300
-10.1462040	8.4240623
13.8643540	8.1874073
16.6970780	4.5162717
19.9875070	-2.4408642
14.0963680	-0.8363994
16.2025350	5.8103443
17.6371130	-10.6258400
-16.9748330	1.5818775
16.4994790	0.9614584
-10.6289000	10.2497240
-5.4386258	17.0810230
-18.4112810	-11.0188290
-6.3168925	16.6596620
-18.5055890	0.9829233
16.4664590	-9.8500080
6.3800865	18.0096520
3.1155137	-19.8989670
7.0570516	1.3836630
-17.0331160	19.3125250
-19.8333520	16.2041400
17.8048560	0.9357330
-14.6973620	-17.0268710
-17.2836470	-13.9968930
4.4181517	-6.8662499
7.8337755	-8.6757034
1.3006309	-11.7113080
11.6662890	-4.9293053
-1.7495125	-2.4072659
-6.5985924	0.6207190
-18.4666950	0.0447419
-14.9956240	-2.5296055
6.0837724	-19.0593990
-1.4240519	-2.4857729
-7.2829858	-2.2466298
-9.2280277	1.1043941
14.6893490	-7.6346696
7.3893472	-6.9498460
-4.7347351	20.6319550
-0.9648143	-9.8002076
11.9596310	11.9314340
-13.4149290	-6.1352719
-16.3731960	-12.4705600
14.2645870	-12.5804460
5.2220800	9.1471124
-9.9114426	-16.4275750
2.9083864	-6.4428542
-4.6397614	-18.6687950
-15.3841260	-8.8210048
-5.7871061	-16.4183380
-16.9545440	-13.3606530
-1.0465321	11.6729690
19.7044770	15.8319130
-9.3756774	14.6230790
-9.4942944	-1.8999746
-2.8662449	-16.0282830
-17.5430450	-15.0765130
-1.3016801	4.3711479
-19.4113130	16.4113990
-19.3390590	1.8076588
-8.8499604	-5.7751001
-4.7633473	7.5410452
-2.1649529	11.1884890
3.5189526	9.0453427
11.6968000	15.1450170
8.5978536	12.8821990
-0.8166333	-18.9018180
8.6269693	7.5068082
15.2133120	3.7512567
-2.6501844	12.4845860
12.7029580	12.5123720
-3.7470026	-18.1933040
-1.7287173	-14.6227730
17.6518270	-14.8846410
-8.9907912	-5.6185844
-16.3324610	8.8171823
7.5267451	1.0437264
4.3566773	12.1649840
-5.4282271	0.8350886
-10.4133900	-2.6933220
6.6811407	16.6317780
-9.6145635	-13.7164400
-7.0536019	6.1543479
-13.3657740	0.2148217
-9.5271904	11.5816800
13.1289080	8.8345362
11.3372430	-8.5065558
-3.8657265	-4.0716766
1.8667622	-2.0925244
0.4586071	-4.0571874
10.2989030	-14.8424620
15.1169010	5.9652203
17.0178480	16.8692340
15.0442800	-17.6637880
-4.9554846	-8.6260889
-6.8319716	-9.3344776
-3.3910051	6.7489725
-4.3128119	14.1704300
-12.1202690	17.3258170
2.0707345	-19.3440670
2.0729205	2.6424280
-11.1235270	16.2236560
-12.7093720	-9.7593456
4.3255916	-14.8465060
-18.1414600	-9.8831449
-11.3120200	-19.7072840
13.8667690	8.1764840
-1.0503357	14.8399090
-10.4697810	-3.2438468
-3.7566665	15.7135010
18.2107050	8.4295491
16.1156980	-5.0497041
-10.9666580	-9.3851322
5.0174556	-18.5713000
-15.6762400	-1.5995685
17.5030780	11.4273960
15.6920930	13.8615060
-17.5627500	-5.4286084
-8.7173689	2.8143533
-18.7785680	6.7151778
-11.2076270	12.7997570
-14.1609470	13.3888710
13.4537300	18.8919630
16.4699970	-10.1993370
-8.8588701	1.2756259
-12.5627730	-15.9719650
3.3925803	-16.2786360
4.3739218	17.8807250
-0.0280969	-13.1389220
18.9055220	-9.0327189
8.2032017	13.1876910
-3.3816531	17.6054920
-11.6743270	9.1692027
-1.0299150	-6.9650498
-11.6664810	11.6157910
0.3938442	19.9991520
-17.5784040	-11.0844800
18.7397150	9.3266237
7.4764021	-14.1294930
11.1263040	9.5361028
-19.0023690	-2.6152862
8.9754305	17.9166280
0.6459548	5.9391803
15.4459290	-7.2359009
-19.9997000	-10.6019480
-6.3526908	-13.2016710
13.6494150	-18.3306530
10.2549760	2.7031729
-6.6253867	18.4832620
15.1577610	-16.9186410
18.2066220	-6.0803620
14.4217940	12.7094120
9.6044157	2.3994428
15.7143830	9.5328695
15.1727400	-14.3109560
8.5643071	-5.2375585
-1.0676061	-11.0025860
-4.8298372	-10.6302670
-15.6945810	-10.6818800
-14.3725780	1.2546129
0.9072785	-10.5794360
-1.8030384	10.4934990
-11.4530410	-17.9227590
7.8806417	-13.4556180
-18.1245140	-1.5360506
6.6085275	9.7512242
12.2146290	-0.7208256
12.4301010	17.4895900
-8.7593214	6.1394803
6.7746206	-0.2686420
13.1978190	8.1002024
15.6923910	16.0803890
-1.8956349	-13.5509310
-6.6459924	-4.3903007
6.0799592	19.4734380
17.6193560	4.0640680
8.9171060	-16.4944490
2.7676425	7.5005650
15.5111880	17.4214590
7.0900529	9.5055416
8.7347239	17.0341810
-7.7280395	12.1774240
2.9658239	18.3310340
15.0465260	17.9070960
1.1606921	-14.8469340
3.6349786	-10.6947270
-12.7245010	8.0082805
14.6499810	-5.5198890
1.4589112	-8.8381660
-6.6417550	-9.9850358
4.5284042	-9.3220525
-1.0961770	13.6238330
-2.0123077	14.5729550
1.5896919	16.2372430
-4.3398349	-16.8449770
10.8067400	2.2311603
4.6852725	17.4032260
-7.2317491	13.8878670
-8.7401125	19.0914890
-7.3125571	14.0913020
-13.0892960	14.5989680
-0.9996163	9.4736538
-1.8386650	-2.1245136
17.7619470	-7.9048913
-19.8539820	-6.5434929
14.8237970	13.0699030
-1.3082930	-12.7116370
-12.8598560	-19.2522290
8.1512348	-18.2544130
5.1936562	12.3384760
-4.9723950	-11.1077660
16.8531630	-8.2565545
17.2103250	-13.3944540
-14.4291690	-5.8479037
1.0347146	-0.9446496
-18.8130650	-0.6584817
-7.9549298	3.3509747
19.4335490	-3.1055176
13.6792970	-13.3317470
3.7874636	6.3981076
-11.3792100	-15.2513300
8.7611934	-6.8947591
-10.0850300	-1.9422562
8.8456248	-12.8205320
-4.8427760	4.3756916
10.8183960	-20.0940600
-1.5759986	2.1007464
-13.9564900	-17.7436810
-3.2998945	-2.3208363
9.8795036	5.5957476
14.4810360	-18.4500810
-1.2471981	-16.6848350
0.3984682	-0.3735461
-3.6124874	-2.2827605
-7.4414552	-4.6752056
-3.3563295	-10.4705160
6.6126379	-10.8150630
7.6018631	-10.7819810
8.9545112	5.9431683
-0.6564939	15.9176700
-19.3465770	8.6270984
15.5442680	18.3512040
9.0992009	-7.7284129
-16.5161890	14.3167010
-16.7113490	11.2174280
4.5865342	-9.0340794
8.4743369	-8.1747625
-4.1639965	-10.1214610
-18.1592320	2.7707999
19.7075130	10.2549340
12.7111370	17.0765800
-11.4184970	-13.9400090
3.1898444	6.6322896
-3.6572595	-9.2837473
-2.4718758	-0.3068283
-6.8229508	7.5856595
-6.8222159	-2.4447380
12.8075430	-5.4305538
1.7887193	-16.5257120
-1.5463463	5.5563808
-3.2343440	9.8321085
17.2993580	-1.6349820
-16.3643930	-17.3889210
-2.1778876	7.9300707
3.2162024	-9.2796090
5.0409162	-9.8803791
15.9772120	-3.3215042
3.8392168	-8.1115432
18.8268740	-7.5487742
10.1173460	3.1299060
1.4822706	2.2038523
-0.8404441	-9.4058876
7.1038825	-5.2154354
6.7488320	-15.3723420
4.4517258	-11.1370370
-5.4411013	-0.9348237
-17.7569740	-13.8180060
13.5303720	0.6324849
-5.1532587	1.3473048
1.3693235	4.9855884
-6.5725123	-6.6264327
-13.1099750	1.7898968
-9.7770997	-4.2429812
-2.5179966	-11.0496830
-4.6841304	17.8279720
-1.5266290	16.5468730
-0.7999922	-12.6481320
9.6775239	13.5352690
-8.9128469	-17.0694210
4.9124275	-17.7238190
1.2438918	13.7782910
-11.6417320	17.6036060
-16.3470280	8.0665671
2.5751628	-16.5051460
-13.1719900	-2.4164647
4.2481621	20.1393180
-7.5690820	1.4334434
-14.7324900	5.7076659
-14.8097550	7.0255163
17.6842510	-0.6369750
11.9294580	9.4107266
-0.6833936	3.5354128
-10.2544270	-3.6303658
-13.5627070	-19.3072710
-7.0819617	-1.5236444
-10.0077830	-12.5235540
-6.7684242	-13.8049630
-17.0780830	15.0507330
16.0653280	-7.7806576
18.0715100	-20.2058770
-12.5450900	9.3526040
-18.3341420	-8.7899495
5.6311317	10.9396020
15.4857460	14.1300620
10.8226650	17.9183580
1.4957851	-10.6649840
16.1902930	-4.7435150
5.5574277	0.4454934
11.7370330	12.9932110
-17.0146840	-16.0162450
-18.4452760	-17.2669200
17.3947750	1.3359397
14.0166690	-6.1635767
-14.7601120	-1.3168082
15.5532250	-1.6427103
-4.0195485	-14.8301700
-1.8593520	6.7669063
5.6397375	1.0577488
15.6954320	-1.5723473
-7.1933566	4.0852793
-0.2369796	-6.8820852
-17.4808600	-14.4263440
16.5411360	-6.6266130
-16.3923290	-16.7677080
3.9746872	-3.5176307
-5.1691726	-6.6179261
-16.1849370	5.1677420
-18.0596930	7.5317874
-1.6459446	6.3961718
12.7334820	19.3238820
-4.3943397	-17.8260280
-11.6378590	0.1361760
-12.1169050	-13.0698700
17.9393510	-0.9908134
9.9741300	-4.2879150
-18.4568940	-16.4449500
-6.6356256	-15.7465580
-17.9238550	3.8907656
-6.8884946	9.4658038
-1.0102794	14.8905470
-0.8175926	-19.2203040
-5.6201028	-0.9867249
-13.5830040	-2.9574549
-11.1372720	14.5910300
14.2708110	17.9521740
7.1836078	-11.8867480
-12.1060780	14.3624610
-12.6902590	16.3250660
-0.9672091	-2.9187124
16.5950960	10.2749440
9.4397329	11.6488040
-19.8908880	-5.7765298
1.8274471	19.2616550
2.6669642	-9.0092425
-2.4051904	-5.7408832
-7.5073363	-15.9613620
-19.4969980	-14.6890830
-18.1357820	-16.8026230
-17.7513040	7.9662695
-17.1876290	-5.1132366
2.1505326	-12.6565890
3.0389617	12.7939960
-6.9607871	-7.5916092
-3.3576806	15.5824400
-13.0582060	-10.0152490
-10.1515920	13.5965940
-4.9763605	-15.9296500
10.7461310	11.3904490
11.8489190	17.3884810
-11.0034920	-5.1065494
10.3130490	9.8769088
3.9933589	-19.0587000
-4.9963543	12.2449480
2.3353886	2.0844071
3.5569422	-17.5146100
4.1162276	6.7060655
-7.8978673	-9.2632380
11.8138520	16.5800790
-10.9968520	-3.9692611
-4.8827412	15.9194160
6.9925243	-15.0324920
-6.6166762	9.4431612
-0.4564169	1.0704925
1.7406307	-7.8443883
4.4392050	19.0498970
8.1859954	6.2602297
7.7402173	9.8362097
8.5924946	-13.7581350
8.3431739	10.5526660
-4.0204233	-7.9843151
8.7500041	12.9741660
1.5956064	16.9829520
13.0780470	11.9879380
-9.5317225	-0.8413456
12.4905450	12.8081680
-0.1509557	-14.6706760
14.8778280	6.5382031
-11.7158740	6.0194695
-11.6482590	16.7007430
-15.1645320	-10.4650820
11.1050910	5.3296183
18.0896930	-10.7467830
14.6005590	-12.3698790
17.3137460	11.0832760
1.7902389	-0.2408432
5.1896633	-9.2639840
5.6944903	-16.0620010
-3.5322492	1.0959381
-15.8522610	1.6269011
-15.2542440	7.4772471
-10.9468560	16.8309010
-15.7872940	8.5046948
-14.9377730	-11.4050500
19.8566510	6.9944310
14.0621170	20.0161220
16.7418760	9.9910910
17.9800650	-0.5602535
18.2569870	1.4980081
-19.6396660	13.0347100
13.4627070	-8.4342980
-18.9305730	-5.0323181
3.7345222	7.0497125
1.6671149	-13.4744430
-14.8716520	-4.4401487
8.0732906	7.4707731
-1.3860529	7.3454708
-11.8337870	19.5440420
-10.1647420	-19.1980530
12.8021520	-3.3903528
-8.2470409	-2.4235281
13.8916250	-19.0898260
-6.7371403	13.1912000
19.2628770	-7.0133441
-17.1547360	-12.9978570
-11.3146830	18.0495690
-8.4589977	11.3257140
19.5442210	16.7663130
9.0862260	-19.5634750
2.8875726	-16.6284160
-7.9135811	-15.9158540
5.3633764	1.1179393
-4.4877832	15.9994430
-12.2531900	7.6826215
7.5229684	19.2584340
-14.0835130	7.9845830
-16.4608730	-12.0230720
-16.1559250	-13.7928590
-1.7410711	16.0479130
-4.9817537	11.2764680
-0.6696170	3.5305037
-3.2345590	7.7405046
9.3799169	9.8895151
18.1884160	-4.5375291
1.2739163	-8.5504631
-11.5982380	1.4525156
3.2820360	18.9990520
-14.3735040	4.7235235
-12.7593830	6.5618684
4.7848712	-3.4346368
18.5206760	-9.6364346
-4.6019777	-5.0826747
-16.6973260	15.5468930
-16.3149820	-16.0569250
5.1478947	-7.2219629
-9.3632765	-5.3004314
-12.0038910	18.1984530
-5.9970276	-15.2149810
8.2988765	12.7695270
2.2111780	14.2807360
11.0215580	-13.8125400
-7.4455453	15.1776190
-19.0939240	-9.5560348
20.1991720	-5.4331078
3.0205516	-14.0455980
14.6119800	-2.9696454
14.1903380	-10.0977580
19.1094920	10.0241080
2.4461730	-20.0836800
13.4786110	13.2497450
-16.6536910	-15.9317020
-9.6717550	-19.2339800
9.7474522	-2.9968838
19.5571360	-13.5474900
-11.5309650	9.6962175
16.2253640	18.6407000
-2.1654515	-12.8885930
-9.1159196	17.0546710
1.0814360	6.9841318
-9.0496651	-0.0755981
0.9717934	-5.0031742
9.4544193	5.5412589
-18.7095370	16.5360530
11.7034650	0.0944565
-17.8073210	-13.0851690
3.9648051	0.1101872
-19.2625650	-19.7022410
7.6954478	4.7294808
-9.6517650	4.9228520
-12.6852390	4.8867869
16.2460920	3.2944444
-8.6364244	7.4932619
2.0845607	17.3034130
12.1765990	-16.2369680
17.7280620	-18.1957000
8.8594860	-7.0153806
12.6184380	6.1386276
-10.5749120	-5.3541513
14.3494180	15.6381320
13.6917570	-16.1918110
-17.8817500	3.1063047
15.3835410	-11.4705720
-7.2522714	-17.4135110
-6.5498470	-4.5108694
-18.3917250	18.3457840
-14.6850810	8.1564457
-1.4130998	3.5056352
14.5471830	-6.8959507
-11.2895740	-8.0915345
-3.2336531	9.7010472
7.0495496	18.6249950
-12.3799620	-17.0866940
-2.0654284	-5.2487100
-17.7979910	-16.8258050
-1.9379352	14.6711890
-0.9622931	4.3051165
16.2242080	7.2509893
15.7342640	-10.5621790
-5.0782527	6.4303723
8.6373757	10.3315940
-3.0247113	-18.0445500
-19.3657400	-13.4300800
18.3829770	2.4482961
9.0681038	-17.5697380
-2.6512193	-16.9962640
-1.3654133	-11.8254850
-16.5207140	-4.5981694
3.3915469	14.6318700
3.3437380	7.0217558
-0.2485780	-19.9480930
-7.4778752	18.6518220
2.7699935	3.5148961
-6.3304017	6.2791569
11.4785710	-10.0913640
0.1023555	-10.8216060
-12.6561760	-3.2668681
18.4935000	19.4902170
-18.6699100	4.7329873
-2.4734289	16.7177360
6.5624554	-17.4033300
-5.2783080	0.1979961
-0.1450204	11.9527220
2.9455113	-12.0740380
3.1584654	-2.0841865
-17.4272710	-5.2069571
-1.8555087	-13.3578260
5.3680270	15.4495890
-14.7541980	-4.8974462
-4.1388433	-4.4526726
8.3371448	12.1470460
-14.6548570	12.7550330
8.1340649	-4.3429723
0.5200191	17.9972250
6.4386851	8.9481508
-6.9034685	12.7863780
17.4184600	1.4898696
-9.0993461	19.4770620
2.2185630	-19.2849980
6.5585533	12.2129030
-19.8017140	5.9675359
-1.4017311	-8.0332122
-9.3006729	15.6428340
-17.8420170	6.6695040
2.8992117	17.7902490
-14.3773160	15.0526910
5.3731453	0.5967220
-8.8465562	7.7273967
-3.7217208	2.1751058
0.4227110	2.9975519
-9.2740605	19.2272220
18.9374570	13.2849010
4.7245642	18.9022030
0.8168741	7.7482520
-19.5710790	7.6644571
16.2491160	7.4641806
-10.7463540	8.7860599
-5.6048554	-3.0512243
-15.9553920	-4.5424177
-7.8001037	-11.2107960
4.6997151	-13.3199540
2.5064513	9.4062793
-18.9735970	-12.8661460
-17.1313490	8.9861480
17.8888090	-5.8230176
-2.4707212	4.6662933
-7.6150086	-3.2952451
18.9440860	12.4133780
19.7675000	3.8201254
11.3923600	5.5682446
1.2136782	18.9749200
13.6109000	-8.5702994
19.4128440	-10.7590600
-7.4262028	-19.0159660
16.2982530	-17.2098450
-16.5709800	12.8452510
1.2507697	-10.1684900
14.0286670	15.2440870
-17.4726370	6.6819659
17.1791130	4.2798977
-14.6971480	7.8442379
14.2586160	-0.8200324
1.3647175	-17.5338050
-18.0165410	19.6170270
3.3765405	16.3787350
6.6899975	3.9625456
8.8021858	-10.7376750
-10.6709170	17.1609730
-10.3456630	-3.8702418
-17.0962510	2.5272166
-16.0482030	-18.9946270
-3.0728067	-3.3644310
-3.7525557	-0.2314935
16.2042590	14.8795830
4.2083433	19.1831810
-1.2874393	4.1557371
8.7876759	14.0558150
-15.8358490	4.8346050
-11.4254200	-5.5302982
3.6902647	-9.5246534
-0.0716108	-4.9914840
-4.9147933	-3.8808702
11.3006180	13.3664430
7.2832760	-4.5164802
17.8818980	-15.8521680
12.6209840	1.9498371
19.3295690	1.2092420
-10.7298760	14.9145400
-18.7294970	15.5714490
-16.6871290	-9.5498764
10.2684200	19.5006780
19.9755060	14.9475040
-6.8104802	6.6623768
5.2959639	-11.3766320
-0.9403286	-10.8256120
-19.1395060	-14.3955150
-19.2457460	-5.3088890
7.2383820	-16.5734180
-11.0787250	-0.2651984
11.2703970	-12.2086510
3.2579773	18.0081800
2.0640681	-11.7666120
12.8791480	-1.0711576
-1.7189003	14.0273750
-9.6038333	-6.9227308
-14.0008250	2.0693467
18.3929700	15.6849500
-5.6690636	-19.3087650
-6.6281956	-4.1843644
-14.6160210	2.3859622
-9.0528151	-11.1661030
13.7859720	1.8336173
-13.5978090	4.2263358
-8.0504841	3.8923765
-4.2051136	-17.7826790
2.1242402	-7.1721744
-5.9559533	6.7417622
-1.6386620	-2.3988794
17.2599540	11.3844250
16.4634120	2.7599609
11.0561270	13.5177300
12.6794720	4.8579432
8.0515116	-16.4051160
19.3146360	11.2536320
10.5951230	-9.1252667
15.1493280	15.4605230
-12.4791290	12.2295070
19.4315920	-6.0972894
0.8032702	12.2776790
-7.4638385	5.2166618
4.0076142	-2.6465927
-15.8761380	15.7398490
-4.0635103	-13.2313930
-12.7129150	17.4975460
-0.0212521	5.8933412
12.8661250	12.2513050
4.9947732	-11.4223380
-4.4657138	5.5922948
13.1464470	-1.0269926
-2.6898695	7.8269977
-12.0172150	17.3063250
-13.5358700	13.9862450
-13.9339750	11.5842380
0.9507041	9.5643517
14.5451680	5.2530525
11.5980160	7.7899179
-7.5639615	0.8462785
-5.3307477	18.8904980
-9.0095126	-13.9344190
-4.1345795	18.2120220
18.6656240	-0.8845704
5.2045760	-11.4033020
19.7949450	-17.7333040
-10.7422750	19.9672280
-8.5167405	-17.5132710
-8.6399953	-5.0143795
-16.6883060	13.1714700
9.3550272	14.3208340
-6.4931544	5.3414799
6.0490075	15.6591540
4.0583052	-15.7570030
-9.3116885	11.6997500
-6.2429008	1.3428268
8.0531805	-14.1592280
-9.8149047	10.2030270
-0.0222275	-6.6101597
-3.3037305	-4.4058413
-5.1475441	-12.3821120
-12.2118030	1.4733274
-16.7374430	-7.0985553
17.2703920	11.7450620
12.2923540	16.0189800
-19.9822010	4.6089501
-15.8347090	-9.8269748
0.6399848	15.4289090
-0.1663525	10.2277190
18.1097940	-4.3539730
10.0666660	-12.5130350
-4.5454055	-13.1438730
-10.6789500	5.7899455
-16.2195000	10.9613770
-0.1912396	19.6533810
0.3522022	-0.3265958
-15.7287760	1.0003833
-4.7396246	5.7260504
-19.4260080	-0.7943834
0.3673309	-12.6714890
-13.9544210	10.8818200
-6.3567022	4.5575648
12.6975560	9.5708946
11.9588970	19.4827390
-18.7359770	-1.1552260
-10.7695800	18.3976490
15.6656410	-19.5288980
15.3764200	-5.6460417
-2.2974542	-17.0038410
-14.3456130	-10.3092950
-13.3334630	10.4129230
12.4744240	0.2324482
15.2411360	-8.6118966
15.4127110	-2.4513410
-2.0035358	1.7986909
9.8379295	-11.0218080
13.6885380	-18.2605020
14.8592930	17.4515310
13.8283200	-4.5548219
-15.8976310	-8.4229548
3.1065376	14.6316990
8.3019348	18.6324720
-11.2229110	3.2532149
13.7519540	-6.3237279
13.5544280	-2.6348964
-3.6709939	-4.9878140
1.4404553	-18.3932030
16.4545890	-3.1874073
-17.0759910	16.6429410
-14.1356920	-2.4931247
-19.5386970	-16.7570290
-4.4065954	4.8403597
5.7543941	-6.6700203
-1.3211553	-11.0787000
-16.5856250	-1.7665878
-15.4696210	-3.0394558
-4.7915498	10.7153170
-5.0958267	9.5966400
-10.8627180	9.7069643
12.2344350	-11.3441850
-14.2566100	13.1406800
-18.6713700	11.0664210
13.3957930	-13.9830880
12.2041840	9.8565064
12.0872550	-6.3709165
-2.6552470	14.8573980
16.9102740	6.7595654
4.6449696	9.1936432
-1.9706712	5.5765048
11.8600730	-0.2714627
8.5558396	0.5721277
-12.5653870	-2.1777083
-7.9357042	-17.7491950
-18.5845110	2.0816763
-15.8513500	0.4156478
10.3376850	18.1380020
12.6976580	-0.3237236
-14.0593230	0.2327509
10.1759200	17.8862320
-17.8219820	6.0046104
11.8016760	-8.2987573
15.3100470	-3.7345787
16.1915240	10.1702090
-3.6235412	-15.2832830
-3.4598323	-12.7174020
8.3505944	-18.2864040
-19.1135370	2.4551018
-13.7620940	-6.2122681
16.4261400	-10.5538900
-14.1532290	-15.8433670
0.8675756	14.8334740
-16.0935790	-8.4315930
-9.6175486	13.5589100
16.0129230	0.9989471
19.1674520	10.4002290
0.0721451	-14.4772950
3.3513162	2.4866084
17.2651490	2.0900520
5.9949293	14.9439740
17.4436030	14.8377220
-17.9243140	-2.1054897
-17.1561910	10.7115150
-2.0476079	-7.3011341
-13.5392850	-15.4101710
-9.3726682	12.3802150
-0.4015462	-0.9100095
-4.3273510	-2.7131502
-1.8486018	-4.9898107
15.1818720	0.8182251
13.9887450	-12.6442020
8.7454752	8.1088528
5.6776967	5.0906703
10.1531910	16.7104910
4.4768179	3.3970083
19.5230200	15.9674710
-8.9400596	-12.5262740
1.8302654	-18.1943550
-5.5232088	-4.9651444
1.8421813	-2.0430696
2.2184176	8.3990004
10.2273110	-12.8499420
-16.1042080	11.4141800
12.1510030	17.5339860
-14.9837620	12.0308370
12.1036800	-13.3754930
10.4743530	-13.4431680
-3.5256652	17.0332530
17.0663400	-12.7026920
12.0837360	14.9721630
17.0978630	5.1878357
-8.8836247	-4.2583387
-11.6845520	-13.0029940
1.5597073	12.7094900
9.0906907	7.9741416
-16.4680820	11.1058560
-4.5051802	-2.4550487
-9.2366813	1.7521257
2.1317704	1.8777857
19.6086980	6.4049319
9.7414487	-18.4119950
5.4630024	-12.3455010
2.0016336	12.4176200
12.3179560	-13.7747730
-4.4614663	-18.0056240
-14.8544970	4.8758169
-2.1070522	16.1147800
6.9387803	13.6885230
12.7742430	-16.6557140
14.5451100	13.9996870
-10.9976610	14.0241140
-8.9354066	-16.0593130
17.2753360	-12.8550400
2.2490883	13.6291610
-17.0053200	-1.8545469
-10.7156630	-18.2178670
-18.8623130	1.8322153
14.6504690	-12.3847980
7.4053439	8.4455740
0.5855273	4.2825567
-10.2271280	18.4546420
-10.3506640	-3.8435604
-11.0454940	7.9605220
2.9670937	-5.2922333
1.3707328	12.8519110
-1.1680855	-5.4251325
-7.2711745	-3.9605479
18.5474370	11.6721840
-16.5780370	1.3590566
2.7458720	0.8853980
-17.9181760	-17.8133900
8.6412703	-18.9599950
-17.0958690	-10.9910400
-13.7324340	14.8908100
6.2057049	3.1334148
13.4990700	-9.4952329
17.7007260	7.1072402
5.2283321	-0.6947269
11.4690760	-16.6266710
14.1553280	9.5507675
14.2055290	5.7375756
5.6434594	3.7459607
-13.2370860	-4.3854428
5.8862869	-16.4000650
5.9982671	-14.8861890
-10.0472760	10.6488910
6.8480479	11.3692850
-4.8867201	17.2429190
-8.6120184	-13.5106040
18.1441170	-3.7689144
-0.5907347	-11.9214040
-12.1691200	1.7498378
-19.0929430	11.0939100
6.2902678	1.9545714
-8.5866686	-13.5860180
0.1828448	-16.9613510
4.1389003	-6.3312428
-12.3102930	8.1865447
-5.3394904	7.4613451
-7.0246689	-11.6553440
-14.0242470	2.4020561
-8.6186732	-16.2710730
19.1398270	-1.1660618
-7.2134251	-8.9291028
-15.7634780	-11.9908670
6.4548592	-1.4450527
3.4968533	5.2014291
12.2881080	-9.1635577
19.1971610	-18.1028260
12.8965560	-2.7705502
8.0704022	12.6962540
-12.9166710	2.2532533
9.8986090	-12.8820520
1.0647861	2.6843684
19.1879980	6.3176604
10.0996610	-10.1528010
-17.5656510	13.1344390
-12.3902650	17.0359080
-15.1903730	16.7837080
-2.8807806	-9.6813752
19.1910130	-15.8014660
10.9760280	13.5675770
11.9728970	12.2803900
-13.2230380	-18.1127830
-12.0787340	16.7323530
-18.0166210	11.8491750
8.2135778	-8.4508001
3.4510821	2.9118575
-18.4721580	4.1732081
-5.4083317	-4.3164818
3.5483315	0.5983184
4.3453161	17.2701940
-5.3805520	3.7487173
-5.2559910	0.3398400
-9.8864552	11.0257040
12.6346400	7.2828307
16.4839430	-3.0103080
3.9179923	9.8794828
-3.3732577	-18.9099090
0.7734845	13.1922080
16.9440930	7.7812528
-0.7412092	-0.2633624
-2.8055817	14.4047470
-5.5950930	-19.4077800
9.4530949	-11.2640320
9.3278675	-2.9567106
-16.2955870	-6.1341290
-4.3766877	-14.1757330
18.0705400	-19.4562240
16.3630960	-4.1313135
10.5666280	-18.3413980
-10.8569350	-4.3757614
-15.4051690	6.5850878
-9.3151658	7.0672362
-8.7585979	11.9134190
0.8624112	10.8315290
-6.7767819	-16.6364060
-2.3880911	-5.5624699
-15.6698800	-8.8983905
-16.7622810	-0.9824015
16.8620320	4.2281994
-14.0274790	3.4401367
-11.2068300	7.6508183
12.7794930	13.6805070
14.5942630	9.7451305
-16.8660780	-13.8272320
-13.4009010	9.1917123
19.6139650	-16.4868940
4.1250336	-8.7934973
11.0597380	12.7769870
-1.2592616	-9.3830671
-19.2329940	-17.6186420
5.7518775	0.8638370
-12.0848790	-7.6113037
-15.0115330	-13.3907650
13.2230900	18.9621180
-10.4876570	5.5116254
18.1655180	-19.8782900
-11.7773450	3.1077843
7.3542595	-4.5398497
-17.9356600	-3.8796039
-13.6029860	9.9415601
-6.5396153	-9.4096159
5.9019573	-13.6957740
3.1380362	-0.9217260
11.8995440	-7.1850943
2.3223416	-12.6099670
9.0982420	18.1520090
-4.9664645	-16.1206000
6.4733753	-11.9004770
2.4342662	-8.7749750
3.6301918	16.3633790
7.9595304	-15.1392980
-4.9099808	-18.4446270
-16.5485020	-15.8808280
-6.6561293	-5.9393791
10.7187360	4.2020526
-14.5963220	-16.7255110
11.2650830	-2.5513204
-2.3623512	1.9032986
12.6034010	14.6106050
-12.9484680	11.8462630
-17.6613260	-12.1720760
-12.5250750	3.0061553
-13.5639070	13.1871590
-2.0344206	-3.7284202
-11.8518860	-11.3691130
6.8250213	7.2823782
1.7598571	19.7139950
4.0873975	6.8369252
-16.6579450	4.6085059
-13.4105100	-8.6997989
-17.2016830	18.3203280
-9.0982503	-0.6478461
8.7451226	-9.0839800
15.8874850	10.2221090
8.2710375	16.6273290
-1.8174482	11.5490560
-2.9979595	12.0767190
-11.4890040	7.2531671
-19.8471570	10.4425790
9.0777184	1.8814917
1.6904830	7.1868063
-16.0606560	-19.7834700
-17.1287510	-0.7817337
17.0157300	10.0004220
12.6479770	19.4120190
17.3728420	3.3829697
11.8256220	-19.5867990
-6.0039469	-15.1352170
-18.4547580	-19.7735300
-8.7246274	11.6787440
-16.9551200	-6.8827425
13.0247170	-16.6996100
-1.3194274	15.7140300
4.5614416	-10.6895330
19.9595560	8.6929904
-18.7909700	10.2852010
-16.1374810	-1.7576493
11.7683640	-5.3067398
-14.9568250	11.5816920
-8.9975280	-1.9600881
-11.3930550	-17.6466380
-9.5925444	2.4188934
-4.2364568	-17.3018250
9.4639186	8.2556494
-7.7291396	-18.4400540
3.3824078	1.7192655
2.3092252	-3.6267279
-8.2396171	0.0042583
-11.1474850	-1.8851019
7.5132735	-1.2532222
15.4968680	16.0104200
-19.5342660	-10.2174030
18.2530760	4.9554144
-7.7823392	-6.3700852
16.0606740	-1.5429298
10.7666640	-11.6195160
19.5287940	19.5789980
-19.6509230	-7.0567394
-0.0686492	8.8221189
19.4660900	-7.2117448
-17.1332440	2.7955476
4.2319100	-19.7048770
-0.1456522	-10.6596680
3.9935871	-13.2088630
-2.2757069	17.3080230
-3.4464872	-3.6990714
-14.4233290	-13.4352440
11.7465990	-14.4544070
-12.5561980	-16.2156600
11.6748510	-9.6059151
4.6857303	-6.2254561
1.3314477	17.2149690
14.9630670	-17.8978010
12.5627050	4.8166740
-12.0702320	0.6397718
14.3717750	14.7344100
-0.6305724	-8.7919296
11.1647830	7.4020614
2.8795003	3.9818963
2.0666454	-7.4271124
12.2324780	-15.4047400
8.0889549	-4.0560481
-0.3753240	-15.5249010
2.9262430	18.3989650
18.3408440	2.8185467
-14.5495600	-10.2507470
11.4020620	-12.0830510
3.2960807	12.3634780
3.8606810	6.1215739
17.0281910	6.0350892
-4.2716338	12.0584790
-18.3125970	-5.5472560
-9.5446860	1.8018500
-16.4744380	-0.0257540
-2.7177121	18.7991310
-4.1583007	-11.3260480
-4.4854230	-15.9819160
-1.6469617	14.4070920
3.6943941	14.7134430
-11.1620730	6.1292583
-7.5421558	5.6258603
11.3837170	4.5036313
-19.0945210	-10.6712600
-8.0245135	10.2691920
1.9238620	-1.7218420
8.6296372	15.5888080
-5.0003615	14.9081510
-6.8500228	3.9334642
-17.0878320	-16.1528140
0.0309784	-2.9510952
17.5330020	-15.5464010
7.0200107	11.6613730
8.9025401	19.9854390
8.9124612	-1.1351997
1.5518037	1.6584855
4.6126937	5.6357169
0.5514766	-8.3150850
-6.7444571	-2.6667432
5.4603047	2.3425615
-2.9316240	5.3827922
-5.3944432	-15.7363600
-10.2282010	17.5286250
-9.9138066	-0.7194091
7.9207076	12.0426780
7.8885556	-16.3315540
8.1963610	19.0112150
8.0117576	3.0625151
3.1037853	5.2639457
18.6828560	17.7886040
-14.3311010	11.9202790
11.4662600	-14.0155450
-10.6290450	1.3284174
-8.6510354	19.0022800
-2.3817559	-14.5143350
-4.2378208	-16.3466720
-8.3483128	15.8661330
-8.7368806	5.4788546
9.1943727	-17.4758920
-14.9861970	-11.8757950
6.3816995	-6.4273976
5.6144422	14.7933170
-19.8819020	13.4938330
-5.4738851	15.2863240
-19.0612560	-5.3597758
-2.6218477	16.0434890
5.8049676	4.5247407
-7.3493870	-10.3401020
8.6057106	-15.1963540
-0.0815211	1.8436154
15.6384640	2.9712875
9.1588901	13.5393450
-5.5636068	-3.8384336
8.8818433	-17.7738700
13.6598700	-10.8983530
-3.0750958	17.5030360
11.3572170	-10.5661810
5.7376974	-5.5843555
-16.2786790	-10.1688140
-18.0429360	-19.2952840
-8.8661046	11.1266350
10.1188350	13.1363090
16.4465230	-11.1090210
-12.6725110	13.8824850
-1.3428824	-8.0753920
17.9117140	-14.9009340
15.7779300	-14.3172080
2.9947424	17.4943410
-11.1524600	-6.5778828
8.2381124	-2.3843266
-11.0838190	5.3986896
-7.8222730	17.6021440
-9.8740536	1.0164934
19.2997710	-8.3809983
-14.3757780	4.0618135
-0.0381530	-5.5776352
-0.5739734	-14.2318760
16.4516850	2.9376740
-19.6478070	16.8072430
16.8523590	16.7808020
-9.5069963	15.7758440
-9.8600048	7.2366890
-17.5268810	11.7204100
1.1358868	-16.8052020
-1.2953637	2.2371060
19.4319120	-18.9355380
2.3021445	-10.0592950
-2.0960271	14.5066800
5.6785901	12.9701710
