jMRUI Data Textfile

Filename: dataset16_WS.txt

PointsInDataset: 2048      
DatasetsInFile: 1         
SamplingInterval: 2.5E-1    
ZeroOrderPhase: 0E0       
BeginTime: 0E0       
TransmitterFrequency: 1.2322E8  
MagneticField: 2.9E0     
TypeOfNucleus: 0E0       
NameOfPatient: dataset16_WS
DateOfExperiment: 
Spectrometer: 
AdditionalInfo: dataset16_WS
SignalNames: dataset16_WS.txt;


Signal and FFT
sig(real)	sig(imag)	fft(real)	fft(imag)
Signal 1 out of 1 in file
266.5546400	-116.4419100
464.4704200	-216.7053800
309.1797700	-362.5698000
144.3271000	-434.0746700
-47.0019200	-385.4148300
-185.7433800	-288.8717700
-222.8819400	-148.4655900
-200.5384000	-28.0853010
-124.6526900	55.8315990
-45.1044380	70.1246470
36.0416430	52.6850970
48.5070540	-12.1699450
44.2615220	-40.0738940
28.8877680	-68.4227530
-37.1780410	-83.0786550
-47.7876490	-79.6271230
-61.1699630	-43.7885050
-73.4936990	-36.5478080
-76.5464600	-5.8328315
-72.2719200	17.6801830
-60.6241340	22.0682580
-54.4665870	66.2570630
-36.1030580	82.1637890
-0.0041171	67.9486920
32.0546010	54.5388920
34.0885650	36.1699570
37.2494510	20.9732600
37.6887860	-20.4095800
14.0801870	-54.7510830
-10.2695510	-54.0583300
-62.1260840	-30.0648720
-75.9715390	14.3451880
-60.7668660	37.7107020
-29.6195330	72.3705540
-8.4462758	76.5021680
45.8482050	80.4612630
43.3988950	70.4691850
65.9101530	44.5039640
69.0895810	11.5214200
81.6452730	-13.0501370
61.8449160	-30.4776910
58.8307410	-33.6113460
38.1252210	-49.0006690
14.2323640	-53.4747470
4.1730591	-40.8077130
-25.3304570	-42.7780160
-15.8990670	-20.4404050
-23.6388500	6.8763526
-5.4477408	8.5900607
11.5799660	9.7895402
20.3613270	-16.3541840
15.2182320	-15.8747640
12.5652380	-47.6364450
-17.4598880	-64.1809110
-35.5812110	-51.2165500
-51.6995200	-10.2545030
-67.7984950	16.4643780
-62.7311900	45.0566370
-17.3778960	64.5991800
28.5296920	51.2066580
47.2187840	40.0660380
59.3788290	20.6699620
42.6031470	-42.0842720
22.1862140	-45.7531740
-4.8033848	-51.0752910
-39.5879100	-57.5488510
-32.2362710	-33.6852650
-50.5442860	-12.1568730
-52.2657940	9.0074386
-48.5589570	8.5250179
-8.8894182	37.4895080
-7.7387099	16.6637910
-5.6406642	14.0381040
6.0109328	38.1146810
19.4094850	18.0406240
21.9543890	15.6142510
4.8738928	-1.2930707
5.7452756	-7.0457224
12.5781130	-22.3392240
-2.2347247	-18.5238770
-30.4527810	6.0690403
-31.8578190	2.8042654
-35.5965050	17.3921760
-18.5330500	40.0960390
23.4111950	34.9100780
37.3797770	30.0566790
43.6557460	14.3240510
40.6555410	-19.0704000
24.8675280	-32.6521850
0.0540382	-33.0842180
-22.1068810	-42.2212340
-31.2125420	-17.1087200
-39.5926400	-7.7136771
-34.1759140	16.2466490
-7.6369867	48.4157970
2.6906276	44.4981420
28.9073190	14.9066410
36.6595050	13.4262990
39.7408920	2.4143909
42.9459620	-19.7266510
36.0313280	-48.4420010
12.4241350	-62.2430530
-15.5722310	-42.8794780
-10.1116590	-26.7722120
-30.0992820	-25.2812790
-37.5779970	-20.2080950
-34.7855430	6.1920982
-53.1171720	20.4251960
-37.4454110	37.1149640
-23.6337990	50.0475550
17.6167760	48.0132930
29.4154050	38.1532710
27.8544240	13.5733980
30.6286150	-20.7348520
1.8373040	-16.0883260
-0.6866517	-4.1840543
-2.0875608	-12.2301330
-34.7466410	-0.1911963
-23.7175400	4.1606200
5.2942019	15.1664270
19.4365320	32.6400490
21.8784500	7.4503578
16.2815010	13.4406480
18.1607500	-15.4682720
28.3142280	-25.9951700
7.0057648	-26.0325970
-12.4841650	-35.1876280
-33.5443160	-13.4328770
-40.7816200	5.4884093
-40.2910400	13.3386640
-22.7113200	11.2094970
-28.4115900	22.4860370
-17.1757140	20.5451680
10.9109520	31.4043500
22.5659920	17.2631930
26.1573630	13.6947750
44.9944800	13.6360420
50.1714430	8.6031161
23.9619860	-28.4464060
13.8584550	-13.6922200
3.6622761	-22.1527070
13.3420000	-43.0505180
2.2206375	-39.6828380
-15.5906500	-28.6262450
-31.4157410	-2.0055035
-12.9683990	-4.5057644
1.0946947	3.2942170
-4.4303299	11.8297530
-7.4759566	-16.0821060
9.2377422	-11.4465310
-14.1113320	-13.7076300
-15.9919100	-8.6665381
-12.3305760	-6.7727153
-17.7521880	-1.1471613
-29.1190440	5.0116958
0.0426866	24.4925700
1.9916317	37.8579740
11.9296920	23.5403610
23.4278980	8.6272985
13.4375920	3.0786341
32.2317530	-1.2297386
14.9626770	-17.9115100
2.3237839	-36.9400440
10.0322460	-25.8376120
-12.5347270	-41.5957380
-39.6861990	-8.1947282
-35.6571810	1.8917686
-25.7682920	0.4639902
-28.6084100	20.6271330
-12.9758910	39.8844910
-10.7251790	34.2281090
4.5073987	44.9144340
12.0436650	21.6216080
27.5625340	14.1399770
31.4468990	7.7131652
7.2040728	-6.0783079
16.6949350	-5.3698716
28.2566830	8.5670576
23.1989650	12.6140130
1.1741849	11.6336400
29.4627360	-11.7562280
16.2348020	1.9253489
16.6944780	-8.6959482
31.5391120	-6.4310729
29.0977120	-22.9496180
11.7011640	-26.7910640
-3.3040824	-29.0358960
-2.1953546	-28.6994630
-22.8849250	-32.2777360
-30.6502180	-28.2992670
-19.4661720	-22.6923750
-27.7145100	0.8959955
-27.4820040	15.8964790
-18.2690680	17.4552880
-12.2934200	8.8035463
13.3706490	16.7661060
10.7934800	15.9309430
14.0203510	0.3214676
4.3805854	10.2578840
5.8708056	4.5223426
-3.4145448	-15.9948310
8.4356063	-4.3190266
-5.3850572	0.6162996
-14.8978820	0.4295637
-9.6707761	9.5086733
-0.8651486	2.9240681
-10.3540140	16.6624650
7.3274555	-2.5905732
4.7638790	-5.3979011
-7.1799333	10.8578850
5.8230075	7.5949126
-1.4856048	-14.1877790
-13.3322130	3.4533809
-8.9112208	-5.7761368
-14.0515230	8.8355932
-25.7922420	23.5967380
-14.8129680	12.2642380
-1.9303358	32.6797490
11.4477310	34.0865000
14.8869730	32.3687030
29.9278330	10.1182660
22.6745180	-7.2324117
38.8761810	6.4748005
14.8369960	-23.3128870
6.2432556	-27.4249740
15.5131510	-13.4399590
-16.4385000	-15.3112280
-16.6611440	-16.7911910
-22.7341200	-8.0074871
-6.1834546	-15.7945950
-12.5954080	-8.9608321
-17.7847530	11.7202780
-1.9838157	21.0458090
0.0198144	8.4613742
8.5004321	-8.2138743
-3.3885726	10.4985050
9.3441959	8.7734855
8.5486318	-10.5999130
11.0828420	6.7865626
-12.3471740	-2.9613474
-12.5710470	-11.1811810
2.5297763	-3.5048036
8.8479841	8.0752123
11.5137000	5.6361255
0.2932764	-3.0536410
14.5993870	-7.9698398
-13.4126270	3.7370577
-12.5458880	-22.2529800
-18.3366250	-6.9386139
3.9324308	-19.8989500
-10.9796840	-19.1848550
-1.3088465	-1.1262243
-19.9052430	17.7922720
-20.9550510	14.2248020
-3.6832413	29.7096930
-9.9085931	20.8822480
-0.0710579	4.7702586
4.8057779	24.6180940
1.9195342	3.1200779
3.1137547	-0.4791607
14.8320980	5.3139340
18.1925540	-22.2506570
10.8856220	-9.8862526
-13.7522490	9.2088562
-3.8414612	-2.1955396
7.4513102	17.5366810
6.4879824	4.2624698
2.4437873	0.9076368
2.2853202	13.3638810
17.5565770	7.2471146
9.5869243	1.0110102
-4.6574874	-13.7320760
13.1061770	1.7597379
16.6279290	-18.2753570
5.2017755	-21.5128840
-7.0888665	-12.7710320
-14.8165720	3.5033277
-7.4602475	4.1376299
-11.6536190	-0.5060928
2.1848333	4.2201264
9.8336824	-1.0206094
14.2362360	15.6282280
15.5025120	-7.8216429
-5.6714312	-3.4605623
-7.2849977	-19.3737600
10.0764600	-2.3268219
-14.4090640	-12.7541080
-21.7115450	-17.4744520
-2.1400592	0.2308432
-29.5031310	-4.0151693
-20.5270310	22.6273070
2.6843285	20.4552910
-10.8616560	5.0817393
-1.6107000	28.4433010
14.8473250	17.1703840
2.2451128	-7.3087384
22.0959720	-3.2124875
23.0279900	2.2148453
13.8788260	-6.6326523
10.1108590	-22.5440250
-4.6383398	-2.1195952
6.1037187	-7.1116956
4.9843126	1.9217276
-12.6545540	0.2987669
-18.4264140	-2.1455827
-16.5952650	5.2707609
6.1677044	-0.4693893
-7.8271204	14.7610870
-7.8654834	-7.7326410
-1.4647960	11.8343770
-2.8758016	-12.8317600
-2.8420623	-5.9124381
-2.5881768	-7.9419473
-5.5157989	12.9065920
-17.4127360	8.4268957
-11.3653510	5.5252757
12.2533800	6.1600474
-2.9550085	0.1428410
7.4166949	0.5366406
14.6135220	9.1351997
20.9878000	-9.9700956
5.8643604	-14.3255690
-6.1319736	-13.2878890
-6.0757476	-27.1794620
4.6060135	-19.6903460
-13.0295940	-14.4171380
7.8052231	-6.1785432
-15.9775570	10.2000770
2.8889576	10.4032240
-1.8997143	3.4540183
-7.7070776	-3.2966550
6.3164832	-3.9234188
1.1200300	-6.0759229
8.9308348	-11.3801920
-8.7189379	-10.4383310
-13.1536730	-6.6900744
-5.6111365	7.6497713
9.6869394	6.5241221
10.5013980	-12.0548290
5.5038913	8.8409070
-16.2817330	18.4136150
-5.3080711	-1.9457867
-0.3114401	-5.2180233
-4.7187518	-2.7880177
2.1036541	5.1320425
-1.6829097	-4.6236517
-8.6194082	6.6513118
-0.5514482	-6.2100287
-14.0470050	8.0766658
-4.6325952	-12.0336150
-22.3478590	-6.3190286
-12.3582700	16.7258590
-11.5981290	10.4317390
6.6365637	10.3628570
9.9693117	1.5924253
23.5798980	1.2944945
18.1825580	8.6807360
22.3223510	-10.2465400
23.4476450	-17.2732450
22.2938970	-8.5911871
19.4162150	-2.7646108
12.6200150	-7.1214577
8.2704534	-3.5721529
10.2087750	5.3476967
-4.7659699	-14.3495420
12.4272260	-7.0867026
13.6569520	-8.8810860
-9.9573598	0.1698575
-4.2101698	7.0560242
-4.1241018	0.3306988
-2.2971039	-3.3894730
-5.8456397	-18.4526930
-5.4658399	-2.3855203
-14.2985850	-14.9421720
-0.6809576	12.7896830
-21.8764530	13.0933600
5.4702028	10.8937740
-7.7605065	9.3014688
-0.4051641	27.4872330
10.1431710	13.6943930
9.4547734	20.5457310
7.2671178	-5.0356096
-1.6800417	7.0308332
-0.7893444	-9.5284178
-3.6183805	-13.0402180
1.4350251	1.8068449
-12.1841680	-2.2658097
-17.0977990	-20.1556750
-3.5379265	-4.2278607
-15.7371450	14.5466160
2.5814708	-7.5639764
2.3361576	5.7596746
-15.0541730	19.5998040
-7.5409999	13.3660210
-1.4138015	18.4728260
2.1746175	15.7345000
12.8868270	10.8056230
16.4990410	-3.5288721
-2.7883489	-6.0467304
11.1579210	-7.3196233
-11.5919790	-16.9286520
8.6980975	-10.6974610
-7.2429529	7.6090506
-3.2623324	7.9930083
17.2409140	10.1598080
14.1088510	5.9020385
5.8381028	-13.3053130
-5.2389857	0.5960416
-9.3275286	-12.7092180
9.9413418	-6.7045165
-15.6638520	-22.8098350
5.6683971	-11.8930980
5.3450220	10.9989800
0.5319373	0.4514679
0.4447365	7.8797675
-2.6845139	-6.7703959
-2.9904529	6.4314981
13.4163310	-1.1614478
-10.6200160	12.0517260
-11.1643160	5.6069883
-11.0099840	2.0340249
0.5143367	2.2614188
11.8382400	6.0550571
-11.0446240	11.1924460
-3.3054967	-17.9170240
3.4443344	-15.6867430
-1.0477254	-11.8525790
-17.5894660	1.0911107
-3.6671401	-3.8641501
-9.6329342	-5.6993980
-1.6228437	8.2529157
-2.5200358	-12.0373410
1.3170766	12.3283170
2.1643990	15.2120760
-0.9147491	3.0692207
4.4009282	-6.5503954
9.9458386	-3.9307174
-8.1473388	19.7316110
1.1175148	-6.6786165
13.0394110	8.2966288
3.8951611	-3.1073792
-5.4920389	-11.2463970
8.0075547	-0.3912585
-4.4336596	-5.0918527
17.9391430	8.8652799
-7.9355293	-18.3584800
-13.9639410	-4.8934459
-14.0568970	-0.4879714
-6.3006990	-5.1083253
-1.0529956	1.1289555
5.2179330	5.6511446
6.5094588	-0.9761297
-2.0413940	9.0262560
19.0692240	-10.9635250
16.7736850	14.6613210
13.7508610	3.2909094
12.4878620	-9.0174085
-13.0749040	-4.0325611
3.4703372	4.4426118
-11.6319010	-15.8160810
4.7308987	-13.5735390
-12.7255070	-13.5029500
3.4417727	-4.4364993
-9.0855873	-6.0692842
-6.6166555	17.3816230
-1.6519814	-2.5569246
0.6224105	-10.2989760
-8.6328650	-3.4143154
8.2621566	6.7189839
14.4340330	-11.3699440
-1.6728187	-11.7379610
10.4499810	-8.2220306
-9.2817979	2.3286618
-7.5999314	2.0191708
-6.9607740	13.9251220
14.5842080	-2.9456886
16.1368410	-6.1009783
-1.1292931	7.8942051
-6.5757283	14.0841020
11.0461940	-13.4117700
15.6822330	4.7133422
-4.8548004	-4.1233471
-2.7641856	-17.7283940
-10.4499320	0.6503515
8.1797583	3.5214949
-7.8831658	-8.6924553
-6.5793259	-2.0315062
2.5742980	15.6406860
-12.9641110	13.0472370
11.9966470	-5.1848691
-2.3466312	-4.8057360
-1.8184269	-7.6840456
-10.3389260	12.2149990
-1.2454536	-13.6091860
4.3762879	13.7890330
15.7033790	-9.0732768
-9.8702870	-8.6342042
7.7441790	-8.7424249
-8.0887408	10.7708330
-2.5638273	-12.5943640
14.8903710	-11.4647380
0.7785994	3.3751157
14.5723150	-13.8126070
-6.3949407	-7.7167719
-6.9921502	-7.8806898
-4.3991711	-13.2176510
-3.7128412	-12.7660540
1.6474253	-7.1229741
-11.1466600	-8.9194856
-3.6540618	-13.0812240
-17.0469950	6.8877323
-15.5976040	-3.6689526
3.6429055	12.6000160
-8.6343849	4.9458789
-12.0261710	11.9791010
-2.5087030	14.2559690
16.2084930	11.5296000
-1.9529445	14.0765790
-7.4119480	-8.4931368
7.8504767	11.3901670
4.3816231	-3.4139283
4.1589359	4.3902640
10.7798730	-17.0999230
-8.1719134	-9.6079593
-10.5064350	-10.5625390
4.7959771	-7.8871997
-1.8198698	-2.6299815
-7.4244098	0.9233362
5.9171392	4.8004593
-5.0005544	-0.0294897
-14.4038840	13.0731720
-8.7176120	-5.0022986
-1.9677589	2.8011111
8.7289206	5.1974406
0.6800183	3.3605128
-14.7555230	-0.2471341
2.2583250	-1.8675369
-2.8842009	0.5124209
2.4673950	4.0229383
-3.6346861	8.4583844
3.8124922	1.4520923
-7.0090328	10.9193670
5.5443041	-3.6675646
2.4172088	-15.0765340
-2.9483463	-1.7587017
1.2807239	1.3523508
5.6697706	0.1535204
-16.4827020	-13.4559680
-12.0359680	7.3823923
-8.5821900	9.1817874
-5.5511355	15.7251590
1.4463502	11.3489410
4.0954819	12.4638370
-0.7676616	-5.7328282
-9.9134258	-7.4451984
-11.8173690	-15.1889220
5.9027828	-10.7701820
-13.5604400	13.7680240
8.0072801	-6.4916221
0.5816920	10.4136560
0.9001019	-9.4219328
10.6332210	-4.7469431
2.2419954	-10.7757190
-9.5865196	1.5710304
16.7180230	5.3384961
1.4511229	0.0182916
9.4387182	-7.0214014
15.5270020	-4.8904882
-7.3957254	-2.3833833
-10.8285360	-17.4710590
-16.9099980	-8.0237951
-5.2579810	-1.4249202
-16.8693240	17.4181510
5.7863935	19.0698470
1.3495151	16.4243530
5.5704198	6.5758421
-9.4896843	1.6313679
15.5512710	11.5914900
17.5901770	9.7104468
19.1828450	10.9639550
-5.4680107	-8.7856287
14.5162180	7.1166901
0.7653042	-11.4135420
-12.8918570	-2.4368907
-2.2533622	9.1141242
-13.1338250	1.9734608
-5.7217063	-10.2840440
3.5875115	-1.5128631
-7.7049490	10.9049480
5.4421578	8.0691441
12.8568920	-5.1060663
7.0674006	11.3962480
6.9438657	0.1530467
-6.5259314	-15.7820660
10.6860020	-6.2642897
1.6063246	6.6237107
2.6202391	16.1367790
3.7310365	-4.6783279
-12.6660940	16.6331490
13.4779200	-8.0886072
8.7745595	-5.5086157
-11.2360930	-3.7013437
17.2189330	-1.5812173
4.2555135	7.0373745
-12.9550920	11.6617910
-1.6608553	-7.6342572
-9.9233774	-16.2090880
12.0667060	-1.0537233
-14.6813860	-7.5031040
-3.9425365	10.2352720
0.0041415	-10.5080960
-1.0401211	-8.6870654
14.5507730	0.6156527
1.7741110	5.0377911
16.7139670	14.8181140
3.1445978	-9.4806359
-2.5473002	-1.1628962
-8.0320014	-8.4822548
-9.0219140	-7.9594114
-10.9955740	12.5310790
-12.5758750	10.8265810
5.8846305	4.0247711
-3.5055986	-13.4736450
-12.0745030	-1.4085487
-0.0959237	-6.8008958
1.8887388	3.2629711
13.8630030	-9.3148178
-4.8897874	1.0254133
12.5345870	-4.2691633
0.3680312	-4.2476062
-10.5537590	-6.7381891
-8.1069064	-0.9112861
-4.4177937	-5.3260021
3.3337990	-3.9508702
-10.9963230	-10.4008310
2.5446263	0.6996377
-3.9381262	14.9084550
-2.2744013	16.4947570
17.1837840	-9.4714047
-9.0161604	11.8179850
-3.7956526	10.7348750
-3.6891624	12.0855980
0.9891265	3.1885570
-2.4928627	-4.5304647
-7.4829416	8.6959470
6.3123256	14.3569810
9.7985538	0.4998085
4.3786724	2.4533922
-9.4042381	-10.6489180
-12.4015570	-6.6931236
6.3430145	-12.5837750
-8.8612713	3.0005224
-5.5248296	11.5842990
-10.2916170	-2.5922504
6.7004360	-14.2407650
-3.1976497	-5.9898225
-7.0832676	3.3691652
2.8944802	-11.6287590
12.5534270	9.7695186
-11.3945020	1.8347475
1.7894001	-1.3156073
12.8113760	2.9833802
1.4250655	3.2902254
11.0835390	-5.0419504
12.1904270	-17.1085670
-2.6144446	-6.2052396
-8.8882741	-8.8513813
-2.5950963	-13.4262160
4.2626631	5.0448997
8.6655217	6.0928608
0.9987433	14.6989430
3.8072878	12.1259400
-13.3390020	-5.3124668
-6.3899940	2.6132431
14.3312760	6.9277349
3.1330839	-3.5646912
13.1493310	9.2996030
18.6903460	-2.3666538
-10.6333610	5.6244748
-2.0089853	-5.7341437
11.7590860	8.3931839
4.0819930	-16.0427370
-10.4244910	-16.8970590
13.5376280	-8.9542220
-5.2979368	-10.1610090
-0.0915316	1.0947955
-10.7301970	0.2006228
-1.9381721	5.6435975
-9.1762524	-11.5277470
-12.8307380	-5.4948552
1.1632289	0.4095665
12.0733140	0.2670019
-7.0159627	-12.4412620
2.7345314	-12.9451820
-11.8689470	-13.1895800
-5.3999953	16.3543220
0.7030409	-9.6753729
-5.2817872	-2.0140397
-1.7157023	-9.6924979
3.1622871	-7.0442802
-0.7003301	4.6371060
5.0231987	-9.7555795
8.2052634	-10.0948490
-10.8654850	-10.9419050
5.5106061	-12.2994850
-12.4246370	7.1050461
-14.4735270	3.4214303
-1.4441714	-4.2657736
0.0088870	-2.9915778
7.0128941	2.3578596
8.7062588	-9.4465441
-12.5275720	6.6091089
-14.0721300	13.9683160
1.6511435	10.3430920
-12.1078550	-11.3037850
-9.7039261	-4.6993259
-3.4602127	0.9624656
2.7816465	-11.1840410
-1.0672108	14.4576830
8.7840025	-0.5254298
11.5267280	7.0691467
-2.2244105	-0.4978607
-11.9625110	-11.5970610
2.8969923	-13.4716300
-8.8520357	-10.7404190
12.3241230	-0.9672320
10.8102330	-10.1627400
-11.4793590	-9.0510849
2.9077092	10.4232760
-12.9825810	0.5082179
2.7324756	-12.0473210
-3.6676351	-12.3328980
5.0256326	-6.2856388
1.3522778	-2.0455968
-1.4544441	-5.5448220
14.0081050	7.4152826
11.3395830	8.1780669
10.3599700	-7.8408507
-13.2972870	-2.1529697
12.7833530	11.6582760
-12.4517320	11.0926450
-10.6478300	-15.0150070
-13.4321870	-14.0856290
8.6559558	-1.6119230
10.3916210	-4.3362638
-15.2605700	-4.0331319
6.4973385	-2.7402112
13.3873350	-2.9374343
0.8482085	-2.1121838
-5.5504495	4.7748610
0.2117089	-4.2250468
7.0192020	6.7264728
-9.8770149	4.8199840
-4.7986257	-12.8850030
-3.2966081	-4.8429297
7.3919509	-0.4610708
9.8359413	14.5831470
-2.4617846	16.4864380
8.3446885	2.6304414
-11.7396940	10.3211650
-9.7744584	3.4631682
-0.3846900	11.6193610
-4.7453477	-8.6447764
-6.3385850	-6.8607189
3.4846761	2.8172246
10.5824050	-12.9510940
2.7362789	-2.1699931
11.0968220	-14.9513390
-0.9299364	9.3316862
-4.0304984	4.6413755
5.2261327	7.9522902
-13.5751340	11.0214510
-10.4656420	12.8795590
-14.3485500	0.0017031
-9.1946013	-7.0186259
1.0071451	-6.6081645
7.6967621	-13.6842780
0.3380679	9.0259425
5.2832781	-1.4353532
-12.7622390	-13.5936010
-7.6218045	-2.3984597
9.5769102	-5.4809612
15.5508990	-7.3334946
10.0421360	8.6135876
-2.7422484	4.5755515
0.3682378	10.6764200
-1.5234882	-13.5792160
-11.0331690	0.8388051
9.4328293	-3.5983390
9.9044661	-4.0847734
-13.1503130	-1.0064961
-0.1042683	-6.8633253
8.1588463	2.6976171
-15.3225600	-4.3861261
-0.7239255	-12.6652640
-6.4300563	-7.4881811
-7.9217994	4.2289416
-7.5723598	-1.0413010
7.1569232	0.5242925
13.0120420	12.4071610
-1.5573399	5.5000946
-12.5299640	-8.5193995
-3.4789983	-16.2573190
7.1406243	4.8149908
-2.5526799	-1.0489073
-5.7720625	-10.6441250
11.7773600	-9.3738948
-8.0554416	-1.0196083
-8.0478972	-3.4568369
-11.3937070	14.1665360
-10.0926750	-10.3818990
2.4744229	11.5999080
3.0986368	-7.2817286
7.2902938	9.4650048
-0.5750453	-13.7758990
-8.9276480	-6.3187045
6.4084915	-0.8639414
11.4912520	10.3428900
-3.1465494	-0.8965651
6.1535084	-9.6244945
-1.2917495	13.0769560
12.6835110	5.9615970
-12.2396270	-3.9862558
3.4515858	-6.8946828
-3.5438391	8.6234939
7.4339479	-12.7852430
-3.9648584	11.6573190
11.9098630	-12.9445970
6.5795743	-1.4882937
11.7586020	6.9170015
-4.4177877	-8.6948809
1.9818059	4.5058419
14.4460120	11.5798530
6.7994447	-1.8995962
-8.5713710	11.8944790
10.4086000	-3.1440178
5.5993259	2.8579706
6.3450830	-4.9348628
3.3069367	-14.5093850
-1.6679474	4.9773610
-8.5486789	1.4659008
-3.9484878	-8.2902914
-7.9722124	-15.0207270
1.8500495	1.1490274
12.1899240	13.1792160
-11.4016450	-1.6958035
7.5111157	11.6886400
-6.6772811	-0.7604546
-10.6034760	-8.3955982
0.7204251	-0.9700919
7.1834762	12.8393570
-6.1979918	-4.2044096
5.8352180	-8.8100725
-9.3410656	12.5633610
7.2020233	-13.2457910
11.8990680	-10.6212380
-0.4902329	8.4429719
-10.6844660	-12.4583760
4.0911543	5.6319921
-9.9669569	-7.3175326
3.8392981	8.3018675
-6.8492186	10.1733940
-5.5757149	-0.8715884
14.5558300	-15.6753980
-13.4454380	-2.9089102
-7.5870360	-8.1506919
-16.3778300	12.7835610
2.9141674	-3.3917633
-7.0974202	-13.0117770
10.4154280	-1.4811302
-0.0728565	-12.9605930
-1.9642824	1.6141824
3.7184926	14.7397030
-6.1939650	-1.5275233
10.1667120	-8.8956778
-1.1248823	-6.8956181
-3.1074916	-8.2280983
3.5763075	7.7714968
3.0307196	-3.9440166
-4.6628629	-10.1418600
2.3116950	-10.0760780
-10.5567700	3.1310280
-3.6158071	-2.9544711
3.6174469	2.4715742
9.9378639	7.3684770
-8.9515409	-5.3184408
2.3514936	-9.2637382
-6.2306259	-4.8722795
-10.6103040	-13.5261280
-3.6324716	-2.9135418
9.8428172	-5.5542142
1.2483147	6.0579058
1.3553659	-10.9086760
-6.4722572	-7.2531328
-5.6115439	-11.3364450
10.7862480	11.4907510
14.2876320	5.5600016
-0.0741030	15.2213820
2.4586564	14.5930890
12.2188150	6.0231992
13.3734010	-2.6065071
9.1517799	9.6887067
7.8551708	-12.0062750
-8.8332626	4.3707187
-8.5077103	-9.0196785
0.6581484	-7.4499040
4.3976240	8.5335292
-12.1515280	1.5354471
1.6407084	-4.9998725
-12.6271850	-7.0045667
6.2714302	-7.5642511
-5.0653900	-6.4653436
-11.8725030	-12.4767750
3.3172931	-6.8878862
-8.6477821	-5.4770690
-1.2523911	1.8025358
8.1958330	-10.3740680
-11.9753310	-2.4527442
12.9900170	9.0644995
7.7386931	-11.2036360
-0.6949240	-0.8188783
-13.1451960	-6.4346663
-4.4405385	0.1339431
-6.9141541	10.1429000
11.8719300	-11.0724440
-11.1130110	-3.4898575
-8.2170867	-12.4131280
-1.7323203	-11.3654680
12.1545970	-10.5883560
13.6240360	4.5143112
10.0716340	0.8409157
-13.9096680	-11.2250920
3.5420045	-12.2305460
-5.1280293	-9.8846923
11.0907600	-12.1235850
-4.2962230	3.1064384
-4.0587427	-10.9674740
-8.6032620	-4.6964408
-10.2140490	12.7141710
-14.7028450	-12.0022030
11.6475980	4.4026168
-13.5502860	-2.9568256
6.3077512	-5.8724862
12.2933770	4.2634179
0.2445510	4.0828292
14.6542630	-5.2707160
8.9778212	-15.0398700
-10.9167710	1.4889945
-12.2130760	-3.9736159
13.1810370	-8.7075714
-12.6803180	10.5421650
-4.9497090	4.8089864
-14.5989400	-14.4677120
-8.6206486	2.9094891
-7.8940585	3.4718499
-5.2358378	-6.5277674
12.5678400	1.1120682
-2.9790814	-1.8014544
-12.2230480	-13.3452980
15.2231600	5.5898043
-6.2747653	-11.6240960
6.8065246	10.3099310
2.7008610	-8.1505215
-11.6807390	6.6946688
-6.8018091	-5.0694762
-7.7277469	14.8271370
12.8621780	5.3019347
-2.8334916	3.6774123
-4.2649490	4.2660061
-7.4246041	6.0147789
14.8179630	12.1629960
13.6383740	-3.4922449
-10.2776860	13.9162130
10.2972880	-7.6638413
8.0421022	-3.4029149
-10.1910560	1.2844117
3.8067954	-1.8821778
-7.8285149	9.3551491
3.0689240	3.2398178
13.8670370	15.6001380
-4.1251402	7.7279679
-8.8246581	-11.4123430
13.3163890	8.5586155
-14.3199000	-8.0549158
-9.4442314	7.2983729
1.8730955	-5.9191160
-5.0131580	2.9961534
-12.5727950	-6.8053636
-10.0125270	-0.9586140
-8.3367700	4.0622698
-0.0682039	-2.5117893
13.9780420	-0.1278238
-6.5870221	7.7224211
5.4681997	7.1755484
-5.3134540	11.1059290
-13.8047100	-2.4398566
-1.3333537	-5.6744947
2.3992918	-14.9189730
-7.9880519	-12.5622640
-0.2352421	9.6273825
-11.9727570	-1.8834918
-10.6765980	12.4006920
-11.2566790	-2.7498027
11.3752630	4.5273237
12.4470460	3.1389141
-14.0798640	9.4443829
7.4677213	-15.0560580
-4.6848353	10.1819300
-4.6385767	13.0245670
-11.7552420	-12.3611300
-13.3129830	11.5240730
-8.8784479	5.0958036
7.5647082	9.5152260
14.1258390	9.6616555
6.6231413	-9.2879728
-5.5301331	-6.8364183
-7.6567842	10.9538960
-8.4475200	-6.4468090
-4.0000744	11.1983870
15.7439580	10.4995240
9.3065222	-6.0099190
-0.0973286	-2.1482687
-7.3132040	1.3902416
-2.0890523	-4.9593789
-15.2028690	-15.2819800
0.2903824	10.4942230
-9.0133474	4.9945681
6.4225666	-12.9624070
1.5339940	-9.1090092
9.3153291	12.4136970
11.3056300	0.8131617
-9.0461738	-5.4888591
11.4293780	-7.4844170
1.1995539	-0.3442870
-0.5787426	-15.0472590
2.1874781	-2.0519316
-10.3697650	-12.1294490
7.5757316	-2.2295122
2.6751599	-4.9313929
2.9302564	10.9598430
0.7705753	14.9912790
12.7961050	6.4823007
-5.4778559	11.0233490
-9.9131509	-14.7299260
7.3990485	3.2347258
11.2324270	-8.5734946
-13.8485190	10.1781150
-10.6469150	-0.9347776
-13.7600100	14.5025770
7.1380784	8.9021729
10.4626100	-2.1922182
7.7359380	15.1540170
-3.4494210	15.3398850
12.5537110	0.7599347
-8.6364978	-4.2139579
-7.3473120	3.7806467
-3.3961939	2.0944205
-0.6547686	-3.2973249
-12.7494570	5.5291376
5.4505678	13.3926210
-2.5678326	-14.4409160
10.9673640	-5.1513308
5.4990743	7.3811908
0.1923149	11.3303100
9.0202383	-13.6982710
4.0714288	-13.5010350
-6.9413850	8.9529862
2.9002318	-12.6770400
4.6628189	2.2430967
1.0621683	12.6278230
-1.2067778	-11.0182950
1.7071815	11.5573110
7.2743144	-13.3323020
-0.2182908	-6.1924628
-1.6911039	10.1269510
-4.4891116	-13.2680980
-9.3951072	-10.2063430
8.0108236	15.4450550
-11.5421100	2.2669509
-7.6395718	9.5908038
-1.6490561	-10.5931360
4.1728910	9.1532555
-1.2467430	-14.0475740
9.9710392	3.9860406
14.8927650	3.7523290
1.5562135	11.5688120
7.1525571	-11.5848000
-9.5002750	6.1752559
11.1598580	8.1080797
-8.2880787	11.5027710
-13.4261570	1.9113947
11.1339340	5.1566965
7.9052424	-6.4969076
15.0193680	-12.4059970
-9.9848942	6.8976270
6.2445091	5.8994083
2.8649244	10.0480650
-1.0504815	12.1756980
11.8251240	-7.4854329
-9.4783792	-1.5054991
-7.7159259	-1.6964242
2.7729146	-12.9373700
9.6155080	-9.3723253
-12.8195740	-10.4560210
-6.0071721	3.4957332
5.9196653	1.8643060
1.0303749	-1.0791989
-4.6206134	-14.8710090
14.8573890	5.5888687
0.2834184	-15.0258750
3.8066405	-0.5264611
-2.0975196	-14.0139910
1.5349384	-0.1251711
-4.6260710	-6.0352096
-7.7352070	12.0804760
-4.7259729	-13.1943950
6.4542609	8.1916817
-1.5667856	10.6847630
7.6076077	-12.2241460
8.9873044	6.5176912
5.2113558	2.0604891
-0.7692707	-9.9275547
-10.0585470	-13.7530550
-10.9937900	-14.2270070
-8.1347709	-8.8829563
-12.9437000	3.4882939
-9.8457949	-9.0907016
-12.0728370	-6.7620598
10.0383140	-13.5547070
-9.9457426	-14.7559150
11.4843640	14.4422920
3.7037970	0.3345957
7.0947461	8.2827038
7.3867820	-7.0931655
2.0571295	-14.1886750
-14.0063010	5.8314036
12.8658160	-11.5294830
-4.2394281	-3.4164887
-3.3588635	-2.3823906
5.1398553	-2.0010243
-10.1760480	-13.8944790
-3.6669426	2.9067501
-1.6835531	12.0378080
-13.7799840	-12.5272610
-3.4474474	-11.5654360
-9.0743023	3.4247370
8.6961822	0.4164018
-6.4419521	-0.0670776
5.9195962	6.3381189
-5.5232802	-3.7105283
0.7388016	-12.0422160
-11.1603850	10.5680330
0.7786148	2.5843300
-13.0265490	-0.1422499
13.1291150	2.2087043
0.8068038	-10.7826930
-0.3542047	7.5794350
0.1007392	12.1579240
8.0888331	6.8746245
-1.2156496	-4.9541114
-7.1595836	7.1637833
-8.2938338	-0.8816395
13.6635330	-10.0630430
-14.0567980	-0.1796766
-13.9296650	-8.4304591
-1.7097955	-5.1751165
1.5415380	8.2491384
-0.1374369	-13.6841560
13.9250970	6.2636607
-3.5294530	12.2975190
1.8271474	-13.8496500
-2.9636059	12.3408580
-7.2233876	1.7508746
13.5542550	-10.1076580
-13.4664860	7.6696649
-2.4294362	-13.0650940
-0.3812942	1.1490897
-7.6151608	0.1601658
8.1920413	2.9564974
12.9245920	1.4430785
-14.3216650	9.8643614
-6.9688546	-1.9954379
14.8334320	-3.9518874
3.5269406	-9.2224663
3.1483086	-3.0819618
-4.4717145	9.6878044
8.9145780	9.1802000
10.1030830	13.8890920
9.5150766	3.7019078
4.8639106	4.7406807
-7.6137298	4.5509340
3.6931230	12.2108570
-11.0604980	-8.7195929
2.8299832	-6.4964574
-3.9023373	11.3279680
-14.8832160	8.8518008
12.8884020	9.8925294
-12.4602560	-9.3862404
5.2857890	14.6995430
-7.6129575	-13.8594560
6.4242457	1.4208558
9.6357184	0.6059722
-10.5381320	2.2258068
-0.6997606	-13.1064100
-1.3592860	-5.9745491
5.5378991	-13.1467430
-6.6169258	8.9409134
-0.9260865	-6.5945190
6.9783354	9.7195993
-11.2341290	7.6406887
-8.0705145	-11.5602210
13.2921340	-12.4277130
-14.3126120	-3.9286044
0.0015418	-5.8292421
-4.1499242	-7.0378653
-3.0551269	-13.9175190
7.7261747	-13.6959370
-10.9818610	0.7266942
10.0720570	-10.1685490
3.0109360	-12.1126780
9.4126495	-10.2394080
11.1874490	10.2344480
-2.4544524	10.7563620
10.4585170	-8.0653717
-2.9504762	9.0921667
14.9008400	-2.1975799
-14.0668000	13.2527710
-13.9423350	-10.1829180
5.4045380	-13.8082620
-7.8372525	13.1271440
-10.1615710	14.7213020
2.6197600	-4.6054068
-14.5759530	-7.1593525
-0.7242524	11.5301410
-14.7369400	0.5911486
10.5423200	7.4996533
-5.2282878	2.8367297
0.6859177	-10.9880650
-12.0270820	0.1864001
-7.2207060	-11.0689320
-1.5704581	5.5129552
-8.0602157	3.3097661
-7.9434698	-6.6610372
-6.7148478	5.4702651
-5.8027691	7.8785457
-3.4804396	0.6475370
7.0450240	13.8299800
10.9518340	7.8206251
9.5355225	3.2620660
4.1493214	-7.0592984
-11.2949550	7.0459303
-10.6568450	-5.0520014
-3.5413542	-12.0994520
-11.2219700	-1.8232915
10.9145580	11.4482490
-3.5656784	-0.8130343
-11.0285890	-7.6257660
5.5263223	4.2273910
-12.9824460	11.0209340
12.9280790	2.4559195
10.6928950	11.1521560
0.3975271	14.9573350
5.4874550	9.0527111
13.0585110	-1.6813354
-11.5709190	0.3552239
5.3237659	-9.5612325
-11.5303090	-11.6763220
-13.7867650	6.2442546
-9.6015954	-7.8945616
13.5557850	-7.1254433
1.2092967	-4.4377792
7.2268080	-3.6359776
-1.3967174	0.7521339
11.2307250	9.6697612
-1.8411895	-2.7412985
11.0566010	4.2796444
-13.8465130	14.0369440
15.0479650	-0.2218561
8.8139768	-8.1171953
2.1371887	-4.0153946
12.1449130	10.7812080
-11.4657710	-10.4380830
-4.0862524	7.1855821
6.0950314	5.1366739
-3.6931831	13.0845750
2.9036019	-10.4460110
-13.9932990	6.8969284
11.9208220	2.9239767
-0.7614624	-11.0934650
-7.1876369	-6.9558865
-3.0672130	-5.6251338
-6.7850501	13.1781800
-11.9575760	-5.2525003
-12.0323840	-4.5760201
-14.3795450	-5.3537854
7.1128539	7.0189936
-10.7341730	-12.3145850
-5.5868294	12.2940260
-2.4775223	-14.6180880
-2.9210590	-1.0584069
-9.0429059	11.5007670
15.1329480	-12.4860090
-9.7442850	3.8108650
9.1616209	1.9055293
11.2133580	9.5756911
7.4318855	13.2372280
0.6567190	-2.8729903
-1.5148813	11.6284720
10.0150600	7.5546114
-10.8641590	-11.3658000
2.5350702	6.4946889
-10.6256530	14.7836490
-10.3063070	-9.7832594
3.3758088	10.9169590
12.4906380	6.6651692
-10.5080470	5.8928109
-2.5332534	-4.6540337
7.2372822	-9.9487242
13.8988490	-10.5216100
-13.1545630	-8.8582162
1.0948753	-4.2100525
-6.1468164	-9.9590503
-12.7386660	13.0870900
12.4898390	4.1860761
-10.1751180	-0.7522377
6.4820851	1.0719555
-12.3122130	6.3847049
-6.4896754	-8.9521823
4.3544954	-5.9959766
-3.7734897	-4.0504269
-6.6272409	10.5247310
7.8258397	8.2558364
-6.2850386	-7.8360722
-8.4339386	-1.8714008
-1.3803367	-12.3014690
-9.5825657	-12.3248500
-7.7055891	7.5674030
-13.2677120	15.1014850
1.6070310	0.6434612
2.5094035	7.7385427
-7.0019364	1.2198970
-0.6859036	-7.8429242
-0.7045232	-12.2758420
0.3684691	-15.0750780
5.6766316	13.8431770
4.1470687	-6.6777349
4.4503799	7.2983594
14.6730330	-0.0389786
8.0117289	-6.0457256
3.5641079	8.8353224
12.8578790	7.8160486
11.8152990	15.0820900
-12.5359390	0.9225636
10.2683760	-12.5538270
-8.9370468	6.2317215
2.4691695	10.5250280
6.9004749	9.3785446
-5.7750455	-8.9665507
0.4241490	-3.2629687
-6.8095385	7.3879293
-11.9802210	-1.1467973
0.8473996	-2.8011780
-4.2405757	-8.3558038
1.2862980	14.9266920
-2.7417810	-12.9281460
-2.2028138	-2.2971760
-2.1899969	13.8628230
9.6788718	-7.8384131
1.4241015	-6.5816669
0.5900367	-14.7146760
-12.8043380	6.8094887
3.9902042	-14.8906430
3.4755515	9.4670436
7.3266859	12.6129130
13.9544260	4.6645595
1.1896125	12.0168940
7.8610542	0.8234278
14.1933840	3.8788812
-3.0605511	-6.8230817
-6.1768261	2.2741949
-12.8129610	4.5477367
2.2045320	8.4231702
-3.6733937	13.4110920
-3.2138189	11.6394380
-13.7758760	-13.9545810
-10.0759100	8.7822850
11.0705380	-14.0661470
-5.1127037	0.2044789
-11.6897470	-3.8482418
-6.8385450	-6.5951366
7.5885184	0.6083777
4.5287316	-14.8061110
-3.8507714	-4.7800135
-6.6703813	8.0829231
-0.8033065	-12.0114540
-14.8617870	12.8056850
1.5329503	0.8519071
-7.2704373	-6.4605943
12.4063200	9.2667754
-12.6700150	5.3330055
10.2347300	10.2520490
15.1040150	-0.5239559
7.3752578	1.5581023
-3.8016338	3.7622300
11.9245910	-5.4257589
-12.5409100	1.5357536
-11.1005410	-5.9298790
1.6405063	6.9120666
-5.3964329	0.5409095
-8.4326177	-7.3302632
-6.8842982	12.6792840
4.8228426	12.7905730
-10.5552790	2.6427038
3.6319050	6.4589217
-7.6628491	-11.4782730
-12.6035080	11.1846470
-9.1657019	10.2553350
-9.1162992	-8.1149297
5.5955852	-2.0157371
-6.7310882	6.7350972
14.5683760	9.3963398
11.5034140	-10.1433200
-9.3695732	-1.6687011
4.3993691	-10.9974270
-11.2780750	0.7548180
12.5286430	11.6110070
5.7370053	1.2535776
4.5531290	-8.0366892
-2.6317579	-2.9185570
-5.6848295	-12.6461090
13.1357960	0.7023849
5.5926002	-12.0511570
3.1967854	5.7716012
4.7273162	12.8810890
-9.8517648	-3.3137185
-0.5675056	-3.5726503
14.8005460	-8.6707188
12.6435190	-14.3892480
-0.4461770	2.3068586
4.9959971	8.0675150
14.0407150	-14.9235730
13.8359240	-10.8654800
-7.9258901	-13.0608620
2.9962734	10.9842640
-8.9352222	-8.0234250
1.0064356	0.5202306
-9.6788174	-12.1623820
-2.1474363	14.3783420
10.4797280	-0.9806846
-14.6908590	12.9793090
-5.0681464	5.2028693
-9.6443317	-2.8308192
5.6004122	7.3149580
-6.6838154	-14.3047170
-7.6975842	-9.6099601
8.0403905	3.1575050
4.5433335	10.1784440
-8.1884554	5.7464590
-1.2963423	-1.2765802
-9.0694887	-5.8177779
-0.6712185	-6.7355197
-6.5751740	7.9647700
4.6450874	3.5781668
-12.8734970	11.8926260
4.0713701	-8.6596461
2.0747096	5.8454085
3.7357184	4.0594552
-8.7358738	8.8620635
12.4503060	-14.4921720
-12.4226910	-3.4737847
8.1816477	-12.2100590
0.3344787	-9.3953015
4.4935799	4.1918212
4.2804703	4.6284164
-7.8827429	10.2781770
12.6315110	2.7171989
-1.6868831	-6.1209858
-5.6513359	14.0444910
11.2911090	5.9407924
-0.5327054	0.4666709
-3.7938479	12.8891960
-7.5735733	0.2127380
14.1020690	4.2442666
-3.1139705	4.8491495
-12.2139920	9.1197622
6.0958402	-13.0259560
2.0623040	7.0229144
-2.6491811	8.4626281
-8.0314441	-10.3769190
-6.9912314	6.5574695
-13.4831760	-9.0883666
-0.1317579	-14.6163860
-4.2788328	4.9606131
6.8455768	-6.7276484
0.0063757	-1.6732986
-8.0442508	0.6791725
-1.9303489	-8.5746469
5.3177089	2.3729314
1.9914753	10.4096980
14.5754680	6.9196152
-1.9942586	-3.8001362
0.2096046	-1.5578467
12.1105260	2.6802554
9.0467697	-14.0512520
-9.6088155	11.1887210
-12.1107640	-10.6340140
4.6134950	-4.0590800
8.9159723	13.7361960
-11.8232860	-6.5268913
6.5048423	14.3865890
2.2078221	1.9118739
-12.8696450	-8.0423972
3.8866677	-9.3754124
0.8544426	-1.9153296
-13.1896200	12.5641800
-13.0784400	3.5047148
-14.0518080	-11.3969930
1.7601982	-6.4062632
-12.3392150	-1.8387414
4.5683938	-0.3774149
-12.7890770	-6.1570944
-1.9926627	8.1909516
-0.0752685	-1.5880762
-10.8118320	7.9058658
11.8270580	14.0277160
-2.9444355	-13.7403760
-12.9801810	7.8085929
-13.0169350	-5.9173999
4.2590556	-1.8412595
7.2661696	3.3690339
-11.1583050	5.5913345
2.0605161	-7.0722612
9.4067429	-3.1065673
-2.1907278	-12.6921010
-0.5415783	6.6281638
-1.8974201	-0.8342728
4.6286534	-7.2043787
-0.9993737	-11.9458370
8.6068808	-10.0069990
-7.1240896	-6.8269801
4.6147680	-4.8907188
8.2945435	8.8683713
9.0192622	14.9124370
-10.3390990	-6.4344851
-9.8299235	-2.1354505
-4.4242738	3.2995606
0.3672777	13.6849070
-10.4785970	-12.3331510
7.7571311	-14.5004180
-3.3247842	-4.0998440
-6.8867158	-4.4978689
-9.8291665	-14.1797740
-11.3954010	-14.6681670
-1.9175838	0.2955977
-7.2877758	12.2022770
4.2666833	-12.3147070
14.9681130	13.5276330
3.4055686	5.5026632
14.8379040	3.6806132
-12.5714120	-14.6264200
-7.9294185	9.6223064
-4.8095192	14.2098410
-0.5149172	13.0933660
-5.8901167	-12.3606940
-5.8263712	1.9721511
-5.1443036	-11.9030770
-2.2453586	8.2453697
-14.9559130	4.5338402
-1.0121359	11.6320070
-4.1440966	4.9088412
-12.7800820	5.8736456
-5.0633480	1.1935296
8.6496893	12.1375810
3.5249362	-5.0958230
12.2207480	12.8195810
13.4861290	-1.1452130
-7.5105116	-8.1919056
-2.5625603	6.9167150
0.8959200	-0.5591464
10.3745030	-0.8702714
2.4878447	-0.5607909
-9.7012874	-7.0032396
1.9992541	-6.9087212
-9.3545792	-4.5223676
-2.0993701	-14.1444060
-13.4119850	-5.5710940
9.6102490	-9.2340724
-6.1583141	4.2777004
6.4703111	7.7210966
-12.6430070	8.3782713
1.5819840	-13.8742270
11.2207150	0.4583365
-9.8090200	-2.2074939
-12.7141510	-14.2402070
0.5822565	-7.8385155
-10.6181340	-5.6711814
-9.1201732	-4.4557410
12.0054580	9.6762021
7.0105702	7.2457419
6.8134883	-6.9207053
14.4788580	8.8514094
1.3292918	5.3245032
5.2512823	7.4857906
-9.5961529	-1.3730529
9.0344257	-5.3631101
3.3783211	2.3290398
-8.6713688	-5.8716515
-5.5485463	14.3113200
-5.2915113	13.1858760
11.8325530	-0.8531598
7.0557267	3.3914455
-9.1327961	-8.9656805
9.3756784	2.8417702
14.7200390	-7.1129260
-12.9672340	3.9146024
-10.6285640	-13.8491170
5.0342966	3.7912747
-12.2909500	-2.0642901
13.6862820	-6.9481148
-4.5744871	12.6225980
10.1297320	-3.2202429
-11.9833560	5.1820419
5.2339535	-9.6156499
-6.3645166	-11.7442390
7.5916536	-1.7953488
-6.0787897	-4.5302553
11.9227800	1.7079256
5.3782705	-11.4765290
10.6547830	-14.1347450
12.9303020	4.8067412
-12.2639810	-2.9935057
5.0456137	12.7384830
12.0599840	1.7490927
7.7315196	-14.4814400
0.2743297	-4.6705032
1.8884388	-6.4654434
-0.3084624	-7.3264582
-0.1868476	5.8301630
-8.1509598	-1.3926479
-2.3714209	-9.4215437
-4.5458131	-3.8391253
1.6469389	1.2582368
-12.7969610	-7.8879355
3.9173721	1.8850211
-2.7280822	11.0005420
13.5926770	1.4548561
1.2685087	0.0842445
6.2146172	-5.5928239
10.9735760	2.7470114
-12.4578180	0.5828545
13.8456210	-2.6266890
8.8305794	-9.4819370
-10.4306130	8.3109880
11.6822650	-7.8106021
10.3848370	4.1051066
-4.1942174	-9.2680916
-4.2408858	-13.7142680
-8.2247179	-8.6029764
11.1396610	-7.0599431
13.9923620	-7.1263955
1.6383774	-10.6600260
-0.9145602	11.4188420
8.3861412	-3.3345817
-12.2971180	4.4639198
9.0100672	-4.2592601
-7.3469614	4.2770958
-12.4079140	12.1971860
-2.1663392	5.2044383
10.8202680	-4.9602669
-2.6603032	-2.4657520
-8.4903024	-11.1972000
14.5104220	12.9450990
-9.1759597	6.2139508
-5.2418937	7.4296195
-14.9029940	-1.9160643
-14.7317130	4.0262707
5.6700954	-6.9907706
11.4433970	14.8167370
3.3164896	2.4600110
2.0343522	14.4755500
9.4045890	-8.7894027
7.9647887	5.3348221
11.8912570	11.1607110
-7.9725887	2.3961748
-3.0627702	-12.3838760
-4.3076928	5.1649342
-5.7377420	1.3786096
-3.7945198	-8.0600850
-11.0846630	13.2400090
12.7489680	8.2641681
-8.8141636	-6.4398859
10.6015140	10.6361680
13.7647770	-5.7999733
2.3006238	-14.2002900
-10.0015010	-7.7859676
-5.5522028	9.4991373
6.6160470	-2.0068640
-12.1023220	-4.5632016
5.3043606	-5.1676199
-5.8220388	-7.5033420
-10.5783170	7.9229581
-0.2944790	-13.0923720
-2.1881231	14.6962910
11.7730140	-5.9871037
11.0849640	-12.5538670
6.3300976	-3.7846701
11.4709770	6.6977187
0.9844242	-10.6132260
8.1690145	6.9318308
14.3816840	10.8569400
6.6616762	12.0068050
12.0901660	-12.0861550
14.3426890	0.0130785
-3.7677394	-4.9508374
7.6952639	2.3778059
-12.0615760	-12.0267590
-9.1963891	0.1039007
4.1876854	4.2069381
-12.7321830	-9.1088395
8.3955322	-9.4379676
-2.7562769	-10.1769620
-8.4724417	-12.7517000
-12.4276430	6.8247071
-1.9336481	-0.4178392
13.0074060	13.2992580
4.7615610	11.6783230
14.5002010	-2.1040856
11.6907880	-12.3981830
-5.4649846	-7.5128382
-12.0071020	5.3332704
0.7271334	-11.9278550
-5.7141014	10.0830870
-7.8295726	2.7308812
7.6601240	11.9700070
9.8963477	11.1888410
-0.2402707	-14.7240180
8.8882609	-6.5174707
0.2505564	0.6727974
6.3956771	13.8601570
9.6296008	8.9123718
-8.7535956	3.1451922
7.1437140	13.4929950
2.6316742	5.3637274
2.9174350	-1.5874073
12.0473610	12.1765460
10.3450190	-12.8089440
-9.7707740	-10.2564050
-4.1969948	-11.4880050
-14.5123010	14.1970710
-12.5126790	-1.8613275
0.3856171	-2.8491958
2.5837649	-10.6124980
-4.0250755	8.6575507
-0.5923820	0.9936449
0.9130422	-9.3877723
9.6811462	9.0235669
7.2597591	-5.6623308
10.1825850	13.3543720
0.8299765	-4.8191319
-8.5709123	11.1366080
6.7419975	12.1082100
-4.7613579	-5.0733464
-5.2139612	-0.8731666
8.0269588	2.5524812
-10.4559150	-1.1437902
7.3651454	5.8609853
-9.7824733	11.0459610
5.9272579	-7.5164606
-14.6005220	14.6663360
7.6340881	5.1042414
-5.5305303	-13.4303910
-7.0180529	-9.2170852
-8.9404788	12.5914870
-0.0661688	9.0800268
-5.9869132	-11.8305990
-12.9429950	12.7350310
11.0115110	13.7735470
11.6372910	6.2805622
-8.8483987	-1.3365467
-0.3716646	-7.2769695
-5.0401797	3.9261672
-7.6434473	-6.8033395
1.0186458	10.5295010
7.8788238	-10.6532920
-3.5727295	-9.6986942
9.4060396	3.3976204
-2.2016826	-10.0299940
-13.6297450	12.8186470
-3.1059523	2.1586117
3.0538389	-14.5630930
-12.0173970	-6.7444183
-5.6732132	-5.2920975
7.9601179	13.9931370
6.6219452	-3.5618310
11.6582410	-13.7846120
-11.7936080	4.7282465
-10.0268320	-12.5501970
-14.9033880	13.0817980
-11.8738310	-0.3875045
-13.7010250	-0.3092281
7.6864306	-7.2579460
0.5950578	14.5726650
-13.5719030	-5.3323500
-9.8579861	-11.8098590
3.1382819	1.8852605
-9.3164105	-0.2669321
-3.7730106	-7.5454926
13.7804250	13.5778480
-4.4072212	10.9881990
-14.0686750	-12.9701430
-8.5954542	6.5050361
-13.3329840	8.3654497
3.3738891	11.5439710
1.2687558	7.1803931
11.9011100	8.6963663
-1.6000590	-0.5542390
-11.7703680	10.9709850
-3.3495779	13.3195820
-5.7008330	-9.6654673
-12.3969130	6.0808203
-6.7551537	-11.5578700
-3.2600211	8.9801220
-12.3943340	-5.1645676
3.3449794	4.5492931
-9.6553642	-10.2704510
4.8916577	9.2405483
-4.8495563	-13.4127620
-13.4185660	1.7464842
-10.4596150	-1.3522606
4.2424558	-1.9953489
7.2905055	-11.2381710
-1.2010757	9.2630735
3.8029062	13.8655440
13.2420770	-5.0299735
9.5843224	-6.3407982
-5.4705419	3.2504040
-4.6213880	-2.6198042
-14.4997430	-12.0341590
-11.8900550	-11.7558810
12.8528970	6.6087820
1.2206114	6.8065223
-12.1709990	14.3417380
3.6744462	-10.9932360
0.5940884	1.7986955
-3.0117323	-5.8791695
7.4411895	12.1611180
-6.5376643	-14.3349040
-1.1612887	-6.6634904
1.6295211	4.4603743
14.4414090	-14.7042470
-7.8367232	1.0690504
5.5998320	10.1210620
-0.6437239	-2.7140214
-6.6804746	-14.8140530
5.3330725	-6.8484641
13.3463250	-6.2148956
-7.6976728	-2.1077100
12.6785150	10.8927750
-3.2159710	-13.9677330
0.8384820	-9.4949050
-5.2337028	-11.6685670
9.4127883	-8.6827003
9.6068384	10.3791400
14.6097680	11.1828390
3.4854410	-5.7404051
-4.0475753	-14.5967640
5.5675869	-1.9953004
7.8386206	14.9359130
7.7437354	6.0500437
11.1224610	-4.7249476
11.8522740	-10.5866650
8.9454840	-4.7923314
14.5131720	-8.7397095
-8.7513125	8.2101000
-6.7093103	13.1204750
2.0764059	5.8638550
14.1068080	-7.3509557
-2.1239408	-10.5960040
-12.6723170	-12.4453930
-10.6044460	3.2869007
1.7317552	12.9043050
7.8964078	-8.8678304
8.2194019	12.2306030
-10.5808460	14.4157440
-13.8329100	5.0560761
-13.9403150	-3.2965272
-5.4228507	-11.5847090
-11.7684340	12.5381040
-1.0522153	9.3327290
6.0388389	12.5806580
-11.7025960	9.9476208
-3.6341867	13.2306350
11.7553660	12.9490170
-4.0773414	2.4036470
-3.8470328	-4.1679854
3.3785514	13.3640070
13.7856720	9.7400199
2.6362058	-10.8966850
-10.3893370	-5.7408605
-8.0772347	5.7824182
2.5893892	-11.7440110
11.8940210	-11.4040910
-7.3863031	-2.5205187
2.3065061	-11.6609700
8.1963118	13.8230890
11.0908930	-13.4146570
-13.4217950	-3.0894472
0.9628304	-2.6027234
-0.9328150	-8.8585145
-5.5580716	-7.5402969
-14.3095020	-7.7257974
-3.4171305	0.1353824
-0.2092275	8.2091667
13.7520780	-13.0601030
14.0936820	-7.9277330
10.0139440	-1.9740499
-9.7032726	5.8074552
6.1054768	-8.4285369
11.0571470	5.0587036
-10.2713940	10.3207380
-14.3222440	5.1877095
11.5669400	-11.3786660
2.3232213	-14.5209560
-9.1029751	6.7253107
6.6349304	9.6489680
-7.8319784	7.0176807
-9.0303313	9.3304168
7.8097232	-14.0963740
-12.9944940	-10.3948430
13.9878800	-9.4706647
-8.9226171	1.8928662
0.9123626	-0.8800410
7.5866320	9.6967620
13.7045770	14.1616520
-1.2659170	-12.4006120
5.2312802	12.6225460
-10.5714650	-11.7916190
-3.7323479	3.2080233
-6.9142625	-13.5455630
7.5611701	0.9653484
-1.0146624	-7.6093643
10.4417390	7.8782549
3.0308288	-0.2758042
0.4721663	-6.7551919
-6.6673099	6.7506504
-9.5007908	14.8510840
-12.8404750	-7.4962854
8.9316389	-2.0466143
-11.0023880	12.6445980
1.3381892	-5.2829081
12.7467970	-12.1801820
-0.3388046	-1.2238501
10.0596970	10.2817540
11.1384360	-9.3155988
9.5447462	-7.6495801
8.5952467	-10.2081520
11.1858520	0.4807721
12.9400720	-12.6789190
-11.2094760	-2.0591015
11.8570920	0.1183914
6.2302545	12.4296090
-9.0320406	2.3473019
-4.4079284	-14.6176480
-14.8229670	-10.7345060
5.3084620	-10.1931540
3.2152123	-13.9050770
-8.3037219	-2.7225985
-9.3930774	13.0193450
-14.4316610	-10.4205620
2.1270617	8.5939769
8.0167890	14.1345340
13.5745810	1.7230117
3.1130309	5.6600052
13.2094630	2.2635146
2.1181788	-11.1979170
-8.2902463	3.8113827
12.8214850	11.7003860
-10.4655500	3.4241350
-5.8956000	4.0516433
-10.5729410	13.7285530
-14.8611800	4.3657690
-1.5957853	9.2020853
14.5945950	13.7209920
-9.4736304	-3.6734019
-7.9132568	12.8677890
14.7183910	-9.8394763
6.9892726	-12.5189700
-6.7272768	-10.1049320
-0.9135846	0.7882085
6.8555467	3.1947747
11.8675770	-10.5552460
-14.5724260	2.8051214
-12.0657470	4.9389855
-1.0383883	12.0136860
3.8951725	5.9012087
-6.5916500	4.3489573
-10.4213680	8.4506427
-0.2473349	-7.1100149
-8.3371452	0.6171009
-7.8232081	-1.4479404
-10.5298210	-3.2470084
14.3670160	-7.6342926
2.7383890	12.6592040
14.8312010	6.3177930
-8.9563926	6.3165393
-11.7437550	0.2020420
3.4441721	9.4410912
9.5213758	10.6540240
14.1427360	9.7644022
7.0361889	14.5005950
4.9286452	-5.3754988
14.8479320	2.4353884
-1.0888639	3.0029219
12.8849700	-7.0843187
12.6929390	14.4735650
11.6132260	9.6742373
12.1039650	14.2408150
-4.1456778	-12.4252010
1.9790358	2.2454177
-10.5725360	-3.3268778
-4.5811579	-2.1874694
9.5811882	-10.5293750
12.8417390	-5.8421215
-8.4716297	4.7879227
11.0446250	-3.0274229
-13.8255770	-3.0746836
1.0730308	-5.8819231
-11.7168220	-12.4352710
-3.8375941	-6.7648404
12.0989410	-2.8433964
-6.5244658	-0.9469162
-5.2385927	-7.7634409
7.7036974	1.9260695
-9.4856074	-14.5449670
0.2808667	-10.4685180
-6.1060358	-12.0288310
-8.1208816	0.2268927
3.4436721	-3.2012706
1.2231889	5.4475414
1.0058253	-6.6085546
3.1573282	-4.3378297
6.8381146	6.3311805
-13.5247480	1.1709040
-10.7539250	5.8103957
6.6990462	13.4015840
7.4794022	-14.3839800
9.4352511	-12.2151320
14.9837910	-11.1390800
