jMRUI Data Textfile

Filename: dataset1_WS.txt

PointsInDataset: 2048      
DatasetsInFile: 1         
SamplingInterval: 2.5E-1    
ZeroOrderPhase: 0E0       
BeginTime: 0E0       
TransmitterFrequency: 1.2322E8  
MagneticField: 2.9E0     
TypeOfNucleus: 0E0       
NameOfPatient: dataset1_WS
DateOfExperiment: 
Spectrometer: 
AdditionalInfo: dataset1_WS
SignalNames: dataset1_WS.txt;


Signal and FFT
sig(real)	sig(imag)	fft(real)	fft(imag)
Signal 1 out of 1 in file
267.4784600	-103.3927000
475.0396500	-208.8806700
321.3086100	-362.2527200
128.0340400	-427.0100000
-45.1930750	-382.5945200
-169.4490100	-283.1818600
-214.8282500	-146.2818100
-194.5706100	-21.1887660
-121.1360000	58.5017530
-45.3156430	69.0955210
22.7656620	40.8199560
46.8668230	0.2603052
46.4905250	-54.3598750
11.5958080	-78.6221030
-18.8548920	-88.0045830
-55.0092710	-79.0446890
-70.8817380	-49.8472420
-80.5211030	-24.5860260
-88.2958960	-4.2262254
-81.1649970	21.0381260
-79.3546500	42.0199920
-53.4946150	57.8437900
-31.2167080	74.5498910
-2.7747650	79.4513920
21.4856530	59.9901810
44.4003660	38.4068090
55.3074950	4.5377709
39.5618080	-24.9500650
7.1264148	-38.3453180
-22.0719010	-35.6729180
-48.2697720	-18.2013530
-55.3820640	7.0057237
-51.7267680	49.8476820
-27.9668300	72.0692090
-1.1153700	79.6536520
34.7251640	69.9776400
58.1109860	51.3945350
71.7524230	30.7224610
79.1398190	7.9300545
68.4696850	-21.1950160
51.9292050	-39.5427590
45.7215830	-48.7659150
28.3329350	-58.7727840
5.7471808	-47.7737860
-10.7949880	-48.7626840
-24.0589940	-27.7523830
-26.0478290	-17.8852670
-17.4708390	-3.7546159
-7.3187679	9.1432329
8.6083663	1.6233283
17.7239670	-5.1283978
16.5542880	-28.5947790
7.1840043	-38.2814090
-14.3799840	-42.8350170
-39.3440940	-37.6416440
-61.2567850	-7.0305208
-57.2065190	17.4116970
-43.6695180	47.4674450
-7.9654846	63.7723590
25.2355140	56.3080750
53.8410990	33.9251950
58.3273270	6.4372574
58.3322360	-32.7738030
36.0487710	-57.7662680
4.4906663	-60.5678270
-24.9659280	-57.9724610
-47.8095630	-33.3765780
-45.6986100	-15.8024740
-47.3425020	-1.9420593
-36.6759070	13.7836570
-29.2502270	29.6652380
-16.0835220	27.8166360
-4.6272736	30.6865210
0.7264865	23.5404430
4.5508219	17.0029470
11.6032250	9.2587238
18.2089190	3.5604794
7.0757240	-13.4457960
-5.5547093	-9.6729247
-14.7891770	-14.2089430
-22.9139780	-1.9228746
-31.0095210	14.8721140
-19.1226850	31.1258130
-1.7206759	43.5287690
12.4294300	41.2025100
38.0099910	30.5438460
45.6030690	12.4569100
42.8032610	-11.1211240
31.4361690	-32.9360330
11.7957770	-43.9151240
-12.9119460	-31.9404600
-27.8856890	-17.4757560
-32.9232760	3.7605702
-31.0693220	21.5702270
-8.5153983	38.0111590
16.8949910	38.4809610
26.4314460	26.3016350
46.3886760	12.6936590
49.1230820	-8.2495633
44.6929110	-29.2417990
30.2458230	-42.2317690
9.7459425	-51.6639160
-11.5373760	-50.3796860
-22.6917520	-43.5594750
-40.6419210	-32.8534730
-46.3107280	-15.1465260
-40.2881180	-0.0669920
-37.2416660	14.9771380
-24.6340070	30.3856530
-11.7604150	36.4764380
11.1431590	28.5965040
17.8941480	25.6454510
24.0910710	10.8397030
21.1017560	-10.8723080
2.6270298	-9.8164443
-3.5625896	-10.4987500
-11.2904640	-11.5439600
-20.8334380	7.4970092
-12.9688900	17.5442380
-8.9040085	28.2636830
14.4295790	28.1357520
18.5090440	15.4769790
24.8682410	-0.6473277
30.7583950	-14.0486120
19.0016910	-23.9441260
10.6563690	-24.4473990
-12.2099970	-29.9214020
-23.5287320	-21.4051620
-25.9948250	-15.1038300
-30.2662710	0.6542940
-29.6450290	11.2663970
-21.4755960	27.0612380
-12.2700410	30.8320930
-1.9856354	30.0064610
17.5166310	24.5722810
26.4031080	18.5647870
32.2852000	9.7405564
32.8915760	0.5863048
22.5042220	-8.3482504
23.0181540	-22.3640640
9.1078797	-20.7953890
-1.1934024	-19.1000010
-7.2477659	-21.4762080
-17.1892250	-5.2310948
-9.2954237	-3.8549593
-2.8383255	1.5875423
4.2708692	-0.5327379
3.0597026	-4.7169398
-0.6623919	-8.5942834
0.9716101	-15.0717710
-12.4924910	-11.6774350
-22.0767020	-11.7578110
-27.7984850	-2.8633721
-30.5192720	6.1674215
-20.3679420	10.4916140
-13.2226550	27.5772970
0.6235399	25.2615290
9.7929600	26.5397180
21.7768840	23.4799620
22.0649490	14.3014670
23.9789040	3.2437483
17.9344750	-18.5474540
16.3870510	-27.8999190
-4.0584092	-28.9986650
-18.0588660	-28.0498200
-24.6199320	-18.6807910
-29.6401820	-6.8132500
-33.2260390	11.5181410
-22.8808230	23.8004950
-17.6676080	33.0878890
1.5805112	35.7702060
6.5573437	27.6875090
17.3851430	27.0988510
24.9279610	15.9369340
18.4873220	7.3753988
19.6217170	-3.0386005
12.9334040	-0.9742086
8.7963712	0.6183630
5.4884481	2.0309831
14.2067690	6.5492746
9.9326192	-1.4837792
15.2559980	0.4186024
25.7780550	-8.0162282
25.6752320	-11.3785140
22.0076430	-22.3557390
16.7656600	-26.0068750
3.5529997	-31.4370530
-9.2050404	-27.5951940
-20.4132970	-23.0969390
-26.0129930	-14.2799660
-27.5803570	-10.5882310
-30.5614530	3.9291410
-24.8130860	7.2814119
-17.7162130	20.5687430
-8.3484255	25.7805960
2.6666473	17.9103660
13.2410720	19.3368520
13.0688570	4.3896855
14.0066110	2.2766716
9.9397716	-4.2019023
5.1975469	-7.6449814
-9.4646352	-5.6546448
-7.7447605	-7.4309963
-10.9306870	3.8419407
-7.0136508	9.8147044
-9.1022668	9.1822217
1.8378561	7.8507908
8.6097837	7.4737627
6.8005997	3.8385840
6.7511474	-0.5413642
3.2804110	-9.1617018
-0.3306181	-4.8840610
-5.9435990	-6.2100701
-10.2756130	-8.6017564
-12.0451560	4.0410876
-18.6603480	6.2324723
-14.0042900	12.6030440
-4.9860150	17.7333870
2.9370910	25.6554370
19.0724140	23.4070930
17.2086050	17.0267030
23.7264380	8.1374920
26.0365410	-9.5592628
26.9907750	-14.7139800
15.9744360	-19.3849650
3.1460909	-24.4051350
-7.2775374	-21.9708490
-7.1022227	-19.9274290
-10.3192240	-8.1657899
-20.5419820	-3.8188175
-7.5128724	10.4785790
-5.4924947	8.1358200
3.1754067	12.7026160
7.7278563	8.5195516
12.4779600	4.1138444
9.0154406	2.3675150
4.3759054	-3.1962510
3.1855504	-4.9464569
1.6771012	-4.5751987
1.0872648	-3.0092817
-5.9419176	-9.5512704
-7.4465595	-5.3745022
-3.9482659	3.3513613
-0.0703406	4.0877469
5.0019248	-5.4715213
-1.4734885	-6.7238347
-4.0411801	-7.1021139
1.1388610	-10.7402320
-7.3834339	-8.0968546
-17.4573040	-11.4189080
-19.9246750	-4.2327496
-18.8238260	-2.3421586
-16.0497710	13.4832260
-14.0561110	11.3614060
-12.0570890	18.1294240
2.8761272	25.9000570
11.8516190	15.7351600
10.3068190	12.5073970
14.8817890	5.6771913
12.2742970	1.8682094
13.2092110	-8.9714034
7.1627343	-7.1918558
-2.7367114	-9.3765318
-6.0632624	-8.0455156
-4.7864853	5.0206212
-6.6026450	7.3733226
-4.8582390	12.6876970
8.1222625	7.6401537
6.2757958	6.0945422
11.5422280	-0.4145840
9.2654888	-2.6884704
13.7237170	-12.6182510
4.8007649	-13.9696360
-3.6286917	-15.1326270
-1.9575605	-7.1652695
-6.2662068	-6.6747905
-6.6226202	-5.1461617
-6.2062624	4.6413057
-10.4066200	3.4616983
2.1662172	11.0078840
-0.7974117	8.7916423
12.5979420	7.2325796
9.6556365	2.0978020
8.1597810	-11.3799090
5.1883441	-7.0296922
-1.6111778	-15.7863290
-6.7512354	-16.4737150
-15.4537020	-9.6495685
-16.4318340	-7.1305523
-18.4736510	1.5035806
-14.9267690	4.3076882
-11.6562720	18.4941270
-0.5527304	17.3838230
1.4064406	15.1699940
8.8148957	16.7870250
10.2816350	8.3494939
18.0145610	6.5411577
13.0912170	-2.7865569
11.5293850	-13.3682670
6.0306265	-6.1554411
1.5199417	-11.6480850
-9.1790800	-10.0506260
-12.0051260	-0.9788900
-11.2429870	-5.6401849
-10.9323460	4.5488940
-5.7356836	3.3664220
-2.3766772	-0.6815512
-0.6104740	5.8277485
3.7310982	3.3155592
1.8982101	-3.0340350
-0.2007628	0.0990783
-3.6767979	-4.3877333
-2.3374057	-3.0628464
-4.2622006	6.2411738
-9.5766470	6.7717734
-3.0455081	14.5336780
-0.9727553	16.8668500
5.5333723	11.1611110
7.5668422	11.6636040
20.6247400	8.1751139
16.6363100	-5.6219183
9.6598123	-13.2398270
11.6664860	-12.2060200
5.6044838	-12.9803160
-2.6254255	-7.8252079
-6.8688404	-6.3818550
-6.4433724	-8.9055701
-5.6133227	-0.2765013
-7.2471904	-4.7440330
-4.0592177	-2.5195051
-3.4100218	-0.1872385
-2.7470672	4.7328053
5.0027607	1.4416102
-5.0151269	0.8963405
0.8220122	-4.3739932
-2.9740593	-4.4048606
-7.6202455	-6.9891805
-6.4281006	2.1829271
-1.9861504	6.1659448
-8.4787897	8.1086508
0.1671800	2.2075635
4.2458867	8.1853065
1.1428925	9.1013827
2.6777070	4.4792124
0.2403540	0.0893823
6.7121090	-1.7763403
3.1890195	-5.1008038
-8.4279974	-1.6753750
-5.0354392	-0.1080487
-10.9097350	2.4277427
-9.4984371	8.1558727
-10.1118430	14.3305690
-6.1812341	12.2384520
-1.3201046	20.6487060
9.2528828	17.1648830
14.4932700	14.8915970
17.8651440	-0.7079477
12.3118330	-0.1023491
14.5541320	-3.9997631
8.0826017	-5.3678566
6.2471616	-12.0812580
4.9211128	-9.4348834
-1.5827828	-13.7468270
-7.7987260	-2.8705196
-7.2550855	0.6203567
-0.0321113	-6.5877650
-4.9870579	-1.6433907
-5.4211189	-7.9291562
-6.0204593	1.1047379
1.1468184	-5.9752235
-7.4764703	-1.1083069
-5.6419267	-0.4920766
-5.4623317	-3.1366522
-15.6033740	3.3315368
-12.3267270	9.2205139
-10.6364870	8.4516055
-4.3391656	13.5912860
1.7855786	9.3223043
2.3205130	9.3419254
10.6438290	16.3268230
17.1746980	8.5942502
15.0572400	-3.5018193
10.9660920	0.1470334
4.5483055	-11.3520990
0.5191511	-15.1791550
-4.8960215	-12.6136010
-5.7144190	-6.0403877
-13.0440430	-1.5034584
-10.9438740	-3.8739755
-6.0077076	4.5527098
-6.2684139	9.5883181
-1.4809463	13.7577580
1.7702811	9.2013774
1.8031237	3.3811675
7.3067730	3.8063578
7.0882180	-2.9215592
8.3802560	-7.4081591
7.7462890	-2.3352696
-4.6810195	-7.3449145
-3.2620757	-6.3653577
-2.8421078	2.8451443
-3.9586584	0.9029132
-4.2413012	1.8722485
4.2124761	8.9439258
6.5257064	6.9033829
2.3980564	6.2879644
2.3362028	-2.2989554
8.5546430	-9.1868622
-1.6637195	-12.2383720
4.2864270	-8.8580203
-3.6382656	-4.9554388
-6.5799853	-2.8833790
-4.5765300	2.0506903
-10.9564790	4.9361888
-9.3828837	3.1397440
-6.2660620	5.0930984
2.8801600	10.2290590
3.3949405	7.8157774
6.4780358	6.6152965
-0.6203470	2.7503364
8.2292988	0.4901174
8.5289864	1.5536414
2.6166288	-4.9042542
-0.5568234	-8.1007949
0.8841343	-1.8892398
1.2932606	-0.6348425
-4.7341656	-0.7445001
1.2053971	-1.9914552
-8.3485189	1.6381176
-3.5533005	-0.9199022
-2.9386918	4.5921764
-2.1803278	3.5128863
-7.9702487	1.3617064
-2.7287261	-0.8829879
-9.1766405	0.2611383
-9.0532922	5.2390325
-6.9766165	6.0918696
3.5352106	12.7377110
-1.2129266	13.2419520
7.6948228	9.3954703
11.6655270	0.5851738
4.1186293	0.3314951
12.5684120	-4.0086897
10.1178000	-9.0592210
9.6216511	-1.4446747
0.2385623	-5.7924886
-5.0654579	-0.9185227
-0.1760215	-2.0783003
-6.6043468	4.0145558
-4.3861363	1.9851669
-0.5736845	4.1294794
3.8224471	5.7159154
-1.2201643	6.5242347
0.3577254	4.6249270
10.3101210	1.6061716
4.9770446	-4.1882119
4.0151809	-2.1434303
4.7595133	-6.2638461
-5.1476833	-2.8322601
-9.5499578	-6.9328606
-3.2565023	-1.6850767
-1.4742091	-1.1077354
-6.3840132	6.4827332
-3.2837428	7.4781159
-3.4501251	4.8999441
5.7211701	9.3520213
3.7262510	1.6465482
0.5984327	-2.5757214
5.1393323	-3.3851635
0.8949312	-6.0408605
-4.9864380	-6.5808608
2.1061815	3.4569545
-1.9313632	4.7681124
-4.6409967	1.5143505
2.6805007	9.8871153
1.8882743	8.9455722
-2.9991539	1.5461088
6.1245571	5.0864671
8.8708837	-1.5444389
9.8136505	4.1425602
12.4228310	-4.1316394
0.4619643	-2.2910121
1.6100978	-9.8319177
0.1025267	-9.5709273
2.0389258	-10.3946530
-4.9317121	-9.8007618
-2.9618321	-2.3232355
-1.5498823	-2.7248350
-7.6100368	3.9339050
-6.2160925	2.9014468
-0.3221540	5.4521352
1.4019709	3.9353760
7.6422908	-0.8892133
7.8219876	5.9293792
2.5093929	-3.3212043
5.1892855	-1.8984480
3.2646051	-5.5774011
0.8940154	2.2177948
-3.8137314	-0.4601462
4.6982573	-0.3125587
3.4591824	1.7448414
5.7050420	1.5721980
-1.1043430	2.3716094
1.4051073	-4.6516695
1.7878489	1.5061609
8.9014672	-1.1103407
4.2597129	-4.8836659
-0.0663891	-7.3067489
-5.2445194	-9.0135669
-4.3037009	-4.8760265
-5.5917813	-5.4888835
-2.9234788	4.0141796
-7.7415977	-0.7362091
-7.2040056	8.8174881
-5.9250899	2.4722518
-2.8264985	0.7394048
2.0449174	-1.5973884
4.9271680	2.1835731
4.2334224	-2.4135916
6.6799612	1.5989031
-3.9804045	-0.0628815
-0.6224140	-3.8225354
-0.3562153	-0.9556834
1.5906829	3.1227503
2.4867469	-3.2220164
0.5730740	-6.2252880
-0.2300043	-1.3004394
-4.0675472	-0.1123461
-6.3655115	-5.5743095
-4.6742883	0.5093665
-7.3448633	-4.6573841
-2.9978917	1.9031992
-0.3233885	-1.7518990
-8.6217621	1.9910080
-1.2053630	6.3184513
0.6238727	5.0554147
-1.7895993	8.8585588
5.5665709	5.4585483
4.3236329	9.3815552
9.5537220	4.9224429
11.2881340	-6.1986354
5.9281997	-5.7155909
1.3794938	-4.5097566
0.4457328	-6.1758654
3.5050494	-5.4200512
-1.4250741	-5.7192167
-7.7522277	-5.1497009
-6.9590761	-2.1676793
-7.5892397	-1.4611883
-8.5718564	3.0655324
-2.7508843	0.1720970
5.0601257	-1.0599188
2.7292340	-3.1567411
2.6747096	-0.7682796
-4.4865388	1.9046645
2.7675622	-5.1562366
0.6430609	-6.2831709
-5.2395943	-4.3971843
-0.8860013	-3.8129155
1.0791124	-1.1457727
2.7222771	-0.5226909
4.2939402	1.2869449
-2.4532303	2.7484650
0.3488721	3.5512632
6.9617702	-0.2430004
8.4598945	-5.8129887
6.1709474	-5.6932562
5.4830109	-7.2659981
3.8940392	-4.4385787
-4.2884922	0.7364797
-10.0830820	-6.9288776
-9.0135443	-2.5846388
-0.0872996	2.6464163
0.6101781	-0.3827283
-3.2674212	10.4769660
3.4746120	10.7263920
1.1753730	4.2303295
1.3006077	4.6186034
7.9140837	3.3452341
2.0976754	-0.8167581
1.9905550	-1.4504992
4.4500839	-5.7677243
4.3004375	-0.1978041
-6.7600953	0.6871323
-3.6314986	-5.0407962
-4.7232717	-4.0387510
-0.7117159	5.3076067
-2.5243779	4.0851371
4.0620346	-1.0152473
6.2697958	-1.7728736
-0.4469212	-5.6230297
-3.4781630	-2.5857860
-5.3423417	-0.6475834
-2.5555969	-3.6198951
-8.2695224	-5.3167114
-0.0280486	-1.3029205
-6.1560675	-2.7737271
-7.7100120	6.8307041
-2.1485401	-0.2700123
-1.3045507	3.2328114
5.4985459	7.2424595
1.1144234	-1.0226895
3.3794777	-4.4254646
5.6067299	-4.9819115
-1.5651589	-7.7370083
-1.4520631	-7.4524500
-5.5792398	-5.7941608
1.4656639	-5.7797217
-4.4493025	-5.5328107
-8.1888751	4.1100993
-5.7061543	7.5123130
-4.6866739	-0.3118047
2.3044248	2.3152147
6.4358551	0.9188947
7.5571183	6.8505387
-0.9141134	-2.5495343
7.0350683	-4.3437392
-1.6027416	-5.7442901
-4.1086244	-1.8227913
0.9714232	0.4994744
-6.0749959	4.1188111
2.8195835	2.8767823
-3.2755198	3.5919509
-1.1363797	1.3627747
2.1747025	1.5539153
-2.0102703	-3.0183853
3.9372832	-4.8743608
6.4147045	-1.8702326
-2.3407355	-3.3610401
-1.5890902	-0.1324587
-7.3227132	-6.7987135
-1.6714991	-4.1876848
-5.4448827	0.8927720
1.4560070	0.2113980
-1.3744479	1.8195801
3.7813493	3.4893313
1.8797749	3.7735981
-2.9422103	4.4404508
-1.9727741	-2.8468591
7.5332148	-1.0448144
5.0278568	-5.7157691
1.2911542	-1.5681306
1.4142813	-3.7055715
-4.5594646	-4.2989308
-4.7087953	3.9473223
-2.9218814	0.9452150
-7.1446312	-1.4725848
-5.0040456	-2.3154667
3.9671238	0.9809108
-2.1573371	-1.3023986
2.7697902	4.9350588
6.1613070	-0.8858357
-1.1278852	-0.6669093
2.7245683	2.6946999
4.3749992	0.5217726
-5.1492305	-2.9959293
2.6889732	-0.0768170
-5.4027307	-0.5321195
4.1845220	-3.0860279
-0.2406048	2.9241755
5.0581255	-2.7907806
8.2810581	3.0829675
6.7542792	-3.3751690
-1.5960031	-6.7649282
1.1873544	-0.7988783
4.1200923	-4.2461420
-5.1163709	-8.9038911
-7.2464993	-9.2022387
-7.8951255	-0.3118010
-6.2109814	-2.5211785
-5.8196718	4.0100623
0.9380128	-1.7508899
3.3780341	-0.1260825
0.8748737	3.5845077
5.4188091	-0.2655222
-1.5987477	8.3618129
0.5091653	6.4874010
4.9077918	-1.4854968
3.0517807	-6.5385974
4.9860665	-0.4905780
3.2679856	-3.0063730
-4.4950577	-2.5993464
-1.3701275	2.0898700
1.2234032	2.3920336
0.4748728	-2.4852893
0.6173015	4.2503274
2.3534267	0.8565542
0.7247185	-0.1786050
5.0146844	4.2795198
-1.5386334	2.1628704
4.2092951	-1.6486253
1.8186605	-0.5509944
-3.5921661	3.6813030
-0.6725884	-2.4538065
-4.0015478	-3.9619555
-3.9309695	4.3263782
-3.6051649	5.5653506
-1.5261277	0.0790289
0.5966899	3.8898749
0.6962028	0.4115668
7.7309408	-3.6319199
-1.9347883	1.1369977
-0.9191952	-6.3507037
3.2735136	-8.8003727
-4.0071129	-7.0839835
3.2443069	-7.3724074
1.6784763	-4.0047792
1.8870789	-3.5161528
-1.2444005	4.8727572
-5.5338822	2.6732090
0.4208191	6.4414304
-0.7532892	3.6704989
0.9511737	2.9371299
4.2689388	4.4175010
4.5435164	-2.7162340
5.3921804	2.0388084
5.0829791	-1.5687730
2.5830631	-0.3807582
-2.0800300	3.0583463
-5.3442746	4.7317188
1.2603450	3.1824775
1.2842288	5.2532010
-0.8439085	-0.2715669
6.3544927	5.4499219
-4.0259762	1.9681033
-0.3710806	-4.3870442
-5.2297368	0.5690867
-2.9053249	-5.3897522
2.8136237	-2.8309905
-7.2640394	-0.3731364
-0.2613112	-0.8028772
-5.7786296	2.5470300
-1.6767432	2.7852664
-2.4173273	5.4893644
-0.0383762	-1.5526237
1.4070584	1.7347421
2.7668468	7.2252604
1.3389900	1.6142769
5.5673259	-2.3614093
-1.9018465	1.6682898
2.7898400	1.7460896
-5.4412310	-1.1204098
3.6755131	3.2076307
2.8866874	0.5492478
-5.2524356	5.4860325
-5.7543114	6.1903398
1.5723890	-0.6391159
5.1712767	5.7264871
-2.7640068	-0.4994452
-3.2007132	0.0149642
4.8831901	1.8487533
3.5792638	-2.0151246
-4.1857009	-0.8155599
-4.3255840	2.1142311
-6.7774547	-0.9254305
-7.8702824	1.5767418
-5.6107251	2.7806532
-4.5955120	-0.7946787
-1.3821903	8.6283090
4.7105098	4.2387612
0.7398393	0.3550856
4.5996517	6.2944247
7.0366361	-4.9110745
3.8002430	-4.4275414
2.9041167	3.5822704
3.5408360	-5.9079759
2.1345479	-3.1791271
2.5292035	-4.3049091
-2.4647405	-2.6843113
-4.0631672	-1.9923160
1.3120109	2.1132960
0.6276033	1.9601372
-0.8248179	5.9135933
1.9133111	3.4724214
-4.4016868	6.1348030
3.8533985	5.2155720
3.8200516	4.5567820
-2.5508500	2.6858588
-1.6881861	-0.5782381
-3.1560716	1.2094512
1.4205717	0.7406345
-1.4419242	2.8005231
-1.8006141	4.9074591
-4.0733157	-2.7577383
-1.4603898	-0.5046123
-1.3155043	1.4879202
6.2943082	2.4375480
3.1327445	2.0658869
0.6631369	2.3637126
-5.9780724	-1.4718993
1.7119737	2.8739889
0.7656890	5.1116388
2.3771845	4.3455906
1.1996213	-3.9125347
-1.8074669	5.1386997
-1.3835684	-2.1323113
-2.1080645	1.3844337
2.7070942	3.9274196
1.8851750	0.4714256
-0.1326869	-6.7366501
0.4511986	-2.6773362
5.8562678	1.5150535
-0.7623735	-5.3643887
-1.5222165	2.2079090
-0.7995482	-4.5818881
1.0732176	0.7265625
0.5890843	5.0437190
0.5075426	-2.3889811
3.6861740	-0.8636657
5.6315143	-0.3901685
2.5753077	-0.5902125
0.6298643	5.2105619
-1.5027984	-1.1756629
5.9929939	-6.1658130
-1.6544722	0.0729205
4.6242505	-6.3344158
2.8014061	-1.4172300
-3.0503256	-1.8840570
1.2620665	-3.5721105
-1.3693226	-2.8236565
-1.0475861	1.9949751
-2.3612906	-3.7295140
2.4148390	3.0447257
-1.2964490	-4.0110781
5.9468997	1.9852982
2.9350632	-4.5111834
-0.7064378	-3.5551022
-0.3818131	-0.5252689
-0.1752131	-2.4665473
-3.5919593	1.7820160
-2.1265529	-3.0321510
0.2952739	1.0449044
-3.8067486	5.2028582
-2.0396786	2.2172272
-4.0805341	6.0895410
5.5294128	0.8187866
-1.0662624	-5.7251475
5.9316796	-5.5776043
1.7459369	1.3881688
-2.7351235	1.6178529
-2.3559815	1.8639192
-4.4473686	0.5213302
-5.8794136	-4.1481749
3.5916615	0.5937040
-4.4813096	5.4853089
2.1022321	-3.1181729
2.7365217	4.8703696
-4.7011082	3.8188110
4.8570470	-3.7187221
2.2721041	0.1064496
2.7810888	3.9789296
3.8119287	3.0844546
1.5595032	-2.6846396
-5.3354175	-0.6373141
-0.1630091	2.8556696
-2.4964992	-0.7704160
-2.0466594	3.9956191
-0.7340684	4.5522515
-0.1418226	0.4302869
6.0778012	6.2915135
-3.1648333	5.2603985
-3.8719992	-5.3787732
-4.3813387	-5.4964982
3.4547858	-3.3281035
0.7983485	-4.4989006
2.7940252	3.8741165
4.0892610	1.6625547
4.0595543	3.7843175
-1.9281058	-3.9018752
2.8167144	3.7976832
1.0958448	-1.3843901
0.0595828	6.5103181
2.4862221	-0.3927017
5.8406325	-2.3482846
2.8419137	-4.1895173
0.4347625	1.1268292
-0.1620991	-4.7868017
1.1758981	-2.0790615
3.3652664	-2.8077741
-3.0972323	5.3971639
1.1336044	0.0105751
0.7665247	-1.9155537
0.6948192	2.3564007
0.4557917	3.3575800
-3.4003403	3.9162203
-3.2962827	4.6254065
-3.7947186	0.0260927
-2.4834498	-4.5934248
1.1393280	1.5686898
-3.5806643	-4.7575492
1.1199737	2.9137735
-5.4447161	0.6319588
3.4984882	-2.7025855
-1.2726293	6.2281250
4.8331067	0.1242987
0.3518758	6.0629537
-4.0308487	-3.7334091
3.3141923	-4.7774244
5.5114725	1.7698298
4.6617441	-0.8403668
1.7684981	-2.6083835
-1.2931217	-2.8720496
3.4248625	-3.3632830
4.2286711	-1.7991660
1.0106022	-0.9901454
-4.0532219	-4.5128001
-0.5401198	0.3511416
1.6840603	-4.4366872
-4.0842333	-4.1606992
4.4551364	-3.7714117
2.5096093	2.1505074
-3.0070320	-2.1300393
-1.6090211	3.8062044
-5.4723618	-3.7464375
2.2548428	-1.7246564
-1.9090367	1.5190932
-2.1196204	5.6437770
2.5069842	0.6466388
2.9040045	-4.2064674
-0.4096023	1.8953327
-2.5807911	3.1858494
4.2786330	-2.6839568
2.0318036	-2.0653801
-1.5078588	-4.8847413
5.7429284	0.8004068
0.9267922	0.3353016
-6.3202814	0.8753130
-6.2354827	1.1656114
-4.6246811	-3.4473596
-5.5231311	-1.6704132
-5.4244895	0.2310253
-2.6181858	3.8589257
4.0459660	-2.3727576
3.1368902	-3.9789355
-0.1957969	2.8449440
0.4710212	-4.9713767
0.3694734	-5.3288077
-5.4068419	2.3657961
-4.3521396	-5.4863118
4.2746384	-2.0603686
-1.1391691	5.0817740
4.3170948	3.8830889
-3.5249352	5.7067224
-1.1254405	-3.8602029
-2.8037499	-4.0438989
-3.3792584	-3.3639401
-1.7717889	3.6252253
5.3083766	-3.8105268
1.4808596	3.1019609
0.1987707	-3.8716886
0.1750322	-4.9364287
-3.9343707	3.3026686
2.5685643	2.5545756
-1.0289933	0.4419648
1.3299126	0.0238110
-2.1763097	-2.5690881
2.2377251	5.5097943
2.7131257	5.7711805
-3.6096210	0.9840986
0.3223656	3.2829004
-1.7434305	-5.7252555
0.4760446	4.3561840
1.1474002	-5.1882868
3.1326616	-4.9688830
-2.4900261	-4.1994489
0.0203773	-0.2036743
-5.2556409	3.0422718
-5.4088023	5.2973858
0.3890746	0.6617998
-2.6857049	3.4524649
-0.4693310	2.8288499
-0.2357030	3.7508831
1.8258824	-2.5779917
4.5734811	-4.8220297
-4.8732476	0.1483521
1.6872626	0.0205906
-0.7548381	-3.2798714
-1.5334036	-5.1864466
-0.9945850	2.4455062
0.7922447	-3.2741938
-2.7352444	3.2995422
4.2289171	6.2148702
0.6342206	0.6605744
-3.7701007	-0.8383753
1.8180221	4.0969670
3.5052976	-2.0034352
3.8521878	-0.4448150
2.5608345	-4.0391917
-2.1792402	0.1524345
3.1363454	4.2102157
-0.0252213	-0.2635514
-3.2668042	2.5974392
3.3162452	-3.5687745
4.8031656	-1.4310050
-4.1050198	-1.3013527
-0.2842289	-2.0729176
-3.9352116	-5.5632202
-2.0571338	-5.7485978
1.6076453	-4.8079258
-0.9844332	2.9562984
-3.4504803	-3.8094767
-0.0626448	5.1857597
-5.2627071	-1.2244614
3.3998971	1.9682861
-4.3097477	-2.4974978
-5.2145065	-4.2710731
3.0103165	-4.1376890
-3.1794138	-4.2133118
0.7763347	-2.6657139
-3.7910202	-0.6826946
-4.9044339	3.6529926
-4.0108476	-5.6009730
-4.3415163	1.6363020
-0.4593612	-1.6843622
2.5275869	1.3966438
-1.5199272	-3.4206764
-4.5999386	5.0197361
5.5540669	-2.4645749
-4.5055503	4.1895663
1.2458811	3.1947099
6.1300625	-3.9497378
-4.4930156	0.9074338
4.8923212	-4.2745339
-3.0496002	-3.8547969
-3.7453503	-4.3530045
-4.7129275	2.2052919
-2.5511493	-3.5830451
-0.4364526	2.0170081
-5.8012617	-1.7592363
2.0105905	-0.7525446
-1.8894352	2.4705334
3.8064974	-4.7609541
4.1304765	-1.1776142
5.4364680	2.5771088
-5.1206182	-0.5740536
4.2968603	0.2185089
4.9952465	-3.1929180
2.7793892	3.8840893
1.3026148	-1.7156161
-1.6273648	-3.6270643
3.4801965	5.7209175
4.1826689	0.8897313
-4.1515596	1.6791646
4.3152407	-5.1158233
-3.2356164	-5.4088942
2.0682618	-1.1400542
-4.4953713	-0.5787058
-2.7725085	-5.8800208
1.7854009	-1.2100500
-3.8035479	3.1303528
4.0262021	-3.1163894
3.2345271	-2.1368778
-0.3703848	-0.9289667
-4.9254748	-2.3424475
1.0116327	0.9627985
-0.2675075	-2.3109954
-4.8087908	-3.4943595
1.7740501	-2.8657222
1.2471807	3.1471752
-4.3470247	4.7347932
4.8460426	3.8569020
-2.1673031	-4.6891630
4.9361411	-3.2526041
-1.3234328	2.0568053
4.4893028	-0.1245889
3.1746392	0.7314606
-1.7091514	-3.7823687
0.4089113	-3.4443120
1.0540097	3.3271746
-3.3393125	3.9460583
0.5688941	-4.5651335
-3.1613151	3.6422902
3.4154768	-1.5498198
-3.8185659	1.6920475
4.1107348	-4.4915732
-0.0986243	5.6733842
-2.1589392	0.8765450
4.4794064	2.0158286
3.6246713	-2.7688838
-2.2485805	-2.3449560
1.3170484	1.7249925
0.7327381	-0.2555790
3.5333560	1.3217588
-1.4391849	-1.4983411
1.3809410	1.2296056
2.7149333	-5.4542429
0.3056716	-5.5348335
-1.7192814	-2.8279301
0.5343960	0.9332675
1.1318420	1.2651282
0.9989246	-1.8990532
2.1608718	-2.2641309
-4.0336467	-0.0136664
-3.9020093	-2.4750836
2.4641557	-2.1838959
-3.4323777	-0.0002253
-0.4219390	-1.8119453
2.9092776	0.8596818
1.9835201	-0.5278344
-0.5582602	2.2805843
-1.2465948	-0.8802175
-4.2369062	-2.2716554
-0.2519442	3.7101987
-1.5983745	0.9735064
1.9259167	0.6447483
1.8988991	2.7541048
4.2670494	-0.8221027
-0.1233412	3.9055602
0.7558891	-3.4281895
-5.3343493	-5.5120296
-2.6977509	3.3954719
0.8327767	1.8297902
-2.5285254	-1.4762894
-0.1376393	2.2242909
3.0338219	4.2146557
1.2464699	-3.4243475
1.5845564	-3.4048112
-4.4378962	3.7654841
0.7852428	-3.3726988
2.9909118	0.4745448
1.4685356	-0.6243879
-5.1223388	-2.4454113
5.2734506	2.3843977
-0.5409585	-1.0950915
4.3698907	-3.0456919
2.7232234	-0.1626896
-0.8049768	-2.4152081
3.8909585	-3.5086474
1.9047744	2.3975969
1.1440114	2.8540422
-4.2445632	-3.0584782
-2.0044414	0.2018326
-4.4639939	-2.5601096
2.6099477	5.1915484
0.8587629	-1.3970874
2.0937913	-2.3429644
5.0117122	2.0412444
3.5445348	4.9785871
-2.1053322	2.2608340
-2.7983696	-0.2900016
-4.9995453	1.2675017
-0.8685193	-4.3836266
1.1363838	1.8932684
5.0191378	-2.1732433
-1.2804248	-3.4474055
5.1516002	-3.8775438
-3.8788609	-2.3844989
-3.7660654	-0.2859986
4.8742318	2.9508773
-4.4366698	2.8329302
-5.7210225	-2.9962522
-3.0767078	-3.8680778
3.1753937	-3.1094938
-1.2448824	-4.0137575
4.8406325	0.9608190
2.6371064	1.1207755
-3.5376001	-1.1583240
-2.0049175	-5.3291985
4.5391749	5.0838360
-1.6050967	-3.8810882
3.5527384	3.6059318
4.4847319	-4.5588241
2.4820233	-5.1500537
-0.4320906	3.5344464
2.4749857	0.5562574
1.8974700	2.4516767
4.9084312	0.1182094
-0.1905489	0.0432202
4.0340207	0.4303542
-4.9588912	3.7650448
1.0065892	1.8928178
2.8300343	4.5503077
-4.1278376	1.0231575
3.2359633	1.2365080
-4.4282889	5.0349659
-5.1794459	0.2677690
-4.0093741	-0.8670019
-0.7077065	3.0338842
3.4509860	-0.5126355
-4.2451202	4.2973651
0.0626370	0.0013441
1.6156900	-2.0771910
-3.8445397	-3.0074508
2.4472930	-0.2555690
-1.1656137	2.0393376
-1.3331042	2.5291592
0.3103881	-2.9162456
3.0981970	-1.8081664
-4.0650995	-1.0411995
5.3024075	1.5615411
3.2655447	-2.8597139
1.3463295	-0.9327382
3.6700843	2.8691613
-0.3236561	2.1725508
0.2530068	4.3590023
-1.2006712	-2.4095353
3.2454249	-5.0009297
-4.8937040	-3.8687007
-2.9830076	-0.2030765
2.0945184	-4.8012970
-2.0699316	3.4449845
-2.3367453	-4.5554226
-1.0414950	-4.8139351
-4.2654106	2.6447605
-1.5534990	2.7147794
-4.4464726	-2.7088269
-3.3286549	4.8261531
-4.0057869	-0.4485649
-4.4052595	0.5604441
3.0555282	-5.1016227
3.9095742	-3.7161720
-0.6110820	0.0798472
-2.5971848	-3.3160792
1.5366334	0.6609030
-3.7518583	-4.0281175
-3.6986262	-0.1955134
-1.9163907	-1.9824952
-1.4737979	3.6942039
1.9522621	-5.4752556
0.2709089	3.6534065
4.9666537	-5.2837317
1.7173661	-2.7657536
-4.7937259	1.9523467
-5.2646808	-0.3876340
4.7805355	1.3757887
1.7752999	-3.9182567
3.5102846	2.9260739
-1.7343830	-4.1198847
-5.3311967	-5.0221634
-0.6884812	-0.2988726
0.2378516	4.6388611
4.0376927	3.4450874
-4.8415164	2.2409161
-4.0528055	-0.7988142
0.8597047	-5.0658702
3.8874220	-3.6366249
2.0446526	-4.1758167
1.9252844	0.6544571
-2.7425150	-1.2125386
-4.7317657	3.6058565
2.6557571	5.3371291
-4.0830581	2.8782566
-3.1897671	-3.1063581
-4.1002023	2.5842795
-3.0880687	-4.0923934
-0.7033434	-1.8969275
-2.5357548	-0.8943658
-4.1292231	-3.5088607
2.7567640	-3.2271129
-3.5376070	3.3453221
-5.3094639	-1.6352497
-3.8837155	4.1241456
2.2474758	4.6472214
-2.1198712	-2.1738566
-1.7152806	-1.1446597
5.0164584	5.2839358
-2.0593169	1.5342661
-0.9072622	4.6413106
0.5140784	-1.6801693
0.1143166	3.2691818
-1.9026431	-2.0361434
-2.5472690	1.9712056
-4.4556791	1.8846323
3.1656249	-1.1074554
-2.5201173	-3.1449858
-3.1969833	0.6148278
5.6741340	-2.1382490
3.0869738	-0.4927732
5.1359995	1.0240251
-3.4365915	0.7324503
-3.4700825	-0.3898340
-1.1179073	4.8067438
0.3196673	0.4911072
4.7728086	-4.8158112
2.2088674	1.4108438
4.4370174	-4.7827504
-4.8916005	4.2784237
4.7148287	-2.3766686
0.8851521	-0.0769914
1.7270712	-0.9765058
-2.8228501	-4.5154447
2.3957817	4.1369538
-2.6605175	4.1146971
2.2938513	3.9452220
3.1064180	-5.4613937
-3.5939722	-4.9364943
-3.6585935	-1.7304121
1.3688223	4.0614102
-1.5208939	0.9515151
-2.4392399	-2.8052187
4.0216560	4.4413177
3.3791785	0.0419062
1.0112967	3.5690270
1.2778372	-0.7052196
-4.5524781	-0.0964157
-0.0349257	0.1566835
-2.7975673	-2.6116276
-2.1994162	-4.8926106
5.1182059	-2.5028834
3.9609240	-1.3308014
2.6820894	0.1229180
-4.3883616	1.5024349
4.1500337	-1.1350346
-1.0930853	-2.8062353
5.1180597	-4.0268277
-3.8877297	-5.3073185
1.0690533	-1.1386533
-3.2010796	2.7219612
-4.7000570	-2.3205844
4.1738764	5.2799327
1.3430251	-0.2583103
-4.7871099	0.5437938
-5.1273025	-5.2181273
-1.7783636	-2.5957344
1.4085015	3.3111690
2.8336065	-0.3415593
-4.7322333	-1.9638169
3.0456705	1.6638238
0.3583425	2.8616145
0.6753377	-0.0162959
-1.7559743	0.1555300
4.5506465	-4.7531871
-3.2127441	0.9029025
0.3064636	-0.5497268
-4.5902848	0.2914864
-5.0368993	-3.4954605
1.1964071	2.4994972
0.2298138	4.8058812
3.0053053	-5.5244387
-0.5377554	2.4379596
3.5134319	-3.9851875
-4.2874275	-4.0739540
-5.1844239	1.9367713
-1.8035565	1.0166822
-2.4865634	1.5629490
1.8749400	-2.6897575
-0.3186609	-2.7872803
-3.1050795	-4.4755901
-5.2795469	5.4429753
-3.1483737	4.1616991
0.6229836	0.3434738
-3.0574706	4.9490111
-0.9716257	-3.5935224
0.2490551	-5.5440196
-2.0196904	-0.1348577
-4.1000725	1.3419019
5.1951049	-2.8905936
-2.2420598	2.3275617
-3.4715541	3.0437690
-2.2945622	1.0787116
-5.3269097	4.6425514
1.9233689	0.7697782
3.3210232	-4.8564415
-2.6491631	2.2558772
4.2379460	4.7294900
-2.4663558	3.6811875
0.9208796	-1.2431972
1.0871647	-1.4638017
-2.2981629	2.6199820
-1.5290133	3.8358452
0.3792283	5.5216227
-0.4135470	-2.4394522
-3.4180385	-4.4559958
-3.2925745	4.8457999
-5.3085515	-4.7645220
-1.9395875	3.5812806
-4.1543097	2.6746218
1.1782977	0.5497682
3.4954857	3.9380582
-2.7940890	5.0856496
-0.4746485	5.0134334
-4.9331314	-1.7381088
-3.1742804	3.5075161
-3.1780498	-3.9549669
1.8772775	1.7905359
-5.0086778	3.4085655
-0.0515853	-0.8165764
-4.5395916	2.8496114
-3.4071299	5.3021758
4.0222229	0.6515851
0.5594582	5.1976428
-3.5201073	0.4382744
-1.5048182	4.1392104
1.7553832	5.3708524
-2.1498193	2.9666789
4.2256425	1.2017185
-5.4113324	2.4470007
-4.0738669	-2.3970300
-4.0750773	5.0702466
1.3479791	4.5902966
-4.8300839	-2.6523819
-4.6678256	-2.5967288
-2.1267126	5.3279777
-0.1300791	-1.9623450
-4.7355573	-3.0013292
-3.1287799	-2.7061771
-4.6102074	4.4564677
-3.8093866	-1.7845230
1.7139506	2.1277311
-1.5768824	-2.1613566
1.5733061	4.6879290
3.4688914	-2.2055074
-0.4699680	3.8421892
5.4854360	-4.7425028
-2.7915677	-1.6665760
4.3839362	-4.7928919
1.7256094	3.3301991
-0.9344455	-1.7768643
-4.8326353	-1.7949803
4.4522100	0.9232636
-1.0311529	-3.5156250
-1.6350491	1.4641699
1.4568628	0.6364418
2.5412157	-2.9704477
1.4935508	1.2250793
-1.7349363	-0.5097295
-2.0077900	-4.0095464
-5.2902948	-4.3265576
1.2018446	0.7218915
2.0649509	-5.4806154
-1.8414562	4.2389634
-5.4080231	-4.2731286
2.1757612	-0.3839670
1.0606246	-3.7455241
-5.2077678	-3.6472024
4.5322491	1.6695805
5.0837766	2.4294722
3.3004438	0.9857223
2.9279227	-1.8856011
-4.2213763	-3.6601080
4.8720119	-3.3320020
-0.0653619	-4.9090703
-1.0940753	1.0277196
5.3565936	2.5644110
3.3238434	-5.1696577
5.3331662	1.9753766
-5.1386092	-0.6073151
2.8951206	4.8202868
1.1479280	-3.6773386
5.2137074	-3.5872922
5.0509766	-4.4419151
-0.9647017	-1.9287938
2.3995843	-4.5630178
5.4694951	4.7300267
4.7447222	2.8067581
2.3434053	-4.6962771
-2.7399817	4.7664118
-5.0409154	-2.4150919
-2.9547682	3.0586409
5.4186812	-1.5001639
-5.4118199	-2.3220852
-0.3406654	-1.0356265
2.8905388	0.7069068
-4.8821833	-0.8751376
1.6470797	3.5691373
3.5286070	-5.0961541
-1.5525225	4.5530221
-2.7869496	1.2494525
3.0560969	-2.3142500
3.2327556	3.1335189
3.3317013	3.3865408
-2.4639934	-3.7765759
3.6914086	1.8834141
1.0207564	5.0907937
-0.1247848	0.6007978
3.0149936	0.9889439
2.1927917	4.6049507
3.1358322	2.0310601
-2.1279813	2.8238654
1.3212705	-5.4062343
0.5455504	4.2524703
5.3292368	-1.2362234
1.0362315	0.6619033
-2.8547268	1.4484277
-0.8837061	-2.8852373
0.5484634	-1.6315134
3.8462580	5.2651058
4.5405276	-4.5146479
-1.9738780	-3.1492402
-0.0112335	4.3627206
-3.9845507	1.2764882
-0.0044309	0.8322712
-0.2209193	2.6700109
1.7172397	2.4233056
-5.3020279	3.8424588
0.0605049	-0.0931690
-2.0632124	-1.2411124
0.2950629	-5.4579751
3.3235604	3.7150129
-3.9247187	-3.9642163
-2.8826463	4.6130914
1.3225358	4.9222204
3.4548171	1.9562604
-1.0268229	2.7336415
0.0239583	-2.1057977
4.2615157	-4.8992926
5.0554101	4.4515238
-4.0954507	-2.3788669
1.4956048	2.7762908
3.6877224	-4.7955571
-5.2529123	-3.7014501
-3.6027891	3.9559645
3.6933539	-3.8647297
-0.9290267	-2.3184631
4.8587191	4.3853599
-1.6700087	-5.5067487
3.6252246	-0.9563975
5.1864961	4.5276760
-1.5636000	1.0506882
2.7940693	1.9664051
0.0225248	-0.7882102
2.2704001	-2.9869933
-2.2433227	-0.2835680
-3.6731836	-3.6007784
2.6190133	-2.0202383
-1.8984360	4.2216805
-3.6586424	-3.3890791
-4.1163826	5.5265887
-2.6115698	0.5046006
1.3278265	0.5887659
0.9588656	0.7098907
4.4347047	-1.3317514
-4.9344560	-1.5372357
-4.9357331	-1.1307386
-2.9322253	-1.5994660
2.4621141	-2.5786501
-3.0431347	1.6212349
-0.0502626	-4.8142196
-1.3782955	-3.3520494
4.6041953	-0.3248344
-4.6906613	-3.1947189
-5.3550766	-4.2776309
-3.7417672	1.2809412
3.0427903	-4.9304587
0.0429402	2.3987736
-0.9392100	2.8482195
0.3568459	-5.2644536
-0.7150191	-1.3779671
4.3671863	4.8994906
-3.1281267	-2.6215269
-1.5994496	2.2104679
1.9373747	3.3695098
-3.4494512	4.6062252
2.6886348	-4.5324503
0.1840487	0.3279879
-4.6963153	-1.7461178
3.7104351	3.4756829
-2.4809750	3.0105308
2.1864397	3.2929010
2.9236546	0.8196476
1.4428560	1.7069612
5.2883280	4.2615857
-3.4003873	3.9911432
-0.1526393	2.0630179
2.3147018	-5.1442749
1.6416789	-1.5605641
-4.6629222	0.8738983
4.8899513	-4.1831101
-0.7244464	5.1250420
-1.3175589	2.1246355
-3.9748158	-4.9722235
2.0109911	-4.4535890
-3.2929230	5.0659084
0.3608528	-0.0726553
-2.0185703	-1.6122285
-2.1547973	4.8836078
-3.0738795	-1.9948675
-2.1450579	-4.8717628
0.8888479	-3.3231200
4.8837514	-0.3169201
0.5334662	0.8152874
0.2165313	-0.1208250
2.5913721	-2.3175265
-2.9822746	-0.7474591
-4.8025899	4.6277186
5.5330797	-3.0742040
-4.9956352	1.6716537
-2.5724454	-2.8764643
-2.7336141	-2.7396204
0.4692954	2.0604931
-1.1904396	-0.1956626
-0.6939291	1.5038022
-3.2205797	-4.0938542
-4.0648792	5.2474411
-5.4384595	-4.6397018
-1.0606854	-3.7288842
0.4120675	-4.9063097
0.5043801	-0.2983540
1.5564009	-3.9045827
3.7950690	-0.5841926
1.1953832	-2.3657524
5.4149649	-0.9682927
-0.4081218	-4.9236029
-4.8066073	-1.2892380
-0.6487307	-0.3820761
-0.3854861	-3.7022750
0.1275153	0.5417806
-1.9284309	-0.0089163
-4.3813224	2.0186658
-3.3661822	-1.7257801
2.9398908	4.1024776
3.7844546	-1.9041598
3.5724856	3.4829563
0.6889055	-1.0269563
3.5509485	3.6777012
-4.4701787	5.0938527
2.5736081	0.9871915
-2.8711526	2.1742294
-4.8412571	-3.6085156
1.6695218	0.0218985
0.8002532	4.1712113
-3.5442214	-4.9424303
-0.0381957	0.6242560
-0.6108228	-1.5368337
-4.0175997	1.6477451
2.9217413	0.6450626
4.3583893	-3.8982962
-4.8703908	3.9944172
-3.6529653	-1.0276198
-2.0522290	-3.9103847
0.5587323	-3.4486443
4.9658245	-3.9921555
0.7619412	3.4834491
1.2909150	4.3279522
0.3764357	5.3065666
-5.3465073	-1.2326035
2.6768321	-0.8446654
3.2816739	-2.3213495
-1.8032190	-3.1118765
4.9956812	5.4996881
0.5804950	-0.0936972
-0.0495108	2.1197619
3.2410196	2.0480439
0.8423412	0.9103175
-2.7326742	4.0235853
-0.4076682	1.6005455
-2.7395985	-0.4094798
-2.6296168	1.6660062
0.7866051	-3.0227040
-1.6212655	-4.6746135
2.8773232	-3.9695630
-3.7921450	-0.3081494
-3.4554936	0.4579411
0.1582514	-3.7929485
2.7948923	4.3221282
4.3723562	3.1289954
-4.2641669	-1.2356833
1.5582835	5.1746924
2.6358117	3.4276212
3.7865651	3.7539409
-0.5479145	-5.2965127
0.3442299	-2.1682289
-2.1809104	-4.9520149
-4.3906720	-5.3747462
-5.2823029	5.2976184
-1.3233095	-2.5710634
-3.0034784	3.8568376
3.3945330	-1.0321650
-4.2549515	4.5932779
-0.4519038	-0.5823119
3.0488936	-3.0199680
-2.4743789	1.5344082
-0.0336449	-4.3154794
-0.2026164	-4.0744464
1.0782713	-3.6632197
2.2965476	0.5429992
-1.1545590	0.8775145
5.1070095	2.5417869
-4.5610300	2.8807147
4.5922640	4.3804033
-0.3985948	5.0547685
-3.6292658	1.9747478
-3.6263901	-0.8127632
0.6006144	-0.7816916
2.3727699	-5.1143153
-4.6990923	-3.5670891
-1.6276261	1.2582415
2.8134079	1.5388187
0.5904571	1.2763252
2.3283143	-0.4501121
3.5264217	-0.8841315
-2.8496183	4.9514137
3.7621231	1.2317076
-0.9875787	-1.3354727
1.0556669	3.7930432
1.8813185	3.7519621
-4.6396042	0.8244201
4.0794868	-5.3800938
3.5616178	2.4127512
0.0140075	-5.1789713
2.5069249	0.3092157
0.0828539	-2.5618557
0.2292240	0.1530050
1.9016351	-2.6198994
2.8521877	2.5136402
-5.4566180	-1.7646937
2.6365103	3.1653744
3.3045354	-3.7430979
3.6065305	-4.4256185
3.1821326	-2.4002064
-2.1579073	-0.2141726
-3.4979197	-3.5449289
4.3520652	2.7572805
-1.3985454	5.5069550
-3.2256331	-1.0077928
2.6774024	3.1264372
2.8751669	-0.0331501
1.0368289	-2.7955833
-0.9580199	2.4406956
3.3068444	-0.7686382
-4.7082182	-1.5845931
-2.8104026	4.8416082
4.4684145	1.4174763
-0.3084255	-2.5852033
2.1999703	-3.9040781
1.6063719	-5.0888548
2.8870634	-1.2218863
-1.1987097	1.2071716
-4.6992721	4.1675354
0.1860649	-3.7947219
-5.1266344	-0.1587037
3.9550275	2.1830339
0.6545639	-3.8225631
-0.6964294	-4.8578584
-2.7824278	4.2527151
-4.4825581	2.3601981
3.9045641	0.1859203
-3.1588824	-2.1875513
-1.7292099	5.3297598
2.2887108	-2.9915699
3.0027525	4.2605377
-5.0259088	4.7272481
3.9036120	-0.1257533
3.5227695	-5.3015954
4.8276900	4.3864485
0.7110639	-0.4859574
3.4414403	3.1257021
1.8292192	-4.9945322
-1.5337490	-3.7013429
-3.6989121	-5.3179083
5.1362757	-0.2141146
-4.3052986	3.5916086
3.5371705	-3.1500601
-2.4086033	4.7415461
0.2943799	2.7100474
-0.6402124	4.4363467
3.0994176	1.7293769
-4.1326386	5.4608217
0.7814300	-1.4859358
2.5400140	-2.3817382
2.2836217	-1.6011722
0.3281109	3.7679368
3.8573604	-2.3322614
2.5635627	-5.4458216
-4.2780386	2.6378552
3.0675998	-4.3387113
-2.8364955	1.6029702
2.8396958	4.5131638
5.0117681	-3.2398642
3.9225258	-0.0435418
0.2395205	2.2129908
3.2457560	5.2577455
-1.9217164	5.3024826
4.1213403	-2.5518520
3.0138057	-1.0449779
-3.5342990	-5.0471506
-2.1180330	3.7221279
-1.7968627	3.9718500
5.0977628	-2.0691833
-5.0349417	2.4925970
-0.3286519	-3.6936615
1.3598216	-3.8311823
-2.3004487	0.9257199
3.1124051	-0.2000947
-2.8483047	-2.5945374
-3.6601835	-5.1586377
0.6603785	-5.1631274
-0.8751529	3.8930984
2.6670948	2.3574406
3.0270623	3.1052509
-4.3059843	-0.7878305
-0.5004449	5.0202673
-2.7506531	2.0190196
-5.3016794	-2.8160108
-1.5990303	-0.5197974
3.0785223	3.0445814
4.5537183	-1.4930430
4.5286991	-2.1915059
-1.4222596	-5.0998285
0.1334182	1.1597135
-5.0629476	1.3361175
-2.9627762	0.3208188
-2.6733275	-3.2435935
-3.6855256	-3.7000878
0.8026561	2.5053257
-3.0274964	-4.0696170
4.5109596	0.7635237
-0.7542762	-3.1542340
2.5143823	-5.0763159
2.8480915	0.6679784
-5.0578399	2.1786624
-0.0495136	4.4493923
-3.1459820	-3.9143802
3.9110538	-1.8369481
1.4007449	1.8572523
4.3471163	-1.0701887
-5.2308653	2.5222848
-5.0623690	-1.7604265
-2.0705198	-0.3111822
-3.0522064	2.8150319
-3.4566523	-0.2480174
0.7922938	-1.6583898
-1.3068184	-0.9028172
4.8508523	3.2300578
-3.8585855	-3.0508394
5.0013189	-0.9368300
-1.5990190	-2.6864343
-0.0131900	-0.0014039
-1.4380702	-0.0453808
2.7780036	1.3164526
-5.2146062	-4.0480534
4.3565885	-3.2957705
-3.5895641	-4.1070134
0.0123038	0.6156576
1.7925467	-1.5051104
1.4439770	-2.7948403
3.2883148	4.7245221
3.5640054	-2.8785806
-4.2653494	3.3573754
2.8539218	-3.5914866
0.6809719	-4.9444301
-0.5601022	-3.3098901
3.3865377	2.0255811
1.7196017	3.1465389
-4.4343807	4.4610595
-1.4468538	-4.4506600
2.1131304	-0.1937822
-4.1347918	-2.4880277
5.0846373	5.3476005
-0.6208599	-0.7667739
-1.4031491	5.1262630
-2.8681951	-0.2114400
-3.0345308	3.6729313
1.3406108	1.8742027
-1.0115052	-2.3696123
-3.7267569	-5.4919425
-2.7450257	2.6899807
-5.0526748	-3.7645488
-2.7872630	0.6608822
2.4372591	-0.0389479
-0.1093270	-0.9705172
1.5107069	-1.4701653
3.0680753	2.0228727
2.4098239	3.7262659
-3.0016834	2.0558846
-2.7397320	-2.7360519
-5.2771799	-2.0460934
0.1764612	4.1764323
4.1901366	4.9650117
-3.6273585	-3.8288770
3.8939870	-3.7946999
-0.5210500	-2.3142019
-4.2414678	-1.2984857
4.4986229	-1.7138227
4.4303444	-0.1088717
-0.1672234	-2.8570725
5.1271069	5.2290364
-0.1430617	2.3154213
-4.3926333	4.0057021
-1.0575666	-4.1755431
2.6621177	-1.6508090
4.2355742	-5.2520315
1.6480846	-5.1880500
4.8276323	-4.8523577
-3.0153408	4.4482019
-4.9353731	-4.4013643
4.7025237	4.8250950
-1.5126309	-1.9791813
-2.8460296	4.4995899
2.1453095	-1.0612541
4.4604865	4.7912013
2.1796917	1.7017725
0.5040179	1.0490667
4.8215154	2.2740843
1.8420969	0.6980044
2.0772607	-0.4842196
-1.0142129	-3.1629496
1.7434828	-1.6188387
0.0927418	1.5919316
-1.8696264	-0.2580201
-2.0821329	-0.0314599
-5.2677669	4.9886848
1.6569601	-0.2655284
4.5570600	-1.8896370
-5.4629157	2.7244938
1.2932473	2.4053946
-1.5101823	-4.8714037
-5.4381650	4.4702108
-0.1120645	-2.5991204
-2.3590497	5.0103193
-1.5516929	5.3070983
4.5341162	-0.6345174
4.1166369	2.0162903
-4.5515864	2.4433056
4.0176208	0.1554735
-1.8046086	4.8440792
-4.3015131	1.0253709
4.9119010	-0.3334551
-4.8885586	1.3103170
-2.4733947	1.0515453
0.8387323	-3.1911161
-3.2678189	-3.8577094
2.2729490	2.3118824
-5.3107227	-0.3329527
-4.4846679	-1.7761910
-4.5409421	2.9430680
1.4818703	-1.3375872
4.0324995	3.9916584
-4.4706470	4.0427426
-3.7441020	-5.4579689
0.2611096	3.7775607
4.5947425	2.6446961
-1.7371950	-4.0734606
4.9946697	2.7913757
4.4580663	-1.9522272
-1.5741272	2.5510286
-3.8301653	5.3993311
-3.9193854	2.5454984
-0.0419293	2.0952318
-2.6733115	-0.1331372
3.1735097	-0.7369278
-3.8251151	1.4116310
-1.5378475	-1.1372902
1.3567800	-3.1894027
-0.7272341	2.6369984
3.2556800	4.0045695
1.7930542	-1.5338761
2.2820015	5.2719068
0.0493108	3.1408449
-4.7315808	-3.1688818
2.0312111	-2.1863880
-1.2344361	-1.2854216
-3.1800180	3.7195364
-0.8715321	-1.8976370
-3.6491602	3.4506502
-3.2011243	-2.3330795
-5.3791673	1.3033360
-3.6189006	4.0434128
-4.8672141	-2.7533754
-0.8228824	-0.0286322
0.9445978	-3.0028991
4.3369441	-1.1538273
-2.8452439	-1.3549199
1.4060039	3.5630795
3.8642852	0.3698608
5.1511579	-4.6582066
3.6791731	2.4345831
0.2080604	2.9006935
2.8996114	3.4169119
-4.5312371	-5.4488944
-0.7950700	-4.5464349
-3.0583346	-1.4713464
2.8385883	-3.6614364
-5.1148392	3.7354978
-4.3140854	-2.6573886
1.5474401	-2.7589986
0.1759713	4.3112829
1.9756211	-3.2312141
-2.3475098	2.0221724
3.6689000	0.5906895
1.7993035	5.1212380
0.0064482	4.7247362
2.2374746	-3.6250627
-1.0962950	-2.6355693
-2.7831261	4.6729961
1.7991708	1.7874562
2.9479360	0.8953826
-2.6538200	-4.5818165
3.8590433	3.8202131
5.3488101	-1.3349353
4.8614208	-3.0272795
0.7532293	-3.7835427
4.5461777	-0.0315062
-3.3118007	-3.6622225
0.6123606	0.8502189
-3.7074091	-4.5995780
-0.5600113	-3.9843012
1.3124322	-2.5055422
5.2149942	1.8759442
-3.8454503	5.3012666
0.2496303	1.5349507
3.3700732	3.6342301
0.0744204	3.8259051
5.4789894	5.4754818
3.1306103	-1.1204636
2.5497150	-1.6998250
-0.5621017	-0.0092266
-2.8148784	-2.5593039
3.0930963	-1.6449767
-3.6691133	-1.3729434
-1.5578687	-3.6791094
-1.5897951	0.1800602
4.7454744	3.7173364
4.5171342	3.1825353
-3.4189755	1.3217104
-1.7073876	2.1099888
0.1323152	2.6792647
-0.1101554	-3.7980750
2.0974448	-4.8817780
-5.2238194	5.1851097
1.3277472	5.4775935
5.1933234	-1.7161461
0.0061191	-3.5031790
-0.7082147	0.7349340
-4.9101152	0.9825736
-1.0362987	4.9404890
2.6791437	-1.1967005
0.5529863	0.8848366
-4.3196502	4.2022125
2.4874096	-0.6668084
1.8790074	-1.8610266
4.0018853	5.0466510
-4.8089225	-2.7160934
2.3391598	-2.3299800
4.3482364	-4.5629967
2.0752755	-1.0115846
1.7927259	-2.1416356
2.6899011	2.8337659
2.6503208	-2.2586244
0.9492071	2.9435073
3.0156479	0.8849075
2.3669729	-1.1769022
4.9819871	1.2222376
0.6762281	-4.1558846
-0.2338435	1.2021487
2.3913395	-5.0256147
-0.8379762	-4.5644731
-4.5422442	3.0532876
-0.3993780	1.5613659
4.3266144	3.5472778
1.8055580	2.6392339
-3.0342097	-2.7077577
-2.0936000	4.3760816
-2.3326822	-1.0474309
-4.5752653	-1.8218410
-5.1125693	-2.6322883
4.1031917	2.7774315
-2.4638402	-0.6837297
