jMRUI Data Textfile

Filename: dataset2_nWS.txt

PointsInDataset: 2048      
DatasetsInFile: 1         
SamplingInterval: 2.5E-1    
ZeroOrderPhase: 0E0       
BeginTime: 0E0       
TransmitterFrequency: 1.2322E8  
MagneticField: 2.9E0     
TypeOfNucleus: 0E0       
NameOfPatient: dataset2_nWS
DateOfExperiment: 
Spectrometer: 
AdditionalInfo: dataset2_nWS
SignalNames: dataset2_nWS.txt;


Signal and FFT
sig(real)	sig(imag)	fft(real)	fft(imag)
Signal 1 out of 1 in file
41597.4940000	10.2106560
41309.4870000	13.2236450
41031.8240000	1.5187774
40750.4260000	-12.9495660
40431.7230000	17.3908640
40170.6760000	0.9186058
39898.0610000	6.7079066
39604.6770000	-0.2718112
39328.6590000	-14.6855890
39059.6660000	3.8473814
38759.5360000	0.0179844
38510.3910000	-13.4934860
38220.7480000	-0.5079394
37944.0710000	17.9683600
37678.8120000	2.8852995
37431.5640000	-15.5526110
37163.6800000	8.3109721
36891.6430000	-13.6743190
36630.1280000	-2.0068247
36379.7440000	-2.1180799
36138.1630000	-4.7206933
35851.6360000	9.4885945
35601.9990000	-7.2622282
35349.4140000	-11.6748430
35112.2200000	-9.6054160
34863.4430000	18.1230260
34628.9280000	-3.4686726
34366.3520000	-3.8884069
34126.8920000	5.4105112
33900.8830000	-9.5944234
33642.7650000	11.8136230
33437.3460000	-9.4790951
33174.4360000	-4.8858882
32955.1790000	-5.8179653
32724.1710000	0.2422276
32488.0010000	-13.9083940
32273.8680000	-12.6885060
32017.5610000	-15.9079210
31816.8090000	-4.2888213
31569.0570000	-10.2748730
31362.3050000	2.0369607
31127.5950000	-7.0999598
30939.0990000	-15.2600970
30707.4200000	4.3409148
30479.2440000	-13.7472440
30261.0690000	-12.8133790
30066.0930000	-1.7706810
29855.3010000	-17.1113230
29633.3840000	2.0007116
29423.9110000	-17.6738060
29206.2830000	-3.1704726
29014.6190000	-12.7919150
28816.2100000	-6.9846543
28593.7610000	-8.8144022
28417.9740000	15.6379930
28206.5100000	-2.0899345
27992.2340000	-9.1959532
27809.2420000	17.9522850
27611.8800000	-7.4492113
27417.1990000	-6.9195730
27244.4050000	9.2961348
27031.4120000	6.7928143
26826.9710000	-17.4298940
26641.9070000	12.5173950
26481.7490000	10.8965900
26268.9760000	-12.7086130
26082.2210000	-1.9832362
25921.3350000	13.3072960
25719.6980000	13.2408740
25551.3840000	16.1141840
25367.2030000	16.0095660
25192.9880000	17.1839680
24999.9620000	-14.2622940
24823.6880000	-10.3025100
24653.5730000	-8.2159733
24498.2850000	7.1241049
24313.8020000	16.7903180
24144.8470000	3.5470267
23986.3360000	-9.0001171
23803.6140000	16.7124420
23641.3830000	12.5144150
23488.6310000	1.2926009
23293.9140000	-14.6735820
23143.6580000	-6.1574027
22990.4680000	2.2120338
22834.1750000	9.5443673
22643.3350000	9.0708794
22480.6320000	-3.2068869
22343.4740000	4.8997044
22195.8970000	4.0740716
22033.5680000	-3.5858454
21854.7050000	-2.3852656
21727.3010000	12.9450290
21573.1110000	0.0530498
21398.8210000	-9.6690451
21267.9100000	4.0800163
21104.6180000	3.5070460
20947.3960000	4.4122649
20824.0480000	-10.5824980
20654.9530000	-9.6621222
20532.8280000	-0.8215868
20382.8590000	11.9121590
20234.0440000	-7.0363731
20079.5790000	17.9297150
19955.8850000	16.7223130
19819.6080000	13.2350410
19683.8500000	-15.5466420
19512.8910000	12.3650720
19381.3360000	-2.0106159
19261.3900000	7.3818712
19104.4060000	-7.4982058
18975.5150000	8.6608122
18851.4540000	13.5993860
18732.3570000	0.9423109
18571.4820000	3.3154729
18447.9230000	-14.2438720
18332.0240000	2.8904006
18204.1900000	-11.9868840
18082.4560000	-13.2227990
17935.8950000	16.4158760
17830.7440000	4.9833395
17706.6760000	-17.8406710
17563.9490000	0.4657926
17432.0440000	13.9435120
17318.9560000	-7.7558555
17201.8030000	4.1568991
17070.5900000	15.2884220
16972.1570000	-3.7652565
16822.4130000	0.6585698
16729.8480000	14.7773310
16595.9630000	-5.8670415
16468.4710000	1.4428312
16365.2980000	14.9096890
16261.8290000	6.2503658
16147.4380000	-7.6337585
16017.1250000	-12.8086160
15901.9390000	-17.4702310
15800.7650000	10.0545180
15692.5400000	14.2847560
15591.3410000	14.1519640
15476.9300000	0.7631634
15361.5220000	0.6567534
15234.0450000	0.5842320
15128.2690000	16.2092770
15048.2020000	17.9545710
14937.7460000	17.1754930
14824.0040000	-2.4371525
14706.7570000	13.1470030
14607.9810000	-11.8403940
14499.1460000	-6.0958605
14427.4330000	7.9210415
14304.0460000	-8.2190217
14213.2220000	18.1603840
14105.9640000	-14.5495030
14013.1940000	-5.2503272
13929.1770000	-6.7815588
13812.7590000	-7.6228630
13724.2880000	12.7344720
13601.7160000	-1.7181655
13508.9370000	-0.8126829
13435.0060000	-14.2785690
13331.8690000	6.3115157
13225.0290000	-11.0819730
13137.3810000	3.5236212
13060.8150000	-12.5631200
12977.4420000	6.4350271
12868.9340000	-5.8843825
12785.7050000	2.8804798
12676.0690000	-13.6253540
12588.1160000	-14.3468130
12518.2930000	-7.2068688
12438.9760000	-1.0008646
12324.2060000	7.4756784
12258.7720000	0.2373662
12168.3100000	-0.6638916
12095.1400000	-5.2400846
11984.0200000	14.7573740
11906.5430000	-9.7130124
11830.8700000	4.3652902
11743.3500000	10.2818070
11644.7450000	0.2546099
11588.9950000	14.0836530
11512.0650000	0.9019165
11429.9090000	-7.9771025
11324.1830000	-2.6875370
11244.4100000	13.6695270
11161.9600000	4.0140766
11103.8590000	-13.1105630
11033.2280000	-16.8539390
10955.8110000	-17.5229070
10870.5110000	-1.8746040
10797.8270000	7.0831630
10713.5280000	-1.1771352
10628.0860000	-6.7071529
10565.2160000	-9.6984371
10469.9090000	-4.1394111
10427.2430000	-15.9987000
10322.6610000	-4.1424144
10264.7150000	-2.7849827
10175.8690000	7.9583814
10108.9960000	-11.2853850
10066.2350000	-16.6188050
9985.6811000	4.3359679
9907.1715000	14.4478460
9843.0907000	12.3957510
9769.3357000	-13.0181380
9714.8521000	-11.8798780
9648.5921000	2.0678075
9579.8313000	-10.9319570
9511.5494000	3.5765649
9413.8789000	-12.7096660
9350.2024000	7.5491888
9303.4516000	-0.6743450
9232.4856000	18.0856870
9182.6798000	10.2565570
9106.4749000	8.7490150
9045.3928000	13.5250180
8993.1227000	-10.4880530
8907.7447000	-1.5756785
8854.0829000	14.4743720
8782.1620000	9.6657688
8715.0073000	-2.8655404
8665.1604000	-3.1126996
8593.8513000	-9.6341582
8533.4152000	3.0715067
8495.8295000	-0.0495186
8425.4920000	1.2450944
8346.0820000	2.3127022
8290.0908000	17.8895520
8258.4333000	-8.7066103
8200.9896000	17.4587090
8144.1388000	12.6333870
8066.1962000	8.1969705
8009.3799000	-5.2961913
7965.9257000	-11.7729010
7910.2458000	9.8706194
7841.8104000	-6.5203856
7796.8364000	-0.7877447
7742.0669000	3.6586177
7696.8107000	11.9864210
7636.0615000	8.8133603
7575.3287000	12.0236430
7524.4987000	15.9687600
7460.9912000	-6.7492667
7410.9412000	4.2009610
7351.9920000	15.9514210
7325.0794000	-13.2129880
7252.7121000	-7.1971372
7204.7880000	-1.0782983
7159.2607000	-1.5795044
7121.2702000	17.7143290
7051.7173000	9.9846126
6995.9932000	-4.8838040
6940.4995000	10.7222890
6922.2458000	8.1372193
6844.0554000	9.5441021
6814.0298000	-4.1552007
6761.7721000	-16.7121130
6707.6367000	-6.5054900
6674.5671000	-0.8031876
6628.5048000	-9.9108773
6590.9854000	8.6825417
6524.6831000	5.6870587
6471.1574000	6.5372582
6432.6639000	14.9043960
6406.1004000	13.0913850
6350.3199000	0.4335457
6301.0046000	7.5412971
6271.8330000	-17.3418480
6203.6825000	2.9560805
6169.4285000	-1.5507831
6109.8015000	-12.0403270
6074.1079000	-7.7129438
6025.7081000	5.9593978
5997.9853000	-11.3724140
5947.9218000	-5.0736185
5912.7797000	-16.5661080
5879.9518000	4.7824997
5846.7332000	-4.0560105
5786.7808000	2.7881967
5749.9464000	-0.9678012
5717.8052000	-12.1749870
5659.8316000	-12.3641430
5634.6324000	4.6537354
5602.9315000	10.4094660
5532.9930000	-0.2755351
5528.4642000	11.9437560
5488.4066000	11.1594550
5450.2623000	-4.7918465
5407.9887000	-9.2596336
5356.5437000	2.4278819
5312.5276000	8.0191155
5278.0162000	-7.1346396
5256.3330000	15.4538190
5195.3972000	-4.9577028
5176.8967000	14.9317930
5133.3186000	16.9193300
5116.6466000	7.6167629
5070.8810000	-9.5984451
5043.6139000	1.8370105
5007.6926000	-14.0609750
4947.6268000	2.0950104
4934.5952000	5.0401570
4886.2578000	18.1509880
4847.5444000	-9.6346010
4830.9379000	-13.0430010
4798.4630000	4.7393286
4764.7214000	17.7297830
4713.1696000	15.8080540
4679.4378000	-5.1305188
4642.7553000	-10.9594450
4634.0561000	-15.0313650
4573.0330000	-13.9301630
4544.5634000	10.1989930
4520.1142000	-9.6318237
4506.0067000	-11.1969720
4455.7537000	-8.6884368
4432.8579000	10.5393920
4404.1046000	-8.2827830
4362.4833000	-16.5390200
4343.7795000	-15.8262320
4287.9691000	-2.4236636
4269.3535000	1.2068212
4251.5006000	2.5609380
4209.9960000	15.0788100
4186.9584000	-8.2136360
4161.9071000	-11.6943590
4137.7009000	15.7209360
4099.2508000	-12.6378910
4053.9217000	-0.7847589
4052.7181000	3.7916293
4016.4815000	13.0437830
3998.7168000	-11.0031350
3940.9259000	-12.6523940
3919.2621000	-13.4661200
3893.1790000	5.3336387
3859.7919000	-17.3518700
3860.0180000	15.1381410
3809.4087000	12.4147230
3798.1482000	-14.1364900
3757.1590000	-1.6514953
3752.3832000	3.8962157
3699.2279000	11.0878550
3690.9870000	-17.8497550
3639.3665000	-6.7800221
3623.3879000	5.5822771
3607.0927000	10.1947420
3597.2000000	-7.2706294
3567.5190000	-10.0674510
3544.4880000	-14.4695450
3490.4804000	-4.5119490
3471.9638000	-5.5833092
3443.8192000	-8.7041036
3424.5204000	-9.9564138
3410.3869000	-17.3788930
3386.9284000	-9.1017978
3377.7483000	9.0451765
3341.0714000	-17.2739960
3309.7960000	7.8539559
3287.0596000	-0.3788910
3277.9981000	4.3295890
3227.3131000	-14.6035400
3205.9292000	-14.3716970
3197.2905000	10.0116050
3173.1406000	-13.9510780
3164.7565000	-3.7687338
3146.7945000	0.5736059
3121.0924000	0.4375731
3074.6365000	7.3723193
3062.8462000	-16.0848660
3031.4393000	-15.9488060
3015.7655000	-6.1556270
2987.4683000	5.5254332
2972.2106000	2.1194105
2956.1942000	-7.2576045
2942.6604000	15.6328310
2919.0948000	16.3799070
2911.9732000	16.6007830
2878.9637000	3.4549659
2863.9464000	11.2134780
2819.1926000	3.4827929
2823.3849000	15.3825010
2807.9009000	8.4494633
2783.9148000	-13.0720180
2765.4974000	-8.8067245
2730.7292000	8.5486058
2726.3993000	-9.4624438
2710.7529000	-3.1932721
2687.7008000	-4.4366028
2660.6516000	-17.7277370
2654.6773000	-18.0143690
2607.8815000	5.7960692
2612.5620000	-0.4578176
2587.7507000	3.2846049
2557.2038000	-12.3723660
2537.8440000	9.7151428
2550.1418000	6.0737560
2529.7217000	-1.5482179
2504.2156000	17.4238760
2492.1887000	-13.1644930
2445.8987000	-13.5369260
2437.9847000	-4.5314487
2419.2586000	3.9495721
2409.3006000	-12.0592750
2381.4779000	-11.7700250
2375.4656000	11.2901030
2344.0345000	-12.8533150
2356.2442000	11.6607830
2334.2005000	-15.6182820
2296.7585000	-9.3260923
2297.8012000	-10.1876340
2279.1561000	15.8327690
2272.1132000	13.8755160
2236.0399000	-17.8287120
2243.1797000	13.2588410
2199.1402000	-10.3207360
2187.0448000	-7.4574850
2200.0421000	-10.8822160
2163.0033000	-0.1964999
2158.0072000	15.7899150
2140.4305000	7.5025257
2116.6908000	-4.7151163
2124.9418000	2.2350625
2106.8183000	13.7185180
2085.4757000	0.4273848
2073.9945000	11.5837390
2043.4100000	0.5311907
2028.7411000	-0.1281481
2023.7482000	3.9683628
2023.1366000	2.6192530
1991.5120000	18.1790010
1973.5833000	0.1181216
1949.8025000	-9.0372397
1936.5681000	18.0843370
1948.5184000	12.8418890
1913.0614000	-13.5434240
1907.0217000	3.9254177
1905.9519000	4.5504238
1896.9744000	5.4576065
1875.6609000	-6.3368698
1871.8236000	-8.8257293
1845.2982000	-17.1067030
1818.0793000	3.7354451
1799.9937000	15.8507980
1795.1390000	-13.6820620
1806.6973000	5.5560574
1783.3337000	-7.2781821
1760.7277000	16.4425470
1755.9278000	0.3879401
1747.2999000	-3.1171746
1739.9648000	-4.6573928
1723.4575000	2.1764251
1713.6526000	-5.1100509
1692.8693000	14.3958430
1683.4077000	3.1330107
1668.9572000	-2.4472341
1673.3090000	-2.9446050
1637.0359000	-10.5759180
1633.4836000	-16.4390730
1632.5321000	14.0269500
1595.0588000	5.1831335
1606.8749000	-1.9607218
1590.3157000	-5.1997748
1563.5680000	17.5708710
1555.5207000	17.4231860
1564.4720000	14.8990560
1541.7846000	9.5393900
1547.6055000	6.5303819
1508.1330000	15.1721390
1499.0863000	13.9365360
1506.0254000	1.7304585
1503.8300000	-13.1425520
1495.2395000	-1.1779897
1466.2861000	-6.4420934
1456.4041000	-5.2088071
1460.1145000	15.5101990
1445.3351000	13.8460710
1423.7876000	-11.0989030
1418.8427000	2.2799473
1401.7951000	-11.8435370
1394.8057000	-8.3501586
1384.0791000	-14.7481950
1390.7567000	5.7167058
1364.3485000	-13.0927620
1368.0266000	-15.2778740
1332.5703000	16.0128210
1351.8644000	-3.6467388
1347.6008000	3.6885759
1314.6408000	-17.8715030
1307.3653000	12.4102960
1293.6394000	16.7821220
1277.1254000	4.1182176
1272.7722000	-2.9958747
1266.1616000	16.6154820
1249.1993000	1.6405286
1258.8852000	-5.6035138
1247.1509000	13.0368040
1226.3273000	8.2464266
1220.7935000	-9.1685420
1234.4998000	6.8898219
1224.5559000	-4.1593280
1211.2246000	-9.1270152
1179.4050000	-6.8724353
1193.8581000	6.3862719
1163.4722000	1.2535095
1157.8873000	-14.0035530
1168.5895000	-12.2179440
1168.1706000	1.0751955
1145.1166000	-7.4843214
1137.2674000	4.3323898
1141.3166000	-4.8594626
1111.9646000	-1.5755743
1118.4373000	-0.1306561
1106.5758000	-9.2557587
1106.7337000	3.4465486
1077.3363000	11.0193320
1099.0773000	-10.4814520
1062.3248000	2.9353890
1051.0327000	-3.3278766
1055.7110000	4.5519485
1044.5981000	10.7671490
1039.4547000	16.1008570
1038.2710000	4.4015701
1028.8805000	9.1232691
1011.1977000	-13.8008860
1012.3881000	-12.6588510
993.2477700	2.8524143
1008.2969000	2.4913106
986.5143500	3.4685976
1005.0748000	6.5832304
989.2168600	-10.0308200
984.8125400	-3.1793198
956.2074100	2.1722109
947.1388700	-5.7746196
961.7561300	-16.4967010
954.3811700	-5.8339599
937.6891000	-0.8161021
945.3596600	-12.3596740
929.7711600	1.9850696
914.6997600	-4.4811761
917.1287800	-2.0239170
912.2145500	14.7258080
890.9091000	-16.4886300
908.8044800	-9.9448390
891.1341300	16.8824100
868.8954600	2.7836430
864.2201700	-14.5695030
873.5343200	11.6628040
874.9444400	4.6909705
868.8630300	18.1066190
842.7912800	-13.9420680
860.1348400	-1.3173983
822.9127300	0.8317019
826.0102200	12.1599530
820.8841900	-1.0812820
841.1538400	-2.5270442
829.1494200	-17.9304420
824.2781600	-7.0804011
819.3910900	-16.2140160
792.9669600	-8.5204921
801.5752600	-12.0184710
793.5120200	17.0476400
794.3503000	-15.1390880
766.3896800	6.6373350
758.7446300	5.0035657
756.5803600	-0.3703456
778.5519000	-13.8299830
738.5303900	12.0069330
748.4051500	14.3125170
731.4001200	-9.3137058
752.9156700	1.3753035
727.4076300	11.6294390
747.0395800	13.0328500
724.2418800	-14.9527650
730.4627200	14.6143940
713.0567200	-12.0023950
708.7372300	3.3267293
706.5591300	-17.7944740
694.0846000	-5.7419025
696.5772500	-12.5871980
706.2116300	-17.5750340
667.5533800	9.2666717
664.7075100	0.7795838
676.1734100	14.4960600
673.1315000	15.4264430
667.9711800	-15.9807210
671.8146700	-14.1089360
654.9284600	-8.0485085
647.8789000	15.7747970
641.2817300	13.3980370
629.0297800	-14.6972900
636.6461600	1.8157281
636.5494700	-17.2367210
625.2382300	16.9361190
608.4381700	-16.4270800
622.6813400	-13.8089880
629.9685600	0.2872141
619.7228900	-12.4810050
600.8462800	15.7008910
605.6210600	-8.5748340
591.1060700	3.7144433
602.3535700	-0.8563241
600.5664600	17.2850570
599.9711000	-8.2583938
587.4163400	9.2675773
588.3284600	5.2172409
562.2908500	14.2539030
569.4553300	4.6517946
565.8187600	-15.8243160
579.6153500	17.7428900
545.7573900	9.2534399
565.8873200	10.8914040
551.2166600	1.9104211
541.1655600	-8.8788660
553.2916300	-9.5134765
533.0042700	17.0521060
533.4580400	-3.9500027
532.9446300	-10.2110330
535.1225300	-0.0752575
521.0112000	-2.8602756
533.6851700	-15.9305920
512.0323000	1.4038447
516.5382900	14.5489880
526.8841300	-6.3352354
520.1365200	0.3704320
494.1536000	-13.6390420
483.8477800	13.2804300
500.2574900	-6.4824767
477.7688100	-6.6159062
504.6577100	-10.2439680
490.1279500	-7.5170631
483.9621800	13.2581070
480.0572300	3.8129871
472.8211800	17.3640820
455.9543900	-14.9775650
484.3180800	-11.8180220
460.6836200	-17.2487670
453.6429600	-2.0968431
462.1134400	9.0484968
443.6360800	-9.9744224
452.6295600	-5.3163653
452.0980800	0.2192319
445.4446100	-6.4978372
439.4354600	-8.1936427
436.1435900	-6.0174043
442.6066400	4.6010677
427.7123500	2.9129712
447.5308100	14.6641700
429.7006400	3.7697895
419.6538600	-13.5188030
437.3915800	3.0156655
405.0828800	16.2709320
408.7121200	14.5214200
419.3606500	-6.6446063
391.3314800	3.8552501
421.9728300	-8.0873244
385.9578400	10.5438130
386.2642600	3.3671663
395.7127500	14.2231620
394.2439600	-10.9259090
406.4340900	1.2624286
400.5635000	-6.9201796
385.7768300	5.6344525
397.8648100	6.5545543
371.2872800	-15.2226630
367.3671100	12.6266850
383.3104700	-11.3624570
370.3131400	-17.4883920
356.1803900	15.6242370
370.1909000	-17.2110010
362.0283700	-9.7872065
350.4370100	-9.7357582
360.0289000	-2.0447577
366.0560800	4.0829187
371.9813300	-8.5587911
363.0033400	-12.2161890
339.2803300	0.9966665
334.2844200	11.4708750
343.9410700	-17.5052190
332.1075500	4.1488654
347.2981300	-2.5189271
324.1799600	-0.5565255
318.7749600	3.6298399
348.3890100	8.7256338
329.8747500	10.6549740
321.0007500	-13.1560970
319.0527600	1.4462481
319.7395200	7.7761538
305.5874000	-11.5122430
324.5088500	-9.1881361
306.7344800	7.3851884
313.3982800	-10.7975470
318.9185200	-5.9541160
324.1225500	-5.0444027
292.6667600	-10.4859510
310.0717800	-11.9356600
321.3027800	-13.4217130
314.2969900	-12.9202820
295.0078000	-15.2666940
305.2202700	17.9686180
299.5340400	2.0545218
305.8385400	3.0092098
298.3723200	14.9913510
301.8496500	-1.7919129
289.5006200	9.3974560
287.4847200	-14.3575770
292.5488100	-6.0969557
291.1345600	12.4091220
284.2098700	4.3808272
269.5154700	-6.5761174
262.3491200	-3.7576133
272.1837400	14.4476410
279.6853600	-2.0553087
266.1578600	-17.4217890
259.5653900	17.1450500
251.4785400	-5.9883429
270.9787700	-12.6526670
245.3096100	8.7330467
264.8456700	6.4595340
273.4399600	8.7578614
258.1230300	-14.5306460
245.2667400	13.6841460
248.3644500	-15.0674810
239.3565400	7.3813661
242.5124200	-1.7597926
238.6424500	-5.3505241
260.1604300	6.6925088
257.7301500	7.0889319
227.9772400	-12.8680340
246.3671100	4.9841611
240.4907000	16.4745200
251.5871300	3.7869067
230.1414000	-6.5906522
243.4565500	1.8712104
214.5916300	-8.7913528
240.7326000	-9.4345152
213.4547300	2.5451903
213.7933700	12.1068680
209.1947200	-12.8750230
241.9686600	11.9017630
217.6595300	0.9394580
216.3752500	11.1300730
209.1143600	0.0785527
219.6733500	-1.7857488
202.6419200	-9.5044429
211.5849400	-12.3666180
214.7168600	12.5316810
195.5577900	11.6282750
227.5255800	-8.9338987
200.8165700	-3.6836191
197.9677200	4.2207418
200.0522700	-2.2225045
195.3562700	-9.2717800
209.4559700	3.9138329
207.3248000	-12.4914210
205.7431500	-13.2800160
192.6777400	-5.9740568
195.6674400	-18.1580230
203.1303400	15.8902320
185.1183000	-8.0009356
193.0960800	15.0302030
187.0636000	-14.1657610
196.3170600	-2.2790883
171.6927300	5.9226837
188.8785400	-0.1907026
188.6480900	12.9228390
193.2876000	-16.6132390
180.2964900	-14.7593390
186.4981400	8.3383222
194.8137200	-17.1778680
163.3885300	-17.7308840
167.2432600	-7.3630154
182.6966900	-1.1445552
190.4310500	-17.5166910
188.9316900	15.9444870
166.6052200	-15.5981690
156.2493900	-14.8928760
169.4979300	-12.8133600
158.6293400	-6.4185110
159.5269000	-12.4853930
155.2009500	8.9183807
164.6167100	-3.2036092
158.6785400	-7.6829843
153.3482200	7.6484864
170.7041300	-9.9532948
169.4908100	17.8313140
143.2444600	-4.6440813
169.6419900	-9.3500177
158.4755300	4.4180006
170.7619900	-0.6664282
147.1536300	14.7123820
167.5575400	17.5622020
142.1212200	14.8155010
165.8595500	-1.4277806
163.7445700	16.1522320
146.5189400	2.4163814
161.5687400	16.7699390
140.2940000	8.7193517
147.3479900	-2.0816124
130.2776500	-10.2277540
132.8671900	8.9006565
134.6261600	6.2385249
139.2754200	-5.6784968
159.9312100	11.0605610
157.1917200	11.7907710
149.6880200	6.4837181
124.2349300	-10.2148970
130.2871300	-15.0914390
130.1561900	15.4864410
123.7014000	-9.1227340
127.2330100	17.4867540
140.5740100	12.3946640
116.2600800	13.5410390
138.8722300	-9.8898958
136.3633800	1.6107670
137.9603500	7.0175548
131.6212800	11.4567210
124.5052900	-13.3620210
134.4760100	-5.3718035
142.3500000	14.5041620
121.6118500	12.0924150
140.4829500	-13.5171300
129.9446100	7.4763841
127.0707900	-4.0918185
119.3782100	-8.8141393
131.9113700	12.0790440
106.2310900	-16.1270300
130.9774500	15.7229650
113.6811200	-12.8103810
126.8777700	3.0631431
104.1125900	-14.4845090
125.9015800	-10.3021780
129.8783800	9.7618237
98.6349660	-12.4099580
129.7509800	-11.3616480
126.6981800	1.7960221
108.5109200	-13.4133140
122.4984700	7.0448366
129.0600800	0.3795203
110.9522700	9.5414659
104.6864900	11.0745310
101.5807200	8.2901987
106.3909800	-10.7821140
105.9005000	-2.3193060
88.6548050	4.6049128
92.9042410	-10.1173260
103.2661100	-1.4046404
113.4616800	-3.5536729
113.0683000	-0.7719847
116.4725800	8.1307122
94.0745400	0.9782749
97.0287240	-12.6763290
84.8828580	-2.2942842
97.6065230	-6.9215844
104.5857500	7.7870434
92.2418950	-0.8732094
86.4637830	-13.8603320
95.5376050	3.7703819
98.1806590	-5.8480893
87.4992370	17.4407290
100.5805600	-11.4176430
86.9205680	13.6294190
105.7609700	-4.8852290
107.4756500	-15.9337840
78.8215130	-8.2267879
98.8397320	-0.6474706
83.0821930	-4.8130334
90.0033550	4.7332970
92.7355390	-3.4334950
87.1701310	-3.1046192
83.2183290	-0.8513136
98.3546110	-11.3522160
71.4368740	-17.4095650
95.6240330	-16.7373020
70.7316890	-10.0299620
95.4547570	14.2573250
87.1038250	-12.0960890
95.4097090	6.6772351
78.0850060	14.1213500
93.0678870	5.2798251
82.9540780	5.9917206
88.7803690	-7.2450729
79.6844930	9.0579092
87.3701240	-13.9709770
83.2265860	-7.1117521
81.6536640	4.3825338
68.9297220	16.8046020
70.8165900	-12.4717740
69.7075830	-17.1307050
88.1309230	-14.4953880
92.6882620	15.0319620
79.6868970	17.7953580
68.7312780	-3.6688469
74.7131040	4.7247564
78.4454180	-6.2038940
72.4113100	14.5848300
90.4418980	-0.6013045
78.7127030	-16.3787490
55.7637290	-15.6414950
80.0568380	-1.1627959
64.6585430	-12.6356860
85.6642400	14.4409360
73.8369860	4.5302589
61.2168960	11.7389760
53.0681270	0.3798231
67.7592550	3.2233296
51.9966350	-0.4433632
60.6222580	15.9834130
58.2931570	-9.5493405
59.1185150	-1.1156381
71.7063940	-12.2495970
62.4475110	1.4917653
65.3999970	-10.6952410
81.2951050	10.2119180
76.4930460	-5.6514537
69.9120600	-6.5321325
70.0324460	-17.4640660
80.8857800	10.8535240
67.2494530	10.4880720
78.0442280	6.8213757
64.5077370	15.7909710
73.8562580	7.7116808
65.0023940	-13.1284210
63.6792580	-0.4471243
52.4382240	-12.9180610
65.9648320	-14.3724830
53.5908560	10.4490570
52.2231580	-2.5315003
65.9076840	11.4384950
64.9596150	16.4970150
56.4573590	-13.8997220
50.8172660	4.4441872
68.0431460	18.0621760
44.9314140	-15.9368060
57.8189660	-5.2508456
51.7653910	13.1088480
38.2050100	-7.9374891
53.6461110	2.5206293
72.6505110	4.0336711
62.6865790	-8.5259728
58.3179580	13.6364930
52.0426370	-15.6320630
48.9835680	1.1960858
48.4027670	6.4709568
34.8240090	4.3185790
37.9131770	8.6792159
38.7373390	4.7023322
56.0121880	-15.2130840
66.3211630	16.0453010
67.1905070	-8.4187165
39.8296080	14.2004570
51.7389810	-7.9047048
55.2047770	-7.5239098
38.8944180	1.5376368
33.0449000	-11.7080270
50.5450910	-7.4472257
46.4725940	-14.6426920
57.8349830	-13.2363330
36.6699750	-18.0057450
37.9745550	11.8076370
53.6190540	15.3281920
30.4949030	2.8450247
48.9870890	-11.0611380
57.2923290	-3.5885547
35.3870090	-4.2142590
43.2141530	12.6638710
46.4667640	8.5218195
31.1378810	-6.5907171
60.3528310	15.6319670
50.6731940	16.3628340
48.5744790	14.9154360
56.4456450	13.1506750
43.8519270	15.7150220
51.1922530	3.0770110
28.9201660	-13.5070830
30.7837350	0.0262072
59.8554570	-13.7713450
37.7866490	-0.7681418
44.3333140	-0.1272808
50.6338160	-12.6743310
49.8139410	6.3969182
42.8130350	14.4872960
44.7666480	-7.9367505
34.4791710	-8.4988734
33.3870910	-14.4534080
29.4862200	-10.6920340
29.8328790	-17.2729330
54.9307800	-16.7660000
28.8435390	1.2802107
21.4000210	-4.0649686
31.6421180	-4.7353315
25.1182370	11.8921710
51.0676600	-3.2026663
38.8565170	2.1816499
20.1200980	11.0895250
47.7661710	1.4329174
46.3961160	16.1936870
39.8154510	0.7808947
49.1782950	-17.9387370
41.4034480	6.3335209
20.6589700	-4.9265095
21.8223170	-7.0677428
40.3402530	-9.6190092
27.2892680	-8.5102529
18.0590990	-10.7958710
49.2863660	3.6715317
21.0454140	3.8126998
31.6867380	-11.5952910
51.2365960	12.5838610
27.2809520	-0.7296266
50.6263420	-15.7872320
25.5214340	1.9233370
36.4346570	4.9797593
39.5614450	-16.3301170
26.5580590	11.3000200
16.0033580	-15.7746170
25.7599640	9.9744366
39.5325040	-12.2361800
40.2702200	12.9480720
23.7403010	16.2058290
27.2859480	18.1460080
44.6209340	-10.6302830
33.1618260	12.2315020
15.4603950	-15.3170250
41.3554210	-9.3038343
26.5580540	12.2686300
42.7117660	6.4588232
16.2810610	-12.1573120
35.2062390	-18.1054440
30.5966680	9.6150160
38.8751450	16.3319820
26.1255220	1.2329234
42.6722060	-7.2552703
23.9991590	-4.3585846
27.1331510	5.2722857
14.6773890	17.1956750
45.1719680	-12.3372130
12.8557190	-11.0558580
24.8462790	-7.7632508
33.3657720	-10.8229660
43.3363620	-15.1146520
32.9913270	17.9946240
34.2961130	9.1264185
12.6540520	17.1702580
32.2768290	16.1937520
21.8264920	6.0534250
12.0360670	-4.5094332
24.4898800	14.1567320
30.8935550	9.1197315
34.1057790	-8.9586951
11.4878260	-10.6905250
35.8354200	-11.0707110
15.2683340	15.4496540
38.6975990	-14.3077890
41.9931230	10.7346730
8.3564391	17.3754390
35.7459370	15.0706730
28.4179050	-8.7143509
35.2480520	-15.6187210
12.8751140	-7.5112955
15.8903720	16.2257240
26.4369350	-0.9008563
28.8202560	-12.5029480
32.8545110	-1.3763608
40.3079330	3.6639735
14.1382910	-18.1645610
32.3629470	7.5137415
32.7072330	6.1822097
12.3595560	-1.4566633
31.8756870	-8.5590934
37.2488120	-5.0095319
23.5940950	-2.5227947
30.1743460	16.5804400
23.9874680	6.9258740
31.7290920	-1.9566494
12.1128870	-16.3500640
9.0602077	-9.3771242
9.9138157	-8.1529169
13.1915960	-2.3249675
38.1880940	-4.4816325
23.7010370	-13.7926180
13.5249900	10.6490990
31.8011340	-15.1199660
35.5183680	3.9468315
9.2955530	-15.2050910
24.7664320	-7.4755654
26.0992290	1.2491521
31.8720920	-11.3139050
18.2701840	-11.8374410
19.6682430	-10.8626810
21.2118570	-17.3076690
9.7618362	4.0605364
17.5125230	2.5722934
19.5114770	-18.1614830
13.4885610	-12.1067470
26.5086940	-16.4015130
16.5436540	-11.0344160
13.9197850	-12.5795990
30.2684740	-9.1485733
14.9585630	-15.0391640
10.1715010	-0.5800053
21.6761520	8.9605824
19.6834360	-4.3090116
4.5267023	-13.6280010
18.5136140	-13.0899020
8.9809012	-0.4292387
3.6930381	18.0692340
11.1537400	12.2300500
24.8880970	13.8201690
12.1521640	9.3569817
4.2141578	8.4430688
4.7945553	-16.3324230
30.2720440	-9.1913020
15.2807890	11.5045670
4.0112678	0.1825382
33.2316890	-15.9526970
29.9088820	-8.1780350
19.8404060	-12.9723710
2.1716251	-13.9870820
20.7892470	-0.5016614
11.3053520	12.3853100
23.7529940	17.4919440
22.2966860	4.7599432
3.2943221	13.8256710
24.9673540	12.4097400
-2.6491726	-0.1493992
20.6052930	-3.6737193
6.3636168	-2.0484488
7.9621718	-8.0692887
-0.5345981	-10.6215780
2.7372667	18.0021780
-1.8383731	-2.1314059
16.9321140	4.8319696
9.6449144	-2.2581692
6.2077766	-5.5656312
2.9138368	5.8904536
26.3948910	17.3522220
4.2080147	-13.5573470
5.3676487	-1.0848697
25.6570330	-3.9926569
6.0572842	-1.0437495
2.3001582	-4.2712928
0.0324631	-6.5577113
7.6622034	3.7367885
25.1445300	9.0353038
0.8966132	15.1050920
-3.3208678	9.5649129
18.4851140	1.5203307
28.0291400	16.8709400
3.4835746	9.8319174
20.0578260	-2.5968528
19.2320500	1.6052349
12.1649720	12.5462610
17.1149640	-12.0439470
-0.8387043	10.4081030
20.2598200	-14.2939500
12.4912350	2.1894595
-2.2614489	-15.1908020
8.6335993	5.0582817
-3.3310336	1.6207564
4.4467454	-3.2248152
19.6289050	3.1551967
15.1883340	-10.4130390
3.0787267	-4.9385643
22.1293330	1.3851241
12.7113820	17.9842800
6.5826644	15.6169100
6.1396861	17.3070620
25.3891930	-13.0644180
26.5419100	-12.9916490
0.4089876	9.8708188
12.0136030	5.9426792
4.5857555	4.0876367
-7.5195148	6.5206595
6.8303012	-6.3549035
10.1967220	17.9920270
-2.8741647	17.3482280
25.9632430	6.7553865
24.7001950	13.0803480
19.0778780	15.4379690
-0.3872659	8.3579229
10.5274520	-1.5944581
26.6079430	6.9122219
18.2860010	-15.6531500
2.3679479	-7.4101761
-5.7724354	7.8569027
-5.5173347	-4.0823933
15.6044890	-18.1048060
18.5720760	17.0555970
4.0340851	17.0396080
0.5451220	10.4328830
2.2829695	-0.8905386
11.1085220	12.0903830
22.5128870	10.0543990
14.2085850	-16.6425950
-7.3439922	5.6602789
13.1142130	-18.1696610
-4.1530429	13.9429540
-6.5173696	2.6335644
18.1335300	-3.2342828
22.3420250	6.7120184
-2.0306570	-0.2448016
0.9729489	-5.3761174
21.5072390	-1.5260622
2.3546512	3.0047106
21.6473190	-17.9341660
19.5268390	-17.0473760
-7.2229278	-17.7747680
-7.9028604	-16.4656260
4.6354675	3.4520217
-6.2487237	-16.7657430
22.7945660	2.4006729
6.9097728	-13.1364460
23.8237890	-9.4299619
3.5661032	-15.2651280
0.5179129	6.6477711
16.1684550	-7.1731052
22.0742500	4.5939851
-9.6268106	1.2212703
-7.1793637	-2.2197553
7.0560891	-17.0158360
-5.7659293	1.1197137
-7.2492408	8.2164790
2.4856509	-9.3904609
24.5559090	11.8529120
-8.0713306	14.2972040
-3.3013869	-10.9041310
1.4725071	6.5897301
-10.4958860	-5.0322761
18.3443980	-7.2832974
-8.6304938	8.8750938
7.8187851	-16.3986840
0.0322100	9.6233721
12.0026970	-13.1378790
12.0483960	14.8179570
20.6229850	1.2510465
7.3753026	7.3073376
10.5887140	0.5484683
3.2423953	1.8275774
3.7404615	6.2564399
3.2503788	-9.9585027
-8.0011346	-6.2158619
8.2868828	14.6450870
16.3513180	-5.4519020
1.9234709	8.8170373
13.4183130	-15.7608150
-2.7274036	12.1520700
1.3242217	-1.1247609
-3.4517747	12.6391890
24.1102220	-6.2211762
2.8996465	-6.9778476
11.9400310	17.4806120
1.1765299	-10.3141550
23.9446390	-16.8122260
2.4658021	14.2885690
15.6194370	17.2513230
3.7697388	0.3329386
12.2582680	-8.5589722
9.5991195	7.4981803
-8.6965523	7.0909147
-0.6356122	11.2396840
7.3063937	-9.7587923
-11.4287360	17.9364380
21.9942290	13.5256220
7.1873651	8.6868954
4.9273700	14.1625320
-10.7963280	5.5536085
-0.4780391	2.0543874
16.8352000	-5.9615950
5.5650612	14.8351280
-9.9327256	9.8859924
-1.9595842	-17.4435440
-4.0954500	0.8270521
17.5296880	8.1848074
12.6774580	-18.0073880
16.8304160	6.5938807
-12.2238300	-3.2261045
-4.1555579	3.6334247
-5.3399543	0.2660654
-6.2759562	-15.4459780
-2.8915751	2.4698907
-10.4459990	7.5204447
7.6984669	-13.3174170
-13.0546430	13.2041680
17.6457790	4.3630743
6.1047573	12.2567010
9.7831223	-0.9602164
-4.0933171	2.9004059
3.3119959	-7.0639665
-12.2273800	-14.4615020
15.5900670	-13.8864690
-0.9242995	5.3293548
-11.6185540	0.3940169
-10.3370420	-2.6709194
-7.9517918	-7.9722747
-7.9902451	-2.7963932
16.3164230	13.6955500
1.7901323	-13.6428220
13.0473070	-16.8513370
13.7762240	-18.0799120
4.0486787	-1.2441124
8.3738058	8.6411924
13.1084860	-3.1693130
1.2897319	-8.5029636
-5.2314077	-15.5250030
-0.7456865	16.2110190
-5.9612765	-0.1643219
13.2159970	-5.7714958
13.5578490	-13.9245070
6.3210646	-1.8148054
-12.4179150	-15.8568370
19.9527940	-8.6738242
4.4376996	-1.0485472
12.2704840	6.2970640
-14.0735750	-7.7965168
-12.9569090	0.9851927
20.8897440	-8.7878970
-12.1879450	-3.7229383
-1.3097697	5.3614025
21.9002050	2.3992719
18.5724810	-17.2591470
14.8107600	-15.2940650
18.3722830	7.1319392
2.9531366	-8.1206860
4.2897263	-5.0030677
-6.9156837	6.7148269
-8.2033417	-17.8888210
17.4589540	-9.8144587
11.1122380	11.0893410
-9.5712472	11.9418310
9.5718618	-7.5265814
5.0422527	-1.0212836
16.5021250	-15.0096140
15.2770510	-7.1478644
-8.2206237	8.9857807
-1.4567486	12.7968310
8.1723655	0.3679179
-5.8192296	8.3812480
-9.7120660	9.0998646
-10.4526110	11.5421430
16.6256630	-11.2084550
12.2265080	6.9764660
11.6952380	-13.0744140
-7.2681884	10.4479740
11.7495870	1.3784226
18.2161550	13.3153150
-9.2564671	13.7446240
11.4794410	10.6452880
-8.8914148	-3.3620766
-4.7138775	-15.9108820
2.7493461	-15.3506840
5.7209892	-8.5965976
6.4238111	-3.8270109
7.2956381	-1.5186210
4.9767077	-14.3624430
9.1784710	-17.8891090
-7.2313079	-8.2596590
-2.0006853	-13.5591070
9.0183128	13.9563140
-3.6341107	-5.9107577
6.6338877	-3.2960994
-10.0788640	-14.1916910
3.6917814	-4.5876781
12.2966370	-5.1562674
-2.5432214	-15.4803860
8.3912810	-16.0474720
8.1288097	16.7847270
20.4586370	-7.0759304
3.9087393	-6.3901654
5.6560357	14.5816740
-15.0988770	6.0275987
-0.8059266	-0.4465923
20.3515250	-12.8768110
10.3048170	10.1488470
-13.3849600	-4.5970945
11.2222530	5.2617532
-10.4131750	4.4647780
6.6668555	2.4142823
-8.7591222	9.4034033
6.2229853	9.9755590
4.9875917	-10.4063110
1.9434843	15.1889590
-2.2673212	-12.1640230
17.7329340	-12.3695070
-7.8267898	0.1045523
16.2618290	14.4062520
8.9496485	-16.2544810
-13.5949730	-12.5871060
18.1961950	12.7437020
13.3816430	-13.2747720
-11.2328780	13.9453080
13.9001830	-8.4957751
18.9445660	1.7301982
-15.8358930	-15.1425490
12.6589050	-4.5633847
-15.2629490	-9.0938081
-9.2738180	10.3578850
-5.5472358	-17.2117370
-0.7216957	14.0919420
16.4430150	13.1095540
-5.9960671	5.5151200
13.5258120	-11.8670600
-9.3407881	5.5394283
-14.6090720	1.3145206
-8.8243260	2.6671188
15.8914370	-1.1736430
7.7025238	14.3016640
14.6465250	-17.1061320
8.0712728	-15.2239880
-10.2279090	7.6388172
16.4799070	8.2058371
-1.5005776	16.0448990
-5.2104027	4.7359994
13.5845620	-18.0204270
11.1535860	-12.9815250
7.3713563	-7.3249742
-13.8056930	-15.2311500
10.5397870	8.6458507
-15.4264840	-13.1437590
13.3383090	-10.4554370
7.5379492	8.3913706
-2.8191350	8.7526878
19.4241810	-17.4532600
-12.4332680	-5.3074391
-6.3592627	-5.9268854
0.7630474	10.5299910
12.9253640	7.6416824
-2.2426145	-11.5339190
-12.3492750	16.0844370
1.8648832	3.5701950
1.9877882	-0.6775677
-9.5295419	10.1066710
6.5049534	6.4877043
-8.9348033	-1.5737399
5.3064713	-17.3479430
-8.7485366	6.2561762
-0.1137416	16.1845350
12.9342270	6.6444357
12.0559580	-9.2470039
-0.5429962	-8.2159290
-11.3420570	5.7160363
0.6515372	17.2533000
18.0514880	10.7430900
-7.7990039	-14.2017570
2.1600652	-3.2532536
5.0377669	-7.6116311
5.0483943	-11.5373680
14.1671130	-12.7720080
-6.2936088	14.4434620
11.4369390	6.5153475
-5.3497808	-6.6220127
18.0726850	-7.1377939
2.7036517	4.2482799
-13.8504620	-14.5691590
1.4702873	16.9385140
-15.5946880	6.2870247
13.0638660	15.8340360
10.1217430	5.7586370
3.1169280	16.0280570
-6.9015377	-10.2992100
-9.9143412	15.9642790
-15.6740900	16.7267270
15.9623980	-3.7729248
3.3420288	1.6798062
-3.7862632	-15.3969860
-12.6889340	-1.7298298
-14.4411860	-13.3398580
-7.5641362	8.5437552
-13.2908980	13.3843530
-2.5495908	6.5430952
-15.5271590	13.4947180
-12.7576430	-9.8420660
19.0695960	-10.7278690
15.9040890	-4.0315394
0.9649531	-14.2205000
-16.2297220	6.8522280
16.9753110	-13.9396070
-13.1997110	-0.0381191
-16.8878410	-13.4065590
-13.7750390	11.3736590
6.5450522	7.8046201
19.3095330	15.2223600
-2.3961150	16.2064590
-13.6405930	-16.2937150
-9.1745139	-7.6959445
19.0042810	1.7735479
10.3871910	-6.8811496
18.4929040	-14.5533940
-11.0862200	2.9959629
18.2930800	10.8979590
14.8890050	-4.3807541
-11.6246780	3.6326717
-1.7219331	-2.2603769
3.0508383	-18.0263800
16.8222770	8.8690645
-15.8853630	16.7042940
-7.3936380	-16.8317560
15.7142110	16.8835520
-5.9697177	-4.4392873
-1.2328805	-12.1393720
-4.0122734	8.9352395
-15.3208590	-1.2640074
0.7584011	15.5755880
-12.5931470	15.1272300
-8.7585386	13.0153950
-1.0086371	5.7524730
1.0547730	16.2020710
9.2932679	17.9923690
15.8065830	11.4971800
-8.1165232	2.3090693
-10.9980300	-4.1204045
-0.2913486	14.1271110
-1.2998212	15.5396590
4.8137645	0.9412761
-11.5833220	-3.1717035
-10.4365160	14.1258480
14.5454430	-10.2524340
16.7611300	1.9242064
17.7774340	16.1989610
1.8805678	-5.5893848
4.8888816	-0.4338062
1.8533211	16.4189500
-2.4068659	2.1142225
-8.3838913	1.6722504
-9.8680594	-15.2278660
-4.5748636	-1.6555243
13.6775990	-8.0404929
15.9317020	9.5883155
-1.6896842	-12.4094940
13.9167410	5.6643352
6.5208415	1.4983626
14.1929050	11.3637150
-12.3597690	-16.7893120
-14.9697930	4.1605838
6.9635166	16.9002950
14.7296280	0.4880122
-6.8148241	13.6549400
16.8192360	4.4865258
-15.8425920	-8.6215632
-1.0480935	13.5820280
8.9028339	2.2816601
9.3193522	-18.0527580
-13.1581750	-3.0016910
17.5240910	8.5864352
17.3516410	5.4491358
-5.6053732	-7.7459741
5.3026082	17.5874940
18.1949710	-9.6198854
-16.3759350	14.0462510
4.7568942	10.2927370
11.3303260	-5.5809199
-9.5939922	18.1740340
-14.1222690	-7.6109400
14.7280010	-7.0614179
14.6689870	15.1407520
-4.8264927	-4.2965909
-15.7993170	-10.4444670
-2.5595846	-3.4500440
12.6383330	7.4837297
15.2410230	10.4591310
-11.8190900	3.1522443
18.0943470	-1.3622289
-17.3076530	-5.5383368
11.5737220	12.6897510
16.7274640	11.4648050
-0.7229393	7.2140380
-15.3968000	15.9234860
-16.8866280	-16.5235670
9.4043751	11.4087420
8.3041090	17.8473870
-6.1892311	-2.2215928
6.2408065	-10.4480060
18.1638110	-9.9370374
-1.7989210	16.5604160
5.9478817	2.7875167
-11.3836000	5.4245576
12.7412050	-16.4881840
-13.7036540	8.1698277
10.9607130	-6.6764751
-12.3978870	10.4814170
-10.9582130	-11.9780170
2.2373397	7.0832299
18.2928350	-15.6359550
9.0014181	6.6668622
3.1058653	10.6301430
1.1901454	-15.6977510
13.4071390	-10.2749330
-4.9244763	9.0166205
-3.4301171	2.3048404
8.0696697	-7.0310588
1.9315032	7.5917057
-4.4995082	7.9225359
-16.2866470	-12.6367340
5.3910208	-16.5916120
-1.4703982	4.2726144
-15.4539560	9.1626235
0.4490562	4.5827396
-16.0883850	-16.0083510
13.1522120	10.0071820
5.3420509	2.1660373
1.6520900	-1.0582615
-2.1580026	-9.4155265
17.1671720	16.1734610
18.4318550	-10.4952870
15.7719290	-10.6038760
4.3796313	7.6283175
-15.8640660	14.9285340
-17.1761290	-12.6069770
0.3501597	-17.6907870
9.1211920	7.0330021
14.8818280	18.1876190
-9.2279266	-3.1535544
-12.9407940	-5.4331401
10.7657990	-7.2664721
11.2836350	9.9177183
14.1056110	18.0291980
1.6255598	-13.2387030
17.8116260	-3.9777117
-17.0168860	13.3813420
-17.0182390	12.4956820
-16.8071250	-3.3528710
-5.9014022	11.4537490
0.1653489	9.6055169
-7.6404119	17.0564350
-5.5372762	13.0652330
13.0821410	8.4078016
-11.4056920	17.2382120
-15.5499530	-6.0272224
-10.7265540	17.6302550
15.6422420	9.6371983
8.3393887	0.9957690
14.6595150	9.4031824
15.1802090	10.1434370
15.3112770	-12.3109680
-16.3424550	2.4689657
-3.6827503	15.6119570
17.0775510	-15.1333620
-4.9855985	16.7940790
-11.5137690	15.6111420
1.9347293	-12.5765270
18.3869090	-13.4048870
-0.1794435	-5.8429265
-1.8647278	-16.9909560
-4.8437631	-1.2534675
-3.8364453	3.4522700
8.1435949	-6.6254416
-9.7004949	-10.5299220
-1.0352624	1.6135149
18.3765070	8.2553682
-9.3384194	0.2479017
17.6794950	8.0061759
1.9556929	-16.6461350
-12.3896600	18.0387740
4.8291135	15.6499520
14.4665220	7.7706324
6.0858203	1.2961285
-5.8836422	11.3961450
-7.4211803	1.5644624
-8.3046838	-2.2120175
-8.9134157	6.6892443
3.4562165	-8.8287181
-11.6724340	-8.3106139
-16.4386060	8.8958766
4.7683273	-13.1784330
-15.6311710	-6.6252813
15.6350000	-17.4627300
-12.7152820	-10.6230430
-10.7467700	11.0675130
-7.2769159	-16.0071470
10.0025910	0.7251417
-13.8404440	-4.4145038
17.4335050	-7.6285189
-13.1122260	-4.4304769
14.7069000	4.4733399
7.3269387	15.4457860
-11.9385330	-3.9344847
7.3445313	0.7351910
-17.6985450	-15.7024540
-2.6758037	-11.7092200
-11.5204330	2.1668852
-2.4072137	4.1692501
11.1197210	12.6888240
17.8994830	-8.8953546
3.9197686	4.0416852
-6.8077009	1.2950807
-3.8521597	-17.1098420
8.3962255	-10.4517640
-13.7064390	-16.8698560
9.7629040	1.0583190
15.6010010	15.3603390
-2.8590001	-1.6900778
14.2793610	-0.9554730
-4.0925404	12.6837920
12.7089410	17.6020810
17.3201840	13.6885530
13.6975740	-12.3816860
10.8954850	-4.8540423
17.9048750	-8.4563878
-12.2078550	6.2990456
14.9726120	2.5029490
18.1167040	-5.6168789
-1.8368516	-8.5198837
-14.3042940	6.3564142
-17.5638270	-16.3350420
-10.3315970	9.1327023
-11.7324790	-10.8824280
17.5845690	-1.3771322
4.6987550	-17.4174200
-17.0976530	6.0869044
7.2687790	-6.2273636
17.7268520	9.0100979
15.9543080	-4.2810873
5.6267195	7.9640286
3.2131300	-12.1327310
5.0369053	-2.1774240
7.5393497	7.7250623
4.7692892	-7.3366895
-7.3181478	-6.3315634
3.3672666	-6.2161869
-9.9448528	-8.2734465
-3.5163310	14.6839490
2.7847134	11.1338780
-9.2939811	16.7730420
-2.4118055	10.4602310
12.9395980	-17.9478000
-1.0475228	-17.9659030
13.7636810	12.6151310
-2.9752552	14.8655280
13.5377850	10.6363520
11.4288960	13.7841430
-1.1814522	1.2580916
-17.3059690	-0.3682915
-11.9801050	4.3288654
-15.1951120	3.7162474
8.4991305	-3.4814141
11.7548810	2.5869777
-13.3307770	-10.7545310
1.0449130	7.2892033
11.1316790	4.2595735
7.2409305	-5.4922305
11.3743790	-5.0992656
13.0860220	17.0949380
-11.2445750	-17.6098610
-11.6779820	-10.3928010
-7.2928759	11.5354400
-13.4547560	5.5506019
4.1401769	1.2235840
10.6191770	10.5976690
-0.0167345	-12.9320100
14.7246990	10.4421070
-2.6136283	1.0904594
-11.1217390	-9.6960960
-12.4553100	-14.0689000
-17.4704570	15.4415150
11.6151080	-8.4548140
-14.3197020	-12.4890940
18.0314370	6.1417458
10.8304220	0.6681551
4.1420704	5.8633112
-3.7682472	-7.4912062
-1.8821727	6.2831785
-13.1977730	3.0338406
-10.9638640	4.2310865
17.3762280	1.0836008
15.3177420	13.5894570
-16.3361090	12.5803850
4.4050500	-6.1634969
11.5568870	4.4605718
14.1025200	-16.0105040
-4.2827602	15.7070320
17.2727610	10.3741780
7.7489377	17.9525070
17.0101480	9.4940775
-15.7026480	-5.9775560
-10.3374030	-15.2976230
-6.7597954	-17.8364900
-1.9887510	2.5240240
-8.4706906	15.7702690
-1.3377248	-15.2058450
6.2232949	16.7225610
2.9933836	8.3519080
2.4004181	13.3744490
-4.9244884	-10.3861990
-1.0360622	-15.3005240
-0.2733281	-12.4982810
1.2365013	3.1195359
6.0376142	0.4636393
-3.4660948	-16.8399910
-1.5271437	4.6523239
-5.1707008	-12.4357730
-4.2724656	1.8420692
-0.9407217	-6.6119352
-16.4437720	0.0475242
9.2149941	11.5149170
9.6221191	15.3022900
10.8604490	-11.6547590
-17.5543740	-4.4135692
3.1396898	3.0860841
-12.5471590	-10.2608200
0.3517866	10.0538070
-7.2820423	-14.2077240
13.9342850	-8.5147472
1.9539211	11.2989170
4.4433862	-8.3736807
-16.6360170	0.7632019
5.4414449	7.0123019
-9.4805212	2.4967056
-14.4082420	-1.0017274
-17.8486650	-14.0934000
-15.0974880	5.6163465
5.6645301	-0.7597872
-6.0214802	15.6945680
2.5844283	-10.0352110
16.1296490	17.3797630
-9.4400859	-5.1851030
-15.9198020	-17.4313590
2.2414671	-6.9908602
-14.8864850	14.9350480
12.5897580	-8.9191583
-1.7545929	-3.0677460
0.3367628	4.1998904
-12.4125440	10.6186140
-8.0535355	-14.2523260
1.1984935	14.0352750
1.1505062	15.3354860
16.9384390	-6.1037785
14.4022460	-10.3637930
11.8038430	8.5996132
1.0025969	-2.7065795
10.2499590	-17.9992890
9.8565212	-11.5649320
-14.8258610	5.5619159
0.9077535	-9.6500321
-13.7345270	-12.9864720
-10.7161690	-6.1052053
-17.9516080	-9.8507769
17.6347970	11.4417410
-2.4399253	9.0749916
10.0670270	3.3441637
-6.7731923	5.2165844
3.1246458	-0.9686986
-17.0552980	-17.9712180
-15.4780460	-7.2570030
-2.0098712	-13.4831980
-12.3492620	-7.6385914
0.1379157	1.2062126
-13.2550580	3.1207665
9.0225599	-9.8924638
-11.7066990	-9.6469968
-3.3183280	5.9821101
5.7051129	-11.8744740
3.4133944	-0.5946598
-4.0046805	-16.2139020
-4.4776829	7.3440975
14.4104370	0.9228259
-11.2179940	-16.0802330
-8.7244539	0.7113766
-6.3350210	16.9943610
-15.4082110	-17.7054240
5.8988816	9.7469030
1.3855159	15.6246580
8.7402462	-18.1083020
4.4326496	-0.4617468
15.1320020	-8.8128128
-0.5770341	12.6264260
16.1265740	9.2999002
12.7965800	-13.9183430
18.0460810	-17.2740970
3.3715429	-17.8121920
-0.3100121	7.1362273
5.3628085	-14.8408030
-15.5153190	-10.8178560
-2.8591203	10.6574930
5.9179837	-4.0668175
-5.0040299	16.7078670
-5.6541284	1.8550818
15.8106420	17.4144580
10.9958100	-2.4495176
-0.4027622	-3.5719176
12.4185630	-0.2559860
2.3697281	11.1812840
0.2114166	-9.8921435
-12.5256870	-5.9353545
-0.8781266	-0.5297824
9.6561323	9.5392181
-12.2851140	-8.5695552
-16.6886120	-6.8248450
2.3759612	-11.2554480
10.3674690	-5.5727691
-15.4655190	12.0396480
12.7876500	4.8933764
4.7020454	-5.5819839
18.1199940	-13.8267070
11.2832020	16.1808040
11.7405080	15.0869150
9.1272289	5.9460568
-10.4641410	-0.2024110
15.8706120	-2.5286660
12.9800680	-16.7269650
1.2717709	-7.0043246
-5.1668420	3.8830934
-8.0623504	2.1110867
-3.6089550	-14.6525810
-17.2985840	-15.1110870
-15.8287990	9.4126708
16.9237580	-13.6281280
6.1039293	5.0295096
-17.7768120	-2.5286461
-1.6964672	17.7816630
-15.8255820	0.1946075
-2.6468834	3.1633681
14.7283230	-4.2419411
-3.9549616	8.1223056
16.4629610	3.1945022
0.4901680	-9.9352179
-7.5700119	2.5376290
6.2000249	-8.5348410
7.3541754	2.3948146
-16.8442700	3.9238656
12.7061650	-10.4237450
-9.5964301	-12.6397130
-7.1496668	-11.8433270
2.2930749	6.9519025
15.7258960	6.6115421
-9.8438879	6.3909390
10.7244260	17.1957090
17.4565470	-6.6136059
-8.3539278	-13.7313200
-1.3905922	14.0287440
4.5525311	18.1731330
-2.1843816	14.6517790
-5.9968419	-2.9208928
-2.8730254	7.0637402
-4.9887861	-12.6468770
-8.9213164	10.6875360
13.6472670	1.3534479
-2.3223870	12.1240010
6.0855223	-7.2981380
3.5332011	-17.9798620
-5.3208981	8.2292614
2.3316476	-10.0654140
-0.2185564	10.5044150
-3.4649599	-14.8893090
-12.7869490	-17.1359110
7.7854540	10.7888950
14.4250190	13.6597550
-5.4089384	6.6771668
11.0640400	-9.2523153
5.8443591	-11.2669440
0.3390271	6.6531170
-7.3291333	8.0887419
-6.2674668	-18.0562210
-11.7090720	-4.8308958
-12.7575400	-2.8197937
-3.3525966	-14.2963270
14.8873330	9.9521710
-3.3982751	-13.9605110
1.1026269	-8.6591343
-6.2054237	2.6772212
-16.9441140	-1.6624467
16.6324060	-8.4003826
-17.6613770	-3.8544531
5.4724044	-15.7460660
4.8110166	0.0544120
8.9307953	-6.8348382
12.1875260	8.0514013
-17.9723160	-15.5389990
5.9014429	9.9132895
9.2767404	5.6418833
5.8214996	0.6593419
10.1838250	-8.6341252
-17.0018470	-9.6417597
18.2215520	17.6535780
2.2993008	15.4811050
7.4274043	-4.0639285
-11.6185650	-13.9988220
6.0260967	12.7397980
-8.4187868	-16.5915730
5.8811994	-0.9028978
-14.5303540	-7.5218363
17.9445100	-13.5318990
14.5210100	-10.0525030
13.0579600	7.2335377
-14.9719790	5.1131980
15.3264590	-13.8476300
-14.6443480	8.9016619
-8.5148881	2.8053295
-2.4987391	-2.5636499
-4.8358110	-10.5231650
1.6413529	6.4232758
-6.0553696	6.2285960
-7.7108369	17.0704520
-10.9364530	6.4785209
10.4818050	13.4672350
-9.1749598	-5.1014293
-10.5991810	-1.3382717
-10.0913380	13.5602270
1.7128807	10.8076910
-1.2070664	-9.0285781
-13.4346760	-1.8094547
2.4067084	11.1302010
7.0696868	-7.9372997
-12.0084280	6.3595277
-0.6797842	-11.2308200
-1.3546579	11.1435980
10.5354500	13.6669070
-17.0917290	-16.6946270
-11.2750550	-7.9991057
8.1791598	12.4797080
11.5859820	14.5546500
16.5440440	14.4112420
-5.7861377	1.5491675
-11.9364430	1.3296984
-4.4975008	-4.2472661
-10.5529270	11.0961760
17.6538250	7.4352411
-0.1097073	6.6076791
-5.0280340	5.8236706
-15.7255100	9.9953242
2.6166558	17.9304690
11.5508610	18.0272100
8.9321452	-14.6036850
3.3372323	17.9693090
-16.5235850	-5.8762181
13.1369510	1.5188803
9.5154996	15.9680210
-2.1462387	11.9318910
-14.7206830	-4.7204158
10.1008050	-10.5084770
-17.7347290	-15.2391510
-3.1129207	5.3453851
5.6663893	12.5453030
-6.4575930	-9.6466646
4.1290134	1.2908132
-17.3838870	9.3204677
6.2432936	7.1357726
-1.0034861	13.2644010
-4.2395623	9.7367569
8.9845967	-2.6119424
-17.0795460	2.3716909
-9.9110073	-9.7703097
4.1984352	-7.8040465
0.8895610	-0.6603906
-9.4959653	10.4615700
-9.7956250	11.8423730
-15.1291780	10.2398630
9.1378764	-10.3972950
14.0843450	-11.5404690
