jMRUI Data Textfile

Filename: dataset8_nWS.txt

PointsInDataset: 2048      
DatasetsInFile: 1         
SamplingInterval: 2.5E-1    
ZeroOrderPhase: 0E0       
BeginTime: 0E0       
TransmitterFrequency: 1.2322E8  
MagneticField: 2.9E0     
TypeOfNucleus: 0E0       
NameOfPatient: dataset8_nWS
DateOfExperiment: 
Spectrometer: 
AdditionalInfo: dataset8_nWS
SignalNames: dataset8_nWS.txt;


Signal and FFT
sig(real)	sig(imag)	fft(real)	fft(imag)
Signal 1 out of 1 in file
49928.5850000	-10.9514290
49702.4870000	6.2933061
49451.4770000	-2.0441539
49240.1950000	11.4568050
49009.1040000	6.4196021
48775.2690000	-4.6285392
48539.6760000	-7.6986770
48321.8520000	3.1297389
48082.0670000	6.9088807
47869.2100000	2.0090711
47630.4860000	-8.7480348
47413.4720000	9.0801353
47183.8230000	9.1535107
46955.1200000	10.4500290
46754.9580000	11.4090440
46525.7500000	5.8902647
46305.8880000	-3.7163730
46096.7850000	-0.9191725
45860.0170000	-11.1358040
45657.1610000	0.9081246
45440.3360000	-7.5383022
45226.0480000	7.2645741
45019.0870000	-8.0274717
44800.6670000	3.2692607
44591.9620000	2.8252284
44388.1280000	-4.2891449
44167.3010000	-2.9707663
43958.8730000	8.8236103
43755.0930000	6.9467196
43544.3980000	2.6648212
43360.1730000	-5.5062994
43152.3870000	-10.2744560
42932.4420000	-4.6033854
42745.8340000	8.3981209
42537.3970000	-0.2720624
42332.6220000	-1.4232472
42137.8080000	-4.6902528
41946.6660000	5.9714911
41747.9480000	6.2387245
41558.1170000	6.2053019
41345.9980000	7.8904341
41169.8270000	1.0533765
40959.5720000	-8.0167724
40770.6950000	2.1637611
40584.3790000	9.2825373
40382.7460000	4.3351944
40196.7050000	-2.7562494
40012.9370000	6.9300847
39822.0970000	-6.6791214
39625.3140000	9.8910889
39439.6160000	9.3447173
39275.0990000	3.0246611
39089.3000000	9.1073970
38889.3390000	-9.2256831
38704.2620000	3.2485433
38519.5800000	-7.0472706
38340.3460000	3.1026863
38161.9130000	0.9006228
37983.8910000	-5.7916882
37816.7740000	5.6511786
37640.8870000	-9.7458856
37466.1180000	-9.1854655
37269.3390000	-8.0715615
37116.6640000	0.2486682
36933.8680000	-0.4864537
36754.7200000	8.2043758
36589.4930000	3.0081283
36420.9490000	3.9322483
36235.5620000	-1.5202094
36062.6610000	11.5857500
35901.9510000	0.2019793
35724.9900000	5.6648067
35557.9180000	7.3195233
35402.3010000	-3.7959612
35237.3800000	11.4262540
35057.0630000	-6.7013914
34899.5080000	2.4604725
34737.6090000	-3.0246750
34567.8500000	-9.3630505
34403.5340000	10.4547070
34253.1250000	9.6172132
34096.1950000	-8.6263139
33927.9890000	4.5674365
33777.5640000	-10.2646530
33616.4090000	0.8290692
33452.7700000	-2.8589489
33286.4980000	10.8914590
33136.8960000	-4.6164657
32980.8660000	1.8184445
32834.1120000	-11.5164330
32680.8550000	-9.5433221
32514.6060000	1.5440650
32363.0260000	8.4454997
32207.1150000	8.1504948
32072.1890000	6.1296283
31902.1380000	6.8405206
31771.8940000	3.1936102
31617.1830000	4.9500191
31452.8060000	9.2986407
31308.8530000	0.7764268
31169.6170000	-9.3708937
31014.7720000	-6.8540432
30868.3230000	-8.5743392
30719.5270000	2.5294815
30576.8520000	-2.4642138
30449.7230000	-6.4471124
30297.9860000	7.0608898
30153.0360000	-2.8683347
30006.9360000	4.1678090
29882.6620000	4.9190943
29736.9350000	4.6394999
29596.7840000	-8.4418368
29446.2190000	0.5516597
29306.0770000	-1.4389388
29189.9330000	9.5642702
29032.5250000	-9.2260052
28907.4660000	-8.1486706
28764.6450000	11.1125480
28639.0210000	2.5605882
28487.7530000	-9.1413510
28361.9390000	-10.5665670
28221.2920000	9.1966492
28088.1040000	-7.6543504
27960.8790000	-0.3497766
27824.1800000	7.2478306
27699.1930000	-9.8341390
27562.9620000	6.5236441
27452.9370000	-8.3662339
27309.4570000	-6.4152339
27187.5760000	-6.5834106
27058.4240000	-8.1673311
26935.5210000	-0.4440999
26803.1270000	-8.1778735
26675.4420000	4.9901657
26543.3620000	2.3945481
26428.9660000	6.9649838
26312.2770000	-5.8900738
26178.1550000	10.3429360
26066.7900000	4.9271320
25924.6920000	-6.3390212
25813.2350000	-1.7627724
25689.5300000	11.3849130
25572.2580000	-9.9640944
25460.0950000	-11.2353760
25325.7170000	7.9822815
25219.6230000	10.5286190
25093.5850000	-2.2299108
24985.3950000	8.7677573
24855.4600000	-5.2474105
24737.6790000	-6.3331190
24622.7900000	-0.8206851
24499.4270000	-0.8409803
24385.3090000	-10.7665260
24279.6330000	-2.7081756
24167.9080000	-4.0400026
24042.1210000	4.5187363
23932.1010000	5.6840208
23831.3600000	10.7177520
23711.4320000	-10.9271300
23606.3050000	11.4544240
23497.9380000	-6.3893312
23386.4190000	11.3190480
23261.4890000	10.9158480
23152.0110000	-6.6784202
23057.2490000	4.6002214
22942.7310000	-6.8816222
22826.9830000	6.3700690
22725.0450000	5.7764520
22634.2860000	-9.2270187
22516.3910000	11.6127180
22416.9510000	-10.9914590
22300.4080000	-3.4697944
22191.8100000	-4.4861648
22101.6610000	4.9635449
21981.7950000	-8.5458301
21884.0860000	4.7856271
21797.4340000	-5.8748455
21675.5720000	9.8160462
21582.2890000	-4.8212255
21483.6590000	-6.6725292
21390.0710000	2.1300013
21276.5450000	-8.7195014
21170.7440000	3.8521849
21079.8750000	-2.1383968
20980.9430000	9.3291208
20885.8900000	10.8360700
20780.4720000	5.4790201
20676.0330000	-9.1509536
20594.0700000	9.5600313
20485.2270000	-7.2493024
20395.8880000	-10.0193070
20294.3900000	2.8878416
20215.3170000	-10.4733150
20113.4750000	4.5619290
20022.2550000	-6.6235445
19929.6790000	-8.5454437
19828.2110000	-5.1100214
19739.4630000	11.6201270
19649.8410000	-8.5380917
19542.7470000	-11.1946790
19448.9510000	6.4740868
19373.1170000	-1.9455687
19284.4760000	-5.5621100
19190.6360000	2.1469801
19084.6340000	6.6354226
19010.6870000	10.8254570
18903.7750000	-7.5081243
18822.0930000	-1.3959006
18742.6400000	-7.9849530
18651.2620000	-4.0996673
18559.9420000	-1.3870116
18464.0520000	-0.4442099
18385.5670000	6.9763502
18303.3240000	11.4584290
18209.6220000	-6.7739735
18138.0690000	9.2325276
18040.6510000	-2.4707960
17947.0160000	-2.0394565
17885.2920000	-3.8000409
17783.4520000	-8.6984574
17710.5510000	-2.4873022
17616.1100000	-8.6927364
17544.6260000	10.5766500
17459.6490000	3.9185310
17364.3150000	-4.2428281
17302.2000000	2.6087835
17221.6700000	4.5425034
17132.0190000	9.7332009
17056.8310000	-2.3023163
16969.6940000	-6.0173975
16879.9290000	-4.5804767
16802.3600000	2.0052115
16737.2000000	-2.5557846
16661.5260000	-10.1805950
16573.5410000	-6.8575413
16488.1850000	-4.3203692
16416.7700000	-10.4848840
16338.6830000	-10.8724170
16266.8450000	4.2334802
16195.2940000	-2.5869405
16116.0430000	3.4262731
16032.1770000	-7.0609169
15951.2720000	-0.8390367
15888.5000000	-9.5339369
15815.3560000	-9.1466027
15727.2330000	0.8244495
15663.5310000	-8.4616831
15588.6730000	5.9740217
15521.9360000	-7.7926601
15433.8770000	9.3950434
15361.5760000	6.7688672
15300.2900000	-7.4979665
15229.7930000	-9.0328320
15145.7340000	1.8230372
15081.4360000	5.0937842
15020.3480000	8.9612795
14953.7220000	-3.2247374
14871.0650000	-2.1343822
14808.2990000	-10.8462420
14729.4050000	-11.5888860
14659.7860000	3.8211722
14594.9570000	4.7086153
14525.6540000	-2.2439098
14459.0820000	-10.4167520
14398.0460000	2.4456524
14334.5610000	6.9348440
14251.0680000	10.9767720
14177.9400000	-7.9835150
14127.5210000	11.6784950
14063.7380000	3.0442451
13978.4180000	4.5518626
13925.9210000	3.1285816
13858.0830000	-2.3663120
13801.4870000	-11.0914750
13733.5220000	-0.5113109
13659.5350000	-3.8901679
13598.7700000	-11.2665630
13538.9130000	-2.6546460
13465.2580000	8.7385145
13418.5840000	-4.0927976
13337.9430000	2.7120126
13290.3960000	-8.9002222
13219.4430000	10.5474170
13160.1380000	-9.2414740
13106.0510000	9.6385891
13043.2380000	2.1376781
12965.0500000	1.8845596
12914.1140000	2.1773740
12841.1160000	9.4117156
12801.2150000	8.2815427
12726.4130000	-8.5864660
12675.4610000	-6.0437600
12620.7520000	-10.3494470
12555.4250000	5.5116022
12486.7800000	-7.4419547
12427.6320000	4.8006878
12378.8720000	8.0739590
12316.9850000	-7.2152684
12261.4230000	-9.8911114
12208.4000000	9.8528478
12134.7240000	1.9191271
12089.9370000	-8.5991070
12020.3520000	-6.2645534
11966.1800000	-8.9272281
11913.0940000	4.9459415
11852.4900000	-0.5539032
11813.5950000	9.6223720
11761.5510000	6.7151886
11693.9220000	-7.5192091
11645.7150000	-1.2397310
11578.2640000	7.6260575
11534.1770000	10.0433840
11474.7950000	-0.8527507
11425.6010000	7.8872122
11365.1940000	4.5358046
11318.8020000	3.9951552
11266.2800000	-4.1832799
11217.3420000	11.1520590
11161.3220000	-1.6026845
11102.5530000	-10.5688450
11056.4530000	-5.1465516
10999.0350000	-3.9905310
10957.6730000	2.6235782
10886.4770000	6.5426992
10856.5070000	9.2875920
10799.3390000	1.4965580
10753.7880000	7.0046205
10694.4150000	-6.8050103
10640.8730000	-7.7600023
10582.8170000	4.7868238
10537.7670000	-11.2356540
10496.4570000	3.9584304
10444.6450000	-7.4355882
10385.2050000	10.1235740
10344.1020000	-0.7456354
10298.7080000	5.8126135
10242.7070000	-6.5056592
10209.5100000	-9.9546213
10152.8830000	-3.3059650
10114.9010000	7.2240548
10066.8050000	0.4556092
10001.5730000	-2.1746320
9960.2391000	0.0730687
9927.6660000	-4.8741320
9882.0329000	-11.2558710
9827.5086000	-6.2203750
9784.6843000	-0.2937310
9741.9875000	-4.8456073
9680.0785000	9.1760483
9651.2160000	1.5247710
9588.2927000	8.7326009
9545.9779000	-11.3356600
9496.6442000	-1.4015559
9470.1686000	-6.8592387
9417.6926000	9.4568255
9362.1438000	-4.7146686
9336.7016000	-3.3980134
9286.6647000	5.9569738
9230.9516000	-0.4398282
9208.7783000	0.7362431
9146.8013000	-1.2845298
9101.1285000	-9.2204904
9078.1572000	-8.5938984
9031.2808000	5.9038554
8988.7080000	11.5995070
8946.3681000	7.8234904
8890.1756000	1.5099912
8855.4089000	-3.1627270
8812.9686000	9.7148704
8775.8531000	8.9750355
8736.5767000	3.3170433
8681.5834000	2.1935656
8652.8188000	8.0471858
8605.9268000	2.0941088
8574.9183000	-10.4389530
8537.2443000	1.5246812
8497.3236000	7.1084586
8441.1035000	3.8197699
8403.3887000	6.3006801
8362.2933000	-1.3021765
8327.9788000	11.1104430
8287.0799000	-10.0306600
8262.4826000	6.5650804
8217.0026000	-10.5912440
8174.6362000	6.1121858
8127.1810000	2.2128388
8094.0027000	8.2218653
8055.5849000	-8.9271348
8012.4408000	-4.1623955
7974.1720000	-5.8292695
7936.9659000	-2.6401839
7909.5201000	1.0577991
7860.9776000	8.6496659
7830.7045000	-9.5670212
7810.1338000	-8.0914881
7769.5049000	7.7295109
7733.4892000	-1.4130758
7694.1306000	-4.5278339
7645.4014000	-10.9432990
7605.4738000	-4.6681445
7592.6784000	11.0539380
7539.6002000	9.4447302
7501.5566000	-0.6964119
7473.3055000	-4.8258645
7436.6473000	-10.0007530
7410.1578000	0.9666068
7375.7722000	-8.0622339
7346.3356000	4.9419141
7305.3382000	1.6988755
7272.8393000	0.6194705
7222.1740000	5.6522796
7188.6118000	3.2023034
7156.5397000	-5.8432715
7132.1413000	-6.1259883
7100.1838000	-10.6772240
7073.2003000	-0.0182945
7036.9111000	-10.0723540
7003.8866000	-2.2306320
6965.9757000	2.2069370
6941.0916000	3.7100750
6898.9971000	-0.4882008
6871.5956000	1.7999284
6823.2282000	3.2605198
6804.8099000	-4.0727839
6782.2349000	2.9259969
6736.7100000	-3.9733490
6717.6180000	4.2890456
6682.6416000	10.6864500
6642.5130000	6.3188505
6619.8559000	-4.7602467
6591.2112000	3.7623839
6551.8241000	-3.7185309
6531.3636000	-7.0089415
6478.6862000	4.0235891
6459.6662000	-10.4145420
6417.7270000	0.1688093
6408.1659000	2.3009106
6368.1357000	-1.4168386
6333.4142000	-7.2494443
6315.5505000	4.9168512
6284.6378000	-8.6244438
6259.0055000	5.2213063
6231.2214000	10.5806390
6189.7859000	7.3326615
6158.1537000	6.7221983
6132.9729000	0.8834200
6100.4638000	-10.7241430
6078.6487000	5.6626000
6056.8808000	1.0081237
6029.7609000	9.5018215
5990.6961000	9.4596650
5958.6340000	8.2033470
5939.8575000	7.7665180
5899.2962000	-7.9512877
5877.5888000	-3.2296139
5856.0187000	-10.4174570
5826.2399000	-1.1404704
5802.2488000	2.2068814
5760.5461000	10.2019260
5739.5682000	0.0124540
5717.6836000	9.6929934
5678.0440000	-9.7771041
5665.6133000	-0.1980519
5631.5116000	8.5846257
5601.8881000	6.1014993
5590.6119000	5.3236803
5549.1035000	-0.1433698
5532.4843000	-6.8375573
5506.5149000	-3.7178816
5480.5344000	-0.7025527
5453.1684000	11.0143820
5422.0111000	9.9405763
5410.4833000	-9.8260990
5369.5485000	-9.4923242
5351.3389000	6.9475758
5335.1753000	10.7036220
5302.1953000	-1.7667239
5279.3305000	3.5747571
5255.9849000	-2.8505706
5226.3789000	-2.2543076
5202.0217000	1.8513386
5178.9052000	-3.6073773
5156.0636000	7.2405996
5135.4656000	-11.6542120
5103.4245000	2.0063691
5081.8893000	2.4906201
5047.1218000	-4.6084257
5022.4181000	-3.1771810
5018.7109000	2.8897166
4993.4559000	-1.5437006
4954.8231000	-10.7866750
4939.6473000	8.2713645
4920.9299000	4.2912525
4894.6529000	4.4627800
4863.9704000	-10.3010480
4836.5796000	4.4928828
4819.9168000	11.3323780
4793.9287000	-1.9015185
4788.4544000	0.2214560
4745.4720000	3.5409508
4725.4392000	-5.6611543
4706.1297000	-9.6544096
4679.0358000	-10.7293890
4671.9053000	8.1652537
4654.9609000	1.3348323
4624.8524000	0.7328813
4608.0531000	-9.4796125
4568.7813000	-10.7084790
4552.3832000	-10.9558890
4545.7014000	0.3694215
4521.1011000	-7.7090252
4491.2621000	2.9600829
4474.0056000	1.8760867
4448.0011000	3.3997053
4436.3340000	-9.8140119
4402.8011000	6.6267443
4393.8284000	-5.6522582
4378.1594000	3.8931482
4338.6481000	-6.6047737
4331.0053000	0.6736391
4300.6537000	-10.4814060
4295.3950000	8.2215409
4258.6804000	-3.1968606
4244.9529000	6.7497697
4219.9660000	0.8977469
4212.1393000	-3.6535513
4190.1443000	-9.8570850
4168.2757000	6.7695653
4147.9897000	7.9226055
4133.8262000	-2.7422139
4098.5109000	-6.6487297
4077.7306000	1.7149822
4077.2835000	-10.3202770
4053.1152000	-5.3707996
4036.5557000	1.4874795
4015.1742000	-10.1754060
3992.8945000	-4.3103442
3964.5492000	-5.3429665
3954.9955000	2.5748405
3945.4567000	10.5163850
3921.6081000	1.8480571
3895.9661000	4.2975251
3891.1006000	4.4474829
3869.3086000	-8.2618277
3846.8832000	1.7270872
3826.7703000	7.5751640
3808.8666000	-8.0696546
3793.0038000	-6.0870682
3766.0769000	-5.6588323
3767.7404000	-1.5236913
3741.6444000	5.2154399
3723.0803000	-11.4637190
3697.9759000	11.7420190
3691.4864000	8.9568581
3663.2369000	-2.1394460
3641.9210000	4.4717509
3641.6116000	10.6733060
3617.6057000	11.7622890
3589.2323000	-6.1875810
3594.4906000	4.9899810
3568.4232000	11.6478460
3561.7097000	2.2110212
3539.1770000	-0.8964754
3523.4858000	5.7085922
3503.1978000	1.8121203
3479.4158000	-5.1109875
3458.8600000	7.4881433
3446.3279000	10.9149470
3436.6709000	9.9972810
3424.5329000	3.3445058
3396.6933000	11.4999190
3395.2547000	-7.3674899
3367.8278000	-0.3472803
3362.8270000	5.9816023
3347.3222000	0.0527677
3321.8144000	0.4513279
3307.7763000	4.2200868
3299.8615000	-2.5087293
3272.9235000	6.2187356
3257.0430000	-11.1652480
3240.8065000	1.6621083
3240.9382000	2.5119875
3210.8052000	0.1123143
3188.9586000	10.6236040
3194.6346000	-2.2671169
3180.8884000	9.7969820
3165.9990000	-3.6129173
3145.1099000	-0.1127734
3116.2481000	-3.5785164
3120.9879000	5.2713583
3106.1936000	-6.1374606
3076.1339000	10.4534050
3071.3120000	7.3084719
3051.9199000	6.0415848
3046.4500000	1.6397349
3030.8996000	-8.7183781
3017.5530000	4.0273326
2986.7723000	7.1293800
2977.9657000	5.6628217
2968.5685000	-0.3785247
2945.5215000	-9.2562940
2939.4475000	10.5883070
2926.4371000	-4.5407194
2919.1938000	-2.0330729
2894.3740000	-9.3216305
2894.6677000	5.8398956
2865.6562000	-1.5919924
2866.1096000	-5.1090422
2846.4049000	4.0495704
2834.3587000	-2.4251779
2808.2739000	3.0443301
2806.8994000	-0.4489620
2787.0894000	-6.2073015
2767.3120000	0.3215007
2755.4367000	-7.1711588
2744.0450000	8.3488013
2749.6855000	4.7356997
2717.7344000	-5.1665475
2715.6597000	-0.6831456
2709.1962000	3.1522839
2685.8056000	-6.1854381
2664.6374000	-4.6039111
2666.6474000	-9.1305999
2645.8480000	0.5784010
2636.9987000	-3.3308467
2630.7264000	1.2678719
2623.2784000	4.9652172
2610.1867000	-5.5732686
2598.5574000	1.3140954
2584.2292000	4.4711350
2565.9659000	-5.0719395
2549.8833000	4.6635683
2530.1092000	-11.7134170
2533.6253000	4.7575086
2514.4203000	-3.4179964
2508.9561000	6.1546012
2481.5540000	-4.7710475
2481.7174000	-2.7632090
2461.2838000	11.4367940
2465.7311000	8.1882684
2440.8201000	-4.5311056
2430.5907000	8.4023986
2418.2666000	-8.6108987
2413.9564000	-8.2176795
2399.7465000	-10.8591540
2383.3413000	2.0625753
2383.8769000	9.2605800
2357.9789000	8.0988307
2367.7676000	-10.4536430
2339.9678000	-5.7715578
2343.7326000	-7.1315886
2325.7862000	-2.7885093
2308.4725000	10.8201190
2308.3851000	-7.0491317
2284.8010000	-8.6434178
2272.9690000	-6.3323808
2276.8832000	-8.4665317
2247.1792000	10.5870620
2259.2579000	6.3784259
2240.1220000	6.0361394
2227.9772000	-11.6695520
2216.0307000	-10.6136990
2209.1070000	8.6692634
2195.7705000	0.1683715
2187.0784000	9.1342693
2172.5807000	-10.1305360
2171.9590000	4.4693223
2154.8391000	-8.9473808
2143.9263000	-2.4692231
2142.8888000	10.0078420
2113.5344000	-10.0330900
2119.4619000	10.3664660
2114.1183000	9.8048950
2090.6283000	-8.4875431
2076.9326000	-6.2493002
2080.0777000	-0.4552346
2073.3263000	6.1588949
2050.4071000	-6.0559814
2054.2924000	9.7976985
2036.9793000	9.6885018
2021.3075000	5.5636297
2015.4292000	-8.5432516
1998.8284000	6.2479469
1997.8972000	1.5373717
1981.0510000	5.7832101
1990.6278000	5.2813009
1960.6394000	11.5691770
1955.6323000	3.8843489
1950.6541000	-9.6424576
1934.4779000	-8.8608289
1922.9320000	-5.1882582
1929.5860000	-4.8653409
1922.1776000	-1.3276985
1905.3278000	2.9586269
1886.4377000	-3.1456336
1890.5886000	-4.9286742
1883.1013000	2.9788684
1876.4702000	-1.0834369
1868.8387000	-10.7073960
1848.5066000	4.3661960
1836.5641000	-11.5190260
1840.0361000	-4.4223589
1833.3985000	-0.4217705
1806.8708000	1.1245188
1807.9500000	-7.0019191
1792.5227000	4.3389401
1794.6596000	9.4930402
1777.3572000	-2.4318780
1784.5597000	-3.5885867
1771.7476000	-11.1267720
1769.6213000	-4.7027414
1744.3329000	-2.7056223
1749.9633000	1.1029691
1728.4286000	-9.8876346
1738.0624000	-2.9389250
1707.8021000	9.7363237
1702.0982000	10.1477400
1693.7642000	9.9032429
1703.0005000	-3.1881157
1680.6265000	9.1991149
1676.4235000	-6.8650180
1659.3193000	-2.4378000
1663.8453000	8.6677932
1664.2294000	-5.1696297
1648.4195000	6.9938748
1628.5938000	7.8039505
1638.7018000	8.6639541
1612.0998000	-8.4028087
1620.8021000	5.4041743
1616.5553000	-4.7164506
1603.5577000	-4.4304620
1588.6573000	-11.6775600
1590.5060000	3.2421292
1583.0160000	-1.9356748
1562.8048000	5.7124071
1562.2498000	-10.6931830
1549.4294000	10.0230320
1538.3440000	1.9437615
1542.9242000	10.6616770
1523.3001000	-3.2641442
1524.0283000	-11.1357240
1525.2466000	9.4372745
1520.4851000	-1.9564099
1513.6619000	-4.0081146
1509.6551000	4.6746088
1486.2548000	-10.8187610
1477.7692000	-2.2374116
1481.3483000	2.7371675
1474.0266000	-1.2680964
1463.4249000	-7.7272461
1448.5261000	0.5876304
1448.5508000	4.9000158
1449.8196000	5.0152345
1435.2184000	-4.8333080
1436.0323000	-1.1749967
1414.8647000	2.3002275
1419.0547000	-9.4195833
1400.4588000	9.7240111
1413.4493000	-6.6733939
1401.8194000	-3.9748946
1399.6843000	4.7730833
1380.9482000	8.7869661
1386.0253000	-2.5975810
1368.4921000	10.0893860
1374.8983000	-2.4166090
1359.0073000	-4.2100772
1359.0689000	3.5260855
1339.9086000	-5.1027362
1342.8292000	-0.7326274
1326.4584000	7.4945489
1329.4731000	8.1474276
1321.5276000	-2.0168445
1320.2479000	-8.3032645
1308.6605000	-8.4304353
1309.9916000	-7.5204303
1298.8709000	-6.7606656
1294.1486000	-2.4317027
1280.2474000	-6.7325075
1287.5636000	11.7556870
1270.6396000	-11.0354360
1265.7184000	0.9594269
1266.8324000	-11.0030850
1253.7034000	-5.7713403
1254.0416000	8.3669369
1249.5301000	3.7993480
1244.0591000	8.7479855
1236.1835000	4.5238069
1216.2963000	-9.2231532
1210.7311000	-6.6281747
1210.0678000	-10.0080640
1195.0941000	8.4968941
1205.4035000	-6.9919451
1206.8502000	11.5035250
1190.4498000	0.7256935
1175.1149000	2.6092783
1170.3520000	-8.3537789
1166.3517000	-3.5215462
1170.1943000	10.2643170
1173.1795000	-11.4246900
1163.9923000	-5.7087916
1161.6531000	5.6601688
1154.6526000	-7.9063817
1141.9904000	9.4126577
1140.9945000	2.4038802
1136.4036000	-11.2732440
1127.8437000	3.5839428
1124.6932000	3.3837820
1112.0748000	1.0320831
1103.6443000	0.6291268
1113.1636000	1.0344339
1109.4250000	1.4354653
1088.6072000	-8.0230177
1087.9073000	-3.3039133
1075.3660000	7.7153885
1084.3897000	11.6453620
1078.3159000	-2.3651976
1061.3608000	-8.5177589
1066.4563000	9.9866895
1056.2059000	-2.7141638
1059.6489000	-3.4160826
1038.2974000	6.9384002
1039.5032000	-7.7523644
1027.1541000	2.6977487
1043.6702000	5.8632677
1033.3105000	0.5885788
1012.1741000	11.3313200
1010.4690000	-2.4742469
1008.6286000	-11.7118810
998.9372300	1.5841724
1014.2881000	-4.0488247
1006.9630000	8.4442260
998.4586800	7.8943949
998.0609800	-1.2309087
991.4584200	-4.6340880
969.1904800	6.9746536
983.0311600	-5.9994186
971.8807800	-1.5919979
960.8550900	-9.0850880
955.4931500	7.5917149
959.1286000	0.0800156
943.1698400	6.0381475
950.2712400	8.8423294
955.9008400	-7.3912681
946.1988200	1.1850200
935.1336000	3.5000076
933.5278000	5.3013473
917.1279200	-3.9557085
928.4665700	0.7562304
919.5901300	-11.1268150
913.1513700	1.1293186
913.7674100	5.0995965
895.6609900	11.3042930
900.6309100	4.2262500
894.9709600	6.8977834
891.8640000	10.7153480
888.6932100	-4.4178500
882.3131500	4.9445719
890.0973200	-11.4716710
871.4895900	4.6181224
864.9397400	2.9981791
878.6161800	9.5234288
864.7830000	-5.1892050
868.1349600	10.6175580
856.8844200	6.4772689
859.3042800	-0.4755412
839.8750100	3.9621387
854.8937900	-0.7208282
845.5538800	1.6006553
846.7210700	5.8099892
840.0370100	-8.6617814
832.7605500	-9.8952516
817.1950200	-5.0123943
827.1169300	-7.9606382
825.7390000	9.3861918
822.8445700	6.0444410
808.4973800	5.1990430
810.7476000	11.5978770
793.8635300	-9.0372694
790.2969900	1.4525648
801.0837200	10.5094800
778.6550100	8.8671675
791.0257500	6.7248038
783.1040100	5.6932950
789.3279400	-10.2104900
778.1323900	-0.3907091
770.7147000	9.5426742
767.2803100	2.0850330
753.0918000	1.7304312
764.9065700	7.2409934
767.6825700	-5.5688427
753.5973600	2.7008767
761.4627200	10.4644980
745.2590000	2.3872635
735.7796500	-1.9907165
747.1028700	-0.3079247
745.0562500	-0.2375756
728.0681300	9.7789651
738.2642800	10.7569160
727.7168000	-7.2793148
731.2833000	-0.0217499
730.0795500	2.2182431
716.0670100	-11.3449430
707.6113400	-10.7429100
702.2134900	6.6820957
715.0993900	1.3461731
713.2121700	-1.5986081
701.9435600	-4.0181155
688.5596000	-0.7530089
685.1584900	11.6698630
688.1568200	3.0437412
691.9923500	2.0416561
674.4763300	-1.9200054
679.6970200	8.4509187
672.7021600	1.4382223
682.4185300	3.6816647
679.7128400	-4.6097453
658.3587500	1.1235808
658.1747700	-4.0059728
654.3705400	11.5880810
659.7118900	11.2942140
644.1294200	2.2801953
641.0449400	7.6647804
642.6782500	10.0652320
647.4041800	10.8276200
639.6410300	-5.1294211
643.8607300	7.3950812
633.3596500	-5.7339149
641.6475100	-9.3448312
633.8162100	-10.1696670
630.2469900	-2.7456564
633.3319800	-6.3472275
622.5941000	-0.0379482
609.5736700	0.1217780
610.6782500	0.5826061
617.7393300	-9.9802532
618.4691400	4.9847706
603.7891800	9.1017777
606.1926800	4.7673871
594.4800900	-1.9776351
609.0176500	-6.1192256
601.8883900	-9.5324776
587.4004800	1.2224467
587.4746200	-5.5066268
590.3694300	-2.0825137
585.8965300	-0.4969431
575.9835400	-9.0923346
584.7728200	7.2706008
579.5493500	-6.4844223
583.9547100	-0.5359869
568.0555900	-11.5079710
573.6627600	9.0185189
567.3218700	-2.9301979
560.9079600	-8.5249244
554.2974200	10.0452170
549.7085200	-1.8210980
559.3850900	-3.8268453
559.1079700	-0.4821447
553.5050500	3.5460046
538.5451800	-0.8077501
555.0493000	3.8536619
548.3831400	-5.7876267
550.6544500	-9.0267637
543.2998400	-6.7007010
538.8679300	7.1404151
533.6167000	11.0385710
522.9074800	-1.8504205
523.1277400	11.1954970
529.3251700	8.8981220
527.0827600	6.6177607
528.8302300	3.1683560
509.5786800	2.7913006
523.0197800	3.0848111
512.8093300	-5.7191188
505.6045700	-9.7657863
506.2191000	-3.1591288
493.1796100	-3.3953166
511.5814300	10.3673160
505.3089700	5.6124505
487.7112700	-9.7685744
486.9112200	1.8161092
497.9640000	-6.1329535
487.1978100	-8.1901428
481.2007200	-10.7310480
490.2806400	-8.3903990
493.7967100	3.8851545
472.3070200	8.8918170
484.2996000	-1.5749764
470.4101600	7.2871904
471.9116500	3.6777081
481.2175500	0.5569197
476.0537700	9.8677991
459.3067000	-7.8986802
469.4250400	0.0014503
465.1431400	-10.6827750
471.0086600	4.1418142
467.8954800	-1.9533636
455.2611600	10.0411330
443.3604400	10.7045420
442.7858400	-10.7962220
446.4821300	5.5911034
437.6275400	10.4482960
444.4635200	9.7443375
433.3304800	0.3907893
444.5063000	-6.5366776
439.1642500	1.1248443
428.8810400	-1.4000353
426.9811200	1.4065734
424.4492500	-8.7249183
438.1153600	0.6454958
438.5144000	-9.2408995
420.7936000	5.1176522
431.5856400	7.6922405
414.6593200	6.9580097
416.5645200	-6.6112918
422.7692200	-2.3279659
417.0316200	-3.8807272
406.0212000	3.5213550
412.4428400	6.4500067
407.2050700	6.5280724
420.7545800	0.9086146
399.0202400	11.2599640
399.4716400	-7.3967633
414.0033800	7.8192028
409.5795900	-11.0970510
394.1514500	10.2725020
395.9126100	-2.3248270
390.2436700	-3.0399194
389.3726500	0.0917287
388.6288600	1.9285208
397.7716200	11.5354990
400.4274700	4.3884132
383.3265500	-10.3001590
393.4219300	-4.5360654
375.8347900	-2.6607790
373.1156100	-6.5961143
371.6168800	10.6385540
379.0936700	9.3391635
366.5218400	10.5335070
373.1222200	-0.1340371
381.1441200	-11.1337650
366.4278600	-7.9384144
363.5369500	-3.4134664
369.7625400	-1.7447997
359.7061500	-8.2523003
371.3533500	4.5171647
360.1567900	10.3470850
359.4968800	-6.0145466
367.1568200	-5.3445446
358.1362100	7.7617384
363.0227000	-11.6679990
360.9817800	11.4131280
346.2410800	-10.4513340
340.7867200	-0.4277230
360.8643200	-4.7175331
339.4910300	9.3141819
337.3762700	6.2448390
341.3681500	8.6538026
335.4597600	6.8376813
330.8495700	0.7228009
349.3651000	-2.7491199
349.0681100	-8.0107441
341.9556700	-9.1821141
345.9822300	9.9069681
330.4707700	-9.4045120
335.7906100	5.1358714
341.6019400	-7.4384674
335.1649800	11.2465820
322.8658600	1.2170519
326.7170800	6.3246336
331.8102600	-2.9039606
331.1256700	-4.3509963
310.9948900	4.4578398
326.4115300	2.6866119
323.6782200	5.0358253
321.7325800	9.4618024
319.0334200	9.4478870
322.3394400	6.4390400
311.5884900	-0.7105624
316.8103100	-6.6517038
319.9157400	3.1335703
307.2713800	1.1287790
298.8886000	11.6096870
296.1149500	-0.4871926
303.4450300	11.2901090
292.3349300	-6.3659033
305.4065500	4.8172258
305.7218600	-0.2050881
301.3110100	-5.9743592
296.1900100	-9.3259442
293.5341800	9.7076030
294.4536700	9.7761505
291.6945200	-10.6258080
287.8916900	2.2894504
284.4787600	1.1454673
279.7721500	1.8353548
293.8949200	8.9880375
292.8736200	-11.0401910
281.9020300	-5.4583894
274.1428800	-2.1709957
291.0662300	-2.8237926
288.2791700	-2.7070049
284.2651900	7.1804989
271.8421000	-11.4004480
275.2766900	8.3466586
277.7945000	-0.9740950
268.1100100	-4.3264178
277.2149500	11.5263240
270.0357500	-6.6721597
278.1149200	11.7054750
277.7563700	3.2376305
256.3330800	3.4118560
269.7675000	11.4386610
257.9039900	-0.6421342
261.5459400	-4.8901738
273.5782300	-7.6307952
266.8763100	-8.4724259
263.8844400	-5.2998829
267.4514000	1.0675519
262.1675700	-10.3273270
252.7259500	6.8755708
262.6384100	-9.3211490
251.9853100	11.6694010
255.9777300	-9.9139900
258.5841100	5.9439264
260.6260900	10.9392640
245.7416300	8.8497432
235.9475600	0.5399031
240.9649000	-5.0815331
239.9044300	9.1358598
235.7487300	8.1279184
235.3837400	4.1840606
246.1959800	-2.8881082
248.0315000	-8.2636073
246.7297300	-0.2272520
249.0926800	-0.7498456
246.4097800	8.5540547
241.5303600	-1.6000754
224.3970900	-8.9748013
233.0261000	-1.8894394
223.7000700	-1.4901604
243.5260300	0.6117815
227.7077100	3.0713925
226.5562600	7.1460152
231.5462200	4.0988131
223.4358200	-8.1686456
226.9035000	-5.8082215
215.8422500	7.1018265
214.5240700	9.7370502
232.0180100	3.6509196
213.5757000	5.6078482
220.5024200	-10.4989840
210.2504500	0.7989020
221.7057700	-4.1395503
223.2704900	3.4009153
221.0748000	10.4250090
215.4705400	-2.4092002
221.6450700	-10.7823900
217.5402200	-4.8202075
205.1942600	-0.9493254
202.8907300	-1.6610876
217.7591700	-6.7831257
199.5354400	6.5492266
214.1991000	-5.8347489
203.3843900	-4.0007513
203.0962800	-0.1640054
204.5946200	-10.8375580
193.5562000	-10.9153750
212.1948600	6.1855314
199.7766500	3.0450315
202.5903100	-8.4437188
208.4866300	0.4226136
209.8398600	-1.2526697
195.5919600	-2.9002659
200.5693000	-7.8028177
195.6048100	-11.4237450
185.9875000	0.6830463
184.6969600	-3.2458581
184.2371600	7.4480350
202.3725800	-3.6790354
188.8095700	-10.3662080
198.7930000	2.2782510
186.5128300	5.3245651
190.2482300	-8.1969540
184.6853100	-6.9392858
190.7343300	-5.5642724
176.4504800	6.7683561
185.8429100	-2.0589486
180.2213600	10.3471880
186.9140900	4.4835191
191.2351500	11.1124390
177.4644100	-8.8553085
193.5574200	-7.1120354
175.7806900	-2.7323306
191.3120000	11.0985460
174.1997700	7.7691201
188.6064100	-1.9549531
185.0788100	-8.8175653
180.0198900	-3.8025510
180.8695200	3.1615371
168.5465200	-4.7568960
172.5950400	9.5612477
183.1635500	-7.7876530
181.2293200	-2.9777151
175.0028300	1.6617696
177.2053700	-2.6469238
168.7418400	-2.7120744
177.3006300	-9.6221044
178.0967800	-4.8649477
166.6469500	-9.7171643
169.8735500	-3.9224917
167.9205500	1.7880075
170.5168000	-7.5708066
165.4444900	5.1277096
163.8852400	2.1895886
168.3225400	5.5047399
174.0747100	-4.4426482
160.8826500	-8.8749499
150.4577400	10.6792000
170.6105300	0.6984359
165.9441900	-11.6125720
148.9171800	-3.1519669
159.0982400	11.3735320
160.8484000	7.5111553
146.4685900	4.4515715
165.2403000	10.7297880
163.4643000	-6.4978301
151.0662400	5.2630409
146.1167300	0.9830151
152.6568000	-2.3686730
156.7726200	10.0505640
163.4680300	5.1883447
147.3308100	-6.0186033
144.4915900	8.3225354
150.8614600	8.7902225
144.9114500	-4.2514411
139.3405600	-4.6071076
156.3944500	-9.5140397
147.2155700	6.3745577
150.7456500	9.2568845
156.7235700	8.9223283
136.8213200	-0.7547761
138.0127700	-7.6270407
135.3138600	-2.0298097
138.6151800	-3.6274004
140.6575700	-6.8709016
131.2889800	-6.5855722
145.4579200	0.7511183
138.4970500	-0.3158526
131.1074000	7.0507326
146.0211300	8.9526618
139.1922700	-8.0790310
140.9470500	-2.9411470
138.5838200	-7.1942305
136.1486600	-1.1010400
123.8195400	-10.4408750
123.2923000	5.8210178
133.9558400	-5.3803746
133.2601600	-5.1397490
138.9270100	-6.4491875
137.8444800	9.8756116
121.2152500	6.4167863
121.5994800	-7.1821307
132.8385400	-1.0023449
131.3907900	-4.2669589
125.6218800	-7.1482285
138.8188300	1.4552801
126.1188700	-11.0375350
133.3681100	-10.0130710
136.1755800	-11.2082330
117.6975300	-8.7759159
114.8167400	-6.6761905
123.5785100	-5.0397208
133.1936000	-1.0989871
131.5912300	-10.0971530
128.3218300	-11.6914390
120.5838500	5.2301694
118.4826100	-6.8459953
117.8901000	-0.7969418
132.6633400	-9.0978934
109.8608900	-7.5470228
131.3474100	-10.6855690
122.4872600	10.0424190
110.9997800	7.0894651
108.8893300	-10.1003680
114.1448900	6.2679259
119.3292300	-9.2622198
120.0012600	-7.5259159
119.5299000	1.7857555
113.0940400	-4.0926263
118.7904200	-7.6651946
121.8868700	-7.7931176
121.1369900	6.2663092
106.0673000	-8.6007424
108.9066200	8.8795939
120.5097100	6.3991600
116.6580800	10.1390890
102.3520900	-3.1146504
118.5121100	1.9734761
117.1574600	7.2503877
111.2243200	2.1860765
104.0145400	-3.7619757
106.7378400	9.4569838
117.8221400	10.1328940
101.8223100	-0.1685067
99.1145890	-3.5455271
116.2379700	6.9732910
95.2301450	0.2749256
94.6645620	-0.6903421
94.0652080	5.5826676
110.2309200	-3.7746374
111.6794700	-5.2702324
93.9408280	4.5967086
92.0780260	10.9688130
97.2445970	-11.2204500
97.0056250	5.0994813
96.3620830	5.1505890
99.7930930	-5.5552043
102.6412400	3.2098897
102.5560300	-9.8156028
107.6613900	-10.0078330
107.4776100	-9.5385762
93.9667100	10.5355340
87.1011420	-7.1670981
107.9627900	10.2377840
106.3398600	-10.8293600
89.8760360	3.2572170
106.7346000	-10.6710630
106.4908400	9.7285066
94.6141370	-6.1334958
100.6909500	11.3456800
88.6425650	-2.0741902
96.4271450	-5.2474063
85.5092770	-4.0599443
96.6491180	-4.8069320
84.1718170	-5.1501289
96.6390150	9.3294370
98.6118940	3.0572611
101.1700100	1.2382288
88.7454510	10.5892150
96.8525390	9.5536217
94.1288290	-6.5513640
93.9821960	-1.3910464
79.8332420	9.5317238
83.2801820	-10.4136140
85.9003340	1.3716290
90.2059000	5.0649478
95.0755440	4.9943455
80.5277000	1.7219918
94.0990540	8.5441670
94.8257510	-6.1723039
92.8342700	10.5143630
81.6004820	-3.9598037
87.9118070	-11.2328680
88.8465690	5.4169543
90.0509930	-6.3251132
94.2054910	2.7769326
74.9690760	-2.6759841
73.5570000	6.2675555
71.7839830	-3.3974686
75.8691220	-11.3726130
91.1723120	9.1905537
80.5469560	-4.9236471
77.2618830	-1.4788126
77.8900900	-9.6404066
84.7680990	-0.6095653
81.7878390	11.5286920
79.4172120	-10.5250510
81.4086260	-1.0372778
89.5154930	4.7155517
81.4304720	-6.9667219
78.5463800	7.1479557
70.5364060	0.9553879
70.4616000	-11.4770560
72.1428860	-4.1332217
80.1044010	10.3726230
86.7713940	-8.3899180
81.1312960	-11.2954900
67.7762490	-7.9610322
65.4992060	5.5250891
79.1072340	-1.0009564
80.6150920	-11.5623650
80.5633300	6.9695838
81.8989000	-4.0753138
67.4638100	6.0449322
69.2091130	7.5982147
78.6961200	10.8911910
81.8631820	6.0938863
78.7476940	-2.2173550
64.9787690	-6.2960468
76.9879530	-2.6816675
70.9313130	9.9231353
59.7844810	-9.6477306
65.3642570	-10.5929920
64.8499560	3.0315919
66.9036820	7.1530075
70.0182400	7.2513346
80.1359600	9.0894805
71.2356450	-9.0510190
72.4427400	8.3707846
58.8307880	-2.1075317
68.9269000	9.2542377
65.4627520	1.3336868
59.7693200	-2.3168881
71.1107460	-4.1023153
63.8905560	1.1923797
72.7014130	-10.5135740
61.6828970	7.8142129
74.5752360	6.2875654
73.7933510	-7.6083992
70.2660560	11.4880710
66.6842680	-6.4603354
74.3619490	-10.1223780
76.0303660	-6.6870821
60.8371880	-2.1977781
69.2376880	4.5582051
58.2857340	-3.1669262
73.2985670	-7.9235411
65.0723080	7.6927040
64.6671680	7.9636339
73.0009250	-3.1614215
55.9676610	-9.3541582
50.9921740	-8.1735422
56.3680930	9.5218237
50.6301580	-8.0488663
64.8748230	-2.7607949
56.6285500	-0.1481209
54.9397370	1.9653919
59.7833770	-5.8543215
57.3588820	7.0523880
53.1303460	-5.1491256
65.8516800	-1.9265972
51.6807790	0.4091858
59.7148890	-7.5974387
62.8702030	7.9969012
66.8308420	10.5969250
60.6532680	1.7768846
64.5460170	-7.1631889
56.0217560	-11.5358110
47.4584680	3.8567545
65.8220030	-4.9055025
59.5080890	-3.5643335
54.9727560	-3.9016289
65.3193470	-0.2740899
57.6167880	-1.1595693
52.8420890	7.9385968
51.3505430	3.3505287
50.5744260	-5.3317915
50.9238900	-1.1705875
46.0377900	-7.9601882
52.3069990	9.5501629
47.1808240	-8.7565142
57.5685160	-9.7362341
50.9767410	0.6472849
64.4338480	2.9884285
47.4228520	0.3922240
53.8759830	-1.0317097
54.0679570	-6.8766008
53.2367620	4.3937669
53.3826890	-9.7870030
58.2062150	6.6506648
43.4056950	-6.8725598
57.5341100	-2.9298857
61.9380880	-3.4121483
42.7120520	4.1848527
53.5343310	8.4549973
53.8217250	-3.2042550
46.1104000	4.9209092
55.0487960	7.7578251
47.8530700	2.0048217
42.2251630	11.7595030
45.1761500	-6.5850849
50.9415390	-10.8053220
49.9965390	2.2348122
45.5672410	-0.2463999
55.1738410	-4.0834715
45.9153450	-6.8225925
48.9794330	10.9843510
48.5898310	-10.8209840
55.9960500	1.5063763
51.3211750	-2.7839565
46.9513810	-3.1301092
37.0144960	1.1871234
46.2438270	8.5014960
34.9568530	4.7977646
39.4092560	-7.4724235
41.5065870	9.2395019
37.4711420	-6.7599667
43.9176360	-10.6309590
41.8115350	8.7274728
43.9144460	-7.4060352
48.4510280	-1.1314150
34.2094990	-4.2670901
34.6695740	-10.7579290
35.7531760	-2.0057927
41.6824190	-6.8622349
50.7743690	-4.4298073
39.7911160	-0.3184954
52.1243280	0.8696770
48.7799280	-11.0336320
51.0371650	-6.8520328
42.1652130	-10.7662990
36.4557440	3.5612009
49.8519150	1.0563395
35.4769030	7.1035665
31.3176400	3.5507523
39.7162920	-2.7321690
51.0017480	-9.9456792
34.8927670	1.8050949
38.4207620	-11.6597580
30.0979100	3.6321797
34.9018960	0.6589686
49.2091700	4.9083513
40.6414780	9.6710185
36.9796740	-1.8589858
36.6401750	-6.3738177
33.3309550	-1.5053607
45.7661870	-11.0654650
42.9710990	-8.3816143
30.4898930	7.6291481
37.7492200	-0.3364852
38.0310060	-7.6477039
36.6510590	-5.0477701
49.5889820	1.3203813
26.4333460	7.4772491
40.6677420	-4.1637911
48.7467950	-1.5992588
48.8133960	9.7790489
46.7250640	-8.6341659
33.5660910	-4.3643594
44.1863540	2.6279644
45.8882940	2.1047556
32.2730290	1.7318510
43.4760440	-10.1389380
39.3362880	-10.8363960
43.0125150	4.3917859
47.4489500	10.6456020
31.1242230	6.2750724
47.4258560	-4.1046784
26.4105020	-6.0999726
27.1450780	7.3068786
30.5292590	7.4804109
27.0931090	-6.6394171
23.9911730	7.5191976
24.4669670	10.6296320
31.9540160	9.2070932
44.2450130	-5.8307965
26.9614010	-10.9048710
45.0133730	-11.6318790
42.3203560	-9.8074189
35.1236660	-9.7111828
41.0687010	10.5900080
40.0198320	-9.7664294
23.9332900	9.5668264
35.3337530	-5.2657780
33.4408540	6.7877075
24.5102500	8.1163406
31.6075450	-9.7364887
25.9661340	9.9959655
36.1871710	-4.0251668
38.1300310	-9.6382910
22.9300250	-9.4803806
40.6864310	7.4617542
27.7513160	-3.2092397
31.8931170	-9.8746628
33.8622020	7.3570338
26.3586410	-11.0437950
33.7224130	-11.6249260
23.5748880	-2.6054562
25.8122240	8.9415254
31.8751370	-6.9992462
27.8284930	-4.2908705
20.1223590	11.6627790
31.6365030	4.3732242
20.8757050	7.6479338
38.4967600	-0.6569327
26.6364640	0.8610785
28.6053080	11.4649610
26.9930890	-6.9068152
32.9504810	-1.2739182
36.3118910	3.2796701
33.7835370	-1.8792194
25.4326980	-3.2390464
22.0170200	-4.9962194
19.4735650	-8.5602913
20.0838120	-4.3075888
17.1264170	-5.3985861
18.5910420	0.7001251
31.8802730	5.3995434
33.0367620	10.1622750
26.0771830	1.9235067
18.5479040	6.4434931
37.1166800	-1.0408716
27.9199110	4.6467047
23.1127370	1.5473193
26.6857810	-3.5341200
15.4730300	-9.0687253
29.3000150	-2.1361624
36.5357320	-4.4011630
33.4636080	11.0466680
15.2804080	10.9036770
34.8721380	-8.5984112
33.0064790	-3.7776386
36.4825490	-7.2356794
17.4926730	-7.0731634
35.5716530	8.4777723
26.4836010	-2.5698708
31.0302720	-6.0482696
29.4057970	-0.3292920
26.3180200	2.8725116
20.2330490	8.8165416
25.0792550	-0.4575348
17.6228650	5.1637720
29.2570080	10.6045990
19.9101820	-9.4580518
14.9514790	6.3182010
28.1263670	-8.2112072
31.5937990	7.1748740
15.7682600	7.1370358
24.5099110	-2.0574410
22.8434040	-7.3796225
30.1626020	-11.0251100
33.0668960	-9.2596370
29.6328150	-11.1537460
25.7430450	6.8958970
26.4806000	-7.1859029
19.6909350	-9.1130980
28.8681500	1.0953532
22.8916940	6.9741047
31.8106330	-5.9124447
31.0398800	3.5560413
13.3619170	-5.3915392
34.1102910	-7.1474130
11.6703050	-1.7087828
34.1749640	-11.7083130
13.0383680	2.0940348
29.2741800	5.0202931
12.4950580	-5.7365725
20.7945670	10.8354820
15.1136490	-6.7441336
10.6062820	-5.4747173
32.9645910	4.0770273
25.9209790	-1.9374015
21.6746670	9.0313865
14.6421730	3.9127894
16.9223600	11.3913850
13.2294600	-8.4756068
29.1269290	1.2490048
24.7024710	5.7105143
20.1225850	4.5061285
12.2144340	8.5829631
14.0248960	1.3525634
21.5405360	4.9848319
31.5039960	-8.1568741
23.2118340	7.9097011
10.3055160	4.8598428
11.8137590	-11.2867170
17.7930240	-9.3704615
11.3246350	7.8527364
30.4822370	-7.2957006
16.7209030	-1.0368998
18.8931670	-11.4884960
19.5377440	11.2629180
19.9568070	11.0345060
11.9370940	-2.8942562
30.4917210	-5.8243225
22.3085050	5.2915963
23.9826130	7.5312339
27.9642590	6.9693895
22.7305320	5.1781406
11.5822710	8.9669385
27.6313940	6.3906664
26.4932060	-7.1424083
14.2810140	4.9139701
14.6744810	1.7758066
21.4673060	-8.5382837
9.4236961	-7.0786641
15.3498530	-4.5620710
13.0459330	0.7308091
28.1324540	6.7268384
7.2997049	-3.3013292
26.3126790	-0.4052394
17.7984610	-2.4696203
14.5665570	7.3263523
15.1837420	-8.7696688
14.3413510	-0.7594057
10.0908650	-2.6554304
24.3126440	7.9553337
23.0801560	-6.2365625
12.2709350	9.8414543
22.5192270	-2.9999291
12.0825540	6.8312177
16.7782880	6.5911309
20.5407650	-0.5061810
8.9159290	3.3471437
27.0654220	1.2952909
25.1318450	7.6792995
20.5645580	-3.4739232
25.8036200	-3.1775506
6.0292439	-5.8189144
23.2873890	-5.4943704
22.9222140	4.5483681
21.0261380	-2.6394878
25.1598910	1.9262375
16.3130100	11.7166150
20.6073170	5.0549921
26.5269810	5.4404585
13.7714580	5.3871412
18.3408230	3.8643157
15.1410210	1.1007983
20.1899290	5.7049067
20.5344510	4.4818528
19.8154910	-0.2078526
11.0266100	6.4258539
9.2180168	0.7447436
22.8815340	7.5840704
23.1108320	-3.5365089
24.7687010	-1.3204130
15.5461370	-2.4169703
12.8750610	5.5601764
18.3260150	6.0569235
8.9127146	8.4055887
14.7992440	-8.8630662
6.8171390	-9.7754156
5.4724952	-11.3094890
17.8189260	-7.8555068
3.8896264	7.8451276
3.7109244	-9.1577741
23.4898340	8.6311341
14.6133450	0.8418239
23.1213230	-3.0316059
11.4716230	-1.1579985
9.6654647	-8.6874079
8.2130170	9.4081331
22.7963940	1.5309349
21.7093880	-11.2333450
24.8981190	3.0739102
11.9068060	0.3922849
13.4028490	-5.4045783
24.4160410	-5.4257084
3.4201162	4.9732220
21.4921830	8.4174402
19.7726390	9.3307577
16.6189720	-5.6343180
13.9939960	6.8693810
24.2418320	-1.9244018
19.3889370	1.6517557
5.7343692	-9.8595129
14.8106490	-1.5269129
12.5615380	5.2790257
23.1146140	2.9153012
3.2800704	10.8927480
17.0601120	-2.4008507
18.8409790	1.4123072
23.2100480	-1.9186885
14.1222700	-5.6380584
22.3710060	6.3061551
6.9940108	-8.1734645
9.4389286	-5.9054179
22.3063080	2.4164684
8.4687983	6.0357522
1.8966076	-7.3465648
22.3779530	-9.9522021
9.2520790	7.9185133
6.4285561	-11.6922710
17.5638040	8.5728375
0.6303612	10.1849710
10.7545580	7.4916439
16.4908720	3.9051864
0.8923982	7.0893996
4.6467331	6.4375519
20.1246930	-5.6082055
5.8138731	-9.1690545
15.4852000	-10.6025680
13.4130470	9.7939124
0.6101554	8.2801809
2.3810512	4.2414401
21.5254950	4.2929102
6.3567586	-9.6360352
22.0776670	9.0678461
9.2446669	5.3229564
17.3920610	-8.9964315
6.8718368	-1.2689315
2.1627255	8.5030880
22.9607500	10.3699710
5.2192978	8.9540391
12.0719310	5.1760683
8.7842373	-3.2214393
7.1893421	-9.0391289
15.5172580	11.4338540
6.7157844	2.6640030
1.9494161	-3.2487505
20.8009900	5.7856562
-0.5608086	11.0810140
8.9815363	-3.8195150
3.2710328	9.1219337
13.7327830	6.6778857
8.5168040	-7.1521563
10.9839230	10.4078380
8.0645035	-4.2835381
-1.2634348	-9.7831974
3.6386088	-1.3279591
8.8108160	-5.0483534
0.9321884	0.6791251
2.5177721	-4.4052022
-1.5018771	4.2987701
6.8882001	6.6686490
7.7286562	5.8431140
4.8787969	-2.5019506
5.1833928	-4.9499512
21.2919880	10.1904100
1.0962895	-0.3515319
14.5147690	10.7555610
12.0594110	-7.9293157
2.1970454	-1.9758671
4.0851660	-8.2678071
2.7442290	4.0526560
6.8012214	-6.6032394
-1.8505541	-8.4251080
2.8202706	9.3303297
13.4095000	-7.9639564
19.4126650	1.6661330
6.8683276	2.0086766
13.0951260	-0.7024894
13.8115440	-11.5722340
5.9835410	-0.0889255
1.0337350	-11.7169630
0.7902792	-3.1596058
18.3273600	1.9313422
11.0897940	-5.1446447
15.3920100	-5.2292397
8.6032113	-5.4507338
-1.6956636	2.5943122
1.7808194	1.9688787
6.0805506	-0.8681421
-0.5491058	-1.5458577
10.1514460	-7.5021743
16.0154550	7.6739839
4.3306035	6.2438151
6.6807758	3.2279773
0.5223326	-2.7358483
10.4081460	7.7018464
18.0590160	0.0559057
5.7362738	-10.8343020
-1.2636248	8.5092073
-1.9849756	10.5620110
6.9233241	10.4515630
4.9332897	-9.1136940
9.9951480	5.1117273
9.5394703	-9.6054219
10.0410990	-3.7913260
2.9904847	0.9649506
1.8478666	-1.4673768
8.0687755	-7.4873094
0.6244979	-6.5520745
-1.8396936	-3.7853231
-2.1815633	8.4905032
18.1651520	-9.9481598
0.9181482	5.9402321
10.9036350	4.1673639
5.3276861	4.3014900
15.5446170	9.5540958
6.5126089	5.2580555
4.9317140	-0.6245869
11.8507570	8.8288357
17.9292960	-1.1823156
4.9962503	0.8286477
-3.7844332	10.7916310
12.9734900	-8.3143349
16.1791860	-10.9441360
-2.8233094	-11.3011410
4.1573093	-5.7214889
1.9005142	0.5147677
13.0193410	4.1712908
11.4409570	-5.8741414
12.8801310	-11.3037140
4.0987644	2.2764097
4.3079946	10.9028630
10.8884980	-3.0150449
6.5945514	8.3631198
11.6260620	10.4728800
16.0677390	-8.8269203
7.2567462	1.3974577
-3.4300838	1.2329108
-2.7792800	-9.4982505
6.8268513	9.5345378
18.2990810	5.4865885
1.5595202	-1.3362781
1.7758563	2.1249067
-2.2133829	-5.9235427
7.8959537	-11.0375800
1.7182928	-0.2675466
0.7955449	-10.2276160
3.3809610	-2.4803596
-4.9033384	6.3406729
8.2619037	-8.4651343
1.3313037	7.3131954
-1.6241687	-10.8169770
1.7887560	-9.1290278
3.4436059	-5.2472179
14.5233340	-1.2410341
15.3152070	-2.4203445
16.2538370	-8.8665910
13.4453500	-3.0224327
3.6170334	7.6527391
2.5891460	-11.5037520
9.7041153	4.3242382
-1.4954931	0.6378218
4.8703839	5.2616563
-2.1517365	-7.6108785
6.9757588	-10.2814380
15.4711500	-7.8052930
2.4741119	7.4700288
10.7809710	-3.8111112
6.2956809	9.0176925
3.8183117	10.8249400
12.2544580	9.4969313
-5.6101257	-6.5247428
0.5947751	4.3716387
-3.4191007	2.6684075
4.9064106	-11.2811980
2.7428559	2.1504479
9.9077592	-6.2993198
-4.9439217	7.8739786
2.7621206	-0.5101708
8.0692862	-6.6168196
6.1945285	10.6695970
-3.6919746	-1.0325586
9.6502751	1.7461125
-6.0985576	6.6393447
3.5739278	9.0530040
-4.7848241	2.2291078
13.2024820	6.4966158
14.8099080	7.6318698
-5.2815100	-11.2379240
-1.3854411	-1.0530682
-1.5681636	8.8827240
-0.5278280	6.8408081
9.1284652	-8.9556822
8.3351789	8.5527543
-4.6497269	-0.9287468
16.6337360	0.8872986
0.2560811	-10.8484320
3.2092451	10.8842840
-4.7003344	1.6113280
-1.6354296	2.9436079
5.1835432	7.2200032
3.1854567	-1.5760761
2.9511183	-9.8995535
-1.6405460	0.4011541
4.2885017	9.5859679
2.6928513	-6.7285261
15.0648810	-1.0709876
14.3760340	-9.8794692
-3.7561011	-2.6292988
12.8760210	9.7904308
13.3510870	2.6807535
13.2192540	-7.9415783
-3.6956464	3.9156603
7.3845467	3.8403632
15.9816210	10.1098360
14.6035860	-7.7951388
-3.9152383	9.1658567
0.3822305	-9.7378526
-2.0694469	-7.4793012
-5.7885052	-2.5280507
-1.4814715	-7.0773036
10.1341470	10.0464030
14.0485490	11.5900350
5.8755472	-2.6055109
9.0788923	0.5083783
5.0479876	3.7419509
-1.3564225	-9.1149656
12.2214540	-5.8972280
11.1761260	-6.3100680
-0.0397160	-0.3436596
-5.6279786	-6.1596654
10.1325770	8.2561414
-4.9729137	-1.9013965
8.5851686	-9.4296608
-3.6577414	6.2041807
11.3704730	-1.8380908
1.8972140	5.7553231
9.1611799	-10.5139720
8.0959842	7.4482395
-2.0736580	-1.5120724
-3.1794055	1.9550324
7.4241509	-6.2433615
-0.4014676	-3.1887200
-0.6451736	-6.6943508
-5.8751206	3.7133143
11.8470470	11.6523930
11.7802420	-7.2784752
-5.7503170	9.6997589
6.0120165	-3.6756673
13.6702720	5.6763478
10.1265570	7.3434994
5.2395267	6.9164483
5.9118011	-10.4319240
7.5199866	-3.8596118
-0.8316113	-10.4400270
-0.9557383	7.5753948
-0.6454204	-4.0450853
3.1487303	6.2413013
-4.6090318	-4.5596843
-2.7903969	0.3884894
13.8483220	-1.4076667
-4.8373861	6.6373430
2.5402998	0.5165055
7.6401540	-1.0330138
13.5557530	-0.2214600
14.2600810	7.7346071
12.7102400	-1.2435158
2.4469158	9.0817753
4.3716943	-6.9659663
4.1971079	-9.9731105
-1.9577689	11.3423610
-2.2918643	7.2007442
-3.7212843	0.6854272
-2.2580388	8.3826078
13.2656030	-2.8471712
2.4047862	8.5203158
-0.6216552	1.8932065
0.0385663	8.0864062
0.7494183	5.5135204
3.4381523	-8.4628846
-7.8828603	-5.1858291
10.6803990	-7.8156687
-3.1424904	7.3052315
10.2598800	-2.4698801
2.5507386	-7.3913117
3.1285228	-4.8336870
3.7481844	6.5684369
-3.0273808	0.2661833
7.5549852	8.4115013
12.0893180	-7.1581735
1.2242329	-5.9463132
-3.2187395	1.3136741
-1.9600910	9.5435737
-1.2505958	3.3403078
8.5641450	6.7334688
-1.2191111	7.3230268
-5.3635497	-2.5753387
0.0581163	2.3868641
-2.8765062	-9.0762789
-5.7459749	-8.2057778
14.8119160	-2.3056234
-2.0546681	11.2715820
-7.0935623	6.5441420
