jMRUI Data Textfile

Filename: dataset22_WS.txt

PointsInDataset: 2048      
DatasetsInFile: 1         
SamplingInterval: 2.5E-1    
ZeroOrderPhase: 0E0       
BeginTime: 0E0       
TransmitterFrequency: 1.2322E8  
MagneticField: 2.9E0     
TypeOfNucleus: 0E0       
NameOfPatient: dataset22_WS
DateOfExperiment: 
Spectrometer: 
AdditionalInfo: dataset22_WS
SignalNames: dataset22_WS.txt;


Signal and FFT
sig(real)	sig(imag)	fft(real)	fft(imag)
Signal 1 out of 1 in file
182.3469600	-218.3610200
311.2251000	-417.2322800
104.0154300	-479.1384700
-98.7359750	-434.5084800
-238.0780200	-310.2018400
-294.7713700	-150.8486200
-262.5922300	-6.4325701
-175.3531200	88.2778280
-76.0252450	111.8257000
6.9375405	86.6913330
47.3991630	25.3557760
40.7817560	-31.3175180
5.1148724	-70.2052290
-35.0703400	-74.9322000
-69.7725560	-60.2037960
-92.1763480	-29.6481700
-96.3888650	2.5921103
-86.7938910	27.1649930
-73.6487520	50.8038690
-58.3780930	65.4174960
-33.1435400	78.1908590
-10.2148530	80.9678180
17.6164110	77.7839320
40.7857520	63.6202530
58.5772890	35.3351710
62.4175490	0.9036259
44.3848350	-25.1118670
14.2363020	-45.1220130
-16.3664200	-39.0511720
-41.5327570	-14.3664130
-51.5370040	18.1899680
-35.8349870	51.3349560
-5.5886589	69.8509900
30.8498260	72.4565090
60.3975250	57.9700150
80.1152360	29.7386830
85.6350870	-4.1599304
75.8794760	-35.5163350
55.4085180	-51.7533700
37.2455470	-65.3202820
11.8954070	-67.3339720
-8.7422256	-64.3534340
-27.1768020	-59.1880520
-40.4097770	-44.6794570
-44.5593970	-26.2220360
-40.2817760	-6.9914234
-33.8940060	8.2811839
-12.2903970	19.3163600
-0.1533706	9.6865921
9.5692513	-0.3575221
6.2757574	-18.5616350
-8.2195066	-33.7663460
-32.3167190	-31.9295210
-52.1860730	-14.6953810
-56.9236640	12.7642160
-45.0623980	43.8437300
-21.6891240	62.0463930
17.1874240	62.4723280
47.7782950	47.3432840
65.0063380	15.3856850
60.2433980	-25.7662440
41.5800530	-55.4414590
5.5270511	-69.6292870
-29.3717270	-60.6058840
-51.8650160	-39.0021710
-62.2699660	-9.5619029
-58.2220220	16.4090900
-42.0002070	35.5826760
-19.7579890	43.0532130
-3.6256777	42.2379320
7.2817332	36.9331460
15.4126870	27.7028320
21.8371930	22.1892790
23.3748270	9.4226304
20.5811590	1.0482381
21.2952560	-7.7805715
8.4865372	-15.4320780
-2.9400062	-16.6031710
-11.8120030	-7.0711065
-19.7717680	5.8375651
-19.6239270	19.9136130
-6.4350547	33.3886770
13.7890930	34.8917350
32.9011780	27.9331760
47.0254560	5.9756817
48.8143630	-16.5175440
35.5868320	-40.5696580
6.9553220	-50.0636140
-18.8846500	-43.7398800
-36.9511100	-28.3205610
-45.9731370	0.8200901
-36.0990140	21.1360160
-11.2700050	35.7148350
14.1737720	39.4280240
31.6874960	25.0557910
46.8910590	3.0509184
42.4857750	-17.6252840
30.7556410	-36.8357770
10.7640890	-51.0790680
-12.0827330	-47.9405340
-28.1726530	-39.7074170
-44.8057660	-26.5980770
-49.2410410	-8.2092457
-50.7244830	9.0868687
-44.2988000	23.9263200
-28.8729520	35.7208770
-13.7382380	44.7929470
4.5659559	46.9438690
19.4865680	36.8611450
35.1151030	23.6210830
37.8786520	6.0708514
29.5729590	-9.7772292
14.2788850	-19.0689830
0.5575087	-22.8719930
-13.0153490	-12.7153080
-16.6376860	1.5116453
-15.5098170	11.9386220
-0.0134154	23.9455010
10.1941600	20.8667570
23.8945910	15.6097630
29.4327910	-0.3813905
27.0784360	-17.0718330
16.0926400	-27.0432750
-4.1573675	-33.4790750
-20.7290510	-24.5586730
-29.1935440	-12.9869420
-33.2069020	-1.1434329
-28.1432990	13.8036110
-15.7445360	23.1609480
-6.9465906	31.5771310
8.7560094	30.6295980
15.5185120	26.2555880
26.0851940	18.5325810
28.4452750	7.5212187
30.1847740	-1.8729557
30.0138840	-17.1405610
20.3241480	-27.0721590
8.9314360	-33.8528660
-2.1296878	-33.7122120
-18.3507780	-27.8372240
-22.4995470	-16.4115010
-30.0806860	-7.6828124
-23.2404340	7.0433987
-17.1961450	11.8964650
-7.4730863	13.4103830
1.1701666	12.9714090
3.1799321	3.6520113
4.4790284	-1.3808864
-7.3373535	-6.3014158
-14.6116970	-3.4593016
-18.7794570	4.2257720
-20.5487320	13.2241510
-11.6378800	20.3096980
-3.3296384	26.5497400
10.7443370	31.3823360
18.8926450	21.4464790
28.6606640	10.8078400
28.7388490	-0.2599425
27.2639180	-14.2278600
18.4071560	-24.7205940
3.8997153	-25.4798930
-6.6346946	-29.0129350
-18.0518580	-20.9470390
-28.2372200	-5.9995711
-30.9884430	5.3321024
-27.4836960	17.3736940
-13.2809520	30.3027240
-3.1697312	34.6207020
14.5899790	34.4831210
27.6410380	27.4302280
35.8782690	11.6584710
34.3204940	-2.2352217
33.7667780	-10.7137080
22.3662430	-18.5006750
12.0510820	-21.8597300
7.8509791	-21.8922900
0.4192997	-19.5974040
-2.5565942	-10.8033220
0.8676090	-12.2122090
1.2035049	-10.6569180
1.4302043	-11.4941180
1.4583956	-18.4510180
-2.3480704	-18.5494390
-5.3211075	-21.5925490
-12.7341680	-22.6366950
-21.9171560	-15.6331540
-26.6585470	-11.8426910
-28.6654220	-3.8127372
-26.1073970	9.1256789
-23.9012250	14.0020240
-19.3592520	25.3739250
-6.6124040	27.7952370
1.5448334	23.8985310
11.8420260	20.9305570
16.7826830	14.3248720
18.5126110	7.0186538
17.1438850	-2.8545235
10.5660160	-11.6216690
4.3081642	-11.9469600
-1.2475056	-12.9710780
-11.2337330	-4.9104481
-7.9899654	-0.1534156
-10.2201730	8.6765194
-6.1794617	9.5780714
1.1352864	8.5792378
7.7087605	9.2273354
11.5093510	5.0038202
7.9603593	-1.0887996
4.3105951	-7.9664820
2.5857908	-5.3121346
-4.1991276	-7.4373996
-6.3493888	-4.9318479
-10.7340680	2.2638406
-5.4877185	7.9810647
-3.7010631	10.0655650
5.6166994	13.0957720
11.9891400	11.6360550
14.2616490	7.4781700
18.7274150	-0.0396136
18.8904000	-8.4249794
16.4773720	-17.7169540
9.9993105	-23.9381910
2.7521548	-25.4973150
-4.4107985	-22.9394220
-13.6636980	-19.4907220
-21.4392480	-12.8538350
-23.5965130	-6.4867608
-23.0683260	6.9299947
-12.7830720	10.9622780
-6.4652343	18.0144220
1.6953687	15.8237780
8.0102430	8.8115035
8.3825673	6.7425591
12.8842730	-3.4540827
9.6427798	-7.1407450
4.4014447	-7.7617419
-0.3490640	-11.2056490
-6.0196573	-8.3197843
-6.4616065	-4.2462527
-9.4631765	-0.5102610
-4.3349865	2.1442172
-3.2445624	5.8276068
-2.5641804	1.1777245
-3.6005795	3.5440440
-2.4573535	0.4209692
-4.6933718	-1.0823388
-3.4962433	-2.1304026
-10.0567250	-2.4176990
-8.9316566	1.2298241
-15.2562300	6.7690329
-12.3811650	11.8249520
-10.4894040	18.5553910
-1.5698720	21.9224510
5.8069158	18.3112460
14.1283850	18.9468430
19.6007080	14.0279780
20.4212650	6.1375349
20.4385800	-5.8544608
15.8206420	-9.9766658
8.2875642	-10.9248930
-1.8150979	-13.2046370
-4.2988500	-6.3935853
-8.7247626	-3.1443772
-7.9449897	-0.0915823
-2.7970563	7.6110127
2.3680074	9.3313123
8.8770565	7.4907601
10.3189570	2.3909289
8.6607281	-1.5825914
8.1902781	-6.2108978
2.7063567	-12.3092510
-1.4265096	-11.3093270
-2.5229923	-9.9237576
-6.4668425	-9.6421938
-7.9638647	-5.8426677
-8.8862718	2.5533868
-10.3790580	3.1235831
-2.9881117	7.0767651
2.5785036	9.2940129
6.3230100	6.7640186
7.7334354	0.2493117
7.6149954	-2.6675019
5.6384604	-8.8224255
4.2493328	-9.6767126
-5.4849872	-10.9949140
-10.9723200	-8.7080728
-11.7879850	-2.6294253
-16.4786580	0.4969387
-15.1799440	9.5185581
-10.7341570	11.7517150
-2.4054813	18.3913210
3.7958736	15.7569090
8.5634795	10.2684070
13.9923780	8.1103173
16.8237980	1.2772729
13.5996240	-6.6779742
11.4027310	-10.2741590
5.5223856	-13.9594270
-3.1391643	-13.3267800
-6.6608128	-10.7739390
-10.3190620	-5.5654565
-10.2453780	-1.4525419
-10.3484560	1.8623534
-8.3431460	4.6264126
-7.5919462	7.8332580
-1.8117628	5.6528595
2.5309616	3.2893843
2.7280427	5.0895285
-0.8265691	0.1299632
-0.5822932	-1.4291053
0.3447211	2.5849607
-1.0704339	1.7529280
-4.8004393	4.5229644
-1.3654134	9.2750014
1.1993171	11.5980220
7.4570217	12.8182890
8.9683978	7.9427058
12.0755040	2.3037383
15.4426220	-3.2294156
11.5718990	-6.7723051
10.4305910	-9.8194636
3.0725203	-14.3353700
0.7168968	-15.2360080
-5.6891372	-11.7422210
-5.5489136	-6.3191384
-8.1136683	-4.2552357
-9.7720455	0.8161196
-7.4835208	2.3521338
-0.5650269	0.4535677
-3.6151516	1.8010549
-3.1343441	1.9458785
-2.9730980	0.5652501
-1.2536742	0.5752638
-3.1830499	-2.4152364
-2.0873368	1.2511693
-3.6766129	-2.0874190
-6.9550999	3.0989831
-3.9065554	2.0333974
-6.2870723	4.2026485
0.6595790	5.6263139
3.3728685	8.7263291
0.5759298	6.0639785
3.4266512	0.7077455
2.0791747	-1.4536331
2.2018142	-0.8004945
0.8164236	-3.5285771
-5.1492976	-2.4379287
-7.7947775	-2.3898687
-9.7111908	4.1547433
-9.0242812	6.3812249
-4.5457650	15.0632330
0.1692974	14.1968220
6.4270124	15.3099210
12.2931560	9.1072208
14.2644130	4.6373974
16.9971310	1.2557927
14.2951410	-7.5101443
9.5541275	-12.3129270
7.5994576	-15.4809190
2.0907963	-14.2292320
-4.0590483	-12.4987290
-5.5323212	-11.4768090
-5.1634368	-8.0657892
-5.6956660	-2.6629023
-7.6705299	0.9267564
-5.0669131	-2.7077710
-0.2043274	1.7702181
-1.2124019	-0.2351391
-3.3434989	0.1892584
-5.7397408	-5.5208469
-4.9864947	-2.2779262
-8.2425580	-0.7168767
-8.9718873	3.0591835
-6.2503601	4.8253440
-7.9244855	12.1016110
-0.6321058	14.7040190
2.0503557	11.2688210
8.6862250	11.7629490
9.6775356	5.6049097
13.9113120	4.5625549
11.2015960	-1.1176742
12.4799530	-4.1985856
5.6931599	-11.7233080
5.2054567	-13.0621730
-1.1075354	-9.1183091
-5.6326216	-9.1076587
-7.3853743	-6.0659557
-9.0788544	-1.1986765
-6.9803770	2.0620728
-6.6109029	8.3702471
-3.1042423	5.8098576
-0.2894769	9.9273549
3.4072308	7.3116657
10.6931750	5.5690759
7.1976519	-2.6846134
8.8065333	-6.7687050
2.0272760	-6.7683825
2.9000495	-7.3169302
-4.8033286	-6.5702044
-4.0463878	-2.2106954
-4.9806167	-1.9900994
-3.8743455	1.9940655
-1.4156725	7.2466904
1.7950378	4.8545640
7.8558918	4.2763573
5.4350791	0.8445659
6.3809519	-5.3509967
0.1670069	-8.5380229
-1.8700041	-8.6845143
-3.8742207	-6.3766456
-8.9389969	-4.3849171
-7.5415186	0.4849948
-7.4581279	4.8298600
-2.4454854	3.6470262
-3.2289466	9.3518155
1.9695759	8.7838772
5.7950367	5.2456760
3.1594041	2.4814860
3.5302688	0.4476389
5.7029361	-3.1073829
2.3338393	-2.3852817
1.6388364	-6.6837643
-0.9152761	-6.3664934
-2.4352715	-2.1313745
-4.4434035	-4.2410491
-3.0769717	0.1015583
-7.4518893	1.8674981
-5.6222657	-0.5821844
-4.8580186	-0.3744166
-5.1028731	3.5939339
-3.5480189	1.5957322
-3.7366123	4.8247226
-2.1249704	4.5729206
-0.8825874	3.1460159
-4.2441677	5.1949618
0.2634849	6.6598165
-0.8966427	8.1276045
0.5887226	4.8211944
4.6685479	7.8023820
6.7791614	2.3141834
11.3110180	0.9362954
9.6118106	-2.9683552
6.9422163	-6.3504441
2.7368623	-8.2657735
3.5036958	-8.6697425
0.7599866	-3.9652811
-3.5526329	-5.4331686
-1.8517224	-1.2753756
-2.5691251	-0.4967668
-0.2822117	5.3027081
2.3585816	3.7844584
0.2434422	4.7504104
3.6744274	-0.1842009
6.4455640	0.3801366
5.6162991	-1.5777742
5.3022404	-7.6268177
0.5785088	-7.1808467
-2.5265326	-8.6302629
-3.4754028	-2.6588054
-5.9640230	-2.5218119
-8.4541041	2.1668364
-8.3206193	2.8678303
-3.2889095	5.9776868
-0.2862185	4.1632054
0.9163780	6.8820111
5.0322620	2.4096380
6.3617937	2.8780464
0.5330199	-0.3284886
-0.4200791	-1.1318244
1.3333403	-3.4206343
-2.7730517	-3.7171475
-3.4828649	3.0536725
-4.5372453	2.6468128
-4.0803857	2.7009477
-0.6524585	7.9414970
5.7897829	4.1637552
7.9373965	6.1238038
7.5037980	4.1029636
6.8554244	-2.0766359
7.9267194	-2.9048262
3.1303628	-5.7517388
-0.7602565	-6.7729447
0.6710659	-8.8944861
-1.5311437	-4.1926295
-8.4056457	-2.2562457
-7.6216887	-1.2491266
-8.7835720	1.6451446
-3.0012141	2.2291550
-2.5026423	4.9159536
0.2403718	4.2506949
3.8483912	4.0681598
6.3250645	1.1435225
2.3756724	2.7405330
5.8790034	-3.5874091
3.6593421	-4.4773856
2.1865978	-4.9858242
-3.1968540	0.7944287
-3.4743164	-2.4570003
-2.1298215	3.7238405
1.6695270	2.8666996
2.9021568	-0.6616446
2.1828086	-2.2666387
4.5685805	-1.2377196
4.7026243	-1.6611784
0.4219152	-5.9631229
2.1939942	-8.4496422
-4.7253445	-4.8998170
-5.0196236	-6.1161776
-8.0018719	-5.1305665
-4.7039782	-1.1838303
-3.1669612	2.0445030
-2.9572207	0.8642674
-3.8795498	2.7262439
0.0207955	6.1679414
1.3827267	2.5153240
1.1041096	3.8477678
3.8054986	-0.2726839
1.9832056	-0.6922707
4.4226060	-0.6797237
-1.1607234	-5.0730395
-2.4493243	-0.3126732
-3.2460073	0.2595062
-2.7976988	-2.4758936
-2.2033333	-1.1091878
-0.4290565	0.5859810
-1.1546446	0.7770792
-1.2410900	-1.7747435
-0.4337916	0.1315700
0.2168717	1.9375441
-1.8192516	0.2538538
-4.2934800	0.8945073
-1.4093084	3.6678860
-4.8764321	1.6082163
-1.7744479	7.2397910
0.2242924	7.8970983
2.2833223	4.3559831
4.0664494	5.1175961
7.2575970	2.5686994
6.3739264	1.6533540
9.4225191	-2.0981903
7.7603780	-7.0484106
4.2444535	-9.6902566
0.9933889	-6.8668444
-5.2382293	-4.0255545
-3.3241041	-4.7383699
-7.7834317	-3.4277418
-4.0608278	1.4050708
-6.6334609	2.8568816
-1.7085721	3.8713295
0.1458916	1.7956649
0.7948693	1.9507889
1.1480283	0.5020025
-0.0443626	0.8879916
2.2920704	2.1332328
1.2799628	-1.4807666
-3.3557047	1.0103752
-0.3394453	0.6986161
0.0060253	3.1382010
-1.2033189	2.0109798
-2.3791063	0.9763767
-0.9156179	4.7578352
0.8421431	4.4186375
3.4062471	-1.7061228
4.0176470	-1.0134254
3.4010942	-3.9828860
0.3448484	-6.2291149
-1.3140414	-6.7972751
-3.6593879	-3.4952921
-1.8784019	-3.6523961
-7.0803662	-0.5776778
-2.1763138	1.4794342
-3.9407331	3.8599452
-2.9822701	4.6411008
2.4791675	7.0521904
4.3034214	4.8274770
6.4120463	0.8823287
6.2579157	1.9899895
7.2481693	-1.4850306
4.4098071	-3.8001989
-0.1057804	-3.5364058
-1.1162172	-6.3216972
-4.4156630	-2.2505790
-4.2667376	-0.1734581
-3.4657813	-0.8824218
-3.0712540	0.5216768
0.5373239	2.8106462
0.1161881	2.0786727
-0.8745444	-0.4284795
-1.7965196	1.5199911
-0.8459977	-3.5982495
-0.5706851	-1.2371411
0.5078464	-4.2128793
-3.1804079	-1.5593741
-1.5876714	0.8833857
-5.6251651	1.1597455
-1.6965249	4.5272303
-1.9160275	6.0391466
-2.5901593	7.1295036
1.9896021	1.7588304
5.9089629	3.0526649
5.2566664	0.8189990
2.4532435	-1.9169253
0.3896779	-1.6211820
-1.4744466	-1.5724071
1.7347680	-3.6859003
-4.5753940	-4.6564217
-4.9793775	-1.2862905
-3.8682233	-1.8033031
-3.4819452	0.6948783
-3.4059060	0.6412422
0.3894491	4.1847098
1.4141678	5.4208539
2.8605769	4.6715544
3.5979994	-0.3320760
3.7133400	-2.5359792
3.8147185	0.9012423
2.4964506	-3.0250350
-2.0442450	-0.8274018
-3.3464071	-2.0468906
-0.7245942	-2.9900575
-3.3154141	-1.0727326
-2.6366136	1.2076364
-0.1883804	0.0553492
2.4141223	-0.3650779
3.4646532	-2.3098288
3.2660215	-2.4274454
-0.1092405	0.5856977
-0.0761850	-1.4638084
0.5843382	-4.1580223
-0.7944405	0.6716690
-2.1431718	2.8185601
-0.3860949	1.6425454
-0.2747314	5.1848062
-2.6437589	3.8139148
1.9165108	4.2451375
1.7167456	1.7231667
4.3864591	1.3890215
0.9322802	-0.4809951
5.6284804	-2.8399226
1.7467942	0.0721957
1.5820453	-1.5399573
-1.2378747	-1.3276419
-2.9533262	0.7452839
-3.9735060	-2.3833407
-4.5067032	-0.5407699
-2.7418888	0.9184535
-1.7752619	1.3382963
-0.9915754	2.6284603
3.3950081	1.2415586
-0.2804442	-2.1221897
-0.7231026	-3.3348950
4.0682267	-3.5517397
0.7373170	1.0200878
-0.6826038	-2.9001589
-3.4379827	-1.3769266
-1.0586533	2.4022404
-1.7604563	2.2965364
2.1997264	0.7070453
1.7570017	1.9759043
0.9062640	-0.9389375
2.9855230	-1.7754705
4.5544748	-0.7636647
1.1197409	-0.7755503
0.7929221	-3.2528161
0.4003804	-6.2384747
-3.7166411	-2.2951221
-3.2415041	-2.1807697
-5.7123990	-1.1992834
-5.0201540	1.8530895
-1.1795023	0.7793622
-2.1430711	2.7115314
-1.6889716	5.5445063
3.1128777	3.7134903
2.5644041	1.3584529
5.2361917	-1.5030023
5.2958439	1.2203262
5.9559735	-1.8389337
3.6549160	-5.1262327
1.1291928	-6.0436469
-0.8580021	-2.8484827
-2.0172196	-1.8548707
-3.1481145	0.8944885
-2.0181811	0.4706660
-0.7458124	1.4212092
-0.3876032	3.2845737
0.5111098	-1.0737097
-1.4461025	1.4520500
-1.9488914	-0.8627360
-3.0511007	0.6082325
-2.6731471	1.8897109
-0.2997157	-1.5457155
0.5543322	2.7522772
-2.1156877	-1.2908842
-2.6031615	2.3571080
2.4214077	1.9255719
1.1166975	1.5278239
0.4372186	2.7389898
4.0811489	-1.6862922
3.9682561	-0.9872878
3.8511577	-2.2158096
3.4011303	-3.5938144
-0.1909414	-1.5499609
-1.6366069	-1.4757483
-0.6747136	-2.5568063
-6.3737532	-3.4154584
-5.3570660	2.6103798
-5.7337845	2.9842498
-3.0796366	2.2307369
-1.9851692	4.3707795
-0.3664902	3.6818711
-1.7989033	3.3462593
-1.1773352	2.1006994
0.6829720	1.3793534
-0.3383784	1.4180859
-1.3759714	1.5553675
-2.3139313	1.4038411
-0.1124549	1.4066081
0.3515349	2.2945988
0.1410282	1.3352538
1.9628453	2.3342945
-1.7199282	2.8228962
-2.0140059	1.7416707
-1.3310256	1.3906157
2.8623929	-0.6690562
-1.6280662	-2.0665393
-2.8881291	0.1844387
0.3512645	-2.5001697
-4.9659713	1.4901679
-3.1284256	-2.0160049
-2.8594218	2.8466209
0.4148933	3.3624599
0.5256471	1.5729084
-1.2891847	1.0578271
-1.2471322	1.9422670
3.3462949	-0.6048993
0.9126541	3.0124547
0.9665990	-0.2806267
2.4382435	-0.3672295
1.4754221	0.1062573
-1.6319164	0.3342795
-3.4267769	-2.2116830
0.5243824	-1.5047707
0.0009655	-1.6927156
0.4194986	0.5926874
-2.7966248	2.3160097
-2.3436022	0.3633249
-0.0048769	-1.4674783
0.3221029	-1.2992309
-1.7114742	-2.7673466
0.3054093	-0.6069338
1.9635662	-2.3884801
-0.3070247	-0.0730502
1.0926379	2.6276233
-4.0857231	2.5503593
-1.2315505	2.7854973
1.4155246	1.1081282
0.0527260	0.2061087
4.3565682	1.8032205
5.2477555	1.0660415
1.5195163	2.5594433
1.4512637	-2.8320098
4.5833919	0.5308335
2.6622395	-4.0522108
1.1290723	-0.2382134
-2.4440973	-0.1393688
-4.2910923	-2.1188000
-1.6242446	1.1812799
-0.7185462	2.9876313
-0.3605191	3.2800798
0.1751868	2.9520536
0.6159574	3.5855669
2.5857499	1.7933488
2.4893790	-1.7304037
-0.7770346	-0.9827586
-0.6666245	-3.1576165
2.1267858	-2.7634121
1.8939911	-0.2656058
1.9473754	-3.0876571
0.4881703	-0.6842899
0.9269949	0.5901718
-1.9683140	-0.3054814
0.8691191	2.6682782
-1.6309652	1.0794271
-0.8649414	-0.5371544
0.2159021	-3.7339599
-1.7074509	-0.2191125
2.1945136	1.2983148
0.9789682	0.0837141
0.8923585	0.3051822
-2.0356186	2.4841515
1.3246248	-1.3267661
2.1587346	-0.2761164
2.5359276	4.1730133
3.4249982	-1.4415780
3.1370054	-1.6755741
3.5136326	0.9214131
-0.4197601	-0.8634141
0.8171417	-1.0744089
-0.1212803	-1.1085300
2.0963715	-2.2067143
-3.3711850	-0.2364533
-3.1377570	-2.4357990
-2.8915449	-2.3909752
-2.1466553	-1.1095835
-3.5836232	0.8551295
-0.8764532	3.9604977
1.3521108	2.3171413
0.6213378	-0.3547579
1.1958981	1.5494774
0.0871766	-2.3407707
2.8248709	-3.6671379
-0.6713922	-3.9244903
0.1627575	-2.6506216
-2.6926309	-2.8515444
-3.2011982	-3.1137837
-1.9484732	-1.9201180
-1.5491530	-1.8163175
-1.6426104	-0.1242072
0.2516978	2.5153417
0.5343682	1.3753489
0.1296422	1.9673222
2.1091114	-0.3621692
2.4445372	-0.7114035
2.3388241	-0.0272760
-1.3808038	-3.7714454
0.1993931	-2.3672646
-2.8528995	0.2826746
-0.8548486	1.6976927
0.9021517	0.6640151
-0.7095167	0.7924900
1.3447303	2.6858958
1.0323126	-1.2366805
-1.0525881	-1.4047793
0.1009302	0.7795660
2.8253075	-1.7311843
2.6846317	1.4741554
1.6786775	0.5422396
-1.3458319	-2.5713045
-0.5556021	-2.1971972
0.8919767	0.7591388
-0.3595115	-0.9456647
1.1427155	2.4795247
-3.0936487	-0.4602898
-2.2957077	2.2899882
-2.4437030	0.2415696
0.6011532	-1.9131943
-1.7608469	0.4593682
-2.5285804	-1.6649109
-1.9113708	-2.3946481
0.6667268	-0.7382659
-0.5028306	1.5755818
-3.4078181	2.8686396
-2.1037028	3.6412927
1.4174957	4.1029528
1.5369015	1.0512116
3.4891703	-0.8311131
0.3825841	-1.7135662
-0.4073214	0.5338947
3.4895232	1.8368259
0.6305420	-2.4280990
-1.6303530	1.1875878
0.8366642	-3.0282152
0.2958368	1.0566744
-4.0527596	1.1787782
0.6035478	-1.5032180
-2.3996030	1.7050981
-2.3104247	3.0446666
0.3115188	2.7316306
0.6807321	0.0435292
0.9766985	2.1333229
-0.7936392	-0.6001191
2.4427957	-0.4218529
2.6169076	-2.3791168
-0.9849941	-0.8389884
-2.1088329	0.7404001
1.0951474	0.3209464
2.0189695	-2.6736629
-2.8322380	0.5628581
-1.3229730	1.4825695
-2.0329497	2.8228101
-2.0114532	-0.4485890
1.7120182	0.9491389
-1.9502455	-3.0810508
2.0381753	-2.6760779
-2.2772725	-3.5362959
0.0874922	-0.3007246
-1.7753807	1.8102678
-1.4024861	1.5856635
-0.2494774	2.8685395
0.0966428	2.2402864
-0.7031709	0.6110796
1.0559575	2.3587311
-0.0976628	1.8647771
-1.1872072	-0.9909791
4.0899314	-1.3702669
3.2072253	-2.7344163
-0.3012198	-0.4804985
3.0651371	-3.1552682
-1.5986069	-3.6359394
-2.5683243	1.4673046
1.6316293	-0.9292953
-1.5105378	1.8582000
-1.9973243	-0.0454090
-2.9488842	2.7566946
0.4129612	0.0381511
-0.2600329	-0.3230455
0.2752967	-1.8873395
2.2978367	-0.4647797
-1.0921755	-2.3997361
2.1159884	0.6159552
-2.3150619	-1.6998114
0.5621143	2.0012775
-2.3301708	-0.5992961
-2.5465754	1.9594296
2.1461462	2.2551579
3.1250602	2.1353121
-1.3911272	2.8480143
2.7334932	0.7083821
3.9822373	-3.5017748
2.6086879	-3.5628255
-1.2364280	0.5891686
1.7448218	-3.4831023
-1.8715531	0.4542205
-1.7684264	0.7461369
-2.4307596	0.1970390
-3.1778868	-0.2099585
-2.6400764	-1.8112507
0.8573644	2.9808812
-0.3626990	-1.2525144
-0.2696806	3.8245202
-1.8237726	2.0044602
0.0497967	1.7534557
1.6760289	-2.6287997
0.1606986	0.7106626
0.4173666	-2.8516550
0.5151476	0.7596814
-0.2758283	-0.3982594
0.8476062	0.9598442
-1.8609489	2.7920980
0.5501713	1.7165108
-0.8036082	3.1661108
3.0995511	2.2071006
2.2691606	2.6200081
-0.7375701	-0.3044595
-1.7351424	-3.0310072
-2.0073824	-0.5987875
-1.8398773	-2.0310607
-2.3637110	-1.9364510
0.4032675	1.1324397
1.0363330	-1.4216734
1.6162557	-0.9867162
1.5264019	2.2803369
1.0658978	-1.2035971
0.7867021	0.4783933
3.5129502	-0.1044809
3.2050674	-2.5112430
1.9583998	-1.6413431
-1.7687207	-1.7246560
-1.6117290	-2.3837241
1.4281163	-0.9545930
-2.1648637	-3.4476110
0.9402813	-2.5219485
-0.3143839	-1.8243386
1.3196229	-1.9781528
1.7044200	0.3014002
-2.7451609	-1.0148078
0.3661793	-2.1995512
1.3728129	0.9637873
2.0660536	2.6587848
-2.1267822	-1.0632277
2.0206856	2.2283073
-1.7669553	0.7472357
0.9495851	-0.2982103
0.3175223	-2.2545542
0.0160056	-0.8440981
-2.9326667	1.3609720
-0.4043943	-0.7587611
-2.3638730	-1.1260813
-0.9063738	0.8508032
0.8363225	-2.1572542
-0.6731741	-2.0213739
2.0408912	-2.2961337
3.0256512	-2.9141745
0.3948941	2.0547625
1.1071522	-0.7655058
2.2581597	1.6004441
-3.2269570	1.5902547
-0.4446958	1.7395323
-1.5681305	3.1312280
0.7519714	-0.9983026
-0.9825953	-0.5951700
-1.1262881	-2.4434533
-2.0513448	1.9132364
-2.1834458	-1.4726120
-1.6174464	0.7416981
-0.3803286	-1.4546800
-1.0569379	-0.9963544
-0.0829760	1.8935108
-1.0474288	0.2292849
1.0950116	0.7911040
2.0647917	-0.3451123
1.3317309	-2.1717000
-1.5510567	-0.7155547
-0.9818991	-0.6756199
-0.0156699	-0.4274770
-2.2851383	-1.1265116
1.2809747	-1.3994206
0.8605148	-1.3090296
1.0410504	-0.0858039
-0.6479659	-2.0773184
-1.9607347	-0.6452083
1.7626850	0.6467851
-2.6189681	0.6713075
3.0088247	-0.9456373
-0.5115435	1.9300648
2.5537090	1.7091088
0.5400951	-0.0052415
-2.1057327	0.1061930
-0.7647203	-1.2358049
-1.5774978	-2.7621050
-2.3966229	-0.1560753
-3.2113898	-2.5918322
0.2138323	1.8955309
1.4207388	-0.2737098
-2.1819493	-1.1045129
-2.0371634	1.2570748
-0.1979852	-1.0389817
0.5126556	-1.0050465
-1.1550516	-2.1193412
1.9021828	2.8488481
0.8806566	-0.4483087
2.4916209	-2.0367298
2.1706115	-0.7477119
1.7698501	-1.7412015
-1.2208651	0.1030292
-0.6967939	0.5201415
-2.8355913	-1.6380979
1.3494960	-1.1554367
0.8979200	-0.9812602
0.2677606	-0.9033443
1.5497294	2.3073467
1.3851774	1.6266195
2.8843380	2.2685223
0.8943558	-2.4803156
-1.3875137	-0.7391548
1.1795320	2.1945429
1.6885040	-0.7822796
-0.5577958	1.5368409
-0.1761715	1.2748015
0.0813769	1.2770380
0.3805388	2.4460567
0.1042726	-0.7354810
-1.4577313	-0.1762279
-0.2905074	-0.3909967
0.1278546	2.3064068
3.0829929	-0.9677538
0.1648119	-2.0017440
-2.5535091	1.6658557
2.1465726	-2.9816863
-0.1095009	-2.6961359
1.7637512	1.9247636
0.4100409	-1.8471904
0.7742321	2.7434736
0.1833692	0.5393620
-2.4165236	2.5189876
0.1199775	-0.2879989
1.2855521	0.2972331
-1.4180352	-1.0956197
2.3968103	1.5770597
0.8023279	-1.0694019
-1.6599884	2.1652125
1.5507627	0.2922732
1.0297137	2.5386838
1.1635333	2.3161054
-1.1449004	1.6750573
3.2073195	0.0864905
0.3520742	2.7051645
1.5336210	-2.4448801
-1.1655607	-1.3977403
2.7256228	-1.5080249
-0.5561801	-1.1644489
0.6518583	-0.0830023
2.0161912	-2.3731395
-1.4682730	-0.7576264
-1.0830330	-2.2394611
-3.0955282	-0.9594937
0.2363311	1.4574099
-0.6459345	-0.9054940
-0.3002555	1.5959312
2.2846068	-1.6966469
2.5746008	-0.5056734
-1.3604505	-0.9852046
-0.1885869	-0.6841754
-0.1601668	1.4518691
0.8373550	-0.0497467
1.7737700	-0.7305502
-0.3358051	-0.7858850
1.1254711	1.7942311
-0.7415359	-0.6612117
0.5680230	2.2434643
0.5836073	-2.5476281
0.0158486	-0.6598372
-2.6377507	-0.7461831
1.6589083	-2.0838608
-0.1987581	-0.7167456
-1.4155989	0.3380347
0.8846101	-0.0522658
1.8635342	1.1873865
-1.3259252	2.3024555
2.2345998	-1.9619517
-1.9971384	1.5593460
2.0696551	0.3454144
-2.1048359	2.1378196
0.4583680	0.3575407
1.7729894	1.1060224
2.5251539	-1.9884714
1.2210989	-0.2004011
1.1979824	-0.9237517
-1.9933116	0.6845914
-0.8394128	-2.5936486
-2.8002895	0.7999451
-0.2999899	-0.8255307
-0.5815090	-0.9923741
0.6891169	-1.2856835
-1.4787055	0.2677902
2.2221623	0.9781755
2.9378879	-1.6087580
0.2038624	-1.9210697
-0.6480441	-0.5667049
1.8752966	-0.8432274
2.1464852	1.5463476
1.8214506	-0.8488683
2.2542243	1.4637106
0.7391113	-1.2225552
-2.7737152	-1.7379066
2.0427518	0.3465521
-0.9564749	1.4520512
2.0583735	2.2071178
-0.5110159	-1.3697449
-1.1025002	-0.5945965
2.4763261	-1.8839974
-2.2136973	-0.8849457
-0.4421685	0.8388742
-2.4254778	-3.1120697
-3.2131786	2.1230850
0.5080233	1.4290037
-1.2790843	-0.4295787
-0.1545329	-0.7091470
-0.4057187	-1.8496302
2.5623140	-0.0034410
2.9614407	-0.2636761
1.4740350	-0.3501642
0.0312270	-1.9759491
1.6443130	1.7721348
0.0487373	-2.3330953
0.1235417	-0.9302420
0.0443125	1.1345636
0.4202584	1.7253423
1.2442761	0.8795975
0.5810775	-1.5515555
1.4198058	1.7341172
-0.3157255	1.0329894
-2.4584959	-1.0857803
0.4443762	-0.6249789
1.5754994	-0.1810710
-2.3227385	1.4459495
-2.0395684	2.2255998
-2.5752850	1.4929316
2.6168541	-2.6871702
-1.3209513	-0.1793299
0.3773728	1.0615947
-0.9353935	-2.2566847
-1.1143032	1.9204555
0.0447818	-1.5735021
-2.1921808	1.9703669
1.6832701	-1.4798694
-2.0162439	-1.1166227
2.6386877	-3.1762666
0.2186986	1.9599476
-0.6124712	2.1346980
0.6454889	0.2077280
0.9761759	1.6625113
-1.8744482	-1.0077054
0.7292397	-1.8213508
-2.3386432	1.2268536
0.4307305	3.0018907
1.6226495	-0.8932431
0.9439011	1.4281893
-0.8476756	0.8757422
-1.7675775	1.9102775
2.6180896	-2.7617119
-2.1472336	1.2038252
-2.0633101	1.6333336
2.1501680	-0.1359276
0.5305606	0.6470188
0.1841526	-0.7291474
-0.8659983	-0.2202175
0.1176859	0.3898737
-0.3096481	0.4865363
0.9924012	-2.2532766
-1.9456650	2.7839832
1.5439668	2.4395891
-2.3349259	-2.3650480
-2.6082949	1.3680778
-1.2018190	1.3850078
1.6790085	-0.3648322
-0.3127252	-1.4703802
0.0657544	1.5345156
-2.6611008	-1.3779401
1.2269336	0.2694981
0.8263010	-1.9251378
0.9842861	1.7497815
2.6389858	-2.0499689
1.6752668	-0.9364883
1.5888347	1.8277742
-0.6917822	-2.7101999
-1.5424030	0.7039776
0.7292084	-2.3976019
1.8966260	-1.4719463
-0.5949951	-0.0715815
1.0214763	-0.6831282
2.1482849	0.8678251
0.9063072	-2.0370524
-1.1767432	2.7241209
0.1106891	1.8862223
-1.3664803	1.1992772
1.7335679	-2.1242959
1.1599588	0.0065657
2.5523432	0.0572191
-1.4295370	0.8095597
1.4264550	-1.1068965
-0.2199085	0.5388952
-0.8796026	0.4871360
0.7702280	1.4275393
1.1142570	1.7355570
-1.0251784	-2.5660393
2.3763378	-1.4439758
-0.1066813	-2.5055917
0.1308005	1.0737433
-1.4215647	-1.4679429
1.1987431	-2.3752810
-0.4458762	-0.4878650
0.5758945	-1.4945054
1.6143791	-1.3256527
2.5036304	2.6007269
1.8296574	-2.1348546
-0.4628248	-0.4461287
1.3515424	2.8627495
1.6391306	-0.2172215
-0.2475595	-0.3951932
-0.5950123	-1.0193567
0.8901685	1.6156250
1.5886055	0.2960320
-2.5188390	-0.6165615
-2.5437042	0.3927825
2.5583622	-0.6500029
2.3825887	0.8373809
1.3244651	0.5360335
-0.1802311	-2.0128113
1.0796760	1.4499633
1.7462253	0.8952172
1.7543214	-1.1150556
-1.5193653	-2.9803252
-1.7333483	-1.6728784
-1.3276673	-2.1919627
1.1146672	-2.4896785
2.1371797	2.4654878
-0.8480579	0.8854400
1.6426336	2.3730883
0.3978824	1.0173019
0.9591528	-1.0968827
-1.4032003	-1.8626286
-0.8083127	2.0753144
1.1039686	-2.2932812
-1.6130145	0.9131660
1.8936744	0.3889624
0.9528734	1.2205808
-0.9053971	-0.4115668
0.6379022	-1.5427979
0.1447621	-2.8417966
-2.1754346	-2.5246386
-1.0067935	0.5778055
-1.2027682	1.0897833
1.5648854	-1.4701830
1.9497504	1.1135711
-0.7099602	-1.1655462
0.6835384	2.6734925
0.7667873	-2.1972828
-1.5559365	-1.4829993
0.5945376	1.4692907
-2.7560046	-0.1761303
-0.2841172	-0.4630605
-0.2190738	1.1018602
2.2380960	-1.7051653
2.0063789	2.6856282
1.2623765	-1.4070367
1.0402817	2.0020672
0.9031685	-1.2957719
2.5887602	-1.7681767
-0.6767967	2.5445298
1.2792845	0.5589133
1.6584677	1.4780221
2.4218644	1.3873388
1.1155386	1.4843962
1.5515679	0.6199007
0.5569619	0.2117342
-0.3102893	-0.5898356
-0.7253235	0.0702994
0.9278437	0.3957643
2.5274255	0.7597281
-0.5075207	-0.3877914
-2.5006826	0.1279328
-1.0666023	2.0671268
-0.2793273	0.8239282
-1.8002654	-0.7937321
-2.1670153	-1.5380623
-0.4792291	2.3042989
-1.9207615	-0.1860990
-0.7366038	-0.8321760
0.9064282	-0.6057534
-1.3118984	2.7538225
-1.5721223	-1.4405978
1.6266662	0.8853902
-0.8764673	0.0051868
-1.5791065	0.5575369
-2.5438471	2.4515074
-2.3469178	1.0561394
2.1029588	-0.4556955
0.4830427	-1.8670850
1.5871288	0.4948674
-1.5073645	-1.3239270
-1.7682150	-1.7212390
-2.4112526	-0.5227836
-0.7665306	-1.9763757
-0.2835903	0.2051099
0.1072667	-2.3603154
-0.0202208	-2.0991958
-2.1420465	0.2682007
0.6914107	1.7052845
-0.8097001	0.6154530
0.9483574	1.2421039
-0.1726019	-0.1127371
0.7465255	2.1566820
2.0595366	0.2436701
-0.8838971	1.6621371
1.5087173	1.5276812
1.9868088	0.1124810
-2.1825015	1.7221557
1.7951682	-1.6962085
-0.6414948	0.6595966
-0.8189321	-0.4775588
-2.5131920	0.8257307
1.5010577	-2.3800627
-1.4977853	2.5966251
-2.6664636	-1.0651829
-0.5222195	0.9056076
-0.1327495	-0.3876331
-2.2483905	-0.5584523
0.6307176	-1.0418574
1.8446103	0.0300683
0.8838792	-0.4095322
-2.2031032	-0.1274020
2.1609544	1.3400763
-0.7123672	-0.9368865
0.3382780	-0.2484286
0.4492915	1.3506588
0.7708130	-0.6233004
-1.7710114	0.9840004
0.8378576	-0.6545668
1.2345240	0.2797916
1.1520206	1.3665067
1.3642095	-2.2125125
-0.1345669	-2.5312565
-0.2070115	-1.1262095
1.4860692	-1.7396851
-0.4839104	1.7020023
1.9967838	-0.7307467
0.9615851	-0.7267455
-0.9392171	0.3380944
-0.2926026	1.3385301
0.7027552	1.4198171
-1.9444733	-1.5385590
1.4958488	1.2048698
-1.9880996	-0.8063637
-0.1123884	2.0415388
1.3887967	-0.3639913
-2.3627263	2.3826093
-0.5581140	0.3603139
-0.1890741	2.4162015
-0.6715522	1.5519202
-1.2123069	0.8185116
1.5636618	-1.8862689
-0.6665192	0.7689115
0.3242278	-1.4999109
1.5152052	0.0136955
-2.5632711	0.6932379
1.5267296	0.4705256
-0.6703590	-0.9204982
2.2148899	1.7370653
-0.7915424	2.0914405
1.3853216	-2.3555898
1.6023445	-2.7869938
-2.7386671	0.4561740
-0.6409941	-1.0002863
-2.3564417	1.4444989
-0.2755398	-1.8055523
-2.0891353	0.0504134
-1.9644044	-0.6250710
-1.3905456	2.4404105
-2.4138659	-2.2167843
-2.1320302	-0.8823246
0.7577168	-1.0921539
-0.4457256	-2.8055446
2.6370912	2.1602433
2.2473863	2.7142779
0.9525804	-0.8648056
-1.4266645	0.5230137
-1.9935338	-0.1003046
1.7535273	-0.4529813
0.1202524	-1.8382623
-2.1628866	0.9376783
-0.7063650	1.2454338
2.4043640	-2.4484773
-0.0305835	-1.3190325
1.0049289	1.0004623
2.1107718	-2.5693046
2.5571059	1.0780594
-1.4951541	1.1831147
-2.0889155	-1.5615713
-0.3823704	-2.3632778
1.8928687	-0.5702995
2.1101698	-1.0186600
0.6663126	-1.4777979
-0.3084737	-1.7044522
0.7924486	0.1678395
-2.2167442	2.2202343
-1.7452161	1.7312571
2.1984408	-1.3545161
0.0860033	0.1655105
-2.5358967	0.9354539
1.7686740	-1.7522400
0.0115326	-0.2196285
-2.6157481	1.3865259
-2.6358417	1.3811693
0.0643477	-1.0137902
2.2175200	2.4730028
0.1026061	-1.0705326
1.8489417	2.7156590
-2.6893403	1.8730071
0.9357315	-1.1548557
-2.6033356	1.7322229
2.4305097	-0.9841933
0.8512607	1.7729018
-0.8451329	2.4128064
-1.5969387	-0.3678629
2.1615529	-1.5320258
1.3549292	-0.8451947
0.8827355	-0.3898639
-2.3410197	-2.5786117
-1.9147717	-2.2306478
0.0631107	2.4518112
-1.8833159	2.5194486
-2.4602991	2.3354700
1.5878525	-0.4577647
-2.1015288	-1.3638413
-1.3593544	0.4617655
2.4654600	2.7434462
-0.5696775	1.1592043
-2.0681228	2.0191723
2.8983507	-0.9181323
2.8298956	1.7410477
-2.3521931	0.1712910
-2.4427917	0.2241001
0.2852349	1.4026263
0.0144021	-0.7902726
0.6353209	1.2365768
-2.3668110	-1.6520100
1.8227112	-0.1125480
-1.0940964	1.8004293
1.3002151	0.9679296
-0.2147163	-1.9456086
-1.4506902	-2.3647049
0.2699637	0.1863083
0.6140606	-1.4024304
0.7255733	-0.6565381
-0.6513247	-1.2984606
-1.2637630	-2.2466496
0.4057823	1.2516593
0.2175207	0.2839954
-2.4497478	0.7751928
1.1792952	0.5858317
-1.2365752	2.3590253
0.3729763	-1.8135674
0.6000390	1.1044938
1.0976206	1.2574240
0.5571860	1.4383785
-2.3495209	-2.7730889
2.2670036	-0.7035251
-1.2936835	-0.7419166
-0.0411490	-1.1960439
0.0593064	1.1132654
-2.5135940	1.4839265
-0.8073693	-0.0594462
0.3947230	-2.5911218
-0.1924404	1.1011549
-2.3395550	0.5020693
-0.1087337	-0.6225434
-1.8295506	-0.9773349
-0.5271462	-1.5481950
-1.6487818	0.0372523
1.7627713	-0.9760180
2.5344379	-2.4351362
2.5144634	-0.0366340
0.9081197	2.4956058
0.8834716	-0.7234353
0.4285135	1.4359955
0.8266443	0.9934196
-1.8763778	-1.6965729
-0.3866132	-1.8588602
-1.3187147	-2.4461409
0.5963160	2.6177238
-1.9601669	0.1737643
0.7054302	0.2921502
1.3885591	-0.9450356
0.8433730	-1.4225486
-1.1305754	-1.2289260
1.3632773	-0.3117404
2.0190120	1.1713620
1.7193427	-2.5666735
2.2726781	-2.1044692
1.4221749	-1.9723614
0.8006635	1.9432624
1.8311082	-2.1123976
0.9036092	1.8115094
1.9608360	0.4446240
1.0884961	1.9638675
-2.4883958	1.5095666
-2.0487292	0.5040460
0.1912124	0.7465556
1.7153350	-0.7862581
-1.1637880	0.1911530
1.7967475	0.7170043
-1.1814399	0.6929830
2.1604647	2.1415689
0.2347673	-2.3515717
-1.4613069	2.1313923
2.4969872	2.0118214
1.6182915	-1.4179500
1.6250971	0.5099699
-2.1703613	2.7599744
1.5083940	-2.1838772
2.2261570	-1.3856544
2.5252325	-0.4765553
2.5106716	-2.3842296
-2.2506962	2.0718855
-0.2171960	-1.8277163
-0.6181980	1.3203433
-0.3156798	0.3831039
-0.3502775	-2.5799156
-1.9555304	2.4502917
2.3038159	0.4270777
0.1114880	-1.0969676
2.3259613	0.8586761
-1.6089464	-1.6197017
0.0265666	-1.2432769
1.0611378	2.4020550
-2.2094363	-2.2507527
-1.8826511	-1.6314824
-1.3274738	-0.6750012
1.0915219	0.3136715
-2.4411605	-2.5553224
-0.1787171	-1.3129244
-1.5532603	-2.2447481
-0.3446799	-2.1721946
2.2487624	-1.5786547
1.3482453	1.0026854
-2.2206536	0.3228645
1.3486085	1.3407038
1.3473322	2.4630891
-0.9297435	2.5270083
-0.6263321	-0.6600717
0.6579487	0.8307375
-2.6445000	-1.0189013
0.7373568	-1.7037125
-0.7804062	2.4322781
1.0847223	-0.7686733
-2.6032532	1.6526340
2.0615042	-0.9389085
-2.7038052	0.5119009
0.4637079	0.0408078
-2.3920375	-2.0134724
2.0115600	2.0610012
0.8863509	2.7225092
1.7083176	2.6303671
-1.7595238	0.5073081
2.3201579	-0.2534365
-0.9848191	0.4183111
1.5879711	1.4829474
1.5427116	0.7742910
1.1167072	-0.6720689
-1.8129507	2.3506790
2.6455088	-2.5248031
0.1771690	0.8345511
-0.9145904	0.2883863
0.7100205	-1.4773644
2.0279034	1.2065473
1.1759123	1.1048416
-1.9445762	-0.6026266
0.7248556	-1.8492819
0.5220435	-2.1694126
-0.4561013	-0.5891854
-2.1491137	2.0151996
-1.5624866	-1.0171139
1.3387283	1.4969232
2.2662430	1.8717113
1.0096080	0.4102397
0.4555138	0.0724452
2.2916763	0.4687714
0.0530364	1.2954235
-2.3774760	2.0380083
-2.7830651	0.0879141
2.3351677	-0.3409271
2.6014180	-1.3164202
-0.4486417	2.2284579
0.1652595	-0.3598986
-2.5300574	0.5376736
-1.8599692	-1.0255735
-0.8637869	1.2984051
1.0999466	2.1612465
1.2538069	-0.7999051
0.9962329	0.0171757
1.7722193	-1.8143853
1.8908082	-0.9110678
-2.6947697	-1.4006067
0.6335001	-2.6273685
1.3582307	-2.1943766
-2.4429138	0.7674927
-2.5001800	0.7735589
2.1403113	0.1369698
-0.9577437	-1.7105990
-0.8164280	1.1822059
-1.8205780	2.0788090
-1.7645567	-2.3857276
0.7512017	0.5651696
2.5554814	2.3729489
2.6204989	-0.2593887
-1.8460711	-0.8691942
0.1484775	-0.3327317
2.1541392	1.0168865
-0.2596460	0.6330587
-0.4972649	2.3772249
1.6551456	-2.0836045
2.4209885	2.2805248
-1.2993809	-0.5340054
0.2611372	0.9873954
-1.8116069	1.5398552
1.1556981	-0.2443368
2.6285564	0.5244125
0.1990448	-0.9921967
0.2631874	2.6475020
0.8181129	1.7199598
0.9675019	1.5711788
-1.1722971	1.5919499
1.2587972	-0.0800934
-0.7535552	1.9186496
-0.2074896	1.5469942
2.3899560	-0.9025788
-1.5325962	-2.4737939
-1.4813564	1.2588896
1.3774618	-0.8897728
-2.4540182	0.6474026
-1.2253347	2.1192774
-2.2879031	-2.6472147
0.0310225	-2.6025040
1.8037220	1.1320850
0.1444243	-2.6359706
2.4011695	-1.5631117
-0.5946502	-2.1900273
1.4446946	-2.1947260
-0.4697424	-2.4397192
-1.7820518	-1.5329968
1.1775518	-1.8237813
-2.6740215	-0.1099595
-1.2895867	2.3923803
2.0546176	-2.2321491
1.3370392	-1.0080827
-1.3922736	-2.4159115
1.4315066	-1.5182858
-0.6009402	1.0116424
0.2560046	1.6313598
-2.5843745	-2.5562648
-1.6495058	0.1500973
0.0544933	1.7433506
-0.5845409	-1.6685771
1.5941408	1.3561877
-1.6705353	2.7185380
2.6600829	1.1187013
-1.3165790	-2.3765627
0.0926389	-2.4650319
0.0929555	1.3957326
-0.2923630	0.0416625
-2.6188902	-0.6967651
-1.3910635	-0.6620541
-2.6312339	1.1778110
-1.0018051	-1.7521765
1.7072273	-2.6173699
2.4464473	2.1979448
2.3844137	-2.7095995
-2.4663393	1.3989337
1.4410739	-2.6219756
0.1938227	0.9055302
-1.6446786	1.2119196
1.4047269	-0.7958570
-2.0027572	1.5294698
2.0680005	1.8392807
2.1895230	1.6097410
-2.0075163	-1.5925118
0.4043694	2.2734703
-2.3144626	-0.2099195
-2.2852840	1.2436396
2.6153072	2.2630065
-0.2894652	-2.4869001
0.8125483	-0.6731504
-0.5740307	-0.5185226
-0.2165730	0.9173449
-1.9052593	0.9602189
-0.3235519	0.1737390
1.8907730	-1.6147428
-2.6148914	1.6363818
-0.6299123	-0.2220484
1.5138822	1.4372714
1.4697060	1.9105332
0.6691954	1.0255122
-0.7679632	-0.6878766
-2.6574327	1.4354187
-0.6550360	2.0025948
0.5207846	2.3699311
2.1486072	-2.1030856
-1.5528225	-1.5692401
-2.0285555	-2.1377942
0.9000531	1.4123906
-0.2366579	1.4483378
-1.9512963	-1.1709354
2.4023956	-1.7904359
2.1914986	-0.7695120
0.8795919	2.2078807
2.4202401	-1.3673541
2.5531572	0.3108818
0.5344950	-2.5281670
2.1979281	-0.8988853
0.3370139	0.2581488
-0.8141796	2.7309075
1.9150174	0.1600036
1.9303511	1.5438262
-1.1274926	-2.7484767
-2.5054085	-1.8926679
2.0603211	-1.7165613
-0.7976811	-0.3911805
-1.2043369	1.4092748
-1.7729281	-2.2032964
0.3568827	1.2833482
-2.3292063	0.8250654
0.3255483	1.5536126
-2.0964667	-1.4660680
-1.9806436	1.7147924
-1.9703518	0.2018738
-0.5339374	2.3210145
-2.6905173	-0.7090497
2.3013118	-1.5006923
-0.4894725	0.7884881
-0.9264449	-0.6302709
2.6128572	-1.1992091
-0.5664694	-2.2279551
-0.8745833	1.6321372
-0.2173931	2.1118139
-0.6782800	-2.7004386
-0.3565031	0.0699124
-0.0554167	-0.2559765
0.4025969	2.6210585
-1.0495484	-1.7508556
-0.6491544	-1.6353324
1.8625803	-1.4780674
2.0797615	-1.6176788
-1.6137156	-1.9811826
-2.1165313	0.4098197
-1.3035989	-1.4728822
-0.7886693	-2.3812032
2.6651434	-2.1291462
-1.6195106	-2.0629160
-0.8236540	0.5999781
-1.3873178	-0.1526334
-1.1301358	0.1159933
0.7309916	-2.2982503
1.7546740	2.6215838
1.1438570	1.9234755
1.8448808	-1.6939765
1.9825669	0.5820817
-1.3120153	-0.9943823
-1.8108456	-0.6315128
-2.6609524	2.3303815
-1.2728718	0.8905473
1.0969164	-0.1387683
-1.3365315	-1.0815934
-2.2272844	-1.6037884
1.3562765	-1.9396684
-1.8851821	-1.4146579
-2.0345067	1.7351047
-0.3901931	0.2526033
2.4241185	-1.1010898
-0.4687317	-1.8035097
-1.1181371	-0.2063325
-2.0332015	1.4983251
1.6381005	1.0142959
-2.1441331	-2.5769713
2.4719760	0.2860193
1.5662684	-2.0286919
-1.9774624	0.9813269
0.2027013	-1.9687832
-1.4627239	1.5161551
-1.5387220	-0.1599901
-2.0789190	-1.3178901
-1.8596257	0.0358744
-0.1190847	-0.2247493
-0.1486692	-0.0771380
1.7827472	-1.5787686
-2.1433459	1.9070489
0.0851053	-1.1681565
-0.0527169	0.3080631
2.4377954	2.1461953
-1.6019722	-2.0777762
-0.5942630	1.8709680
0.1892586	2.1159064
0.1211668	2.4376072
0.0645164	-0.2606868
-2.2449640	-0.5382616
1.9589709	2.0812012
-2.4600387	2.2936605
0.4546900	-1.8080527
-0.6526674	0.6049004
0.4898175	-2.7306755
-0.6443772	-1.5894844
1.4836133	0.0893596
1.0483620	-2.3950202
-1.0754188	1.7336832
-0.0405345	1.7606245
1.0042782	-0.1043620
-1.0747133	0.8415723
2.4707145	-1.8646386
2.6645852	0.3294372
-2.6443160	-2.6819742
-2.3214114	-1.3924962
0.7708785	-0.9923825
-1.5061684	0.1969650
1.6855768	0.6937267
-0.4742357	-0.4315298
0.9657680	-0.3775697
1.1090771	-1.8032420
-1.9534181	2.4740054
-1.3469070	-0.2819473
-2.0235848	-1.0673146
-2.0286017	-1.5100168
2.4018041	-1.8269334
1.8820901	-0.1830797
-2.1128771	-2.7343070
1.0478840	-0.1910685
0.6502922	-2.0466940
-1.4405905	1.1503556
-0.4202897	1.7515962
0.4027406	0.1464282
0.7197813	-2.1568019
2.0152941	2.4230275
1.8154401	0.7377464
-0.2703860	-1.8159927
-2.6057667	-1.2160740
-1.6728092	0.7187087
0.2646640	-0.6005572
0.6279122	-2.0180326
0.0000683	2.6492142
2.1037236	1.8814016
-0.0623618	2.4683458
-1.4188684	-1.8721133
2.5694594	0.4117216
1.7324830	-1.2542204
2.0374851	2.1180998
-0.9599398	-1.0847369
1.7553775	-0.6941661
-1.7856151	2.3887148
0.6499005	2.4151635
1.6299618	0.9372939
-0.7426427	0.2924559
-0.9987351	0.8583996
0.4565618	2.1291293
2.0069581	0.3585362
-1.9146642	-0.3661287
1.1037888	0.5907001
2.0242226	-2.6931417
0.3546941	2.6092455
-1.4371180	-2.3363415
1.0888377	2.3046635
-2.5211577	2.4288432
1.2837615	0.1920670
-0.2145919	-1.4530710
0.4431224	0.4738704
-2.5827645	2.0609772
-1.2196097	1.5478740
-0.4474411	1.8537701
-1.1020184	-0.5391723
0.7160977	-1.0244870
-2.2352690	-0.6761682
0.7073323	-1.3218539
-1.6597617	1.4255591
-2.4972354	1.8656185
0.2786529	1.3831508
-0.9242666	-1.9288097
2.1554292	-0.0623727
-0.3598664	0.2210898
-2.0641995	-2.6539206
-2.1565395	1.3610956
-1.4114750	-2.1955852
2.2840677	-0.9901416
-1.0868269	0.6117162
-1.3872010	-1.6885064
-2.3008376	0.2361443
2.5188418	-0.9314991
0.8711027	2.4047516
-0.2599447	1.0378363
2.5961384	-1.8555361
-1.5824690	-1.5448488
-2.1681997	2.4443173
2.4621362	-1.9374328
-1.2895946	-1.4644960
-1.3102078	0.4693253
1.3701146	0.9876082
-1.8541603	-1.2082600
-1.6943387	1.5002751
-1.4629752	-1.2703489
2.0464423	2.0430597
-0.7040227	-0.8913271
1.4363229	-0.1896802
1.8920574	0.2526871
-2.0138558	0.3246467
2.3581138	-2.0767419
0.9334039	-2.0582596
-0.0310514	1.7716380
1.5206794	1.2493820
-1.5550536	-0.8592457
0.8877133	2.6440554
-0.4928014	-2.2681609
-0.0443648	-1.7010175
0.4617555	0.1811347
-1.4767106	-0.0753738
-2.2284416	0.6440266
0.4024790	2.3976073
-2.1296081	0.3964197
-0.2769941	-0.1758260
-0.5400199	0.4622851
-2.2150582	0.9338644
-0.6920467	-0.3476455
-0.7125582	0.2916390
-0.7521987	-1.5424889
0.1026711	1.5708504
2.1775021	-1.3205020
-1.0216942	-2.6659495
1.0305337	-2.1286326
1.3751318	-2.0047534
-1.1065889	-0.7919229
0.2026140	-1.2042250
-0.2801030	-1.2829345
2.0462248	0.5514302
-1.2300535	0.2441668
0.6303851	1.3221711
1.1843976	0.6368553
-0.0680898	1.3078720
2.2740277	1.6127595
2.4988737	-0.6709944
-1.5086291	-1.8145448
-1.7150789	-1.5694257
-2.4039424	2.6188176
-0.8786850	-1.8136100
1.5036534	-0.8979139
-0.7063910	2.7572623
-1.0460592	1.8325012
2.4966214	-1.6991719
-0.0993870	-1.0429961
-1.8323842	-0.5893136
1.5160959	-2.2110859
2.0677170	2.1188103
-0.0058574	-1.7554596
2.4570338	0.4657299
-0.4670105	1.2122495
-2.0987008	0.6453303
2.5134514	0.6708994
2.4347877	1.9180196
0.5542975	-0.8796472
2.2726240	1.1046826
1.5181214	-0.8818799
1.7471377	2.1284952
-1.4992448	-1.2907550
1.0552163	-2.4844663
1.8042568	0.6386898
-0.9136451	-2.6767007
0.6897446	0.5003464
-1.9528524	0.0516740
-2.6792160	1.9174231
-1.8533410	1.7476607
-2.0299107	-1.2516072
-0.5802471	2.3088608
-0.5318539	-2.5681548
0.4490908	0.1555208
-2.0470357	2.5521477
0.2396261	-2.0812276
-1.5706802	-1.3489185
-0.3359341	0.2846030
-0.6857066	1.1496091
-1.3393888	-0.5834068
-2.5712135	0.3784883
0.4886243	1.0345644
1.9183637	-1.5883603
0.4732708	-0.1508969
-1.0394308	2.3205950
-1.8068560	-2.1554017
-0.9936628	-2.6955025
-0.7931629	2.4340229
-0.3994975	0.4737882
-0.0380422	-1.8764607
-0.4079421	2.1169516
1.4069051	-1.3107367
1.8744362	-1.1090130
-2.1008283	0.8801918
-1.2624832	-2.2722290
2.6511655	0.8029792
-0.3117635	-0.2242014
-0.0270006	-0.7921902
2.0125073	0.9896990
2.5164614	2.3281029
0.7497601	-2.5007933
-2.1142196	-0.7732820
1.4850699	-1.1457780
1.6814265	-1.7112677
1.5407566	1.4378870
-1.6250854	1.7539495
-1.1592573	-1.1233854
1.1746813	-2.4335776
-2.1863703	1.7583076
2.5440985	-0.8705624
1.0198058	-1.3260343
-1.0924176	1.0696575
2.1012421	-0.9685997
