jMRUI Data Textfile

Filename: dataset17_WS.txt

PointsInDataset: 2048      
DatasetsInFile: 1         
SamplingInterval: 2.5E-1    
ZeroOrderPhase: 0E0       
BeginTime: 0E0       
TransmitterFrequency: 1.2322E8  
MagneticField: 2.9E0     
TypeOfNucleus: 0E0       
NameOfPatient: dataset17_WS
DateOfExperiment: 
Spectrometer: 
AdditionalInfo: dataset17_WS
SignalNames: dataset17_WS.txt;


Signal and FFT
sig(real)	sig(imag)	fft(real)	fft(imag)
Signal 1 out of 1 in file
254.9838900	-98.5653630
471.7594600	-226.6004100
319.0887400	-370.1105100
144.8273800	-412.2998500
-51.2813670	-395.3342900
-174.7573800	-286.4659000
-219.3187700	-139.3152600
-203.1351300	-26.5605550
-118.1417400	64.6137040
-35.4887710	72.2541790
21.1191640	51.6677540
62.9283720	6.5044291
53.5233310	-59.6798820
11.4836250	-77.9018140
-33.0600250	-73.3505280
-49.5389640	-76.6185840
-84.5408060	-50.5673230
-73.4324050	-11.8076020
-67.4671820	-18.6824450
-92.8702870	7.3222649
-79.0975670	31.9215380
-53.2263530	56.1520400
-24.5110050	83.3003120
-1.1609832	70.7303830
30.7918460	68.4711320
42.7974560	31.6128900
53.3687860	12.5012430
29.5278460	-14.5141340
2.4567966	-45.2237810
-36.9090910	-29.6258750
-52.4957210	-19.8868550
-58.2473540	22.8757910
-68.7543850	41.6766510
-38.6055470	58.7708020
8.2244673	81.2862010
44.6265680	83.9546700
60.2240400	47.5335270
76.0122630	30.7427730
67.0321900	9.0617190
63.4924230	1.5789950
66.8239810	-17.1341330
46.1027860	-44.3203300
34.0482840	-57.5438920
23.6903860	-49.8086460
-5.8706245	-64.1489400
-17.3616700	-40.2494040
-16.7670930	-10.1149500
-29.9934220	-0.7386956
-19.3870670	1.4032335
10.1058570	3.7019113
25.1936400	-7.2334647
27.9873840	-19.9376400
-3.3668908	-58.3161250
-33.5887930	-61.0279800
-41.7868460	-55.2826300
-76.0952010	-22.5502520
-53.1925460	22.9128260
-34.7078080	39.2317040
-20.1682940	79.5797120
22.5270930	49.7926250
41.2502180	35.0581820
70.3455890	-3.1838151
49.4972710	-38.8362270
18.7907370	-47.2658610
14.7215580	-70.5264720
-14.9054450	-58.4569180
-51.8909770	-32.3433780
-57.5578150	-14.4850710
-41.6703320	22.0438180
-28.4392990	31.8919620
-8.4661700	20.2565890
-12.3525730	39.1312830
-15.9609800	27.0035530
8.5939246	15.0581350
3.2585580	12.9603900
20.1584120	15.0983810
16.3462870	1.9679294
20.6539990	0.8629400
5.1162856	-28.1799570
-4.0010632	-25.1752580
-31.7528720	4.0333584
-43.8138200	15.0795030
-29.1128410	38.9641560
-7.7315005	49.2199620
6.7664807	48.4571280
49.2876560	38.5998130
61.7765060	16.9629480
50.9379160	-19.5814910
26.2143420	-44.2513540
14.2558880	-57.0966600
-25.8051350	-31.9034550
-42.7893010	-10.5173760
-44.3832310	13.8556680
-42.1344130	28.5261690
-6.8848736	37.8671540
3.7624287	48.8619040
27.5122020	20.0389200
50.8534270	13.4942610
36.2108390	-0.1607706
46.1596330	-37.2338600
31.9583850	-39.4127770
13.0900680	-61.4370160
0.1997880	-42.0124560
-38.9001550	-37.9047730
-47.5783280	-29.7368630
-32.8332750	-15.3009410
-57.8368590	16.0526160
-37.2982300	28.7387910
-33.1370450	41.3443940
-13.2167930	24.0110910
-4.7004794	33.6248980
9.3252163	13.4182130
32.2956810	13.1220850
15.3932130	-19.7151150
10.5123430	-7.1624393
-2.1178779	-5.9650816
-8.0102601	-10.1777400
-29.5782410	-2.0360936
-7.1619614	22.5700910
0.9160213	28.0471210
-2.6701851	30.9897560
18.1112160	28.6981140
36.0190570	15.3513290
23.5519700	-21.4918690
7.8084382	-12.4738930
-6.5460665	-31.3759120
-25.2334380	-25.5777880
-17.0877670	-11.4371480
-18.0015370	-7.8150611
-40.3334530	13.3435720
-27.4249930	12.1411120
-6.2529982	11.8279880
-10.6198660	28.8281880
10.8391790	42.4208870
2.6465929	30.4115210
35.1909640	26.7241140
47.0401840	25.5928980
41.9629090	-7.5305420
45.9369480	-25.4020520
25.2459890	-20.6708590
14.2357440	-27.2789310
-8.3095054	-27.1239270
-3.8622149	-17.9708510
-22.6203190	-18.3411370
-4.2412759	4.2751945
-15.3734750	-1.7945531
-10.3489520	4.1624305
5.6551068	4.4492481
7.1807697	-14.6636400
9.8430909	-15.9108810
-9.1854165	-27.6244670
-15.7485370	-15.7499820
-21.5993380	-6.9844339
-26.8743940	19.9245240
-16.6340310	2.7835086
-12.7467430	12.4829250
-14.9625310	38.5757430
15.7691410	35.9785970
22.5061430	18.0434370
40.7651630	18.4911580
17.9845350	-12.5279360
31.8237250	-6.9902233
7.4296012	-32.1735890
-9.6360665	-22.7369260
-2.1942259	-29.6899070
-15.8866810	-13.8939790
-46.4526020	-9.3777221
-47.5289350	13.8215940
-25.5892170	30.7153700
-23.6240180	31.5052860
-0.7160983	51.1246240
16.7590120	29.2398370
12.3315950	38.4435410
34.6577900	18.3969730
39.4715690	-0.1873541
32.2605690	7.7832450
10.5845240	7.5517824
23.1114690	-4.7343981
18.9569930	-4.1446052
10.6239920	11.5722920
14.1168820	11.9743510
28.1960330	-1.3555086
31.4094280	2.4463709
14.6431350	-28.6589210
8.7998172	-18.8121090
20.2637910	-34.5849720
2.1653757	-20.5335010
-18.9894920	-42.5628040
-8.1995532	-28.7348300
-18.9701140	-28.2620970
-26.8710560	-18.9766520
-28.5770860	7.4513335
-37.6113010	-2.4952608
-14.8924870	20.0475640
-13.2105660	9.0129046
-8.9507202	34.4259160
3.7796888	6.0498295
0.2524385	12.7192680
2.3710493	9.5635048
4.2686272	7.0939173
8.4419554	-14.7040820
10.2273010	-22.5889110
-20.8593860	-9.3964270
-8.6071391	9.5718118
-12.9469270	-1.6584872
-9.6469548	11.6002400
1.7236110	-1.9264076
8.5602998	9.4741512
16.3108560	7.3347522
13.5221910	0.5996081
-4.0129851	-10.5253130
-10.9611520	-14.8917250
6.8855221	-9.6040947
3.0740501	-0.1640513
-19.7727930	-10.3949400
-20.9174340	0.5692895
-7.6615227	8.5504173
6.7525243	30.5487700
21.2059040	20.7085020
17.0879250	18.0625930
31.0321640	-1.0068378
22.0727350	-6.6392517
21.0962670	3.7937105
8.2878434	-7.3403769
6.2373069	-24.7499190
-4.2392446	-18.3227570
11.6937520	-21.0214510
-16.9517510	-13.6315350
-16.6243730	-3.0867363
-13.1366270	-2.5482059
1.2190285	3.0449750
-1.2240127	12.4772830
4.2608056	-3.7693188
2.3107224	8.4105900
20.2425000	-3.7173147
5.2162743	-0.4535944
-0.4857937	-2.6162199
-4.6428541	5.9120732
-15.5785210	-2.9817484
-8.1536368	-11.4867740
5.5232434	3.5879239
-6.4148910	8.0130042
-17.4081990	2.7352927
7.5454408	-3.9182627
12.5175180	6.2608464
13.5935030	-7.0945011
-8.5426794	-5.0391193
5.0242726	-10.2731850
3.2225577	-0.8795756
-2.6048883	-3.0578930
-18.4473320	-18.9265350
-9.6310447	8.1889731
-20.3597080	-1.8858992
-2.7924651	21.4384930
3.5245994	28.7372690
-10.0851840	16.7276290
-8.4110054	20.8420620
2.0956928	6.4186598
5.1061060	-7.0627095
18.3152280	-1.1512817
1.3924522	6.4656600
4.5670902	-14.5322120
5.8408045	-19.5609460
-16.9535520	1.0226141
7.3487251	4.8423776
3.1359541	8.0307279
-6.7352046	17.8997920
-4.9424042	8.0777195
19.0201770	9.8422500
20.2868390	10.9344830
10.5453860	11.3945310
9.0570981	-19.2928380
-6.6186831	3.4655479
3.7643087	2.3016009
-13.1926260	-8.3770839
9.6134876	-18.3554000
-21.2325880	-3.4914093
-2.8273481	3.4569168
-9.9973753	-10.0011580
-12.0936130	2.3286474
-9.5984662	17.7197100
-7.4973484	-0.6017154
17.3010170	-12.4600500
13.3024020	9.9652899
0.8391408	-21.9611940
3.8757581	-9.6441939
-14.2860910	-12.5072840
-18.2668100	-5.2148338
-25.4107370	-8.8311446
-21.3641260	6.4990254
-14.6002100	5.5108509
-4.1795759	27.9528230
7.6703563	4.5139916
-2.4957997	25.8983840
17.5077100	4.8469681
1.9242810	-3.1078410
1.9641866	4.1073049
17.6210270	-18.8676920
12.3613670	-11.0838390
-7.0697246	-14.6266490
1.8491221	-12.3978560
-4.7171516	-14.6267720
-1.6570203	-18.1255150
5.1363911	-0.4500711
4.4592535	-0.1155286
5.2495232	6.1893316
3.8654702	2.6624108
-10.1229200	10.5947150
5.9673542	-4.0289038
9.9693000	-8.1720473
0.3740485	11.2575390
-4.7334941	9.9584585
-4.5278622	-8.3506262
-10.9218520	-10.5860920
4.3862410	19.4332940
-7.8407170	10.9564640
4.9980621	4.9489324
7.5930880	11.3399320
26.7590530	22.0523230
28.8621560	10.3363610
10.7598330	4.6603962
21.4321700	-14.0757170
14.2236360	-16.7584790
8.6115249	-16.1076340
5.1359264	-15.6271770
-18.7755810	-16.8502070
2.2277470	-3.0232902
-0.9860678	-9.8242978
1.5525241	12.6211290
-17.4260450	-5.2018025
-4.1164592	-9.2794823
-4.4103296	7.2474450
2.1366647	-7.8319414
-10.8487230	8.0563259
-15.5130010	-12.9716570
-6.5567544	0.2708037
2.1100423	-13.9595460
-13.7538450	7.2217362
-15.9922610	-4.8032142
1.8609923	-2.8632569
11.5845980	16.6541850
-12.2065700	-4.2915988
1.5777110	15.2296730
-10.5752420	14.2114540
17.9752920	-3.8824516
8.6312018	-11.5794110
-15.9226300	-4.2400949
3.8689665	-1.5897116
-15.2921570	-11.0267330
-21.8901590	6.7976637
-8.2363346	-1.3479400
-7.3865860	17.2301060
11.1290020	29.0756530
-8.6344821	29.0026540
-0.9376085	2.4662133
11.8945990	-4.3094191
25.2143210	-1.8047021
11.8909180	-2.2009078
-1.4311091	9.2441978
8.7143730	-4.8445430
16.2890620	-22.0753270
-0.3220732	5.5917063
-7.9163296	-21.7401080
1.4280549	-12.2547640
10.7141920	-16.6160640
4.1736046	-2.6291752
1.3840094	1.4754686
13.8165900	2.5034092
12.7962740	3.0226767
-3.9145142	-10.7139790
-2.3139277	-17.5239010
0.4573005	-5.0670465
-12.2663730	11.1243040
-8.0719669	-6.6109961
-24.8785370	11.4664400
-6.3049265	6.4525426
-20.1922280	6.5586021
11.6338470	-1.0887038
10.5370320	22.3853730
21.4764100	4.3419189
16.2074310	-2.3084670
23.4719260	5.2557547
9.9259115	5.6569710
11.2820940	-7.7957402
7.7005493	-22.6680300
-12.9731560	2.5028146
-4.3213830	-12.7707390
-0.1014852	-7.7788156
0.4188085	-8.7063844
-4.4822902	6.6535448
-6.5655267	12.6231730
-6.9497527	7.3303248
10.1008810	-5.1957649
17.2343260	-1.3071409
18.4358220	-6.8734183
-4.0288392	-3.4600531
3.4867774	-8.0145149
6.1728981	10.2853280
2.5340712	-15.8307990
-12.7314950	-13.9493090
10.6501580	6.7606140
0.2400890	11.8731130
-2.3116221	15.8877520
6.4432614	0.0438647
14.0036710	17.8036760
13.9905290	0.2182947
-4.2752948	7.7143707
17.2107750	7.2395640
10.7230560	-0.0730940
-3.1197604	-15.0025950
-7.0413904	-17.4509830
-18.3992150	-20.3064860
-4.2828819	-2.1261687
-5.1943444	4.3069019
-9.5626233	-11.5396170
-4.8851805	15.3772190
2.9241927	8.1277203
15.0938120	16.5088380
1.2128569	2.2744596
-5.6056479	11.3346260
10.4231420	2.5051777
-5.1683257	13.0511040
10.9737220	-7.6737971
-10.1492650	-17.5253070
6.0627313	-5.6201153
7.3951129	-10.5802060
4.9255398	8.0836965
-1.6808813	1.5476735
10.0246360	8.7769511
-14.0271570	-11.9143890
-6.4102235	-0.9380591
-14.6191680	8.6896721
-16.0941230	4.3655087
-0.9501466	-2.5998936
0.8935904	-2.0610884
7.6822953	-3.3818440
5.6593311	-8.5409061
3.4413969	6.8733142
0.9258847	15.8145600
12.1001230	13.1341050
6.1239793	2.3556216
14.7596390	-9.3478505
4.0015555	-8.0757948
-0.4675162	-17.3314690
-0.4304992	-16.1865390
13.4236580	7.6750652
0.7448737	-15.9894360
-9.4073870	4.0575933
-15.8702370	-15.0683010
-16.0427610	8.1224092
3.7814926	-4.3978720
-8.3709018	13.5244380
4.0142095	-2.0582563
17.2882780	-5.6973939
4.1028787	5.5264967
3.8101770	-8.7616629
-7.1305437	9.8347496
-2.2930818	0.7486111
-13.5355680	-6.8234769
-18.9086650	5.1535636
-7.9706344	5.9773665
4.1247850	4.3244381
-2.6283599	0.5891099
2.3831244	8.2823431
-10.8713710	13.2216350
13.4804320	3.1741374
-12.2982010	1.0347129
-6.6721726	-6.3555800
-5.4288757	8.2613143
12.8864980	-3.2138983
-3.4570443	9.2952706
0.8314222	-4.2619061
-4.3478442	10.7262090
9.4330093	9.7870001
3.9737258	-7.6164644
3.1396986	7.1463283
5.8631396	13.1630620
0.8598232	-10.5263100
5.8978807	6.7598130
8.4372958	-4.2233904
19.7591830	9.9039416
2.2217286	9.9732650
-7.9415974	-17.5133700
7.7744033	-8.2069952
-16.3324620	-19.6239800
5.2432199	-7.4003465
-10.9855480	-3.0570670
-20.8349760	7.0710868
0.9970527	2.2304157
3.0480627	-3.4327576
14.2378710	13.2407900
14.1407790	5.9393654
17.8549720	9.7587190
3.6305232	6.2185785
-2.6855311	-6.2380150
-6.4778648	-7.8594619
15.2155770	5.3401258
-0.4052041	4.8396075
-1.7551514	3.9504812
14.4187540	11.9833930
6.1640255	11.0476010
9.7585261	6.1475430
10.2435820	-4.3157505
-8.0147061	-11.0615600
9.2592025	11.1256720
13.3340350	-4.7134759
-8.5260354	-15.9563740
-12.2161130	-5.5725405
-7.1055274	-1.5622287
6.4600008	-11.5464150
-17.0327570	0.5718940
-9.8479888	3.1182741
8.4276511	14.6409350
7.4330473	-7.3039437
-8.2954072	0.2186266
14.9881750	17.9685470
-8.1788785	-8.3806205
-1.7424413	4.6538925
-2.9299783	-9.3076001
7.9865670	-9.5680051
15.1273230	-1.3852846
-7.6489033	-16.1382300
6.1851635	-7.8812018
8.1543706	7.5738953
7.7327540	10.6918500
2.1673379	13.2653090
-7.7473568	13.3260220
-14.4578270	-1.2193795
-10.5204820	8.9789512
-15.8588470	3.4619192
-10.8358040	-12.9649330
1.3862972	12.6695830
7.6552349	4.5217722
-5.0166974	-6.3011170
-7.6133786	9.3269892
-8.1242387	4.8090932
9.3537637	1.3565531
-2.1053179	7.1565095
19.9408350	-7.3407287
5.7209846	-1.4579390
-7.1472183	10.7967390
5.7051374	5.4315616
-9.7927111	-7.5756462
-1.5022794	-18.8979720
9.5852796	-16.6314440
-16.4874570	-1.5446241
-5.3611039	-7.4350646
-5.8558686	-1.5146490
-9.5561024	-13.6212900
-5.3679078	-0.0304049
8.3833892	-9.0035969
12.5477850	-5.0349851
12.6341780	6.2512080
-0.7362651	-14.2217740
-12.4368680	-14.4240530
-0.1158982	-3.3918964
3.6572482	5.9923100
7.8630056	11.5057510
8.5146662	8.3113258
-4.7000158	-4.0975108
12.0581840	14.8843240
-5.1035647	16.6423930
11.6920570	14.4079980
3.4843177	-1.0648676
-5.7498590	8.1491069
-1.8507459	-9.7613015
6.7031273	-12.0403650
9.7091135	-2.8534226
9.4170670	-14.3135780
-9.5902512	-5.6766527
1.5961722	7.5561292
-2.4739646	-4.0587918
-1.2282951	3.7533706
9.2489680	17.8990020
3.0814210	7.4063845
8.8272882	3.1175978
-1.6138667	16.7582730
17.9965190	9.0292750
-2.3809685	1.0248993
-5.5041529	7.4526380
-11.0426350	11.8253860
4.6437396	-8.7271070
13.8688810	-4.1924425
4.4338191	3.1554374
-13.4443470	-8.7614795
1.1543882	-11.1570390
2.1056379	-9.4247769
-8.3511571	-10.8435280
5.7728377	7.6091034
-12.2206110	-0.8534675
11.1675650	-4.3207849
7.3144069	8.0229135
-13.3990630	-2.6432382
8.3671142	5.7055141
2.3047824	-2.0704571
-10.6400640	8.2109695
-4.2273509	5.9623474
7.4220772	9.5637607
-0.7258243	-9.4509127
10.1344230	-10.2457490
14.2792790	0.9678581
11.1331520	-1.2076785
16.4743000	3.2747408
0.3865746	13.4855640
13.6941320	6.3633017
-11.5657480	-4.7842240
-10.5151520	7.5071606
10.4068140	2.0644065
1.8518944	-5.4495848
7.4564698	-12.4514610
-11.6189090	-8.9277776
1.3051419	-2.4496836
-4.3039170	-9.0066143
4.7248805	-2.4793241
-5.8077644	5.1225272
16.8027940	13.3486830
-10.4665250	8.8160159
5.5552656	9.8568606
14.9841710	-6.5922765
5.8128161	10.3228890
-2.7385102	4.7162782
-12.9619400	-5.3317435
-1.1526191	-12.1053590
4.6697590	3.3018318
12.0363330	-0.7627287
-1.7284328	11.1709220
-3.8941449	4.8294859
6.5993203	-15.6502660
6.0879244	-12.7184990
-14.2144010	-15.0077720
-6.4092453	12.1290710
1.1129933	-4.7298592
9.7290278	13.3082940
7.5138778	-13.3288960
-9.4817306	16.4598140
3.2229004	9.1174167
5.0049512	12.8491780
16.7317630	10.5549680
-2.6925135	11.2478480
5.5337171	9.5575805
13.9047800	6.4660277
-13.3696140	-0.0563937
-9.4885661	7.2547983
-3.4833678	-10.3187420
-13.5666280	10.2100430
1.4391622	6.7771249
11.9180030	-7.2838734
-10.4065210	0.2437315
6.7295565	7.2626902
14.1447900	5.5869664
0.8277766	-11.1408400
-1.9590394	3.0118595
-9.3433815	-7.8858062
13.1456330	-3.4559208
-12.4580290	4.5381942
9.1688896	2.3468563
3.3720087	11.3908580
-3.1918779	3.3771981
-2.5631935	-8.6910184
13.7238770	-4.0293540
2.2627685	6.0718291
-4.0157428	-12.7040680
17.2360590	-10.1573620
-3.0850382	3.7097346
-7.4146812	-0.5877691
1.0900479	-7.0311188
-6.0281555	2.0690454
-6.2737979	10.3137250
-1.7436736	-6.2903493
-2.4327435	3.4294829
1.5481239	9.5131196
1.2953563	-7.9715652
-2.1565144	-4.9573261
2.9718674	10.2906530
-4.5218809	14.0495830
17.3217900	4.6071417
9.3147617	-1.9813952
14.6095270	-14.8267360
-5.0764190	-9.2904143
15.0456440	-15.1466260
-2.3949600	-15.6005690
1.9028899	5.7147789
1.7242286	-3.2229928
8.8091850	-1.6112480
5.6711233	9.4945523
0.3903192	-13.5599470
14.5879830	-11.8035040
-6.7691838	10.6302120
1.4805998	11.6469010
-11.6046010	11.3481700
-4.6150713	11.0582120
13.9060490	-13.1096030
-2.9915447	-7.7809671
-10.1102140	4.6023749
1.7838156	2.7588315
-12.7163820	-10.8773160
7.2459213	-5.9648485
-9.5336912	7.0002677
-2.4043521	4.1200100
18.0506880	-0.7739805
3.4105211	-2.5506639
3.6399735	-14.9777500
16.3615460	-3.5773527
-0.4315052	-12.7780110
11.6254070	-3.9670684
4.1687600	9.7413953
3.2437815	2.1705898
-13.0112540	-5.2906158
-17.9895280	-10.5470130
0.7769893	-11.4396640
-2.2663349	-11.3690260
13.9314060	10.2132770
10.5827510	15.4552160
-6.4485148	7.7439139
-7.0465593	-5.8951054
-2.3180099	12.3126940
-12.1697530	12.4330350
-7.1662143	0.1261410
-9.0137431	6.4767223
-13.6149110	11.9298680
-10.5643500	-5.0938717
2.1265476	14.2763270
11.9247900	5.4421507
14.2534740	-4.5176122
8.4449925	2.1588870
-8.9785933	-6.5850115
-9.5840935	-11.3149720
-9.5916186	-6.7478585
-15.3233990	-8.5641204
-10.9325810	-2.6501232
7.7940582	13.5075490
0.3432842	8.0099577
4.4224134	13.1421820
0.3355690	-2.6543595
0.6802068	10.0227580
-1.0552141	8.4929514
14.0338820	-9.9845726
4.4460900	15.8519400
-10.7009010	-0.2085209
-5.6298031	4.9709368
6.0204493	-14.8511920
-0.2070104	3.2089849
8.5886718	-13.8885930
5.0300685	-12.7642770
12.1762060	-3.3359371
11.6273610	5.1181762
14.5691960	12.3537370
10.0084610	-10.8880130
10.7475040	0.4824242
1.8233605	-9.2137096
4.7472741	-0.4763559
-0.1153747	-1.9651585
0.1178625	-3.9010813
-3.0817406	12.8131200
-7.8117117	-3.4978602
-6.8141387	4.5479491
-10.8364040	-3.5876611
13.1824200	-0.5733926
-0.2955320	7.2712174
11.0013350	16.2291590
-2.8489803	5.3884015
1.3223770	10.1644690
6.0931883	-9.2234176
2.8945620	1.4896052
14.7278340	8.6015170
2.5906130	4.5308120
8.8069568	-12.3591130
-3.9591366	10.1752240
6.0524557	13.3237480
-4.1547356	-3.3490527
-6.2848617	-6.9585796
6.5427661	0.4208510
-2.0059996	13.7570130
-8.2786507	-7.2090697
-10.3030710	-2.1571429
6.1527650	-2.7486084
-11.1778040	4.3430781
7.1550285	3.9958119
6.6087845	6.4138836
-0.1130439	-3.1140906
-8.9554023	8.3677448
-9.0706185	15.8342960
3.9494084	-1.6073281
10.6680320	-11.7753010
10.9379740	4.9296078
6.4487144	-10.5169000
5.8442559	8.2499240
4.7309796	-10.1549980
-10.0138200	-7.4236032
2.7625856	13.0090740
-6.6545541	-5.4310533
-14.6273710	-0.5692588
-2.6120768	7.5897803
12.5336670	-11.1895390
-11.7776180	-11.9755290
15.2363160	1.9205102
-1.3387288	-7.7940322
14.9499730	5.0980966
-12.6590290	-2.9210453
2.0818413	-15.2412630
15.9433190	12.7007390
-4.4140413	-0.2578870
-2.1719898	-8.3242106
-12.6545600	5.4561191
0.6610927	-9.4357006
11.8978210	-11.9482450
7.8001958	11.1167730
8.7368324	-3.1165404
6.3292048	15.9254440
-10.9305450	11.0516190
0.4962940	7.3974726
1.1896166	7.9588982
-1.0367898	-2.7217006
4.9226966	-9.3347483
4.5372455	-1.2571912
6.8040131	2.3596598
11.6664090	-7.8414440
4.2099326	6.4393528
-15.7059760	9.3345004
-3.5297336	10.8802600
-13.6403570	-5.8207909
-5.6833388	3.2520448
1.8552765	7.6997683
-5.9013524	-13.5484070
-13.4244920	-5.6293136
-12.9263330	5.9989783
-1.3550720	2.5173901
11.4825790	7.8684192
-6.4041405	0.2950173
-3.8707766	11.8544730
9.7744782	-5.4514451
-4.0271441	-7.6121715
-11.0908950	11.6159680
-10.5506540	10.9412070
14.7476990	5.9613582
-7.3498019	-13.3104400
4.5424757	-13.4182260
15.4285990	9.9702992
9.6792533	8.4493495
4.0780988	7.3783556
1.9123817	10.7744890
8.4887242	12.1188670
-8.7740003	-5.9901410
-4.4396395	-14.8683490
-7.1242863	9.4404343
12.9692250	9.5394219
9.3087591	0.5012436
11.4965160	-2.4221281
2.2536283	11.6185820
4.8318040	5.0774078
6.4542196	-6.3130878
0.8031114	-6.3455099
-15.6185740	-6.0261476
-0.1027768	13.2968020
-6.0059918	1.1041561
1.0238398	0.9255138
-11.0842790	5.2817358
-1.0702082	16.0674030
14.4016700	-13.7357440
3.8493110	-0.0474356
7.4487511	8.2000856
6.0100523	1.3286912
-12.2138810	-3.6614857
-3.9909519	7.3540320
9.5708616	-4.3694090
11.9586760	12.1562170
7.8129794	6.4311354
9.1774511	15.2425520
9.0481732	10.6395550
11.1036950	8.0413512
10.9996610	1.7706019
7.4224869	13.8933690
12.7739380	-2.9746430
15.1064940	2.5151122
10.6821140	12.7328850
9.9813715	10.9042370
-0.0283138	2.8718532
-14.7174760	3.6664727
-7.9831002	7.6044019
-4.6978309	6.8778258
11.0926190	12.5543960
-6.3907026	13.2973570
-10.7979170	-5.0497235
2.2095025	9.1537968
-11.8166580	-2.5681118
6.3935287	3.5685702
-12.0512010	-13.2272360
11.9321150	1.0904560
-12.5985140	12.5129810
-13.0257610	2.6338926
-6.9425701	-14.3304160
-15.6728510	8.4736921
5.2147467	15.4122370
-4.7375341	-2.2192914
-6.3925010	3.4176371
-7.5746455	-7.2286819
15.5598200	0.5406938
2.7017843	12.4131710
-8.7086124	12.3520790
0.6376881	8.3994444
2.5219519	12.3032980
-11.4475080	7.2328001
3.0297562	13.2403760
-13.0071760	-3.2784962
7.3440586	-4.5030681
-14.8786610	8.1527897
6.6208739	-7.1538764
10.6496320	10.8132360
-7.5688698	11.7098430
8.2908094	-0.8483636
6.2228909	14.0250960
12.3265990	-13.8268910
8.9120427	-10.9095190
-15.0731460	15.1079980
-1.9987017	-10.5935960
-13.0318620	-11.6383230
-7.5873453	10.8088600
6.7496657	1.9544305
2.3829013	7.3889416
12.2037690	11.9423180
-0.9693388	-0.4140960
-12.6281990	14.3153480
0.3812854	7.3855985
-3.8304181	5.8864757
0.7888922	1.5700551
-13.4670190	-4.3184119
10.3472580	-0.9126018
-6.0342632	0.5993284
-13.2447770	6.1000974
11.0716730	-4.0845500
9.3106514	-2.8237946
-0.0894007	8.2092815
-12.1897770	-4.0981701
5.1713665	2.2181256
-2.6400125	5.7505756
6.5290102	-6.2591060
1.7696923	-12.7594280
8.0030832	3.9043460
8.4116416	-5.2948616
-8.0984181	-14.8501140
-10.8371240	9.6706172
0.9284189	1.4791108
-5.2997507	-14.0218630
-2.0322417	8.6480982
14.3904470	8.9910482
-11.6446900	-4.5134379
-10.7560300	9.7395417
7.4554962	-6.4347032
-14.3490780	0.7220552
-7.2672955	-12.3669110
10.5005440	-0.3794467
13.1063240	13.6041970
-3.4398310	12.4905800
-3.5640101	-13.8496520
0.5588383	-0.6788717
4.5071597	3.0623083
-0.8837393	9.1308341
15.3203040	6.7179871
2.6145681	8.2661822
3.1027987	3.1922874
-4.9483574	1.9595623
10.1792710	-15.6552180
-11.5319020	8.3927471
0.8528347	7.9985222
8.9161881	-4.5908887
-6.2897152	-4.0265346
0.5094766	-12.5606320
4.7286068	6.6331664
13.4168420	-5.3744363
6.7608104	-8.0774012
-2.0993103	10.5713330
10.8041390	2.0536449
7.2886670	-7.9417861
-8.3869682	-11.9765200
-3.1492721	-10.3223370
-0.9141370	-7.0202735
-3.8402249	1.5968288
6.2868145	0.6360117
-10.5433100	-2.7187927
1.2391478	3.8058296
9.0922929	15.6042050
7.5301389	-4.2982782
10.9039690	-2.6516941
8.5337515	13.1220300
-13.5400770	-0.8809127
-11.1625330	2.0248128
-3.2085925	9.9615955
-5.7850448	-2.3387951
13.3606820	8.0573275
-1.4674767	-12.7639740
1.1852720	10.2670490
-5.7363425	-5.2299779
-11.8384130	-7.6833368
-1.8056553	11.6164090
7.7403108	10.3229960
6.4208316	10.2927590
11.8918150	3.9822134
-1.1977227	4.5107923
-7.0983439	-14.6884060
14.0435330	-11.7653000
-14.6194750	-13.2173900
-2.8522985	12.7176750
-6.7730567	-5.9456689
-7.3108762	-4.2884585
6.0895373	13.4072140
-12.2219150	-6.3519734
-12.4676800	-4.0319024
6.5158029	14.4938460
7.9988005	7.6075358
11.8547290	-6.2038013
-10.3809860	1.0613930
12.7194980	14.2875340
7.8055770	0.8725012
-0.5309016	-13.0177520
-9.0379699	-6.2263365
-8.0845068	-13.8671870
-6.6430096	-1.4718630
-10.4360780	-1.2535404
0.4553702	-0.9136116
2.0974711	-0.4263999
0.6764366	12.5441710
-7.4136891	-6.7808854
-8.3538135	-3.1757414
-9.7665704	2.7344500
-11.5367410	1.9587354
-5.1232131	-5.6340795
-15.9917580	14.3640890
13.5343380	-12.1283730
12.6408950	-10.3296100
11.0700750	15.2313500
-3.5848129	15.4307960
12.7752290	6.6596318
-10.5853030	-4.7281736
1.9599908	9.6447407
-7.3201106	-5.4312842
-4.5452237	14.4323670
6.4711169	8.0654979
5.7542089	-8.0329039
7.9237509	-12.2818950
5.7763131	-2.0115649
8.9123414	-8.6156227
-14.6459250	14.6439070
-4.0384947	4.2503815
0.1651927	-4.6694211
-3.4355742	-6.8521536
6.4659004	-1.3843154
-9.2928884	13.0307990
11.7274840	-3.3756210
-8.0185624	-12.0722480
-2.1352188	-11.3184280
-3.9062205	1.4280352
0.8433161	-13.4508610
12.4807660	13.9191610
-2.3882916	-5.3509244
1.7704273	-7.9604497
14.9787000	8.4188868
11.2097530	-4.3430876
-4.3284483	-11.4639920
14.7837260	-0.2288959
10.8372450	8.1558206
13.6163940	13.5446030
-10.7296370	-14.7487260
7.0106084	-6.5140199
-11.6463940	9.4161400
-3.1513227	8.1586585
11.6339520	-3.8292575
-5.1385956	1.7604035
-7.3525235	2.6956553
-0.6773734	0.5199323
5.4798032	4.0601065
-2.2909933	2.6822229
-2.7511873	-4.5031806
7.0872999	-6.4464708
0.3508175	4.0870875
13.8003480	7.8136354
11.0998740	-5.4920137
12.8323290	4.3072169
0.5520049	-0.5995759
3.9034688	-6.6519862
0.1175947	14.5046500
13.6461580	-9.2540498
-11.3778270	1.8314136
15.4378420	6.3910177
9.6952407	5.7573862
12.8179960	2.5576449
-12.1755680	-1.4047702
8.6303186	5.6772498
2.7248300	-0.7496578
4.3270018	11.8508090
-5.8001047	-12.8542760
13.6500050	3.2568170
11.5874420	3.3606792
-10.3934040	9.4238358
9.5101524	12.1601250
-8.7751058	-12.1948250
4.5164743	4.3631339
-0.2586793	7.1712297
12.6376980	11.2711910
4.5336617	6.8160430
4.6744603	-0.8828320
-4.0651227	-12.8821830
3.1286937	-9.6479331
3.2190020	2.2153662
2.0196426	4.8299523
-5.1210263	4.0510064
8.3205210	-5.2932348
-10.1440750	-2.0398366
0.0964137	-4.2658620
3.3442041	-3.2991746
-12.1835180	11.7898840
0.3558176	2.1617096
5.6007439	3.3127773
12.1485160	14.6238740
-11.1574500	9.9800539
14.4449400	14.2055270
7.4142626	11.4583460
2.1225256	12.1244780
-7.2262331	1.3374682
8.7574638	-14.6656120
4.9984409	-13.0692300
-6.5396640	-12.3022330
10.5704420	3.1177398
0.5242645	-12.5540160
-1.0675816	2.8877549
11.3103200	-4.8377470
-14.2179100	-2.7100351
2.7845867	-5.9918725
-2.5784522	-8.9377515
3.9960962	5.9579272
3.0161808	-13.9478390
1.8819658	9.8861231
-11.6729430	13.8900090
-4.1158491	5.3509582
6.2311476	0.4126961
3.7645754	-1.7813746
3.9921579	8.9400360
10.2962580	-8.4485195
5.6891637	3.1402939
-14.7414310	0.4354300
4.6221841	9.0585932
2.4627478	-7.5942273
-5.8678286	-14.1268200
-2.1121133	-11.1476540
14.0239990	0.8708651
-8.4694825	5.2686687
1.3196158	-10.7346800
-7.7640183	2.1019329
-7.3541632	11.4959470
3.0095850	-9.4006073
1.8576776	2.3182772
-15.4856280	5.4044378
-15.0856320	12.4829660
2.6140358	-4.0688723
10.6805700	0.1566230
-0.8885864	-14.6669570
-2.4818105	2.5692703
10.9072590	8.0214361
-7.3787900	1.0499978
-13.0540510	10.1634820
1.2672501	-13.8007480
11.3314380	-13.2109140
-10.5089370	14.5281090
-14.2196070	14.5011880
-7.0525343	-14.2593200
-5.6949278	0.5747438
12.0509080	11.1252610
-12.0815450	2.3566087
-13.5596160	0.4055934
6.8609729	4.7890669
-4.9039051	9.1972215
-1.0976611	-13.8062560
-14.4311560	12.2796040
-3.8068238	9.6548008
-14.6623430	-1.4971095
-1.5436064	13.0676740
-7.2104172	-14.4843420
-11.8192100	11.6367190
-6.3331877	1.9029534
15.1714430	-4.8299480
6.9876475	-8.0962724
7.9319631	-7.3209068
-3.8351719	13.9703130
-1.8279707	-9.7169103
-1.1992794	0.3424666
-1.5993430	9.8014935
7.4545310	7.2214670
7.4450969	5.0270613
-2.0056702	-4.4496375
-5.1378523	14.8809070
5.0236195	-11.7421030
-7.1615757	-2.4855933
-6.5509768	-0.8410676
-13.1794600	8.6133718
-14.1019310	-7.5125259
-7.4914009	-1.1547207
-14.9788250	-4.3327943
5.9252764	-14.6970830
13.8769350	3.2313112
-11.5667780	2.0817216
0.5186589	12.7453060
-4.1041965	1.6628846
5.3553302	14.8688140
5.4607147	8.3276338
-11.9926500	3.1171332
8.7886519	11.1947190
-2.2419227	-6.2491360
4.7392357	-9.5683669
14.3681940	-8.7923363
-13.9349790	10.8856760
4.2346362	2.6596850
-12.8946880	5.9667844
-11.9150640	12.2009170
11.2590100	13.0554410
-9.0852268	14.6846240
12.5256280	-2.2806825
-1.3664662	-7.4998574
-10.7690360	13.3691410
0.0298200	-6.1518199
1.9463511	14.1385690
3.9969708	4.0275309
-14.6357640	-10.3287110
10.1718050	13.6564680
-4.2666461	-5.6512321
9.0138859	3.8439682
-5.6366444	2.8747134
-5.1251793	13.0854700
11.3148150	9.0371025
4.1832411	10.9040400
2.5005784	-1.4331507
-2.6152785	10.5819590
-11.4153660	-5.4263999
5.6103444	10.8389390
-8.6068835	6.6753999
-2.3357072	11.7161850
-12.7308490	6.4880308
8.7018441	-3.8714805
8.5776840	14.4816760
-0.9288385	-6.1138282
5.7420652	-13.1267260
4.8927691	-0.1299367
-3.4187269	6.7656481
-3.6112660	1.1769724
-12.8340180	-14.4458730
-10.5782210	9.6575983
9.8722574	-1.2670787
-6.3641716	8.9258646
1.4622147	-9.8365694
-5.7689968	-11.7126420
7.2663344	0.3589944
-4.0388379	-10.4142020
-2.3467753	-3.8617450
0.5963033	-12.7274620
-7.8322290	-5.2723101
10.6386860	-6.2800399
9.2115750	-6.8336448
-9.6536140	-8.1391289
-14.7397860	4.0555420
-11.0774190	8.1265846
-6.9442511	9.9976200
13.3884760	-7.0044196
8.9852757	-14.1586880
-5.0393673	-14.3775790
11.9587550	0.2351980
13.9374800	3.1384028
-12.8265040	-0.9379837
9.9225232	14.2792370
-4.2245227	9.2285179
8.3200463	4.2038545
-9.8861125	1.1646753
-11.9245530	-13.9729700
5.4057772	-0.2313681
13.4781220	-14.4242140
-3.4358004	3.6826294
10.7603030	1.8196269
-5.1844699	6.0085609
-2.4412202	0.7605769
-0.0037874	-4.1677779
11.7050720	10.8446890
-8.7922666	12.1897050
3.2831556	-5.8481513
-13.8747690	-0.3387009
-11.8305050	3.8090273
-13.0530020	11.1818750
-11.4237730	4.5818378
2.7720609	1.5764868
-8.1445311	13.3228020
12.1354000	13.7583850
-10.0989590	-8.6107672
-3.6271535	2.2094496
4.2779230	-10.9792090
-12.2063140	-3.8945168
-13.3795250	12.8938360
13.1142610	5.2674042
-3.4565621	5.5905236
-7.1125396	-8.4273206
-8.6246899	10.8489910
-2.1912181	4.0826285
-12.6321140	3.2895192
-2.5944335	11.5002300
7.0539462	1.6661008
11.2805070	-11.5479570
12.4412430	-0.8858891
-11.8879090	1.7352385
-14.2711170	-6.4849210
7.8085110	7.7680191
12.1865440	8.9504405
-0.2710608	4.8639225
6.6649702	6.3308848
6.6104979	-9.5489102
-3.3224849	-11.8110300
-4.5812892	-10.6927830
9.9300044	11.7286480
1.0933402	-10.0496950
2.5610578	14.1155680
13.9926590	4.6525702
-7.3853180	3.0926439
-6.1376403	-1.1152430
13.3939140	-9.9081161
-12.0832420	-8.4947628
-6.2323457	4.4399555
-3.1348622	3.1741694
9.1727106	12.7508200
-14.1864580	14.9424210
8.5117937	-6.4417107
7.7192552	13.1300850
2.9871612	-9.5636829
-4.6940019	0.0048819
6.0618964	12.7158470
-0.3825584	4.5096408
9.9755287	8.8609375
13.4488090	-2.6820017
-11.6084780	6.6008915
-14.0860370	1.5660164
-12.8304040	9.2383222
-0.2325187	14.3441560
-7.4686065	10.4484370
-2.4626626	-5.3554165
9.6176847	8.4006839
1.5126091	2.8064128
-3.8308347	-14.3079910
-0.1301510	-4.6499321
3.6650869	5.4588019
-11.6489620	4.1591708
9.9811027	12.5928530
-14.5387800	-14.7627320
-0.6436319	14.6216570
7.8336241	-7.5585029
-8.3979287	-14.3504480
-3.8882380	-2.7638531
0.4939544	2.3637889
1.2259909	1.3321056
-12.8285750	-5.2538793
-12.1329220	-14.7431260
-3.2989100	-0.6296244
-2.3319671	-1.2089531
-10.2092690	-6.1134268
-11.9266980	9.7091635
3.8296063	-9.8249259
0.3868261	5.4102543
13.3113070	4.6097657
-10.4097370	2.0237319
9.9786588	5.4507377
-8.1741956	-9.8109522
-13.0484600	-8.4530953
3.3419439	5.0593473
7.9133796	10.6184990
14.7232310	13.1836900
8.7654587	3.5298191
-1.9310119	-13.2729890
-3.5171683	4.3629572
0.0223758	10.1821690
2.3176985	-2.0055141
-5.4041290	2.7737425
14.2927730	-2.3382604
5.8466604	5.4807324
11.0705870	-5.0508600
-4.6061802	14.0387770
11.0257840	-2.3172502
-5.0684096	-13.8810100
6.8447526	1.7755860
-14.3591790	1.0317403
-3.7028022	-2.6196499
0.9175407	-8.4599400
3.0446070	13.0082940
13.8124110	-7.8134349
-1.8474991	1.4786935
-8.6441587	7.2092935
-1.3491710	-8.0354972
4.0460966	3.4962261
-9.8083294	-11.1078300
4.4375836	-11.6404210
10.8064850	-9.1873879
5.6729656	-5.5522014
11.2579510	7.9768104
11.6856080	-9.0769745
-4.6560312	6.3066237
5.4114005	12.8140040
12.2567270	-6.6841729
14.9574850	-8.7253004
-11.4233140	-4.9957081
13.1048980	-11.7880190
13.4768730	11.7256520
12.6304980	3.4929409
-0.9325118	8.4217394
10.7499050	-2.8178541
-12.2313420	-1.1265099
-4.2516424	-4.1790541
1.4518068	14.8372340
12.1821670	-4.1102495
-15.0552260	-7.0161683
14.3304970	-0.4541862
9.0220233	-5.0669772
-14.5483040	-6.3232667
14.9634800	9.7189996
-2.5544383	-12.5216530
-5.5576800	-4.9551753
7.1515541	-2.1135441
2.0934440	-8.5378128
-5.8536796	7.1893123
2.9738390	9.5517385
8.6471130	-6.4824420
-11.4361010	-4.7052429
2.2460050	9.6329102
0.2455084	-12.7612890
2.3422608	-11.2959050
6.0056544	14.5819960
10.4498010	-6.8515436
4.0898720	12.1427840
7.5172150	-15.0413560
11.9038480	7.5192454
4.6839501	12.1130290
11.1429060	-4.8365573
-0.7451958	-8.4633409
10.3917010	5.8803200
-5.3549404	-12.1476600
-9.6152553	-3.2914017
-8.2594324	0.1314840
4.3212082	8.5759974
11.6341410	-13.0637440
-11.1524020	-6.4540093
-7.6543291	5.8474920
-6.4296618	-14.0578290
-7.0586180	7.1326386
-4.0217232	7.9131502
1.1343454	-3.0993670
-7.2933888	-0.7983148
-11.2150220	-6.1402639
-10.9389130	-12.0874550
4.9674598	-0.9169324
14.9391680	-1.3844181
-13.9047080	-6.2264022
13.4706310	7.6200437
7.6934444	11.6299610
4.0621412	0.6080920
-12.6244120	-11.9521840
-7.4737630	-8.0252120
-3.7161077	-7.9039607
14.2849150	1.5627593
8.4549806	0.9766044
4.7593965	-5.8906955
2.9093983	-12.5280170
6.3597895	-0.8402200
13.9133050	-11.3824450
-2.8155615	-8.1277395
-10.7365330	5.8958910
-9.7308202	7.2214137
11.9940330	6.4784201
-7.8548846	6.2976635
14.2113720	-5.5392089
10.3976490	-6.7928341
14.7879130	2.5988198
-14.6767030	-0.4323865
0.5838317	0.3771235
-1.6110235	-7.6192086
-14.0056240	2.1864056
0.7891767	8.4573952
-11.0103490	9.9397632
-14.5628270	-14.4971090
9.1454840	-4.6496098
10.9280710	9.6308161
-7.9841063	3.8798294
-12.7469990	-12.6736390
-1.1586508	1.6859547
14.4741520	8.6279487
10.1218210	-8.5195013
-12.3360800	-0.0866498
-0.6753438	11.5869590
13.7624160	-13.9747090
-12.0951580	5.9144954
-9.9764878	-7.8799934
-8.1475109	11.1546650
-9.4535097	12.9543100
-0.4888798	-13.9285440
14.7109120	1.2133061
2.4723587	-7.5187794
7.6423980	1.4690357
14.2925990	-5.6743883
-7.1737021	1.4901586
8.2454636	-0.3843539
-4.2308232	-12.4332390
5.0144803	-13.2173860
-12.7493080	7.9038552
-7.4639737	13.1179880
-12.3650070	5.7097206
-13.2902370	-7.1540513
6.1876472	-3.3719604
1.4964522	-7.6089642
12.8221110	14.8452310
8.6590813	-11.2634960
-2.7395385	2.3076577
4.9970030	8.8542486
-8.1198641	7.8929822
-14.6424430	-1.9656229
-3.8871048	8.1227530
-0.1255107	-3.0184904
11.6824760	-10.9728090
7.1515680	3.1926868
-4.9253605	0.7157549
4.6891863	9.7357869
-0.2119396	-8.5215276
-6.1789316	1.0988134
7.6880510	-12.6418230
10.7496030	6.8982355
4.7007210	-7.0566074
-5.7182393	-3.1660060
-5.2324391	-6.1144000
-8.3902517	-14.3280910
5.2916850	11.7903290
2.0583821	8.5767078
-8.3511059	11.2485330
-5.9193029	-14.9165530
-9.5182502	4.3958848
-7.6839409	6.1114207
5.8989812	-13.8601790
5.2754226	-13.5799530
4.7897460	-8.4977506
-5.6217619	-10.3239560
13.9312480	7.4896177
5.2547067	-8.5833770
-11.0011770	-9.3786331
-8.2602292	-5.8044614
6.7395988	6.2313946
14.1163360	12.5626710
-14.4439040	2.8044523
8.1311102	10.6483020
-7.5583727	-2.8480424
-8.6545934	11.2487430
-1.2219624	-5.8377056
-13.1993630	-9.1645606
-11.3866300	-7.3548711
-4.6394263	5.0275176
1.9761722	-9.9142726
0.3996994	2.8729300
3.3748980	-6.1439217
0.3491016	5.1642600
-12.7978440	-14.0827370
14.1057080	4.7409036
0.4498049	5.8950522
6.8622061	5.8292454
-11.6801180	5.0565487
5.6041180	-2.6278820
-2.6021133	1.9528718
8.9499559	3.0637745
-4.3667667	14.6277480
-6.5600479	9.6251584
4.0942255	8.6302042
2.5410714	-8.6771212
2.8720645	-6.6462141
10.7166300	10.1675680
4.5812396	-2.3519567
-1.5781028	8.3533284
0.8666185	-2.3942102
-13.0924700	0.9878505
-12.8180450	2.4905078
4.3598765	8.0145569
6.7467915	-5.5711934
12.7738800	3.7578118
-3.6511805	-14.9736100
7.0270503	3.2264607
14.6294130	4.0683639
-8.4564337	-7.5995290
12.0680110	-2.4991986
1.9153537	-13.6521790
9.9387744	-7.3262467
13.0346800	8.2211981
-1.9268006	14.0059310
-14.5512930	7.0693914
-7.3945535	-3.9653668
3.9991150	2.0045857
-8.3290183	-5.4588965
-9.8172027	4.6567577
-6.8586459	4.5157831
-3.1825142	-8.0631979
-8.5680627	11.8193500
-6.4792462	6.0216834
-5.0750023	7.7879405
-2.8641705	-12.0783940
7.8542021	11.9596360
4.0939246	14.6973910
-0.3809389	12.0757740
7.9280103	-1.9215002
-8.6050595	-11.0671360
-8.8327956	-14.4752740
13.5422170	1.0070487
5.0851716	-0.9914997
12.2884240	5.1078216
11.6030660	-13.7001970
12.6447800	6.1390297
-10.3859400	-13.1068440
11.2044210	6.5360701
-4.4772840	-9.3353854
-14.7243860	9.9697614
-4.5885873	-8.7268965
4.1446318	-6.0421142
-0.4111885	3.6493640
0.1050955	-6.5938689
10.7148440	-10.2747480
-7.2451580	-14.7481240
-4.7346109	10.9477130
-7.2843224	-10.4432560
4.9480997	-0.2813176
9.9604875	-7.3488992
-2.0930479	0.5824281
10.5648260	-12.3919990
-7.2308102	-6.6229432
0.3461104	-7.2035475
-14.1978680	-14.4151650
-0.0945729	14.7981130
-11.9849050	1.4555136
14.2068310	-14.5096060
3.4459175	9.4462843
14.2978800	-10.9567540
5.3388614	-9.5094738
9.2359999	7.6248554
-3.4114058	2.9612588
11.1511050	-1.5048533
-5.8646619	11.0864640
12.2138330	-9.5097774
-13.6793840	-5.7243910
-6.2234228	-3.6269993
9.0234133	-10.6240350
-9.3400555	7.4021880
14.9029190	9.5678847
7.4089945	4.3900728
11.7733110	-7.4984299
-9.3527430	-9.3860419
6.0541050	-0.7124899
14.0036850	2.3998858
4.4539580	12.6305860
8.1479707	-14.0908810
-6.6185885	3.4043732
3.9755078	0.2271717
-4.9915229	-0.1495218
0.7512029	14.8658010
1.8969102	6.2982172
-1.6805136	-5.8387162
-6.3546835	1.7903010
6.3540739	-4.0077898
-4.8895054	2.9650003
0.3967251	-6.2222993
4.2876940	4.3733166
-1.4897746	4.1713472
1.5132824	-7.8643116
5.9664641	-2.3454442
1.0811870	2.6493013
14.5597060	-7.7987784
-9.5971736	11.3887450
9.8710388	9.7781371
-11.7617400	-0.3871130
13.5530650	1.5058328
3.7817109	-8.1569817
-10.9968780	-11.8702400
0.8946489	0.0267794
3.8711335	2.0764035
13.6189140	14.8372270
-1.3513302	-1.0591627
1.4622805	-13.1410540
-2.2119136	13.5745700
2.7612146	6.1923532
-8.9744510	14.4407570
-2.8419060	10.6254480
2.3433244	-14.0296310
1.8741991	0.2697187
-0.0976230	13.9926680
5.3442679	-10.5587790
8.1862744	-1.0210499
3.4131767	-10.4269390
10.1614840	6.7117623
-12.1823090	-4.0436208
12.8916050	7.0565114
-2.3730423	-0.2291803
10.1137510	-12.3616020
-13.7317030	-3.9738103
-11.1395900	0.3064123
-7.6740338	12.7520230
-5.6174045	-6.5977787
-3.1217260	12.6701160
14.8402930	14.0322570
-13.0061900	2.7276726
-8.6732648	-8.7320009
-5.5859304	3.7165821
-7.7357625	1.5559362
-6.5784487	-4.6940532
14.8381670	11.0313460
2.8384530	8.9020324
4.7236596	12.2275470
7.6001303	-11.8677580
10.6860800	-11.8682820
3.3053370	-6.0977053
12.1241420	-10.6229420
7.4604166	12.6773720
1.9859530	12.7023330
2.0149068	8.2051890
-14.8806510	12.5172400
-11.1856510	-4.3120111
5.8489554	-0.4504245
-5.6440683	-7.6697031
13.2270650	3.4274651
-0.0037608	14.5054980
-8.4298410	7.2014696
-11.7645020	13.0866950
7.9265819	1.6072569
10.2975200	-11.6870070
11.5360430	2.4425367
0.2815463	1.9530622
-8.1670799	6.2292330
5.8962140	0.6504469
8.1224832	10.4475740
-3.9945484	-10.2543790
12.7660980	4.5973844
11.1760890	7.1315892
1.8057965	-11.1273170
-8.4172463	1.3186840
-12.4401740	7.7068316
-11.1743040	14.1853580
5.2513371	-3.0141610
-10.8077610	8.7894401
-13.5461630	11.7342000
-2.2875238	-10.2690740
-12.7740010	-3.2331174
3.6805373	2.6532732
11.1101350	-11.1367510
1.2427929	-2.3993566
-10.6085310	-3.2029838
1.2370452	1.3300595
4.6351526	-8.4116662
-9.3496029	10.8907030
13.9210890	11.1905190
6.6509323	9.2268489
-6.8614260	5.0869554
-4.4339102	1.5676653
0.8520003	-3.5652897
-7.5064069	-10.0688180
-7.0117880	2.6690238
-1.1023661	-5.4541281
-3.7026410	-8.0215063
2.1680933	-11.1197850
5.8822373	3.7208696
-5.4642663	-9.9134350
3.6315868	-7.0832750
-0.3401153	-13.7957150
-11.4131190	10.3539460
-7.4045986	-10.9461250
-2.1508907	-12.1510030
-14.1228640	-6.8152708
9.0645296	-11.1329870
12.0673930	-4.9030364
2.4214006	-10.6883900
4.8881919	3.8568269
8.1035972	-3.9994107
6.2174556	11.7626180
3.6056740	-12.6349720
14.7940450	1.7939803
4.9123818	9.8360833
8.9299629	2.4252577
6.8501666	-6.4005629
-5.4919591	-5.3250446
6.3219052	-1.4952402
10.4329810	-3.1129628
11.7725270	4.1576722
-8.4145870	2.8981244
9.9702964	13.7431640
14.4589430	-0.1075473
11.3562580	12.2888590
-6.9462301	-7.0232849
-3.0722743	4.1332376
-6.7663690	-1.6239582
-7.9727323	8.9193447
-11.5688500	-11.2705440
14.0609620	-4.4774176
-13.2386770	11.1326400
6.5194489	4.8779935
0.8659833	-14.0982720
-2.6742800	-1.0684574
10.4934460	-0.0311902
10.2840670	12.0758250
-12.2924470	-9.5584220
0.8883189	7.2184019
-14.3444210	-7.9465363
5.3697418	0.2678024
11.4457520	-14.4747170
-2.3086969	9.5445545
-5.7302063	12.3507320
6.6064592	2.7298362
0.5211659	-11.5735810
-3.6307568	-0.6554471
-7.2401609	-0.4250359
6.9020561	-6.3846708
-12.5938400	-10.7360600
11.7163330	12.3424230
7.4888817	0.0927367
-7.9309246	4.1842780
-9.8683985	14.5872940
-10.1282040	2.7871466
-13.7323510	3.4869447
12.6506130	-4.4009260
12.9428490	12.4606590
10.8577790	10.3348920
-8.9717413	12.0212370
-10.9011880	3.8662687
6.0499826	12.4693180
-4.4997222	-3.7575662
-11.9542760	-6.2341791
-1.3863826	8.8244768
-4.3353607	4.8767781
-6.3214208	7.7914756
-6.5225105	9.7296199
-4.1670275	0.0175652
-9.1217918	-14.9059290
-14.3833060	2.4826420
5.1519582	11.0585310
-1.3786162	9.3670590
-10.4860590	1.4246507
-8.6212910	0.2559978
11.8270630	-1.4117964
10.5535830	7.9953660
10.0662580	-8.9996274
-9.2521145	-5.8872444
-10.9684590	-5.0105845
-7.2609131	-12.2184720
1.9794150	1.1311910
8.2838381	3.0184017
0.8018289	-1.4070362
13.9955560	5.9728016
3.8157005	9.3097001
-5.1665720	5.7868531
-5.9303455	-8.5367060
-14.2706580	12.9293440
-10.7707400	11.1028430
-11.1428180	-13.5184170
-1.2363065	14.8546000
3.6168422	4.1647381
8.3917387	14.8373150
-4.5362694	-6.1324730
-10.8897240	0.5849512
-12.9196230	-8.6569586
-6.0981908	8.7625589
4.8020774	4.0129086
-6.3390550	-8.2333604
6.6062246	8.8243670
-12.4674770	-12.3892900
-2.3914170	-9.4692792
-6.8545579	-3.3108254
1.7184984	5.2871447
-3.1602722	-11.9819800
3.4056426	1.7812085
6.5170103	7.1057580
-8.9080914	-5.7915219
-9.7936376	5.3792676
-12.8650460	9.2570861
-14.5934510	3.2443155
-11.4355370	3.6341339
5.1036278	-9.8995087
-10.8740010	-6.7131261
-12.8667780	-10.2453200
-6.4026119	-5.8265445
-2.9961859	-12.2270570
-0.6654473	-1.4560592
5.8310945	8.4577202
11.9773270	-3.9815675
14.2445990	7.1126754
-5.7395846	-13.6647010
-11.1467170	-12.9468020
5.8582396	-1.2981910
13.6329380	-13.7032110
2.9371181	8.5225480
10.9315860	3.9307799
-9.3082687	-14.9510160
1.7276750	-6.8642390
-11.7358530	-4.5698609
-11.5220510	11.4635500
6.1627726	-8.8378884
-13.6289700	9.5298045
-12.4459580	-3.7976110
-13.1770300	8.3420071
8.3608993	9.2806964
-8.8936334	14.1885990
-14.7310350	13.1725430
-8.1191539	-9.3892793
14.3757090	-10.9069060
-10.6519010	6.9690778
11.8240150	8.9161668
8.6275253	-8.9612977
7.5552060	13.9382700
7.4022442	2.7968119
-8.3005050	-9.5197913
9.5744249	0.4554466
0.3635573	-7.2661334
4.1629184	4.4349142
4.9982991	8.8268593
5.3023527	-8.9444787
12.0249450	-11.1877420
11.8815050	2.2142386
-3.8334140	3.3287001
-2.6839924	-0.5469984
-14.5838670	-6.6772208
-8.2457822	1.5687770
-14.0356690	-14.1882460
-12.4197230	-10.4902310
-6.0212486	8.9098268
-12.2778050	-13.3605390
9.9703300	2.2018046
-2.0207304	4.6343801
-12.4809230	8.3975581
8.6223526	-7.6804379
-13.3955550	10.0256550
10.5780910	-11.1111850
-12.9507520	-14.0699600
-9.5503508	-10.2566600
-11.2357290	-14.2474930
-2.7433979	-5.9339063
-9.3429567	4.6680980
4.7635039	9.0717676
-9.7354968	11.5417980
-5.7462051	1.5197959
4.8264172	-11.5386370
9.0254750	9.7853106
4.5627225	3.9318320
4.0267784	-9.2821212
-7.8119343	-11.4083340
-9.3863797	2.8669069
8.2011235	-13.3076170
-4.3944689	-9.1649204
-7.7435616	-2.7373656
-8.6478664	0.0318613
13.6098810	2.9919230
-7.5642435	-0.4635922
0.8097430	-3.4781912
2.6504917	-12.9906940
-14.3847740	7.4013849
-12.6648020	10.9521130
-14.9137240	-3.1025950
10.8938240	-8.6014364
-9.5864136	-11.4742600
-6.4744880	4.2323782
3.1661208	-6.1217992
7.2608779	-10.5920850
-4.5626780	4.7231022
-2.4231354	0.7297434
-8.3851364	-1.9481012
-8.3107282	8.8648842
10.5446070	-13.5604070
-1.3691632	-2.3397696
-0.2041551	-1.1416974
-1.2410403	-9.9070937
0.6476475	14.2986100
-0.7229534	-6.4761821
-12.0270650	-12.4798970
14.1884990	-8.7137047
2.5283749	6.0769980
0.7673507	-4.7435163
0.2233342	1.5381343
-14.4055580	-4.0612286
-8.3983828	4.6303911
1.3744690	-2.9257708
10.4675930	12.5310580
7.0643002	-4.9412594
-5.8235397	-13.8921840
0.9040805	-4.3309914
-1.0971597	1.1277914
0.1942582	14.9240820
6.1798664	-8.0505456
-10.7181770	-10.5684230
5.5002591	-5.9752267
13.2582000	-9.5282960
7.3760428	10.7193010
-14.5316300	7.8800410
8.2639453	14.0842540
13.3762900	-11.8606070
11.5145820	2.8981105
-6.7959021	-13.6908170
-4.0754361	-11.1004580
0.6410660	-11.6620480
0.7331573	-12.7264860
13.3497440	1.6327670
4.0699009	-6.1679678
5.8719062	-9.4530932
-12.6656050	-5.4424012
-4.3391290	4.9624754
-3.1860568	6.5460633
-7.1500883	5.2222236
4.8847901	13.2843000
-8.4319375	-2.7299932
-10.5353030	-14.7396880
-5.1904897	-7.6388006
-0.3951280	5.3328426
-8.2583535	2.9026447
6.7224111	2.3521125
-7.8014288	9.6802674
6.8736290	-8.4224017
-4.5352965	2.4386618
-13.3351860	-2.7456415
1.1223780	4.1259324
-6.7377455	5.0165943
4.1096453	10.3565250
-4.7384902	-11.1840870
-5.0372491	-10.0754120
9.2349209	6.0265081
-5.5455241	0.6423593
-9.0608542	-13.9624910
3.2366619	-7.9253250
-11.4600650	-7.4544833
-13.5276510	-5.8526890
-7.7580336	7.4275505
-7.4041065	-7.3313310
-14.6302280	-8.0177825
-10.7383950	-11.5431800
-7.1234036	10.0506240
-0.0031306	7.7102598
10.9200520	4.5630863
-9.1594998	-8.5765308
5.9297341	12.1937610
-8.3942600	6.6841445
-14.6979570	-4.8164392
8.3587365	-8.6983667
6.4714126	12.8811960
-2.7275661	-3.5570188
1.2876927	8.8971233
-9.3620514	-10.8881550
8.6659190	-5.1085971
5.5355532	12.8208320
4.7530974	-7.7492161
-6.0422929	-9.9478807
-13.7256170	-3.3083849
-1.0079576	-1.7307038
-7.4359424	13.2805250
3.2158165	0.3568829
-14.9676280	8.2762753
