jMRUI Data Textfile

Filename: dataset7_nWS.txt

PointsInDataset: 2048      
DatasetsInFile: 1         
SamplingInterval: 2.5E-1    
ZeroOrderPhase: 0E0       
BeginTime: 0E0       
TransmitterFrequency: 1.2322E8  
MagneticField: 2.9E0     
TypeOfNucleus: 0E0       
NameOfPatient: dataset7_nWS
DateOfExperiment: 
Spectrometer: 
AdditionalInfo: dataset7_nWS
SignalNames: dataset7_nWS.txt;


Signal and FFT
sig(real)	sig(imag)	fft(real)	fft(imag)
Signal 1 out of 1 in file
49922.3680000	5.0243231
49703.1820000	9.7012834
49464.1820000	8.4087327
49225.0490000	-7.7694027
48988.8960000	-0.6104443
48770.7750000	-7.1306170
48548.9190000	-9.1080907
48299.3970000	4.7982319
48093.9130000	8.0690006
47859.4210000	-6.9493626
47631.7880000	9.0226274
47397.3110000	-11.0500740
47177.3740000	-7.0445193
46973.4840000	-11.3446550
46735.2690000	6.2187355
46516.2510000	8.5857001
46303.9220000	1.8860806
46091.5550000	-5.4515923
45874.5060000	10.5067940
45649.5380000	-0.6092570
45443.0170000	-7.1838792
45223.1120000	9.0307269
45019.4980000	-4.7588488
44811.2630000	-5.3854893
44590.1920000	0.2295585
44385.4680000	-8.3335044
44172.9520000	-5.8087577
43963.6590000	6.7041949
43764.1520000	8.1835446
43561.3510000	-8.1860329
43346.5990000	7.9410123
43139.5260000	-1.4034067
42936.8070000	-4.0130709
42745.4210000	-10.0127240
42536.6470000	6.1452026
42342.2440000	-11.6157990
42138.7120000	-0.6613837
41930.8290000	-5.8187078
41737.4390000	5.9169005
41545.8620000	-11.3539470
41344.6240000	2.6942601
41161.6110000	9.3637713
40960.3050000	9.6001176
40763.1310000	3.7853115
40574.7550000	10.4588300
40393.0300000	-9.0983599
40206.8760000	-6.5527650
40020.7000000	10.5377020
39819.0260000	5.6164069
39646.9610000	-8.5039968
39450.2580000	7.2549817
39270.5070000	2.5581577
39075.8400000	-8.6688920
38891.9860000	-3.2636183
38703.3520000	0.6373842
38526.3480000	-5.8678791
38357.4910000	-5.0328835
38171.6110000	-3.4956330
37990.1060000	-0.2650460
37808.6840000	2.0369866
37642.2520000	3.3361834
37459.4670000	-5.1263469
37284.7900000	-9.6937195
37097.5750000	-8.3001009
36929.9820000	-0.1145646
36751.2230000	-8.6005377
36574.8270000	-7.6457451
36423.8820000	-7.5929902
36230.7810000	0.0578841
36069.1490000	-6.6202504
35893.9970000	-9.5605643
35743.0940000	0.9399629
35566.7690000	-2.0699819
35407.5320000	10.6143980
35219.4170000	-0.0255445
35057.3630000	2.8459300
34897.2530000	8.2834442
34746.8420000	9.2534015
34574.7770000	-9.4007557
34414.7560000	7.1649396
34253.5620000	5.9555962
34099.0270000	-2.8211336
33932.7840000	10.3631540
33766.5320000	8.5117017
33604.9760000	10.3361950
33455.9700000	-4.0518473
33303.5240000	2.5737629
33129.0380000	-10.9512640
32988.4110000	4.8813245
32822.3220000	-11.4734210
32680.0780000	-6.4878447
32521.2190000	3.3096882
32363.1680000	-1.1984306
32224.3040000	-3.4208375
32057.4090000	6.4091209
31923.0100000	-2.2299502
31750.2300000	4.3372867
31613.8100000	7.7113381
31459.5900000	0.2691147
31324.9330000	2.2122052
31171.2670000	2.5654194
31019.3410000	-6.1872359
30882.7990000	-3.7329891
30726.3100000	-0.6613781
30589.5890000	-4.8128908
30432.2260000	-8.6219757
30307.6170000	8.4978236
30148.2470000	-3.8816096
30006.4650000	4.5324445
29874.3310000	-1.9858045
29733.3540000	-0.0404169
29599.1680000	-9.7296959
29458.9880000	-10.2262180
29313.0810000	1.8276255
29189.9080000	-0.7427859
29048.9450000	9.4263761
28898.1760000	-9.4567104
28780.2110000	-8.7248816
28636.0540000	-0.5773883
28490.2330000	-8.8465500
28360.2740000	2.0660728
28236.9640000	1.3356725
28109.9870000	1.6690677
27964.8310000	10.0571700
27832.2910000	10.2208570
27712.8440000	2.9699634
27564.4040000	5.6279242
27444.0530000	-8.6460156
27324.6490000	8.7290900
27195.2280000	-10.7282840
27059.5240000	10.9545450
26940.1280000	6.8246966
26815.1840000	-1.1617540
26668.9220000	-4.4320644
26547.0870000	5.6649908
26427.4170000	8.4341207
26300.0650000	8.8486344
26176.9280000	-5.6691343
26054.2890000	6.5071576
25940.8770000	-11.0628690
25804.5500000	6.2309280
25686.0810000	-9.1943325
25577.6810000	-8.4998345
25460.3220000	-4.4783287
25341.8060000	-6.3112979
25208.4730000	10.7514670
25099.5770000	-6.8363865
24972.7740000	5.7913810
24848.4210000	10.8316430
24736.8440000	3.0310996
24630.7580000	-7.3468640
24515.5870000	6.8611949
24405.0770000	-8.5935959
24280.6800000	-7.6184232
24174.1430000	-8.1501725
24063.9010000	5.4642235
23930.9360000	-3.9524842
23837.0510000	0.9122361
23719.3030000	1.1046788
23604.5780000	-4.0864812
23485.6960000	2.9602581
23386.9400000	6.0763781
23280.1960000	-10.7812850
23150.7740000	3.9687311
23046.9880000	3.5200913
22949.8350000	2.1380036
22833.1610000	9.7540480
22735.1190000	4.9962337
22623.3860000	-4.2872964
22512.8960000	4.4922613
22406.2900000	4.7804295
22296.9720000	-4.3244134
22197.3980000	11.3656940
22106.4970000	-2.2953336
21997.2540000	6.5143725
21889.9390000	-2.1587793
21794.7650000	3.0053195
21682.9670000	-5.1720219
21579.7640000	-10.7746310
21477.8560000	-0.0631239
21380.1910000	6.8514159
21278.8000000	-0.9600318
21190.0130000	-1.7652005
21081.6060000	1.4449599
20985.8780000	9.9269169
20870.7340000	-7.9150546
20771.5600000	7.7621386
20690.6010000	-2.1798349
20593.3700000	-4.7637278
20490.2240000	-3.8599965
20406.3820000	-2.1192006
20300.9520000	-7.1900887
20212.9600000	-6.9588856
20109.6210000	-9.7400258
20021.9150000	3.0704745
19928.5660000	3.3952751
19831.8300000	-5.6017074
19730.0990000	-11.5220280
19641.8310000	3.4312016
19545.9990000	9.1461003
19455.4270000	-8.3687927
19374.9320000	-5.5279381
19277.7000000	-0.7401556
19190.9280000	-4.2853772
19082.8210000	5.8068728
19004.6140000	6.4970406
18913.4010000	5.2793783
18817.2100000	1.6062652
18740.8460000	7.8395231
18637.9530000	-9.9052120
18550.3100000	4.6119027
18477.0940000	2.4282199
18377.2940000	-7.2561785
18294.7900000	11.0004300
18207.8440000	8.9812628
18119.5740000	3.4807143
18038.8540000	-3.2500494
17953.5120000	5.4266937
17878.4890000	4.4296657
17783.0580000	5.9130555
17699.0080000	-0.3716947
17613.6190000	-0.8705670
17534.7320000	-5.6084574
17451.5480000	6.6063653
17374.4680000	1.1768926
17299.0050000	5.7107666
17217.6770000	-7.8789885
17129.1510000	5.9686847
17052.8040000	-0.4016825
16978.3390000	5.6469042
16883.1050000	-6.8923391
16809.9450000	8.0193371
16723.2790000	9.1923394
16652.2710000	1.0655754
16573.3730000	0.4815889
16501.6100000	10.9374880
16425.6540000	2.2499148
16341.9550000	3.7609633
16264.0860000	7.9935198
16188.0240000	11.1816220
16102.6110000	5.9357121
16040.5000000	1.8893643
15962.7060000	-3.7708748
15895.1040000	-10.6155500
15803.9590000	-3.2406168
15736.1420000	-10.2009020
15666.7810000	10.5254610
15586.5160000	-6.3491341
15510.9340000	-5.6233304
15438.7770000	9.7809100
15361.5700000	-1.3009619
15298.9880000	-11.5468190
15221.1500000	3.7305846
15150.2700000	1.4878927
15085.1080000	1.0061856
15002.5660000	-6.9298038
14945.1770000	11.0267950
14872.2260000	8.4384512
14799.0550000	0.9367715
14723.7560000	-1.7596633
14669.4120000	-6.1832987
14596.1210000	-7.4165634
14526.6950000	2.4391375
14449.8780000	2.2494283
14381.9840000	11.7503080
14313.3470000	-1.7209694
14255.3120000	7.0724716
14187.7680000	6.3279497
14116.8200000	0.8648619
14064.4580000	5.7921132
13990.8050000	8.2715673
13920.6270000	-9.9067955
13867.8710000	-5.8291900
13802.9940000	-11.5669120
13735.8540000	-4.5391653
13657.9110000	8.1093890
13596.7340000	-6.8136253
13526.8750000	-9.0505607
13463.0310000	-7.2826547
13414.8080000	-8.2859909
13335.0350000	8.5756593
13280.8840000	-8.0992162
13224.5250000	-5.0525092
13164.7680000	6.2876156
13103.2780000	11.3420260
13037.2320000	2.8148405
12970.6010000	8.4558818
12909.3020000	-2.7956297
12847.7710000	7.6458455
12797.5040000	-4.4879216
12724.7070000	-6.8258088
12674.9080000	-7.5799496
12617.1000000	-3.5102633
12550.6810000	-3.4631787
12500.0260000	-10.1785950
12442.5550000	9.0523203
12370.4790000	0.2661224
12308.7230000	-3.5671629
12259.0440000	-4.1972567
12204.3770000	8.6460766
12143.7120000	2.6832386
12093.4900000	-9.9919732
12025.2170000	-7.4993588
11968.9490000	7.8757175
11922.0650000	1.0972639
11872.0770000	7.8130613
11811.1000000	7.4008583
11752.8050000	0.5407528
11696.0410000	-5.7375921
11646.9150000	-5.5983595
11597.5840000	-8.5959978
11528.6260000	-7.7715946
11473.9710000	-11.6467480
11417.7960000	-3.7522171
11371.8680000	6.5947685
11313.2730000	-3.6669346
11266.9400000	2.2047573
11216.9880000	10.8842330
11165.1270000	-5.0409341
11099.5040000	-8.6635242
11059.8040000	4.0929533
10998.3710000	-5.9128651
10960.6620000	-3.6425237
10897.0300000	8.0142661
10840.8370000	-3.1504393
10793.8820000	-0.1381202
10738.5890000	-6.7314809
10685.0690000	-2.8870964
10648.0380000	-3.8899264
10604.8650000	-5.9099896
10536.3890000	7.7674192
10501.9510000	4.7251252
10437.1730000	-2.6450534
10390.7740000	-5.0090491
10358.4280000	-7.0093038
10289.3530000	7.3246522
10255.4440000	2.4530956
10204.6670000	-1.4747460
10154.8430000	2.4736135
10109.3940000	-10.5148430
10066.5070000	5.9852975
10012.2150000	-10.3801390
9964.4509000	9.9142289
9912.8132000	1.9267074
9874.5594000	-10.6834500
9824.9232000	8.3328699
9776.9588000	4.1050147
9733.3683000	11.0334050
9679.0865000	-1.4752319
9641.1831000	0.3610180
9601.2947000	11.6196110
9544.0781000	4.5147555
9498.1834000	4.2294402
9468.5246000	4.9651502
9406.1254000	10.4891770
9364.0057000	3.2331676
9329.6171000	-4.5436934
9285.2118000	1.8716014
9230.9825000	-4.4125654
9194.8169000	-4.5991463
9158.9420000	-8.4643438
9102.1692000	5.9730474
9078.1015000	-11.3614490
9025.6572000	3.1596430
8988.3590000	-6.7041072
8934.9496000	-3.0877051
8905.7521000	-10.8054920
8859.5758000	-8.7842033
8826.2037000	9.6202752
8776.2865000	4.4187249
8724.8092000	-11.0052980
8695.2268000	6.9478643
8651.5408000	2.5314847
8613.5601000	3.7157590
8570.1538000	8.2219442
8529.9960000	-4.0161222
8487.7403000	-6.2373077
8449.4719000	11.5398430
8408.1355000	7.3168874
8370.4446000	-2.3743091
8341.1254000	-10.1845090
8290.0915000	2.7466039
8246.5094000	10.8403520
8222.4117000	3.2935296
8171.5613000	2.0578264
8147.9327000	-5.4726477
8103.5876000	-9.1340626
8060.2179000	-7.5744652
8032.1977000	-10.6483620
7987.3833000	-1.2229697
7958.7323000	0.6435499
7904.7537000	-4.5908885
7871.7500000	1.7453650
7832.2620000	0.4818915
7802.1182000	-10.5917560
7754.8437000	-4.6473279
7715.6452000	-1.6139082
7692.0059000	-4.5806361
7659.6877000	-7.3487462
7620.8802000	8.5002921
7584.3224000	-1.1878038
7541.1236000	-11.4528610
7507.5241000	0.0486840
7470.7975000	-1.7419357
7445.8553000	-2.2659203
7410.5193000	-11.7174670
7366.0520000	0.2213092
7340.5598000	-1.3833358
7295.3251000	9.8583506
7274.3862000	6.3306484
7232.0248000	-6.2287366
7186.6516000	8.8864447
7155.9648000	-5.1399951
7125.2904000	-0.2003801
7097.1765000	-7.5370801
7058.1725000	1.4249398
7034.6156000	3.6361491
7001.8079000	-1.8288944
6969.5466000	7.6483245
6941.6318000	3.3376654
6909.0289000	-0.9232748
6861.5162000	3.3683902
6829.9052000	-1.1183073
6807.6885000	-4.9238260
6779.0303000	-1.5220706
6731.2475000	-9.4014638
6696.4151000	0.7229441
6671.5652000	-3.1284712
6639.0627000	7.3032960
6616.3555000	-11.5579200
6592.5486000	-7.6507709
6557.6209000	-4.2139341
6512.1205000	10.2779220
6493.5148000	1.5111013
6460.3118000	-2.2494530
6435.1203000	-3.5248495
6399.7415000	-9.8428337
6358.2760000	2.6720767
6336.9978000	-4.4662118
6309.2981000	6.7757371
6281.7149000	-6.6247148
6244.0221000	1.4504532
6209.6812000	6.8046190
6185.6492000	-11.3844930
6153.8759000	-3.7290667
6135.5415000	-5.7952748
6100.1671000	10.1985340
6073.8720000	-1.4416386
6042.2026000	-5.3510992
6013.5260000	-10.5095950
5978.8171000	11.3274590
5965.4812000	7.8635367
5929.1762000	-11.5369380
5904.3592000	-8.1877106
5875.4461000	3.7016373
5853.1072000	-1.4493412
5818.1171000	2.0534029
5799.0934000	10.5577540
5774.1893000	1.1004411
5746.6262000	-3.7509308
5713.6404000	0.4733680
5696.6160000	4.9518603
5656.9957000	1.3213787
5644.8614000	-0.8650099
5615.5643000	-8.9468826
5580.9126000	7.7950890
5563.2283000	-5.9510623
5523.2028000	4.2000982
5496.9330000	2.8826909
5484.2785000	10.2982750
5453.0386000	-4.8055258
5419.9650000	-4.0650408
5389.8478000	-1.9803373
5366.2011000	11.7137750
5342.2951000	-11.0667600
5312.6902000	-8.6454933
5289.7686000	-1.0004949
5267.1360000	-3.0624418
5256.1537000	-5.4482858
5213.8138000	-8.0151923
5201.8447000	-0.7534099
5168.4768000	-4.3393516
5160.9471000	1.6025744
5129.2747000	11.4128080
5099.1961000	-7.9147524
5075.1161000	-6.0671090
5043.7517000	2.5491685
5031.4559000	4.1034364
5005.5715000	9.5088099
4991.2837000	5.6121491
4950.4514000	-8.7115116
4939.2827000	0.1052112
4917.3107000	8.6511104
4888.8069000	9.8402749
4869.1261000	-4.0477395
4850.4920000	-5.6962217
4829.6260000	-8.4467904
4809.9050000	-9.5238575
4782.8072000	-1.8227820
4749.9716000	7.0783679
4736.1377000	-0.8215266
4711.3985000	5.1483391
4699.1158000	0.7271926
4664.0985000	3.5051256
4648.4276000	3.5456247
4626.3284000	8.1089158
4592.5422000	3.8174888
4587.7982000	-9.6776321
4563.2024000	9.3984055
4527.0264000	3.0533861
4506.6691000	-11.2967760
4487.5705000	6.1858921
4471.3758000	8.3056326
4456.6442000	-8.8723111
4439.5814000	-4.7496792
4417.1836000	-9.8796267
4380.8789000	9.7223057
4363.0535000	-7.0094099
4342.6653000	8.3641432
4321.3370000	-4.9048022
4312.6133000	-8.4501252
4293.1568000	11.5844450
4261.1099000	7.9881349
4245.4483000	11.5626790
4215.6819000	-3.7557237
4198.0074000	-3.5176417
4193.1928000	-4.1547566
4165.4830000	-6.1491073
4143.6188000	-3.0677088
4132.2040000	11.1226290
4112.6692000	-3.8102483
4079.1044000	-1.7905864
4081.3105000	-3.8796818
4054.6860000	-3.8535070
4022.1311000	-4.7332647
4008.7096000	-9.1928553
4000.8491000	5.9527606
3973.0783000	9.0333563
3963.2850000	9.2507234
3930.1847000	11.5095120
3921.5188000	-5.7726511
3900.0769000	-3.3572385
3893.9595000	-9.9944851
3874.1122000	1.1137769
3846.6250000	-5.9373377
3837.5783000	-9.1625514
3804.1341000	-3.1879704
3784.9496000	10.2669290
3768.8162000	2.4153751
3757.3876000	3.6566980
3749.4553000	-11.0530310
3724.1204000	-7.8470632
3708.9947000	7.9608462
3683.1873000	10.1728880
3664.9805000	2.9253699
3649.9809000	6.5899488
3627.1092000	-7.7909124
3626.4755000	-4.4956682
3604.3840000	-11.5151790
3593.1316000	-10.5783540
3568.2513000	-7.7710144
3546.2942000	1.2184332
3530.5663000	-9.5134334
3517.0748000	8.1781884
3512.0993000	4.0358152
3481.4394000	10.0724560
3460.3238000	-11.3904290
3445.0111000	-7.9124101
3433.6162000	-5.8432346
3428.0796000	3.4742481
3411.1621000	1.9240284
3375.7840000	-9.6935226
3361.1489000	-6.0733644
3354.2294000	5.9032199
3331.4876000	7.1994772
3313.9397000	1.6739597
3308.7364000	-11.6071310
3294.6558000	-6.5648119
3276.0541000	-9.1317928
3252.1292000	0.6685992
3237.8161000	-1.2065291
3232.4335000	0.8034471
3227.1116000	11.7267510
3207.4559000	-10.7946900
3177.9038000	-5.3479874
3159.6809000	8.4497276
3151.6277000	3.4522457
3143.5354000	8.5574738
3118.1476000	6.0554622
3110.6736000	5.8866232
3085.6974000	-6.3775848
3079.1357000	-3.9942404
3067.9986000	-6.4588286
3042.2984000	-5.9054559
3029.7514000	9.2040914
3014.3070000	-10.2724520
3002.3431000	-1.9913736
3006.7392000	-1.2922824
2988.1947000	-5.6375171
2976.5911000	-1.5716815
2965.7562000	0.1965005
2945.5840000	8.6738808
2915.2946000	-5.2549727
2910.9963000	2.0211182
2909.8907000	-6.3437191
2882.1195000	10.2891080
2869.4754000	-6.8674189
2848.8636000	4.1570677
2844.2148000	-5.6890149
2832.2638000	1.7473594
2829.6772000	-11.2757400
2813.3268000	-8.4761531
2785.9406000	1.5477476
2785.1539000	-9.4618521
2762.2965000	0.2114943
2756.5227000	1.7990837
2729.1065000	11.4312430
2716.7639000	-5.1663107
2720.4377000	-5.9596964
2699.6977000	-3.4021087
2677.5409000	-7.3139043
2674.2641000	-6.0892595
2661.9712000	-2.4165337
2658.8035000	3.1672047
2646.3755000	8.7310133
2633.1195000	-6.7370077
2602.7231000	-5.1137743
2602.9308000	0.2764390
2579.1964000	7.9097636
2584.9987000	11.1909450
2570.8124000	-0.1750229
2556.7336000	-10.5252450
2546.5096000	11.2467290
2518.7653000	3.7366372
2512.7054000	7.1623711
2502.6411000	0.0787397
2502.9292000	8.0183269
2476.6817000	-4.0007400
2459.2435000	6.3601597
2458.2735000	6.2070341
2453.9484000	-6.5208099
2439.5341000	-7.7825597
2434.0862000	-8.5879513
2414.2434000	-3.3899371
2399.0638000	11.2201740
2384.6518000	0.1781477
2372.6176000	-8.7341616
2375.7366000	-4.8810853
2352.1811000	5.5440660
2341.7775000	-5.5183044
2339.3237000	-8.2025153
2333.6069000	0.0474624
2316.8315000	7.2392527
2290.4281000	10.1050730
2294.6925000	9.0987727
2287.6459000	5.2316439
2279.3049000	-6.9186736
2255.3294000	-9.1693390
2237.4505000	3.3447195
2230.1388000	-6.5759862
2224.1103000	-7.7294874
2206.5697000	-8.3997829
2210.5352000	-3.1938479
2198.0265000	-2.6902128
2177.9180000	-4.6917103
2184.9536000	-7.0641052
2159.3946000	-3.0800861
2165.7916000	5.7647878
2147.3282000	-7.2308108
2123.5341000	-3.2468447
2129.8640000	10.8646750
2121.8971000	5.8895972
2103.8028000	9.9852380
2097.2039000	-7.2196920
2092.2917000	6.2710200
2076.1218000	10.3392910
2055.8542000	5.5744202
2052.8992000	4.8065110
2045.5545000	11.5344400
2024.5529000	-1.1709100
2021.1122000	10.0851070
2011.4954000	-3.9297201
2011.2440000	-5.3712627
1987.7504000	-10.7619230
1989.0045000	1.4299972
1970.9925000	-3.2010075
1968.9167000	7.2932430
1954.3589000	6.2592353
1943.6836000	-4.1369972
1938.5794000	-5.5877045
1944.3133000	7.1713328
1921.9112000	9.6644989
1916.3095000	3.4242239
1902.6714000	-9.8756697
1895.8190000	-9.8187272
1892.5972000	-10.9829650
1884.9673000	9.8518724
1872.8601000	10.9968470
1854.5289000	11.3188180
1843.6937000	0.8482580
1834.3805000	-5.0612591
1841.4682000	-10.6257440
1823.2498000	-8.0297188
1810.4516000	-9.6780372
1804.2892000	-9.0301934
1789.7475000	-8.3097998
1792.8506000	0.1612054
1778.5824000	-2.2232503
1773.6078000	-8.2179326
1775.1434000	2.5945862
1757.0530000	11.3299160
1741.4523000	11.3182530
1750.7053000	-1.9761122
1741.3518000	-8.5309973
1719.7550000	5.6202262
1713.0245000	5.3268408
1703.7105000	-6.2127730
1694.7868000	10.0907230
1685.5807000	-6.2594840
1682.1785000	-5.2907318
1676.3500000	1.3384790
1659.5603000	7.7761968
1652.8747000	-9.5923340
1651.8484000	7.3392402
1647.0903000	-7.9429165
1636.7571000	-1.1762276
1630.6358000	3.3744364
1631.0713000	-8.2297899
1613.7714000	-2.4899712
1598.0665000	-5.4449906
1600.0691000	-2.4634398
1590.5287000	5.3337738
1589.5562000	-8.5637575
1589.4625000	-9.1309528
1564.2210000	-2.4684922
1560.8140000	5.3249169
1559.9488000	-10.4196410
1552.8353000	0.6194754
1541.8944000	-6.4578772
1544.1787000	-4.4729816
1535.8032000	-1.1920119
1522.4655000	-7.1524412
1510.2249000	9.8341808
1507.9376000	-3.9943251
1499.3021000	-8.1367347
1484.2957000	-1.5457737
1492.8243000	-8.3090618
1476.4851000	-1.8083371
1466.4469000	3.8883242
1454.8305000	8.0598893
1468.0502000	-1.4810619
1453.4411000	-5.2392576
1439.6667000	0.9382109
1440.2067000	-8.0822500
1433.1552000	-2.9530860
1432.4986000	7.7392611
1410.9422000	-1.5901157
1412.4981000	2.4859315
1393.0410000	7.2411295
1388.2680000	-11.1839260
1390.1853000	10.1508270
1392.3886000	8.2578523
1367.8799000	-4.4220029
1361.5130000	0.1228822
1358.7436000	-0.3307632
1358.9280000	7.5056808
1359.9302000	-5.4746132
1346.7452000	-1.0456007
1345.6259000	-4.4561658
1321.8969000	6.5846514
1334.3632000	1.8335612
1317.5945000	-2.8356828
1320.1340000	3.8661150
1311.1616000	10.2670490
1312.4936000	4.8941175
1286.1308000	-1.8864872
1287.1588000	9.2150274
1278.1949000	-4.2691508
1287.7541000	3.2556525
1268.6501000	6.3619980
1270.4631000	-3.0751557
1265.4119000	-10.7700140
1241.3208000	11.5146380
1246.0322000	-3.8722356
1247.5050000	-3.8847987
1241.9656000	2.3971385
1223.0835000	-4.1640163
1230.5899000	4.4340168
1214.7313000	-3.9332557
1206.8892000	-3.8794754
1208.3853000	-8.0939339
1200.9686000	-5.9522783
1199.4453000	-0.5908401
1187.0920000	-6.1522282
1176.7250000	-8.8272647
1185.7147000	0.4629779
1162.5273000	5.4192434
1162.9250000	-0.3484462
1172.7924000	-9.8114452
1151.8969000	-1.5616951
1146.4398000	6.1482960
1153.5289000	1.8823570
1150.2812000	-3.2879222
1126.1773000	-0.3698131
1127.4422000	-2.9947313
1134.7062000	-3.9349781
1129.4169000	-8.5273331
1117.0777000	5.2644174
1118.1256000	6.2260747
1106.6335000	-4.4311180
1108.0181000	-7.3624035
1088.5697000	11.2670430
1093.9373000	3.4229541
1090.8783000	5.6821839
1068.6583000	11.2656410
1066.7751000	8.9090833
1068.2732000	-6.0950294
1063.3568000	6.3126247
1053.5689000	3.9357600
1061.1072000	4.3237440
1039.1733000	-6.9694285
1038.1097000	6.7545974
1034.7258000	-10.3892620
1022.4637000	-2.5778306
1031.6327000	-1.7691079
1020.3503000	7.8437729
1028.2667000	7.9984949
1009.6678000	-1.9507726
1019.1827000	-9.0491237
1000.2074000	-10.9912850
1003.8802000	1.0975036
1005.7439000	-3.5234798
981.4120000	10.6606500
982.9256700	3.0364751
991.9591100	-11.6651100
985.2032500	-7.9395163
972.6563600	-2.6372014
956.6540100	-0.2088857
968.9664500	-4.7835691
957.8915900	-3.3975103
952.8103300	8.4184488
955.7641600	2.0993096
941.4088700	-1.8804635
948.1322600	9.2158017
943.2246400	-6.3570596
929.9402100	-8.3445733
929.4804100	5.5061363
925.5717800	-7.6031495
914.6460400	-6.1042451
904.4993300	4.9894300
918.3220800	6.6228571
900.1993800	-1.5948303
906.1457300	10.1232460
897.3995000	-6.1862439
890.0059300	9.8268658
897.3932700	4.9842379
874.5663700	-4.5314859
879.8642000	-8.2054618
875.1877500	-6.9535478
861.2716000	6.1888588
859.9444200	-8.2522248
867.4590500	10.2781270
863.9329200	-9.4863512
866.5701000	-4.6731604
843.9465100	-3.3667078
838.5908900	-5.8599370
848.8451600	-6.4280255
831.6456400	5.9425724
826.5643500	1.3894793
824.9278500	4.8559585
827.7101100	3.7806276
826.5274400	-4.7413587
831.0667800	-3.8659299
824.1577400	-3.7357596
801.4005800	0.9317663
801.8061200	-1.4199721
816.2209600	-6.3186567
794.1030800	-8.2712929
786.9858800	-10.1078430
782.6368000	-8.9527894
789.7533100	-10.9754480
795.0288400	-4.1193509
777.2983400	-1.4431258
768.2667000	1.5952516
763.7640400	-0.2069580
781.0082800	-8.5353673
766.3638500	-4.0564687
773.6425800	-11.7240600
769.5878300	-0.3308973
751.4546400	11.5865500
754.3612800	6.8512459
743.2464400	-6.5292046
743.0573000	-4.6044247
743.1525600	4.6084610
731.3209400	3.4950385
733.4274000	-3.9812755
730.3320600	3.5883243
724.2609600	11.0987700
733.9989600	5.8727257
714.7799600	9.1464873
724.9230900	-11.0355570
725.8064800	-0.1843074
718.4234800	-8.0393098
698.1611600	3.7448069
709.0047700	3.0899051
708.4072000	-1.9332901
701.0840100	0.0589638
694.4077600	-0.3718609
692.9348000	-2.1512989
683.8214500	-6.3632207
687.1619400	4.0594156
671.0126300	4.8450606
667.4060200	7.8627370
676.7073100	-3.7055385
679.3731500	10.4841520
668.8522900	-7.7816070
660.1375400	10.8235040
669.2005300	-4.1576844
661.5307900	-4.0855585
647.9547400	-5.9607165
651.9197100	0.3654677
661.4872700	6.2021462
638.8236200	-9.7262471
646.0158000	-6.9892958
651.0729600	-8.7862592
641.5142200	-0.0432406
639.4841700	-9.5710505
633.9051300	-4.2140632
624.6445100	-11.4216280
638.4200200	9.8733765
632.5257400	1.8918462
618.7434800	5.3843486
624.7757700	6.1411132
622.2860900	-9.7285830
621.5675700	-7.9425731
616.1967900	-3.9257391
617.4855200	8.3989211
597.0627700	1.4430596
606.1039900	-11.7234480
595.8310900	-0.7614292
589.8809500	-1.7480795
595.6370100	7.2512504
578.8583700	8.6166374
578.1063500	6.5335265
578.4723300	7.8566802
590.1222700	-8.5339605
584.5831100	-6.2967262
587.2668600	-0.4458490
572.1093300	2.1506225
560.3314400	9.8208285
574.2598700	8.3330308
574.6065800	10.5679610
566.5714800	3.2813318
554.4621100	-11.1170500
561.4801000	-8.4664003
557.9159900	8.1424091
563.4636200	0.1741079
544.5355300	7.7048549
552.0961500	-7.5346227
553.2023400	-0.2627474
538.8193800	-7.0511253
528.5221000	-10.8325210
540.3215900	0.3282996
544.5020100	7.1419649
535.5399500	8.2217556
527.6234000	2.0733428
529.6431800	-4.8850553
517.2880300	4.0791895
511.4999500	-10.6162450
512.1035600	7.1647106
506.9627000	9.2935311
524.2807100	6.9219135
504.0210800	4.3515153
499.6551700	-11.6442170
496.9996000	-11.0491870
501.9451600	1.6574619
512.8293500	-6.2711583
488.1319500	11.2261710
493.9285100	11.3101290
494.1377700	8.7579829
501.0438500	1.7828130
498.8001000	9.8097940
478.4118700	2.8915663
482.8518300	-11.1644560
473.5398500	-1.5507395
474.8869400	10.0824140
479.6161800	-9.0843821
470.1425100	-4.9550179
463.9554200	0.0229106
476.4380600	-10.6052980
471.7815100	1.1239591
470.5817000	6.8687240
458.8245600	1.1271861
461.5380800	1.9948909
468.3902600	5.7535314
466.7473600	-0.2732714
462.0267700	11.2847280
463.4439400	2.1481675
449.6205600	9.5810252
454.8294700	-8.1017897
455.9706900	11.6865980
449.7566300	1.9503569
443.9628400	0.8067515
447.1506700	-9.7749008
442.9799800	10.2191290
429.0242300	-6.0112444
426.8797500	-10.1018690
430.7712900	6.7283939
439.8720200	-11.0033630
438.9267200	-7.7282852
427.2108500	4.2091686
418.5488100	7.0788717
434.1998200	11.6574700
413.6974800	-6.7930999
408.3876900	2.3221481
408.7195300	-11.1885940
426.2926000	-1.0427375
413.5867100	2.9221098
413.3929000	3.7157412
398.9078600	-4.5835490
416.0047800	-11.3635060
411.3955100	-0.0073872
406.4729600	-3.8829471
392.8701700	-4.3673225
389.1712600	2.7876012
401.9857300	6.0714592
399.9133800	-9.1291192
396.9984400	8.4590230
394.1035300	-11.6681480
401.6854800	-2.5968575
391.1036900	-3.9323988
398.3447100	4.3521204
376.5691200	2.8297146
383.4365200	4.7530041
380.5019100	11.3996940
389.9679100	11.0700390
367.6225600	-3.7908809
378.3386900	9.8563653
369.3384800	11.4502950
375.0338600	8.5163436
367.5885900	-2.8801087
359.6283200	10.7221430
378.7046300	3.2412216
375.1788900	-0.5019713
372.7400900	-1.6855194
369.7555100	10.4972060
360.0006600	-3.2854751
362.0701500	1.5456008
366.0899900	0.4058188
347.2027200	6.3895321
363.0734800	0.3537161
360.7310200	9.0411171
352.0630600	1.2724821
353.4713900	2.3075500
353.2070100	-11.3269910
337.9997500	-0.6523620
348.7231000	-3.9641646
340.7982800	-11.1470060
342.7628300	9.6937615
333.3189200	-0.2620046
329.9280200	-3.7898976
326.0568900	6.0843468
338.2606700	-6.7024018
345.0358000	1.2411010
342.0855800	3.9848459
320.9511500	7.7519789
338.6564300	11.0810160
332.4168800	11.7614100
334.3556600	7.3222531
313.9833200	1.0758745
325.5854000	-9.1862666
327.0277900	-11.2146070
315.0825600	-1.3470772
310.3828900	-5.1279633
313.8020700	-5.8928119
306.4405200	2.5363632
314.6645700	-7.0244269
314.2435100	-0.9951575
314.9598800	-4.2704187
305.9765800	6.6143300
305.9208200	-2.1710178
306.6967600	-4.5895159
313.6702200	-10.1988890
307.5316400	-6.5301140
307.7741000	-7.3126078
303.3043500	-2.0515006
304.7158200	-6.8207857
291.6363000	-0.5659778
285.8798600	-3.8906050
295.1405400	3.7606097
300.0602600	-3.0589397
280.6183300	5.2071929
284.8995400	-2.3372864
281.8370600	1.1448738
293.4498700	-10.4401510
296.8123900	-1.6730119
287.9982200	1.4925144
274.0667600	9.8354865
293.4739300	4.0527628
275.4443400	8.6285190
280.2717700	-8.8332096
281.1419800	10.6516560
285.2320000	7.1154313
276.1613400	3.1763691
281.9670300	-6.7697569
280.3572500	3.6764583
262.3365100	-8.7445866
261.8059000	-11.2273890
272.3627900	11.4477990
276.5605500	-11.5390510
257.8966100	-7.7053635
264.4995400	-8.4275846
261.4157100	-5.1616110
266.4734400	-0.8083941
257.2274400	-9.2840060
271.7225400	-8.1997065
266.9798100	10.4953220
251.3639300	-11.0927880
261.8126200	-1.4219123
266.1686700	-3.8024672
264.9800500	-0.0649254
258.4784800	-10.1842380
245.9293800	4.6177790
252.4257700	0.0751429
243.7430400	-7.2000976
253.8540700	4.7032941
255.8981600	7.2851499
237.2236800	3.2647727
256.5952800	4.6481277
249.4629600	-2.8101623
235.3399700	11.2480100
251.7016500	5.4325742
236.2847800	-10.5689290
249.3700200	3.5093206
248.2291700	5.2406594
237.7917400	3.1192239
231.3596700	5.8213023
236.8979000	7.3663688
227.7186300	0.9237927
237.2918700	4.3358637
239.0829700	2.4912560
228.7213300	10.6450230
233.3575400	-11.5273800
237.1322800	-10.6004120
238.0972600	-1.4281549
223.4770200	9.6088290
224.6141800	10.3796700
222.2727900	9.7713271
229.0951100	-5.6339911
233.9918200	3.5934274
232.1696300	11.4131130
215.2448900	-5.8782391
222.3291000	4.0544717
219.2382600	0.0700000
205.3232900	-4.8732185
212.1135900	-8.1801578
220.7314800	-5.3588431
223.8257300	-11.4593220
203.5418000	5.7936468
201.7909400	2.8910805
212.0812100	9.2993932
209.7627500	-9.8202999
212.3441500	-1.2086835
201.9655500	4.8301311
197.8858500	9.5824848
210.6507600	10.2952950
214.2970300	-6.1368936
210.9672900	11.0379880
210.2149000	11.5235280
192.8922700	10.5101670
205.7398100	6.9345311
208.6345100	-0.6960013
198.9697400	5.1935012
208.2751000	-1.8453137
190.2185700	10.7750550
187.0414900	-3.5781276
205.5278700	-8.4902688
184.4236700	6.9333504
189.6855800	5.8879262
198.2715500	-6.6088417
195.6626100	5.1020617
195.6829900	-8.4923797
183.3515200	7.6165674
178.1047000	3.7140316
195.4696500	-6.4140368
186.1555200	0.7868066
183.8817500	7.3032970
174.0927700	2.7911116
179.9274400	9.3990519
187.4659800	7.5724185
181.0396500	0.9745140
177.9984400	-0.8646972
190.7908300	-6.3891173
186.5158600	10.7861850
180.6040800	-4.8444159
179.8314600	9.8150728
183.1968200	-1.1274944
168.0560100	-5.9521541
176.7541300	-6.1461092
165.2088600	-6.8602935
164.7901700	11.6379880
162.9935900	-9.5260713
176.6488500	-8.2711467
162.9914700	9.9721684
166.9017200	4.7293491
164.8980400	4.1261141
169.2302100	1.9819355
176.9286300	-5.0273292
167.7368300	-5.4755021
156.3022700	-6.9779784
175.8396800	1.1612063
154.4545600	7.4443593
174.8115800	6.2856859
156.0845200	-7.6033796
157.7408500	-2.3749881
155.6201100	-4.0192191
170.3304200	5.1788302
161.3501900	-5.7262343
168.6709400	-1.8972185
161.4235900	10.2274380
170.1153800	-2.1155742
149.0545700	-8.3066988
168.7137400	10.9126750
165.7455700	-2.1645743
156.5793900	-9.0667057
146.0092800	9.6189728
159.1264400	-2.4081569
164.1594900	-10.7641570
161.0587100	10.2942420
160.4695900	-1.0659802
146.2471600	-0.8595555
152.7901800	10.8477800
140.6946300	8.7955688
158.0939300	-6.2641969
157.8841600	-7.3301014
140.3307400	6.7343193
158.0515100	-10.9768970
147.5011000	10.1494350
138.0368700	0.8960319
143.6425700	3.0246783
156.0882300	-8.6461121
139.1873900	-8.8645475
152.5049600	6.0881245
140.2613600	-4.7456017
144.4250200	-2.4782813
146.8493300	-10.3581060
137.0585100	7.5866967
141.9507600	9.2431809
132.1644600	1.6916869
129.0288400	-9.7219331
132.0314700	2.3516291
146.1499700	-2.5381740
129.2261800	10.9938840
144.0810600	-9.8311630
138.1614500	5.2402688
144.2451200	9.3137290
125.6900600	6.8868216
130.9027000	-7.2985718
127.7472300	1.4568644
121.3052900	-3.7940419
133.1932800	11.4610810
128.1056000	1.6909496
123.2445900	-3.3657621
126.9201900	9.6584512
121.9587600	-2.6565488
139.9861000	-1.2385270
136.2694000	-10.0675300
130.7406700	-6.1365296
133.7916100	2.5064647
130.8483100	-11.0777690
124.7590500	-10.6845190
116.3049200	-2.8679631
134.3070800	-9.0840994
133.6050700	-1.3758918
119.0155000	-8.2137503
127.9601900	2.2733250
126.3094200	4.5191688
129.4421800	9.6721663
119.2419700	-3.1279806
124.4660400	9.4347964
108.6593600	1.3430741
112.9506000	-9.9166549
122.7531500	-6.2915334
123.6542500	-3.4457901
125.8464100	-3.4110789
127.5055100	2.4178236
108.1185100	9.4159842
115.8381600	-10.6680430
126.0794000	-7.6419304
122.5164300	-2.3487891
116.0959600	0.1123859
119.3591900	-3.3901112
102.4054500	8.7219319
106.5346400	-4.7258488
104.2703600	-1.8223962
106.4048500	7.9354441
117.4837500	4.3909431
103.3475100	-11.2586280
98.7426150	10.8564610
117.6256100	-0.3839165
98.4112440	-3.3434358
108.3607200	-4.0684370
109.6147800	-11.1311130
101.0581700	10.9913370
109.0508800	-1.4764073
97.8688620	4.6464490
109.9245700	-0.9849426
103.6874800	11.2557830
112.5147800	-8.0261383
115.8603000	6.7255110
110.5138000	1.8326458
102.1211900	-0.2287997
113.5672500	-5.5487544
103.4818600	5.6918326
101.9672800	-4.1955804
100.1886200	5.1068205
109.9749400	5.6374915
88.9642020	-0.4155009
93.5428990	9.6553938
102.1258000	11.2731350
107.7632200	-4.6751867
108.6631100	5.0652169
105.2704800	-4.1875941
94.9506780	1.6542707
89.7471930	2.7306404
102.6575700	-4.9963246
108.0962300	-7.2041296
104.3121700	1.6510115
90.3640670	2.8231980
102.5623600	-2.9533835
102.4220200	8.0529342
89.2734280	-10.1388980
83.4292800	11.0693410
82.1969070	11.6829100
101.0019900	-8.6895243
96.8941930	-6.7819493
90.5000640	-2.2997115
90.3420410	-6.9011414
91.0387590	10.2374360
94.4028060	8.4318441
79.0685690	-1.7162040
81.7770010	-6.7561315
97.0038650	-4.9384422
94.6347000	8.3782283
99.1601930	3.7828590
88.0816600	8.1023637
89.3374970	-1.7407279
91.6417900	-7.3690672
96.7071130	8.1226097
88.3351210	-11.3084040
97.7283170	-1.7593402
94.3978700	4.5866357
89.4879740	-11.4932660
87.7629650	1.6535250
82.5425810	4.2542495
83.6179540	2.1013921
84.2615290	-4.7670932
87.6333520	-3.5459918
81.9321330	10.4309630
85.1540430	-5.8778945
80.9667710	0.2185350
86.0501950	2.0454115
75.2682230	1.1020272
74.7433720	-4.9204917
69.3239970	8.1342670
85.9063480	7.7250414
75.8455740	11.3795770
83.8681080	11.7248990
67.7079300	2.4847919
73.6923160	-1.9883037
83.7730990	8.2546734
87.6196260	-8.9456116
67.9071490	6.8655405
74.1107170	-3.8202848
83.9071660	7.3379551
65.3046580	-0.0329334
81.0766460	-2.4892551
84.6136980	0.0493509
72.1690990	-2.8200488
81.9786700	0.5042698
85.6646630	-4.8769172
64.3258930	-7.5002543
63.6141240	-5.9771425
62.0377410	11.5250630
75.0194930	3.6776484
72.0113930	1.5488085
73.6292520	1.3300622
64.8637830	-9.1345464
68.9986470	4.3821650
62.2976630	4.3120618
71.8910240	-3.6313727
59.7856580	-0.1614674
80.9876560	11.3067090
80.2330080	-10.6078460
59.5651050	10.8879970
80.2121440	-1.0595465
69.4220790	-1.1549813
78.6972980	3.8127555
79.9624840	8.8862539
73.5184020	-6.3670910
74.9055920	-0.3435009
64.2854800	3.7834208
63.8134780	-3.0004285
69.5598990	-8.2495026
77.9413190	10.9635340
65.1743480	6.1125961
69.8584740	-0.6082806
57.5365250	9.6457964
58.9439290	-7.5651665
75.0244290	-8.0881176
75.0078430	7.9908369
62.9761830	0.9534094
63.1041940	-5.0328496
73.5625880	-1.1582041
64.2488670	8.4978661
70.5328680	5.8224416
71.6143520	-4.7754356
64.8822840	-9.7789851
51.5878310	-3.1373006
68.4664370	0.0490959
71.4195460	-3.5827426
64.1931660	5.4005826
51.6641800	-3.6042173
58.4309530	-7.0130011
54.3203410	-8.6433510
68.8547340	-4.5837379
63.8666770	-3.5281655
58.2654670	3.3796934
60.3040240	5.8424549
54.4323300	-5.9765726
70.5183420	0.3643052
67.7955640	-8.6184761
63.8529190	0.5662644
66.6126770	-3.8787532
53.3276950	6.2970891
50.0011490	0.6376672
47.7050770	-3.7210693
56.1548370	10.3567530
66.6678240	-6.5650636
45.9199010	8.1096385
48.4106270	9.5634326
62.3862700	-4.9958908
57.7381250	-0.5970630
62.0178330	1.2200480
52.7325480	-9.5344978
46.8804210	-2.6289660
56.5818040	8.8198810
64.0519850	3.3886989
49.0354760	-6.1991617
54.4399890	1.1588615
44.9730810	-5.4991940
61.6424360	-1.3245569
56.0932170	-10.6689350
61.7902260	1.9912778
56.3782070	2.7404948
52.4376230	-6.3082139
61.4212210	-2.7629604
55.5285470	3.1181832
63.0638540	-8.3286244
55.3583520	-8.2406886
60.2045710	-11.0476670
40.3635590	0.6221159
62.4918320	-6.3231943
52.2199390	-6.6286056
58.7990000	3.1939403
52.8305380	-9.3057019
53.7347160	-8.6254473
46.5325910	-7.1922154
37.7632680	-6.5582867
47.9058190	-8.9126808
50.5372420	-3.8345049
44.5764900	-1.0392326
47.0502570	3.1592004
49.1939730	-2.0822674
48.4109410	-1.6384580
48.6740620	-0.7317677
38.1725600	9.0325428
46.4789500	-0.1568503
56.8264440	-9.8528362
36.0540010	-10.5500620
46.3651220	3.6353924
52.4264820	9.4461103
47.8902890	-0.5181877
35.2413520	-4.3091897
44.1351840	10.8873350
44.7555240	1.4579926
36.9601460	-4.8358424
48.4477500	5.2344694
54.1040480	10.3590620
37.3710460	-5.8583457
52.8111250	10.3436260
51.2845420	4.5255688
38.7984930	3.3623892
34.9544250	10.3648270
54.6882400	1.2656417
37.3803500	9.6682223
53.9029720	-2.1172692
33.2084570	5.3732494
50.2023600	8.4377262
46.6161450	4.9071980
34.9293210	1.8455900
49.2206540	-6.7562057
53.2717810	10.2273860
45.7232080	-10.1221990
39.0583950	-0.0120971
37.7507100	-6.5840269
32.0898300	-7.3887513
32.6664560	2.3260472
50.5073910	5.6362279
39.7977550	10.8990150
41.1442940	10.0831160
31.5146400	2.5352364
38.4564800	-5.8596678
50.1722960	5.8879027
30.5799390	11.7157230
34.2857850	10.3073490
50.0997320	11.6973830
38.3507980	5.1908909
29.5588780	-1.2699773
32.2792420	-3.7755467
30.1011430	0.9081062
27.9687280	4.2054959
44.5241250	-0.8881787
35.9948110	3.7474498
47.3547240	6.0296543
27.5568950	-9.2462824
37.6001580	9.8208765
48.7934320	-7.6893841
29.1044910	-6.4210872
30.0901850	9.0865150
39.0028970	6.5235349
39.4862030	5.2763703
33.6396250	-3.2827264
27.9292300	-9.5003423
31.9465590	-1.3632175
44.3973220	-0.0346888
33.3032920	0.7738059
36.9988030	-1.3267535
35.9340730	-8.2928110
46.0141250	-2.3354505
28.3152070	11.3262480
46.1150260	-9.5662965
27.8348320	8.3126341
30.6244160	-0.8507557
29.2812300	4.7843052
32.0388450	9.0996493
33.6852170	9.8399928
44.0628500	-0.0367132
24.0069290	2.4246941
23.1451220	-8.6602071
25.5619670	11.2001950
40.9987760	-0.3336221
43.2482000	7.3408490
30.5350830	-9.5818217
42.1368140	-11.3644630
25.3398370	-5.8585732
29.7046940	-4.8480402
23.2243060	-5.5380822
34.6672640	-2.4718880
40.7729950	-3.2245136
38.3363630	2.4629030
21.4816660	10.2790390
21.9551510	1.8206573
33.7892450	-5.7538743
27.6078520	-3.4904403
21.5621870	5.1159106
40.7331800	-6.3463342
40.6370700	-1.9819176
33.3688320	1.7097737
42.2334680	-2.2253052
19.5657160	-1.6426619
35.1239600	-11.5880280
32.5095200	2.1477116
36.0617400	3.1744400
32.7821540	-8.1730776
24.9019500	8.3959935
22.5701620	11.0446120
29.7464490	2.1481181
29.4248430	-9.7216577
31.1040560	10.1444190
39.1975650	3.2615541
22.0905710	-9.4501302
23.1710060	-4.7040378
38.2182360	-6.4993577
39.4333840	7.9262822
23.3567880	-9.9541532
30.5649730	8.8488334
19.5740710	10.7723510
21.8562570	8.0176020
29.4587970	-9.8014206
16.1259000	0.0519036
39.0541800	9.7186201
32.1694120	-1.0527194
38.5895780	6.9510529
30.4374410	-9.1362689
32.1518620	4.5658100
32.0407140	1.5280427
33.5508320	-8.1147416
28.0100680	-4.6107140
28.5601790	-6.4306797
16.2182080	-9.5057865
29.5960670	-9.4251805
36.0592510	10.4219010
26.9199500	-11.4822560
19.3812030	-3.9562317
37.6559500	-0.1712541
21.5502360	7.4668572
21.5447350	-10.9156150
20.5722570	-0.7802246
19.6823700	8.8655267
27.6928830	-5.9470096
19.1924140	11.6099330
19.5079980	10.6188780
17.0473980	-2.9676522
22.6939860	5.7372378
19.7200740	7.4664525
23.5932210	11.6470590
23.8851950	-10.0684440
25.0027760	3.5002206
29.7436250	-6.2635852
14.6824450	8.5752065
28.6105530	-7.1383037
31.0298660	5.8451600
33.4946340	-2.2137160
16.1803680	10.8624940
28.5709100	-5.7118864
21.1455370	2.1793606
22.8455650	8.3981194
22.8768570	-7.3796111
17.5383120	-11.5714130
22.8297390	3.9627336
17.2154630	10.9249990
21.4101550	3.8616730
19.4145680	-9.3562113
12.9826690	-10.1648710
33.8824120	0.2850795
20.0424510	8.0740915
24.1989810	1.3316484
19.0962990	-9.4630886
27.8943000	9.8240141
16.7985130	3.6142073
22.1736040	9.1379312
33.4953000	7.8851781
11.9484220	-10.4276320
32.5351870	3.2371596
10.2640960	-7.2884483
9.6254970	-2.8104353
16.5371200	-11.5628290
21.3147730	3.0159231
13.3355190	7.5151212
15.9818880	10.8822270
27.5839250	-11.7152930
27.8541800	-9.9391500
16.8970730	-3.0874790
29.4798790	-7.4705204
18.9900500	0.4445249
24.5737870	3.9847844
27.2719070	8.1215457
22.2802900	-8.3814285
24.6324360	3.4754297
25.0543920	3.4858121
9.6151027	-1.9770844
24.8980300	11.1893270
29.1178110	-10.6656190
27.6402870	0.7481486
12.3451550	0.9437103
25.8566990	-9.9465177
22.8419460	5.1559450
28.3333990	10.1250550
8.2034248	-1.9036230
7.4186739	10.4551210
16.6632730	4.5268155
23.4069110	9.5063573
26.9618290	-10.8153770
26.8534600	-5.4117880
21.9409240	-1.5409987
11.2167560	-3.7417446
15.7527550	11.4718270
17.1271000	11.4246770
10.2671160	3.3381636
9.2938689	-1.8858359
29.0208810	3.8700614
20.3700490	7.6358097
17.0897360	-1.2787066
28.7563710	-1.6937170
24.8337930	11.4976150
16.5744490	-7.5084555
26.4410680	-5.9934314
20.4754220	-5.1069513
19.2720550	-7.2540603
19.7074560	-10.4677350
16.4771450	7.5626130
23.3379720	1.0040031
23.8701370	8.3578586
10.6521730	11.2377850
14.8024620	-0.1615130
14.3025070	-10.8894630
22.7393010	9.5011530
26.9487730	7.4106904
5.3046955	-6.8250767
17.3485850	7.5815253
11.3045510	0.3517595
8.0916733	1.2529559
18.8613990	1.1329233
10.2703280	-8.9142969
18.1577300	4.5511683
5.4895474	-1.2151172
14.6603140	6.9098265
15.1633010	-6.2232683
6.9738673	-3.2851408
23.2810830	-8.7819901
17.0287520	10.3607900
13.2655790	-11.2796720
11.4407420	-11.5408190
12.7812890	5.9084404
8.8717961	10.7765700
18.7521190	4.5523033
19.1023750	8.4273935
15.8496370	5.8337843
14.6300330	8.7172439
18.9429280	-7.0316064
26.6078800	4.6237994
24.0013280	0.4109236
24.5902010	1.2751537
26.3706570	11.0130890
24.2429340	-8.9502804
14.0730620	-11.5600370
17.0167000	3.8961275
20.6682810	-0.9567555
25.9044800	11.6796440
11.3758190	-0.8912922
9.7497259	8.2570756
21.8634560	5.7295189
21.3917300	-5.8041138
8.9243512	-3.1150963
22.1963140	7.0505121
14.3676100	5.8638518
18.3164390	-3.9331493
19.5179040	9.8190960
21.3689410	5.0285897
12.2222940	-5.2606824
20.9795050	5.9939045
12.1344440	5.3924617
9.8280456	10.0924920
23.9746260	10.3348600
2.8502503	-8.8328104
23.4687480	-6.2753791
14.8290230	-3.8140616
18.1132620	11.7126310
17.5394370	-8.2805460
2.1192387	-8.9241260
10.9337110	-2.3300306
14.8758360	4.3805638
12.8081760	4.7933769
13.7273460	-9.1255841
19.4852800	5.2882672
6.0147319	3.6367316
8.8126792	-10.8195610
20.3153670	-7.5753970
15.1915370	-8.6652995
6.3602730	10.9154110
2.6317696	-11.2936920
21.9223190	-10.5813450
22.1963610	-2.9530777
15.5652450	1.7821492
10.6613320	-4.4297198
19.8027700	8.0190715
2.3427257	-2.5606494
7.4497332	-8.0617197
15.3119780	-8.7999755
20.1572230	3.3488256
12.4851850	-10.8064370
14.6870280	-5.1036323
16.9283590	-9.6177766
6.1995530	-9.8006100
16.0423510	6.0105582
6.1354341	-9.4470958
1.4033555	-1.5466477
23.1679680	6.7489767
13.8207840	-3.2676957
10.2011190	-5.9774895
7.8707842	-0.0322055
4.6193909	8.7199051
14.0753140	1.2365836
20.1736580	9.1156429
2.1036213	-6.0735370
10.0839230	-8.1695735
20.2337490	0.4732517
11.5535650	1.6218557
-0.7993951	-3.3196362
9.1490877	-11.2561410
6.8026006	-10.1092110
9.3706988	1.0714447
8.2343259	-6.5874073
13.5023700	-7.6279793
14.0971310	-3.1656205
15.4733780	-2.9526456
8.6612725	0.0117225
2.4406471	-8.0211701
14.8206020	-1.1581380
19.5478250	9.8472644
18.0810040	-7.3969349
7.0181451	2.4931430
4.9739706	11.0363300
4.6097250	1.9928687
16.2816010	4.5977604
14.7100010	5.1541217
9.2452023	-11.4901840
13.1235330	7.0768880
8.4433371	5.9693583
5.3149811	0.3156543
8.1132713	-1.0662795
7.2559358	-7.3157011
20.8543880	-9.3533302
15.1285380	-7.9732935
5.2385866	-10.7856780
18.2368020	7.3866505
6.8975208	4.2760110
19.6800990	0.9698565
-0.2721229	-9.5395016
2.1325823	8.9376477
7.9921074	-4.5684392
4.1833216	1.3044273
-1.1755727	-11.0033050
5.0804438	2.8403256
8.7391245	-5.6252206
-0.9391888	-6.1691405
14.6109030	3.1101270
13.8196220	4.3123028
6.7269812	-11.1849420
12.2915810	8.0730319
9.7654815	-8.7397330
16.4754630	-4.2126399
16.9057220	-3.4313997
16.5619740	0.2386695
1.6450045	10.7499890
3.3358078	-9.7821570
18.9364360	-9.0206784
-2.8866384	-9.7496420
17.4272560	2.5596829
10.1613320	-0.8458348
5.2236393	-9.3256746
8.6069292	10.7382510
10.4191130	-9.7644176
1.3963107	4.5145943
15.4611150	-4.6030849
5.2492082	7.8434107
13.3045160	-8.9179487
1.2109893	-1.3398665
13.8400430	-1.0720869
2.4389672	2.4577595
9.4729151	-8.7291324
5.9889035	4.4699489
1.3941231	6.2891409
0.7333461	-7.2123091
19.4390180	3.4729388
12.7100060	3.2291801
7.1300730	-3.8967275
12.8833840	-1.9161339
12.4002790	-2.6542729
7.7898189	2.2546636
11.6548310	0.4435940
18.1368140	5.9313335
7.7418229	8.6597371
4.7599529	8.5606018
18.3856590	-9.7796130
13.1077700	-6.3004186
-1.7573616	-7.4581437
9.9849785	2.6085287
9.4185425	-0.1192214
4.7482769	-1.8926678
5.0858164	-1.7307627
4.7494719	-0.2482996
-2.4922817	5.6875495
-3.0513087	9.8957786
6.8927627	-2.7051669
4.7315802	9.5980584
15.8844060	-8.5389238
1.2044258	-9.3845502
4.4727540	-6.2321558
2.9084572	6.8723282
13.5407320	0.6773634
17.6121110	8.2102055
11.2202800	2.7406275
-3.2686328	-8.7202684
-1.9392034	-4.5481732
-4.6123424	7.6383052
0.7911943	10.5917200
-1.9509109	-4.9063366
0.4415964	-5.0242824
8.0828793	8.2716981
18.0275240	-8.7010580
-1.0963226	8.9634444
13.0553070	6.1580410
10.1019750	8.0069456
-0.0971784	5.6391058
-2.1248528	-3.4951770
3.4513663	-6.5307077
13.1096010	10.5806420
14.4786080	-1.2581753
3.1537660	-6.9481366
0.3288491	9.5335844
4.6844285	5.1249383
16.7484320	9.5927965
7.9436115	6.7243053
14.2113330	-6.6485199
2.8477449	1.3531771
2.5384148	0.6225458
-5.1139751	-6.8945290
-3.7090129	-5.4863030
16.2503520	-9.2177304
-5.1534117	2.9651804
-3.1573102	5.8476872
0.3599097	-2.0620959
7.2093157	11.7441510
7.2542463	-0.3702065
17.6819440	-4.2085154
-2.3419220	7.6249090
6.5579132	3.2726596
2.3092579	-7.8554376
4.4027951	-3.7968533
2.4252170	-11.4940960
10.1695740	-5.1455902
5.6596372	-1.2154727
-0.5270578	9.7948667
0.5689499	-8.3795288
6.9437892	-9.0892976
7.4068031	-11.3869990
15.2674000	-0.6598237
-4.2587952	10.1017650
1.4272283	-11.3710070
10.3082100	-5.6511731
-0.3766328	0.0886377
3.8906101	-11.0758310
12.4141630	-1.2587921
11.7096980	5.3972275
-4.4831451	-6.9848498
7.4257469	2.2569381
15.4848530	-10.4821340
-2.4911925	-4.5872860
-3.8592233	3.7921394
-4.0017050	-5.4865483
0.8451758	-1.2363347
0.5981547	-11.4563070
15.3532330	3.0278185
-1.9096364	0.3448827
12.5863540	-0.6774754
6.2960960	-9.9627028
-5.4404697	-0.7994852
-3.7387767	-0.7531583
8.5577313	0.1746662
13.0609330	1.5096950
1.6003234	0.2827990
-6.6538510	-0.3115667
6.5219114	4.7522377
12.9961700	7.0441552
6.6137520	-10.0435230
2.9480276	5.3708096
0.9439939	4.2822624
2.9204967	4.6907262
-0.6851645	-5.3568699
-5.9398481	-10.7811170
15.0098750	-0.3621379
1.9661212	-1.1260194
12.2626320	2.7885971
-6.7425505	1.6295495
8.8417929	-9.2516477
13.2176700	6.8301650
8.5197530	-8.7342049
6.1945634	1.4973616
4.4690083	4.1926779
0.9688415	9.9417342
-5.3228756	-5.5726979
7.8635720	4.0540670
15.1433910	-2.4150890
-7.1152078	-11.3473580
3.6985775	-8.3022284
13.4867520	-8.9984129
14.3479280	-9.4982358
-1.6686288	-0.9089443
3.1617256	-2.8490111
-2.2253940	9.8831673
15.4829940	-8.9368311
1.1520520	-7.5759614
13.5864910	1.6216078
3.3753717	-7.7981227
7.5486794	1.9787575
11.8660840	4.7337507
-3.7716312	-5.8127961
7.4321702	-1.4852835
11.6263590	-5.3078619
6.8441040	-1.7156382
9.5148179	-9.3050751
2.0117838	4.1764079
4.7565673	0.6802702
9.4596999	-2.2296682
9.8813105	-2.5394091
6.8612568	10.9338980
10.0298770	-1.1413164
0.0508543	-0.5050562
7.8723802	-9.3234066
-0.2730666	8.4635770
0.0406279	-7.7236228
2.3662442	11.0846350
12.3624200	2.2471473
-4.2195278	4.5089317
1.8607088	-9.5649726
12.9180660	-2.7385130
-0.1216708	11.2989180
10.6244790	-6.2182026
9.2947286	-11.3303110
-1.0298904	3.6636926
7.1749632	-0.3967917
-0.8439309	10.3805040
-4.3046821	-2.1949822
0.2192762	-2.9233551
2.4879289	0.5001873
-6.6976087	-4.3854254
-3.5788571	6.0867595
0.6461454	2.8606216
-0.1948407	-7.3482296
10.9821350	-11.6175160
2.1552398	-1.0608034
11.3994510	0.9957597
11.8407750	2.8178464
12.9140270	-6.0455624
-3.8095595	0.4356578
12.2767520	11.3604600
10.9270310	-0.6842275
-7.0417091	-0.4086520
13.5960360	-6.2545009
6.6486481	1.0045872
-4.4550735	2.6602032
11.7643200	0.9901409
-1.0985594	-8.8133060
10.8961930	6.2072347
7.0175384	-9.4475563
3.6364622	9.8033345
1.2717227	-7.3340849
5.7765701	-11.1724330
6.9073685	-1.6434852
-4.8460438	1.4179011
9.8928647	-1.5878991
6.3849276	1.3017163
10.4938710	-9.4827775
9.7669200	7.4935897
0.2622616	2.1302409
13.4796440	5.2754899
