jMRUI Data Textfile

Filename: dataset2_WS.txt

PointsInDataset: 2048      
DatasetsInFile: 1         
SamplingInterval: 2.5E-1    
ZeroOrderPhase: 0E0       
BeginTime: 0E0       
TransmitterFrequency: 1.2322E8  
MagneticField: 2.9E0     
TypeOfNucleus: 0E0       
NameOfPatient: dataset2_WS
DateOfExperiment: 
Spectrometer: 
AdditionalInfo: dataset2_WS
SignalNames: dataset2_WS.txt;


Signal and FFT
sig(real)	sig(imag)	fft(real)	fft(imag)
Signal 1 out of 1 in file
266.7095700	-109.1366500
469.0479900	-212.6470300
320.4196200	-364.7502400
133.5414800	-421.3094400
-45.4455940	-380.5499200
-173.9721100	-277.3117800
-213.2505100	-137.3012100
-188.0349000	-17.9840080
-118.3942100	49.2138750
-44.3294110	74.3979130
23.6275570	45.1039590
49.0341380	-3.9121171
45.4353080	-49.0901360
13.5510550	-81.0678480
-24.1716660	-80.3299260
-56.1631190	-73.4947420
-69.1437050	-51.9502780
-84.6368740	-23.5216290
-80.6174760	-4.0190531
-81.2626760	17.1051510
-74.8056080	38.5181080
-56.5826770	57.6240800
-29.9040670	71.2319870
-3.7727854	68.5794550
24.8266370	62.8799400
40.9758990	34.0830890
46.8279610	7.9657792
40.2011840	-18.8285730
9.2806747	-40.1274310
-17.9590090	-40.1005200
-45.8305390	-19.8657890
-55.6416530	10.4385920
-49.1420990	40.3125060
-30.9720460	69.3068710
3.7806171	77.7906630
33.7582010	69.8993550
51.3841160	48.7268250
70.0053960	25.1577990
66.8385850	1.7984249
63.0970310	-14.6869880
50.9578590	-35.9182490
34.9415890	-42.8876330
22.5995950	-50.9405940
8.3030392	-46.3972670
-9.0497370	-45.1674440
-17.0538510	-29.1557680
-24.7954210	-11.4802680
-14.4394070	-3.7475229
-3.3064833	10.2657580
10.9520450	5.9495942
20.7404830	-5.5235410
12.0724390	-24.5115400
5.2814224	-40.1849430
-14.2299430	-39.8110380
-37.7636900	-35.0231660
-50.8114520	-10.1605560
-48.9457610	20.9973350
-30.6046160	42.8783320
-6.8495254	51.7442040
22.7215500	48.8009170
45.6857720	27.7752270
55.0248280	5.5776210
50.7398720	-29.7621690
28.4451730	-48.8766360
-0.5864172	-56.1509670
-24.7266390	-48.4593170
-37.2095520	-28.6601730
-41.6283350	-15.1769710
-44.3669700	0.0791571
-28.3650380	12.4527080
-21.2111940	17.5360370
-9.5818544	24.2677300
-2.8418159	25.1282510
4.4814679	17.1702020
9.5954370	17.0860390
13.5605520	9.9597389
9.2511146	-3.0865932
3.8712035	-8.3852638
-3.9874283	-11.4320390
-10.0948220	-7.8660216
-21.4735930	1.2735442
-28.0758400	10.2462680
-21.0615220	28.0810260
-4.3518042	32.4303820
8.6275380	33.4682390
32.9687000	30.1506250
36.6500910	13.5566850
33.6129830	-13.4744730
28.3521710	-22.9581370
3.8228744	-37.2675420
-15.2459620	-32.2049350
-22.3942890	-13.5496850
-33.4122770	-1.1143939
-22.7200380	17.0844500
-5.5196387	26.0131130
9.2947784	34.3027110
26.2216390	21.7227030
34.9656910	11.9281570
35.5839970	-4.3242944
31.7310640	-25.2960970
24.8203000	-28.4289710
3.7736804	-34.9573650
-9.1722121	-38.1753270
-20.4390110	-29.9779810
-29.5728040	-26.0966300
-31.1615490	-13.3615640
-30.8032260	-1.3885980
-31.7761900	18.4709640
-20.8634440	19.6947360
-4.1145724	25.5818770
7.0588016	24.2303420
10.9491510	12.1601120
19.3039200	7.3691512
9.7855846	-5.0313206
1.7614679	-10.9190030
-2.3336861	-10.7673880
-11.5566820	-7.0694739
-12.1435730	0.5939188
-8.9474223	11.6538320
-1.7401101	21.5032240
5.7416140	19.3025860
15.2815580	15.5511690
22.7292060	-0.5579329
19.0087670	-11.3132100
9.9946607	-19.4831860
0.2708981	-25.2187480
-3.4267729	-23.2179450
-13.0310520	-19.9712110
-20.0117070	-10.0548120
-21.2805650	0.6254897
-19.7972550	10.8692260
-13.0241930	15.5946510
-3.0060929	21.3605800
2.9144043	25.1741320
10.3921960	22.5070040
14.7345770	19.5706090
19.0609250	6.6137196
26.9763660	-4.2602032
16.1671170	-10.7129440
17.8224730	-16.3110790
4.0093503	-20.7490570
0.0247985	-19.3374110
-10.7993640	-10.6824970
-12.2986040	-9.6281759
-8.9510975	1.8484002
-3.8734490	4.0635620
4.0921951	0.9760462
2.0730171	-3.1947868
0.9057926	-2.5069976
-0.0560144	-7.0240934
-8.8923635	-13.8850080
-15.6995400	-11.4744870
-17.4506920	-2.2195759
-22.8135100	4.6226285
-13.8582660	7.9193355
-13.9413560	14.4645780
-3.4173308	22.0263820
2.5506550	23.6526150
12.2251400	15.7204070
18.1668850	7.8551803
14.7981340	0.6357743
15.8292560	-7.5278424
11.0660220	-15.5319560
3.2416049	-18.3853040
-9.2983067	-13.1913520
-12.9459740	-13.3273470
-24.0995540	-6.3814718
-21.5921380	7.2306290
-16.1638950	12.4028210
-7.3046321	20.9752150
-6.1583739	24.1335780
4.7781237	23.3462090
13.0454500	14.6296910
13.7244050	6.9110155
16.2234880	6.2576852
13.8992990	2.1666816
7.0672224	-3.6305592
5.6817019	1.5790050
6.9316022	3.2979254
5.2436181	2.9374449
8.8738788	-1.4947507
12.3218390	1.5791113
16.6318680	-6.9353819
10.4618230	-11.0356410
15.0991780	-15.0705420
10.0366590	-18.8690710
4.2456481	-15.0954250
-6.6947477	-15.2655700
-11.7140580	-17.7175420
-13.2014840	-15.8289950
-15.2405350	-5.6892104
-17.5036000	-3.6155614
-15.8265670	4.0189120
-12.2692570	12.5497370
-5.7485761	14.2102760
4.2684319	13.1550530
4.3417542	12.7334410
9.8566453	1.5335292
4.9126519	2.9069444
4.4198433	-2.0303904
2.7245319	-2.7613018
-4.6436857	-2.0424070
-6.7489135	-6.0877747
-7.0734562	-3.4006468
-9.8401486	3.8115500
-1.2735463	5.8676404
3.8793732	10.4553470
4.6165318	4.5845081
4.6608999	1.3400432
1.0485931	1.0271282
-0.0220144	-7.6318464
-3.6423661	-5.3802194
-4.2035103	-4.3014188
-8.2830146	-5.0192501
-9.2722539	2.0004506
-6.6954376	7.8670688
-8.4173021	12.0519910
-2.7369228	10.5768070
4.2922482	13.1637190
8.5264856	11.5886810
9.0425333	6.3594452
14.3725440	4.9728556
17.3199930	0.4865956
11.9182090	-12.5869320
7.7468223	-14.3549960
-0.9169164	-10.6208010
-4.3655064	-10.8325430
-6.2789017	-5.6731549
-8.5043931	-3.8575677
-5.9716321	2.1226796
-8.6408281	1.5954353
-4.4048930	3.2706082
1.3003219	8.8773711
0.1490769	2.4284202
0.9975339	0.5908822
2.1324017	-1.0315656
2.0687941	-2.7893387
5.0255884	-3.0904548
-2.1054290	-4.8241629
1.3610154	-2.0142046
0.3598882	-3.9355846
0.3562746	-1.1680777
-0.1226354	1.1196429
0.7142949	-3.2899659
-2.5037489	1.4918552
1.9761781	-2.4338043
-4.1252867	-6.3697009
-3.2358595	-1.8359718
-3.7840420	-9.5209028
-9.1443945	-1.6198853
-9.4772368	-2.2862184
-14.2370010	-3.1469401
-10.1480750	4.9810229
-12.2996500	11.6316290
-3.2610361	12.5162830
-3.3237039	8.2806847
2.5680925	12.2803760
6.9401319	4.9976937
10.7481390	3.5100745
4.4402111	-0.8018818
8.5530123	-2.3278703
3.8137227	-0.6156957
2.6461071	-8.1885807
-0.9245848	0.9585975
-3.8367113	3.5774931
-5.0996354	-1.4030969
0.9295026	1.5564455
0.1803297	5.5192750
5.4332711	4.6327208
4.9842131	3.6763541
2.3810886	-1.0796689
8.6531848	-0.2645178
3.6352353	-4.2008174
1.1642172	-7.3244089
1.6765946	-9.0072947
-1.9294212	-6.5713578
-7.3532387	-4.3634117
-7.7558860	-1.1468721
-3.9902444	4.6828725
3.0464381	4.1895837
-1.5852887	7.1503611
6.2131079	0.3845361
9.3403098	-0.5660137
7.3008993	0.9760152
4.0038760	-5.5515253
1.6983644	-10.2569760
-5.8545101	-8.9161613
-7.1247689	-8.3169258
-6.7539863	-5.3089414
-7.0677266	3.2335369
-6.2719545	3.2878283
-9.4984855	8.6569911
0.6798981	12.6466390
5.4780727	7.7281075
1.8538344	8.2707556
4.9560884	4.7677174
6.9450430	-1.0191895
9.5902895	-1.2786686
8.2930219	-0.9916592
1.2803185	-1.6172275
1.9150951	-2.1148152
-0.6968059	-0.6841697
-1.1829632	-0.4708590
-1.7625994	2.9555560
-4.7716365	4.0425150
-2.9623683	-2.4534070
-2.3723898	4.9543272
-2.9371112	4.5300048
-3.3255675	1.9024294
-4.5023574	-4.6796403
-2.4955006	-3.3313234
0.6177765	-2.5138123
-2.9428169	2.2107142
-1.1492596	3.8026648
-3.7011827	7.3306793
-2.8821628	8.6584502
-2.9401540	8.9697109
6.1470979	4.4171851
3.0452884	7.1296656
3.6156813	3.8639791
4.0207909	1.4280615
2.6465278	-0.8024322
3.7368057	-3.7870182
1.7273159	-2.1229321
-4.4554187	-7.8735355
0.7289596	-0.5913445
-0.7873928	-0.4043620
-5.5267618	1.6859243
0.8342578	1.5813381
-1.8366800	2.2252614
1.5552693	-3.5720829
-1.7189162	3.1814185
2.2595723	0.1509481
1.6179805	-4.3165594
-0.6633868	0.2022767
-0.9275491	-1.0694149
-0.3242207	-1.8977364
-4.0569351	-2.6012372
1.2137956	2.7375598
1.8877945	1.4563609
-1.1296592	3.3169241
-1.8405938	7.1363167
-1.1795143	5.1581122
2.6391743	-1.2536564
-2.2057041	-0.7314342
-1.0352260	-4.1423396
-3.8518734	-0.0138922
-1.0823561	-6.1373544
-1.3951221	3.1133471
-6.9419645	0.2163369
-6.2529118	2.3216946
-6.4816993	6.4483641
-0.5445071	3.1034266
4.3926841	10.4904020
1.6340075	5.3538004
8.7868604	5.6260130
9.2057631	4.3596926
6.9702208	3.2980848
5.1751991	1.2971178
5.1456418	-1.8730982
1.2539255	-4.4546290
-2.7119923	-1.6621096
1.3871857	-6.7301163
-0.9878460	-5.9133756
-2.7792345	-3.5501250
2.8473117	-1.1378807
-2.3532921	-3.9000902
2.1634123	-3.5785304
-1.1065263	-1.8236513
-2.1971249	0.9441196
-4.4969044	-2.9350129
-1.2116224	-2.0577614
-3.5607469	-1.9520637
-2.5988463	3.0688597
-8.3743552	4.5059516
-5.7275761	6.3342490
-2.8687774	1.6679716
-1.5988103	5.2959309
-1.5680346	1.6339692
5.6875662	6.3599471
3.4740644	0.2869436
9.4157362	-2.2311647
8.8977629	-5.0157456
4.1114788	-5.3120265
4.2480680	-7.3992519
2.3116374	-1.0656955
-5.1802890	0.1292178
-0.8735594	-0.1844961
-0.8494826	1.7257479
-4.6185899	-0.2384945
-3.6859622	6.8457209
-4.0338765	1.3784056
4.3175574	4.6084743
0.6426899	-1.2979121
2.8975315	-2.6961826
2.0459412	-3.2000321
-0.5550654	-4.3815791
-1.5543388	-5.8199245
-1.5505944	-0.6792735
1.3451046	-1.9091845
2.6558068	-4.5886787
-1.4718973	-2.1950218
0.5397302	4.4342589
-3.1433004	0.1973790
0.3461948	-0.0903983
3.9649829	0.1185489
4.0850644	-1.2055871
3.2050664	-2.5540107
4.4557579	-5.2667427
2.7151545	-5.9701106
-0.8018702	-1.1623435
-4.7952545	0.6733572
-3.9584354	3.1900452
-4.1012745	-0.0774597
-1.1139512	-1.8471344
2.8339399	-2.0918533
2.6263160	4.9857155
-2.4593539	2.4075223
-1.7381551	4.1549618
0.1970721	0.3969464
4.2886756	2.1548835
2.5256276	-0.3845152
3.7079631	-2.1923797
1.6053091	-2.6147688
-2.2028884	-1.7299202
-4.1078184	-1.4951931
-0.9039609	-3.7036031
-0.3983131	-1.4807854
-4.3693557	0.5836990
0.4476911	3.1897018
-3.4492516	0.0287543
-1.4210778	1.0471445
0.1366504	3.3032747
-0.3379756	-3.3276135
-4.5490030	-1.2062154
-0.2649831	-2.0595609
-0.8534157	1.9765002
-4.1295188	3.9237897
1.1093564	7.1302181
2.5620321	6.9352685
0.4123290	3.1536121
5.3177540	-2.9381521
4.5486239	3.6747894
2.2622089	1.6365862
0.4769403	-3.4867600
1.9261993	-0.8518041
-3.0806865	-0.8239523
-1.2220735	0.8553646
-5.2312912	-4.2329043
-1.3327740	-0.3362412
1.0387274	-2.6081548
2.4152155	5.0129641
-0.4083855	-0.0317607
5.3495999	-1.5403021
-0.3443278	2.1891388
2.6059130	-2.4266697
-1.3018186	-5.9255678
2.7826434	-3.9253518
2.5111813	0.9299234
-2.1011691	-2.0180548
-6.3112579	3.1312906
-5.4295758	2.6477604
-5.0977233	0.1146504
2.0330733	-2.0249748
-0.7760450	-0.5854722
-0.2885558	-0.1451905
2.7618889	2.7198399
-2.0388334	2.3860832
1.3884762	-2.7630038
-1.6518709	-0.9095061
-2.9379213	-3.9525083
-1.0050422	-1.9371677
-0.2528675	-0.9535309
0.6540808	3.8116573
-4.4958157	-2.6145484
-4.3081581	4.3511965
-1.1198866	4.0546346
-0.1375118	-1.3269866
3.0535107	-1.7178285
0.8231053	-2.9578434
3.8543767	0.0950782
0.0399186	-4.7678940
4.7024724	-1.0943304
3.6364408	-3.4996556
-4.0600246	-5.1547671
2.2801538	-0.9882192
1.6544405	1.3667919
-4.8655244	-1.2493296
-1.8839743	2.3531705
3.3045172	2.5229860
0.9371382	5.7095312
-1.4898831	0.9026692
4.0272410	3.9725367
-2.8020751	0.7035997
-2.3943648	3.8697259
-3.3600789	0.5636568
-0.8488071	-3.0705337
-3.5935665	-0.7839749
0.8814485	-2.7269872
4.0265859	1.9292538
3.3305739	-1.6570620
3.7049196	-2.0043082
1.0291441	-2.7823740
2.3346391	-2.9928791
0.0162865	-0.9390348
2.6309761	-4.8371982
-2.2738428	0.3446856
2.1995859	-2.5561390
-2.7147078	-4.2586655
-4.1907670	-0.4765755
-3.6851262	-2.3704959
2.0251763	0.0246481
-4.9686057	2.7522634
-0.6176597	3.9844454
2.0874915	0.2907131
-3.5534369	-1.5881088
0.6609911	-0.9041625
-0.9711807	3.3873288
3.8530567	2.7249896
-2.4281672	2.9279517
1.2489729	1.5656675
1.4374119	-4.8022879
-0.4441857	3.1899527
-4.0404957	2.5917017
2.7961463	3.3666514
3.2656016	-0.4196260
3.5829981	-2.5131758
-1.7844350	3.0086497
3.6354733	2.1202163
-2.6644152	-1.9822108
-0.0538212	-3.8369859
0.7701340	-4.1613609
-1.2537475	2.2370537
-1.8278322	1.5660472
-5.0436702	-2.5089157
-4.2868431	1.6919347
-2.4405525	-1.9886827
2.4683540	0.4662377
1.7208130	4.8240493
-0.2894894	-1.9619940
-0.4907259	-1.8222285
-0.3986216	-2.1350903
-2.3542459	-1.2599155
-2.7089363	2.0182730
-4.1389062	-0.5136691
0.5081163	-5.0338214
-4.7463188	-1.7819861
1.8410083	-4.5796194
-2.9029875	-2.6028380
1.6128599	-3.4830085
3.0812856	3.1137432
-0.2458248	1.4656292
1.4913950	-1.0939584
-0.8386511	-0.7118871
-0.5888141	1.6819318
-1.2625638	-3.2149191
-3.9749226	0.0707058
-2.7835409	-3.7686083
-3.1776894	-0.8893509
0.1209171	-1.7806410
2.5735530	-1.1436193
3.8352119	1.6571717
3.3424590	-1.8373585
-3.2663782	-2.9826061
-2.7112337	1.1292581
2.9193438	3.3337379
3.5260480	-1.4036240
3.0239410	1.5084751
-0.0465405	-3.4301854
-4.2781454	0.0370873
1.5504083	-2.2047253
-4.3645023	0.3629997
-1.3010008	1.8988772
-3.3539481	3.9111373
-4.3294209	1.5705068
0.5474788	-0.0879023
4.1738275	4.4952994
3.9170328	-0.7284474
-0.0327966	3.2817317
-2.5911932	-4.8101854
1.7247518	-3.1205126
1.3335852	0.4168510
1.0031986	0.7270413
1.1504649	0.4761681
-0.8717260	-3.7688602
0.1103280	-2.0672355
3.9433859	-2.2905079
-3.5092821	2.1569962
0.5623003	2.7195697
0.7923682	-4.1514499
-3.9044304	3.2215367
3.5027342	2.0402662
-0.7689371	-4.0266154
-2.8786626	-1.8941133
0.9381987	-2.9521484
-0.9464619	-2.3894113
-0.5635246	-3.7203638
-3.5405452	1.5611716
0.1822785	5.0510459
-3.6774115	0.4323869
-1.9942815	-2.6820081
-2.1361269	-1.9830087
3.5437585	3.9557524
-0.9735218	3.8033350
4.6854584	1.3113594
1.4813150	2.4016897
2.0797851	2.8795531
2.8511543	-2.1637419
-0.5072573	-4.1714499
1.9244872	0.1175304
1.2377934	2.9686304
-0.9424452	3.0507565
0.9714929	4.3016269
-0.5855111	1.2516162
-1.5225945	-0.9029026
3.5710424	0.2090151
-2.1342681	-0.7167808
-0.9117240	3.8225384
1.1490853	0.7166807
-2.5096208	-0.5925028
2.5275781	2.5925813
2.1651921	-0.9453829
-2.3606782	-1.6188609
-4.0937335	4.4550378
3.5652647	3.9639298
2.3255862	3.8197446
-0.0260236	0.9034589
2.5067690	-4.4339450
1.0870341	-3.4791417
-4.3599626	-2.0922788
0.0503137	-1.8834852
2.2707869	-0.8890696
-0.3590599	-0.1721390
2.9393684	-0.4224253
-2.9781859	-1.7273138
3.2214257	2.2245168
-2.3442801	4.3178689
-0.9871845	-0.9642664
1.6128616	-1.0175384
-0.6443143	-0.1362191
4.0510220	3.2657886
-3.6963908	3.1425383
-4.2229904	-4.5320547
-3.7343745	1.9382093
-3.5641447	2.2064522
1.6280352	1.7340724
2.7678578	0.1316500
-1.8476144	-2.8771054
-1.9336649	1.5806432
1.5588539	-1.9481398
3.0431873	0.5659060
4.5367959	0.3804392
1.2085414	0.7844946
3.2381163	2.3843264
-2.1660788	-1.7307537
1.5185293	-2.3246359
0.1066208	2.1027803
-4.1062465	2.9308809
-3.5866970	3.0125502
3.5654817	0.9092932
2.2883732	-1.8911080
-1.1806531	-1.8676104
0.1618681	-0.3114475
3.1173851	3.1757307
1.3795571	-2.4936003
-3.8423553	-0.7577775
-3.3704753	-2.8037247
1.4417786	-3.7373429
0.8886765	-4.1379949
3.3517408	-3.4674259
1.5111951	3.1466244
2.0832743	3.6253001
0.3118869	1.7048155
-2.8686259	2.9093723
1.7562894	-1.4270802
-0.0876921	1.9802343
-1.1209865	1.0231533
1.4331194	1.4759675
1.2435283	3.1979427
-3.5256439	-3.1609430
-3.6852289	1.5280722
2.3570504	1.5743423
0.0851169	2.4393567
3.6049927	2.3806551
2.4192822	-0.9078657
-0.0392427	3.1642778
3.2733328	0.7684513
1.3562900	-1.2370139
3.2017053	-4.1968634
-1.8718770	-4.2350553
0.8186208	-0.4687422
3.6016209	-2.0450111
-3.8747769	-1.7003168
-3.9489707	-0.2425683
-1.3029145	1.8503876
-2.5962781	-2.8851122
0.2435904	-0.6308648
-0.5118201	-3.4041152
-0.9018141	-0.8563065
3.4948783	0.2334453
-3.1970770	0.3600075
4.5607735	-2.0154232
2.5935592	2.5882257
-1.9086602	-0.4818320
-3.8974893	-4.2763083
3.8111596	-1.6649121
1.3544067	0.7121737
-2.1847242	3.4401202
1.1252863	-3.6889968
2.0219061	-3.4667196
3.8089431	4.2119105
2.5736112	-1.4056819
-0.9247846	-3.0361081
0.5468471	-0.7468514
2.3899278	4.0857268
1.1725707	1.7448476
-1.8815436	2.6264968
3.0927386	-2.0021875
-0.7750666	2.5340906
2.7429619	1.7671378
1.8018606	-3.8932727
-4.2585858	3.8522894
-2.8146123	-0.9551151
-2.0293654	3.2411034
2.5883310	-1.1008725
-0.5118634	-2.9265771
-2.3373518	0.9711801
-2.6592135	0.4409348
3.8736620	-3.7055517
-0.2509329	0.0611321
3.4774953	2.8226294
-0.2681096	-3.8829968
-3.7650770	2.2602821
-1.8276692	2.2734015
3.7195560	1.0597326
-2.3782985	-3.5826989
4.0705162	3.7944563
2.8567531	-1.7733756
-2.6194594	1.8994362
-0.9255980	2.7967437
-1.1421087	-2.2571369
4.0141499	0.4641163
-3.7013641	0.2232440
3.2683969	-2.8969921
0.5837257	2.5472332
-3.1970639	-1.3421769
0.1475158	-0.0464048
0.5894676	1.1542326
3.3453223	-2.4904413
-0.4365019	0.8569301
1.2405611	-3.1143831
-1.4664896	-2.9520418
2.8465300	2.3524746
1.5253662	0.8077318
-1.0785717	1.4137469
0.1965867	2.8293528
3.7674526	2.6361427
2.0636808	4.5000043
2.2049317	2.6605598
-0.1786010	0.0851011
4.2777919	-3.2014593
0.2506096	4.3593054
0.0064225	-0.4475100
-2.5290646	0.6129588
4.1548084	-1.8709943
-0.3100504	-0.5845796
2.9160831	-0.4126384
-1.0970705	1.1522833
0.6224319	-2.9150676
-3.5227751	1.8330280
1.2860530	3.0279094
3.7291560	2.0747010
-1.2727782	2.5838510
-2.6922595	2.8285670
-3.4164495	-3.7354607
1.7764575	-1.0745878
2.7695430	-2.7141478
-3.2789424	-2.0605715
3.8837026	-0.3619072
-1.9655319	-0.0782039
3.3595084	2.4753777
-1.1329379	-1.6201911
-3.4102652	4.1766113
0.3254481	1.2725439
2.9252547	4.2601746
2.8055854	-0.2125243
-2.5720605	-2.6324267
-0.1977281	-2.3957748
0.1683461	3.3947331
-2.9257727	-2.4854224
2.5043092	3.7391197
-1.3319296	1.9038557
2.2385680	-2.2411106
-2.4728643	-1.5216402
0.9169238	-1.7648288
1.6154466	-2.2380475
2.5131015	-1.0212144
-1.4773064	3.5896320
1.9241579	-3.0765571
-2.6653192	-2.3773227
1.0846560	-2.4904021
0.6345415	-3.6821521
-2.5255485	2.0510326
-0.4146926	-2.2299889
-0.9365723	-0.1270511
3.4032989	-1.3554802
1.8388700	0.4861396
-0.5689198	4.3210608
0.3721914	-3.8913778
-1.9120444	2.5342953
-1.2022650	3.6774573
-1.7623482	-0.1230905
0.4433116	-0.3894911
-2.6675783	3.6161511
2.2099076	-1.1255906
2.8001506	-1.4101842
-2.3530638	-3.8518503
3.5147920	-1.2896304
-4.0458211	1.6389567
-2.0446858	1.1359778
3.4802016	0.2083671
-2.2204218	0.1623130
1.0367850	-0.0366722
-4.0308099	-1.9768709
-1.6832974	3.8167817
3.6260247	2.2634074
0.9176356	-3.0090986
0.7563434	2.6023611
2.4474629	-3.4025703
-3.9900940	2.1046088
2.8873009	-3.4137292
2.5151004	-4.0252703
0.8221262	-0.9769449
2.8838971	3.7384549
0.2080093	-1.7986074
2.5538456	1.6471915
-0.4248848	1.4902163
-1.1688450	-1.7117814
4.0628615	-2.1115158
3.8906088	0.2165514
3.0164984	3.8264537
3.2715898	-0.6438256
2.6366482	2.5246307
-0.4210447	2.1467848
-2.7645272	0.4441368
0.5147531	0.6772571
-3.9085047	1.8196635
-0.3538639	2.6537366
-0.9773522	1.8965159
3.7348267	-3.7971026
0.9414138	1.8369955
-4.1567191	1.3880259
-2.8881497	3.8371713
-4.0652618	1.6577528
-0.7359696	-0.7932494
-2.5235997	1.0306095
-0.4346299	-0.3559667
3.9917292	-0.8625434
0.8420103	2.4265687
0.4265572	0.0654009
3.3953224	-3.1367027
3.8517784	1.4913183
3.9837763	1.1473935
3.9856826	-2.1308530
-2.1447302	1.0667768
-4.3058002	2.1452310
-2.5281575	-1.6587608
2.0395520	-2.9274744
-3.2419690	3.9867968
4.1011897	-3.8115013
-3.6846842	-0.2387584
2.8867579	2.7264043
-3.1475135	-0.2615338
0.5950805	2.3222114
2.8306894	3.3559697
3.4953414	1.1777408
-1.6168995	3.2561278
-3.8411546	-0.1007246
-4.0780980	2.2527683
0.0454910	1.9175329
3.6509865	3.9624384
0.3104765	-2.4755640
-3.7659685	0.6776921
-1.6840546	-2.1195015
-3.1421579	-3.8250423
3.8591765	-0.0854460
-0.7227366	-3.9936181
-3.9746190	2.5261635
3.7522883	3.4060575
-3.3435762	3.1392540
-1.1554439	4.1321241
0.1446592	-0.7954439
-0.2409046	3.2650546
2.1830535	4.1706470
-0.7803207	0.2534173
0.0482917	-1.8557857
-3.3335739	0.0802031
-2.5893681	3.2600185
0.9840925	-1.2606496
-3.5435367	2.2766211
-0.2298554	2.3895528
-0.7204520	-2.6023705
-3.4586777	1.3444228
0.6716602	-0.9787074
-2.7974049	-3.7413885
-2.5702153	3.7814324
-4.1380671	-1.8656750
-3.2482786	2.4425547
3.4146459	2.0428685
-0.7923241	-2.6326133
-1.3571936	-0.8927231
1.3401379	3.9227111
1.3996712	-3.7149911
4.1074504	-3.0698083
3.3484524	1.0623957
-1.6518970	4.1971978
0.3021122	-2.7925709
-3.5026813	2.5272918
0.8279876	1.5023119
-1.3681798	2.2370151
-2.3542616	2.5365515
2.4618916	3.9818781
-0.3856826	3.7587385
-0.4476498	-2.5666661
-2.4070999	-1.6504299
-1.8945758	-0.8633734
3.6267080	-3.3189230
-2.1100367	0.6765091
1.7431249	1.1303483
0.6953584	4.2329814
-3.9418018	-2.0235735
3.5770687	3.3550757
3.7426265	-0.7489812
-0.1281196	-0.1014661
-0.0903299	-1.1923542
1.8683483	-4.2258054
2.0242730	-1.0986691
-0.9782014	-1.3547036
-4.1963249	-3.3567021
-0.9936850	1.5770261
2.8795376	-3.3404521
-0.9721537	3.1011956
-1.1710335	2.0346668
2.8764500	-3.5832241
2.3140688	1.0663450
-3.4022311	-2.4858416
1.4465064	1.0911395
0.4739549	2.3859745
-1.7050336	2.8020382
-2.8189873	3.0158840
-0.1831169	1.2165570
3.8521411	3.5028173
-1.3461882	-3.0835992
-0.2954562	-0.8681826
-2.9454386	-1.3929941
-1.1093135	-2.9588976
-1.2786052	4.2398737
1.1290276	-1.0252736
-0.9154746	-0.9805405
1.4767777	3.3830267
3.0140662	0.6429354
-1.3629049	3.1051828
-1.2688626	-3.0466604
-3.4930500	3.8430347
-2.3019936	-2.8052746
-2.9214438	-3.6563415
2.9162475	-3.1659253
-2.5485737	-1.1454826
3.1171324	0.8405955
-4.1511540	3.9137202
-0.2087684	1.3800639
-0.9915274	0.5047523
4.0064610	3.1740197
2.9022165	-1.6263137
0.3619037	-4.2036516
-3.7858103	1.3761166
-0.2785697	2.2938519
0.3444280	-4.1813244
0.8117004	4.0560068
-4.2191692	0.4962527
2.8631227	3.6592102
-2.6060823	1.7368673
-2.9763112	3.3893587
-2.5679071	-2.0463338
0.2302181	4.1590678
0.3048553	-0.9582106
-1.1976591	-2.8968661
1.1226875	1.2645457
3.9331380	-0.7202283
1.2650836	3.4022270
-1.1217174	-0.3138916
-3.2721222	2.1226104
3.7157855	2.6188664
-0.7733387	0.6405461
2.7102591	-2.9205014
2.7219388	3.6255146
-3.3423862	-4.1040751
-0.2814629	-2.3266497
3.2706035	0.7845355
2.3729869	2.1684439
-3.7693629	1.3761037
-3.3507406	1.2966118
-1.5490354	1.4013928
-1.7805536	3.5657030
-2.9339445	3.5119849
2.4485858	1.7486497
-0.0421946	-0.2769116
0.2585074	-3.5946196
-1.6470568	-0.4876359
-1.9871913	3.0861833
-4.1737558	-4.1857848
-0.3810799	-0.2410284
2.6485686	2.3306323
-2.2533575	1.1847321
-0.8201300	4.0251830
0.1852907	0.3369563
-2.9339027	1.8264180
1.3761626	3.7217591
1.0062711	-2.5591707
1.6838615	2.1928681
3.3933930	0.4443738
-4.1842514	-3.8850715
-4.1193170	3.0809485
-3.0082948	-1.5898387
-2.3056406	2.8514245
-2.9507542	-2.3768507
3.7884917	-3.8214576
-2.3535968	-1.5536319
2.2367212	-3.5729465
-0.2335402	-3.7295849
-0.7490663	-3.0806339
-3.3418450	1.8152618
-2.6911392	-1.6045060
3.0860316	0.2413258
1.4261607	-1.6454854
2.0244763	-0.4866735
0.3406389	2.6750822
-0.6220252	-1.1672009
2.1736437	2.9723960
3.3758560	2.6679389
1.0970912	-1.9153173
-2.6494715	2.5445760
2.5122062	0.6683202
-0.1519453	-3.0382056
-3.2479864	1.2991264
-1.7346131	-4.2484030
2.2930104	4.0428911
-2.1666223	-1.5790471
-1.9178417	1.9686584
3.2174996	-0.8431021
-2.7310057	3.0052054
2.7074194	3.1472495
0.7028009	3.7713159
-0.0504386	-1.6348958
-2.3685245	-3.9427592
2.2484697	2.8451026
-1.7620201	2.1226100
-3.1915600	2.6138935
0.6082694	0.9597571
-2.1775992	-0.0253759
1.9376812	-2.2974377
-1.7684627	0.3900196
-2.1211297	3.5543089
2.2841786	0.5884563
2.9361465	-0.9361784
-3.1420564	-0.8197826
-1.9529060	4.2029133
-0.0314162	3.1990292
-3.5332419	-1.2346393
-0.3433902	1.5072193
1.0646147	-4.0898585
3.3001295	-1.2374809
0.7712078	2.5167867
-0.0412740	-2.5499879
-1.9549263	1.7308840
-2.9078355	-1.6756329
0.8308281	1.1570101
3.7693480	-3.0342557
-0.6844963	-2.4891113
2.8145956	-0.3485405
3.5812830	-1.7556734
-0.2002477	0.5197114
1.8998709	-2.3410710
-0.4006950	-0.4746063
1.6430751	-0.0908055
-3.6437294	2.3862857
0.6115059	2.8517669
0.7932591	1.5166086
2.4992641	-1.1827405
1.8526912	-1.0880644
2.3340462	-3.0645566
3.4401619	3.3295191
3.8204559	3.4546700
4.1730833	1.2881332
2.1531869	2.8857383
-0.8794052	2.1529091
-3.8089926	-0.7533684
0.2186336	2.3414800
-3.3090633	1.7587115
-1.9613555	2.9057906
-2.3839713	0.2201855
-4.2355216	3.3974500
-2.3897396	-0.4980070
-2.6854717	3.4809672
-1.1214178	-2.3985263
-1.5199106	-4.1087606
2.0940286	0.0347011
0.5028034	2.7818681
-2.5247790	0.0541206
3.5062769	-3.4466715
-1.9240266	-2.4779748
2.2764818	-1.4776508
2.6428071	0.5629397
0.9971898	1.7425926
-2.0518105	0.8279119
-3.3436583	0.7154867
-1.4870324	-0.6398863
-3.8379137	3.0383811
2.1927501	-1.2886275
3.6735673	-3.9235741
-0.1754194	2.1135793
3.9370658	3.2542555
-0.9814454	-2.2966636
3.1725191	-2.2200096
-4.2048123	-1.4116638
0.8084120	2.6359364
-1.1058628	1.0192826
-1.3454010	-3.2385335
-0.3680582	1.1636999
1.3975909	1.5698086
4.1169690	2.7443280
0.9948518	-3.0312617
-4.1515577	-0.3123215
-2.8715361	1.9192735
-3.2317097	-1.9991922
-2.1705353	0.1641151
4.0831788	-3.2013365
-1.5089098	0.6514305
-3.0780423	1.8482976
-0.8528833	-3.2350068
2.3383542	-4.0504832
3.9585686	2.0990384
-0.3468592	0.9462428
1.1013475	0.1897660
-1.7456651	-0.1451149
-2.6568765	0.0664978
3.8169788	-0.7560164
0.9923497	-1.6818506
1.9499646	-0.8920451
-0.6004793	-2.2221593
2.9911714	2.0787455
-1.9160546	-2.9699949
-0.7353129	0.8124323
-3.5231007	-0.6276341
-3.9573823	0.1307601
-3.0065799	-1.0751259
3.1410500	-2.3545297
-0.8446503	2.1089829
3.7785122	-4.0340971
0.3104560	3.8093748
1.5090099	-2.9241375
3.0521347	-3.5947496
-4.1100783	-0.9184158
-1.1621665	2.6878635
-3.3083322	-1.3837814
-3.1934945	-2.4551394
-0.0685754	3.3275486
2.6956218	4.2494095
0.1608148	-0.9121149
-3.4192009	-1.6928916
-2.8644082	-3.5475078
0.7435909	-1.5626648
-0.1545516	-1.0386964
2.0776637	0.0036347
-0.1209669	1.4423067
-3.5395625	-3.1350527
4.1836663	3.3608740
-2.5328630	2.8213635
0.9623051	-3.4313589
-2.2008077	1.9644768
2.4930947	2.4970802
0.7954941	1.7156222
-1.1998899	-1.2232711
0.4200700	4.1889258
-0.7090536	1.1228164
-1.7725259	-1.5144464
-1.2676270	-3.1889745
-4.1473590	3.8735457
-0.5346636	4.0951623
3.6169389	-3.8087399
-2.6754363	2.5005820
-0.0690651	2.6650128
2.5185499	-1.9538950
-3.5462152	0.8146866
-1.2317556	2.0130458
-2.8848439	-3.7355838
2.2744605	1.2957959
-3.0264317	1.9553372
3.8843697	-1.5985765
2.2841295	1.4392942
0.4990989	2.7514926
1.5783470	-3.0284235
0.9657234	1.7328309
-3.8553778	-1.1877640
-3.6352292	-1.5110560
2.8025348	1.3278541
-0.0392536	4.0238199
-3.6126182	2.3599846
3.5294233	-0.7024904
1.7426503	0.0669937
-3.6840685	3.7037287
3.1436001	-0.0673595
0.3963942	-2.7402589
-2.6883080	-1.3900865
1.3809888	4.2545364
0.3916620	1.2266940
-3.0523274	3.7155164
-1.8616008	0.9647481
-2.0385826	-1.8000003
2.4869811	0.0919023
0.1106957	-2.2489522
-2.9143112	0.3221736
2.2216222	0.3024302
-2.7527412	0.2079311
-2.7222371	0.5983487
-2.2771217	4.1707892
4.1098149	4.0849232
-1.9368342	-4.2464659
0.9987143	0.3110332
-3.7069277	3.0953750
2.7158599	2.8454524
-3.2292914	3.1837901
2.5724169	-0.6447062
2.7357977	2.1207641
2.9272903	3.9072713
-1.7476172	-2.6170076
-4.0904474	-0.5979342
1.8035290	-0.4608713
3.5988327	3.7998914
2.6512663	1.5532240
2.5280055	-3.3240126
0.9403165	3.0993597
-0.2935171	-3.0301175
-2.6662427	-1.8439270
-3.2054948	0.2626805
-3.8547380	-0.2555625
-2.1654094	3.4144945
1.8504157	0.1160582
1.7754346	-0.3763508
-0.0346594	-2.8027623
0.6089781	-3.9017215
-1.5813408	-0.0702090
2.1272792	2.3122326
0.8839896	0.3053266
-1.3869609	0.7649418
-3.5407371	3.2320711
3.6705025	-0.5044548
3.3365281	3.4035345
3.4691602	2.1900365
0.3905730	3.5610969
-1.4747195	3.0051758
0.5737340	0.1151719
-3.4765399	-4.0367148
0.5763220	0.9453855
1.6723538	0.2923941
-3.2128121	-2.2140598
0.4329464	-2.9686245
-2.8917237	-1.9591257
2.6411312	-2.2766920
-1.1163537	4.0825503
-4.2363083	-4.0603155
-1.6221066	1.2577396
-4.0782700	-4.2476918
-0.0891559	0.5602665
-1.8570347	-3.9261409
-0.7988666	0.9661791
0.5985911	-1.2245368
2.3514814	3.5469387
-1.6333828	2.3957621
-1.4354097	3.3390813
-3.1099956	-3.3097925
0.9446516	-3.4569813
-1.3013105	-2.9837538
2.2301419	-2.4502643
-2.0362120	-2.5074362
-2.1556592	-0.7805865
2.1501008	4.2007746
1.0164485	-1.9741630
-3.6068992	1.5268329
-1.1080029	0.7490829
-2.1400730	0.5570730
-0.1342792	-3.4410081
0.1355702	3.8295479
-1.7491984	-1.7084882
-0.0011815	0.2985484
2.5831422	1.3559942
-1.2862762	-2.1478014
-0.6796432	-1.2303411
4.1537257	2.1778639
-4.0691112	-4.2063512
-3.6436630	3.5392421
2.8028178	1.2967365
2.0622738	-2.7506804
3.1916564	-1.6769001
-0.3336210	-2.8835279
-3.5198520	0.4376234
-0.8152819	0.3578631
-1.1550534	3.5426720
2.4791893	1.1444172
-2.1018560	3.2646312
-1.6600701	0.9919362
2.0498117	-1.5815113
3.6440409	-3.0296469
-0.7505354	-3.6571986
-2.9330559	1.4386449
-0.2119911	0.0239465
-2.1534014	-1.5953092
-1.2019810	-0.6031983
0.8484466	0.5079661
3.1770780	-2.7306679
1.1713874	-0.5800076
-2.1286810	3.2618889
-3.3502803	2.1112924
-0.2706504	-2.0336428
-3.8387860	0.6258107
0.9456422	-0.1637975
2.2641440	3.8150234
0.5595221	1.2582260
-3.7774768	-3.1448782
1.0900529	-3.9494037
3.8123242	1.6563599
-2.6482988	-0.8869691
4.1252958	-1.4158384
3.1321477	2.0123662
-0.2628869	-3.9219265
-3.3353861	-3.3150697
-1.5313175	0.4912174
2.8719493	1.3420639
-3.7934603	-0.0598671
-1.8925309	1.0628895
-1.9900113	3.2150610
-0.2666752	2.9713242
-0.3691718	-2.1069645
-2.9806211	2.2885702
-1.5454753	1.8989280
2.0118598	-1.9749515
1.9983952	3.3637116
-4.0976009	-0.6644432
2.3485068	-3.3913973
-2.3157111	2.5551506
2.2901862	-1.1751178
-3.1717554	2.0350110
-0.4531164	4.0809700
1.9300557	-3.3083355
1.8833888	1.6825975
0.3136308	-1.1224535
-2.7906905	-3.2994267
-2.1978852	0.9691084
3.5846157	-1.8139580
-3.5745372	-2.4724422
1.3392263	-0.6612597
-1.5503175	-2.8652868
-0.3031050	-1.8370357
-3.6536861	-2.7934442
2.7748520	-4.0880907
0.3406478	-1.8165567
3.4458712	-3.2352140
-3.9466851	-1.1301880
1.6239989	4.1077505
3.5198384	1.8702751
-2.4416461	3.0759571
1.8990088	1.9937265
-0.5867698	3.2548815
3.3163426	2.6424090
1.8182401	-1.8798892
-0.5270304	-2.9259631
1.3812375	1.0763767
0.6804537	-2.7738791
-0.2154104	-1.6989229
0.8501781	-1.9417876
-1.5619428	2.8594019
-0.1346213	3.6569044
-0.6077558	2.5622225
-1.7976943	2.7045244
3.9259958	-2.6633723
0.1463660	-3.4550792
0.0626121	-0.7252449
3.6827486	-0.7885131
-2.9757385	1.5472664
-1.8390057	-2.8637686
-3.1161514	-1.1224433
-1.6315023	3.9002344
-2.6416045	-3.0617281
-1.0386576	2.4431884
3.8375339	-2.0898395
1.9233898	0.4321751
-0.3291241	3.3693402
0.8124176	0.2883199
3.6177577	-1.9917465
3.8877663	0.6183073
-1.7617342	4.2490798
0.6024093	-1.9854654
-2.5796395	1.7202316
-2.4350031	2.5125678
1.4288697	0.9644913
2.7809320	3.8266308
-2.7849095	3.9627083
-0.9892207	1.1167925
-0.7911062	-4.2157578
3.1209429	-3.5337013
-0.5771296	3.2016897
3.1146663	-0.7939141
-2.1325719	-1.4794191
-1.7857738	3.9354437
-1.8300302	0.8375050
0.0094688	-1.3939502
2.5917549	-3.7208899
0.8780326	0.0553320
0.7217535	-2.5297859
-1.1982736	0.6341128
0.9591201	0.5013667
4.1441743	-4.0721580
-3.1258267	1.1013814
0.3243942	4.0813727
1.9618319	-0.9635436
4.0006116	0.8522892
2.7017468	2.0673084
4.2360036	1.9018832
2.4177587	-0.1764158
-3.8959523	3.5109468
2.2409918	-3.4523296
2.8439787	2.7550407
3.3437628	2.9152477
-3.5818189	-3.7359244
-2.1720017	0.7089132
3.6120957	0.4700888
-4.1992219	-0.8317220
3.6133110	0.4736840
-3.4485393	-3.8772259
0.5116968	1.3211360
0.6432611	-3.2121515
-1.7601589	-2.3550784
-2.8234931	-1.2408299
-0.0539615	-3.8582506
-3.3374105	-4.0986505
-1.3524660	1.1286925
-3.5836549	1.0758646
-3.1010268	-0.0692165
3.9482843	-3.4711714
-1.1032588	1.7431315
4.2182730	4.1824572
1.8661390	0.6122636
-2.0561459	0.4392411
0.2179668	-2.3163530
-0.9380095	-3.8503394
0.3509421	1.3121916
-2.4064393	1.5940652
-1.2691594	-1.2929765
-2.4808659	3.5677896
-1.2054968	1.1562044
-3.2129096	-2.9774352
4.1293677	3.3838478
1.4049472	-3.4814037
-3.9685129	-3.5488214
2.1527805	-1.0317160
0.2634498	0.2278154
-1.3109001	-2.0671205
4.0753919	2.1784316
-0.3787227	-0.5778873
-2.2326736	-0.7191251
2.4135324	0.4984574
-3.8769343	-0.7741007
0.9487596	2.4636663
-0.9848378	-2.4634611
-1.6443009	-2.4418274
1.6977896	-1.2773393
0.8162884	-3.4994067
-1.4794087	-3.2557017
1.8763951	2.9641166
3.4241806	-1.4331409
3.1526588	-4.2360247
2.3420305	2.1032143
2.0569203	-1.3085041
2.8353847	0.4498595
-2.3410821	-3.8851192
3.1903381	-3.1456982
-1.4096380	-1.9364101
-1.9316690	2.6060189
3.5384967	-0.5352053
-1.9134326	-3.2634759
-1.3979074	-0.3887557
-3.5531574	0.2860265
3.8212629	3.8551010
0.7826267	-2.8922364
-3.2383636	-0.4481843
3.2781975	3.3534609
0.8307987	2.3014380
2.7193355	0.8240567
-0.8109025	2.5138330
-3.9855650	-1.9395180
-0.8195443	2.2714144
-1.4317621	3.5215471
2.3924628	-1.8999664
1.7680347	-1.3311114
0.1006925	-2.0553278
-2.6592624	-0.3733165
-0.1676036	-0.5521715
-0.1378869	-1.5026021
-1.6649782	3.5660575
-1.6255471	-1.0282873
-2.3172902	2.0502003
-2.9762282	3.7092884
3.9366689	2.3731027
-2.8863348	-3.7632745
-2.5182191	-0.8774165
2.1268392	1.1807230
3.1962284	-3.7292593
3.4089650	-3.5744580
-1.7571114	-2.7336726
-0.3292597	2.0828293
3.8788959	-1.4521052
-2.6254987	-3.3274194
-0.3558598	0.4379420
-3.1834133	-2.7549312
-4.0174976	-1.7280222
-1.5079564	-1.3661365
1.0999317	-0.7805397
-1.0427524	-2.3504115
-2.1862872	-1.3115008
-3.5644098	2.4729842
-0.7913987	-3.4040618
-0.4064504	-0.6134333
-1.3159786	-1.6058172
-1.4034712	2.8052017
0.4076411	-1.8010042
-1.0156954	3.7414664
-3.2930287	-0.1239137
3.7021522	-0.3381800
1.3451873	2.1456930
-2.1224073	-2.4000613
-0.5428301	-2.9594877
-2.4512776	2.9541915
-0.7352762	0.5374045
-1.0711335	-2.6726114
-0.0589750	0.3901584
-3.0326364	-1.6936687
-2.6263272	-3.8463501
2.3996279	0.8996140
2.6293432	-2.8820592
3.7163582	0.8774309
-0.8040125	4.2304820
-0.1949420	-2.4424928
-0.2644581	1.5628212
-3.4725960	0.1843786
-3.2302449	-1.3672959
3.9193454	0.9189386
-3.1996280	2.9229692
2.2772789	1.5201222
-2.0529727	-2.4967078
-3.4335692	3.2305943
4.1899400	4.2424234
3.3911372	-3.0821769
-0.8294515	-2.8996859
-2.2619761	0.9749359
3.1207515	-2.6879742
0.0079190	-0.3157470
-0.8315301	4.2365519
2.3513551	-1.4346170
-1.0176231	1.0779711
3.0541067	1.8325276
-0.3570275	-1.8402534
-2.2957512	0.1574395
3.1227162	-3.8715248
2.4892460	-2.3926946
3.1101903	3.3797908
-0.6395616	3.5656590
3.8045675	-3.0702366
-3.9363671	0.3425328
3.9756038	-1.3286089
-1.3914333	1.7639786
-0.4135548	-2.0252835
2.2211209	1.7662938
1.2592038	3.6539716
-1.8573872	-4.0611432
-1.8148712	-3.1831928
-2.2752103	2.8056920
-3.0275842	1.2048283
3.6536330	-4.2105124
3.4056816	-1.5122496
-2.2791941	-3.6282083
-1.4271577	-3.5736412
0.8293718	-2.1918964
0.5385245	3.6234997
-2.1100865	3.0829091
-0.5339145	3.7669810
-1.0926688	3.6806364
-0.4120191	0.0118770
0.3660522	-0.5130900
-1.1953112	-3.2862742
-0.8985568	-0.9515419
2.8856406	1.4644468
0.2182949	-1.3171848
3.3582291	-0.3570006
-3.5721936	3.4899923
-4.2335011	-3.7286235
-2.6618616	-2.5370266
2.3388487	2.0166304
-1.8780646	3.9123897
4.2378138	2.3148722
-2.2804815	-4.2016597
0.3535571	-2.6199974
-3.4936037	0.9129972
0.8497115	-2.6527366
1.9564411	-1.5381995
-4.0621560	3.0326048
3.1849158	1.2973863
-2.1457724	-0.3439181
-0.8500842	2.1548670
0.8152904	-3.2468903
-3.1197485	2.6789284
-3.0775387	-3.5218677
0.6318269	-0.6546559
2.5275908	-1.3266185
-0.0307866	2.4984066
-1.5615745	-0.7778295
-4.0738888	-4.1603967
2.8443403	2.8737290
-2.8688080	-0.1493910
2.6321180	-1.4574625
-3.7934022	0.2206941
-0.2710189	-0.4778713
-0.2796021	-3.3665635
-3.5621091	3.7584375
0.9985176	3.5125198
-2.0816236	0.8275727
2.0317697	4.1159910
-0.9961802	-3.3999469
1.6561248	-1.9171112
1.6616751	-4.0026154
1.7790885	-2.5586612
2.0490716	-0.9398962
1.1617961	-3.5053918
1.3217594	1.6560454
0.3032634	-1.7183683
-1.4153091	4.0818882
-3.9974096	0.8019281
-2.8635494	3.5618655
2.3596978	2.9768748
1.8923811	1.1514977
-1.7166598	1.5903442
-2.4377594	2.9578302
1.4016947	-0.8058382
3.2706783	-1.3979166
1.6090118	-3.1136863
-3.4744634	-3.3905973
1.4384005	3.4674658
-4.0061427	-1.8503365
1.2070755	-0.2900809
-0.8124633	-3.4046869
0.8489879	0.6664182
0.1724298	-3.3766303
-0.7633670	1.3977276
1.0139116	-1.2293168
-0.7130932	-0.5256699
2.1621211	-0.0438863
2.4705166	0.3228966
3.0253291	-3.0184785
2.3451378	1.1157255
1.9935890	-0.3870440
2.7390707	1.6338214
2.7839894	0.2779135
-2.0242607	1.1881291
-1.7329853	-2.8493584
2.7104329	-2.0777122
-1.4580712	-0.0494336
0.2672171	2.4550469
-3.0427542	1.0024395
1.9059797	-3.0475759
4.0441229	3.3922536
-3.5160213	-2.6606717
0.6671707	-2.0228663
-1.6593911	-0.9404935
1.7076685	-2.4514393
0.7692710	0.7417419
-3.5109574	3.7651031
-2.8811053	3.8447988
-1.1138086	-1.0493002
1.8664322	-3.2401961
2.7073922	0.5734769
0.4336608	-3.9059588
0.8456593	1.1962329
-3.8004332	0.1773730
2.9626149	2.6370427
0.2050199	0.0915028
1.2581731	-1.5382970
-4.0327483	0.5007310
0.7247027	1.7978600
2.1134419	2.6477253
-3.1778788	-0.8439141
1.4080590	0.0064623
-0.4377530	1.4771891
-1.5993924	3.9009789
0.8705085	-1.2588977
-1.0621201	-2.3655185
0.7303069	-0.7950797
1.3937222	-0.0811425
-4.2053259	-2.5344777
1.1518368	1.3279750
-0.6620266	-2.7177852
-0.9163509	1.0597701
3.3802195	-2.5787380
4.1295683	-4.2395439
-0.7096462	0.5920018
-2.2695464	-0.3295133
0.5317218	1.4858993
0.9550686	-4.0108182
1.0132032	-2.2496554
2.8055817	1.5654031
1.1869702	-3.5172967
0.4065819	0.7326515
1.4464289	0.2089317
1.9701899	-1.1555842
0.9879318	0.1793156
1.6244960	1.4124307
2.9884393	1.6432353
2.5135051	4.0228934
4.1097395	-3.0900147
3.4682870	-3.9437746
0.5232576	1.1238742
3.7169614	0.4474281
-1.3643166	-3.6201733
-2.5213458	3.6226807
-1.1281225	3.4348438
-3.6820824	4.0577877
-0.0567152	0.1994179
-1.8035798	3.9622038
0.8863445	-1.4045974
0.6776582	0.0170766
2.0770015	4.2318343
1.5281976	-4.1148278
-3.4856273	-1.5643241
4.1460152	-3.6269363
2.5295583	-1.8323967
3.9731552	-3.1597480
4.2006613	-4.0598824
-3.2222527	3.0387318
-1.4864348	1.0342112
-0.8686814	2.0123321
-2.6048257	-1.4845522
-0.6209555	-3.5385295
-1.4890144	-0.1413704
2.4759597	-3.9821476
-3.4438309	-2.0055243
1.7278897	1.8262293
4.0361255	0.0577682
-1.4382856	1.5348275
-1.1301574	2.1411888
-3.9872692	-0.9061354
-3.9585267	1.1223441
-0.3606579	-2.5089093
2.0859285	4.1568241
-3.4531646	2.8871011
-0.7480056	-2.4812138
-0.3227177	-1.6686631
3.4381220	-0.3403272
-0.8600453	1.5918853
0.9494058	-1.6618858
1.8854566	1.5368376
3.7771999	0.9770572
3.4605294	-0.6157538
0.7041366	-2.0261921
-1.6050302	-0.8649379
-1.4707017	2.3640043
-2.9591195	-1.1884336
1.3190137	-1.2305755
0.8324117	3.2506062
3.3770925	-2.9671239
1.9349642	3.0047157
-3.7869067	0.8235566
3.5976913	-0.8896310
-1.7192964	3.1384808
0.6952740	3.2872095
-2.8864005	-3.9222796
-1.3594035	-0.4275124
-0.3791558	3.2966742
3.8624035	-0.5226180
2.4126553	-2.6001509
1.9820824	-4.1797853
0.8410651	-0.3915142
-4.1626535	0.2287479
3.7812550	-0.0720021
-0.9803789	-3.6855090
0.1676360	1.2014912
-2.7290427	1.3431782
1.5225565	-3.6881161
0.9896563	4.1393352
-1.7308961	0.2255139
0.1679993	0.4404260
-2.2000928	4.1024790
-0.7303515	2.0848427
3.2848822	3.7534378
3.9727626	-3.6924681
1.8874871	-3.1364900
-2.4351084	-0.6314875
2.8226094	0.5162710
0.7345126	-3.2703766
3.4955614	-0.7084753
-2.4163367	-1.8418672
2.0962805	3.0095594
-2.4883999	-0.3811817
4.0347087	-0.4434039
0.2132825	3.8839238
-4.0780465	4.0131068
1.2816852	-3.4954114
4.2444245	0.4373640
1.3747956	-0.2789022
-2.9666191	2.9381697
-2.0572821	-3.7800896
-1.0557552	-1.9951168
3.2450973	-1.5036355
-2.2536152	-3.3154516
1.1924732	-3.3890992
2.1478361	0.0530105
-0.4635620	1.2058496
-3.0190119	-1.4560573
-1.8661831	0.3192821
2.7432420	0.1913874
3.7784318	3.7160718
-2.3197754	0.6973365
-0.1365572	0.4445134
-2.1501319	-3.2246780
-0.0682570	2.4528803
3.2935673	-1.8084350
2.2992128	-0.2402183
-0.4173511	-0.0922806
4.0716099	2.7482711
0.7425824	-2.0758599
0.1251567	3.6631073
2.0612662	1.2381526
-3.4068963	-3.4397811
-1.7482374	-3.2834608
-2.4209939	-4.0120998
-2.5091627	-3.2835291
-1.6715831	3.1040252
-2.0305867	-2.5154525
-0.3213843	-3.9410888
-1.3709764	-0.6539030
-2.6958330	-2.0904855
2.0791253	-1.5509333
0.9423623	1.1558619
-1.3065542	-2.8001959
-1.3184134	3.4486365
0.7259265	-3.7601914
4.1137241	4.1636980
-2.5401447	3.0503761
1.6746044	-1.0803072
3.0681542	0.9877422
0.7372278	2.6544960
-3.5078677	0.7978947
2.2728181	-3.1273281
-2.6230148	1.8270187
2.4786903	-1.1083723
0.5916126	-3.0184706
1.0463077	2.3963643
1.5891429	3.7564709
1.1829691	2.2837762
2.9614890	-4.0140363
-0.8619205	-3.9834556
4.1696461	3.5404403
3.1317733	-3.8621348
2.1832953	3.8848945
-2.9153046	0.0830193
-3.4330329	-1.4849420
-3.4773433	-0.5707534
3.4439517	-0.3185934
0.5699301	-1.1265327
4.0159167	-2.2514121
1.9058778	-4.0500897
1.0950854	0.5791217
-3.8051207	-3.9711625
-2.7418720	3.6886488
0.8483348	1.9282490
-3.8612731	0.4134619
1.5580216	-0.6606695
2.0377431	3.1178326
3.9311044	-3.6585579
4.2004843	0.1764973
-1.4585486	2.9400319
2.5056223	2.0094245
-0.6586961	-1.4541921
1.5223804	2.1749520
-2.4101830	0.2495929
-2.9716923	2.8207725
-2.7774931	0.9012340
-2.1583418	3.7354349
-1.6624457	-4.1273933
-0.4546655	-2.7765774
1.0512937	-1.1503680
3.2983345	3.7980473
-2.5581606	1.4051732
3.3609992	-0.4998371
-0.4443772	1.2321459
-2.8672394	4.0105818
-2.3370452	-2.1889213
-4.1764060	2.1405521
2.4620012	-1.3952722
1.6511154	-2.0317241
2.7298209	-0.7022323
-4.1903446	-3.5658604
0.1458737	1.5912058
2.3578332	-3.2207008
3.4307465	-3.4228963
3.7492459	-0.8028054
-0.5848026	3.7233927
-0.0105521	-4.1228137
0.0744723	-3.4445006
-3.2964944	-1.7659400
2.2372583	-0.5609715
-2.4320103	1.2920663
3.9781660	-2.5009487
-0.6416917	1.9891534
-1.7957830	-2.3500791
1.2824592	0.8294665
0.9140328	2.8221752
-0.7005262	3.5090162
-2.9554138	2.6568118
2.3606708	-0.4702438
-0.1454419	-3.3450136
2.9191153	-1.9680085
4.1837084	-3.1374143
0.8130790	3.4996038
-1.0783409	0.2256995
-0.1083605	-0.7613963
3.3190533	2.5978155
0.7414213	0.6081735
2.4304720	-3.5642442
-3.2781168	2.4796407
1.2366299	-1.6905212
4.2184024	2.3824688
1.6367615	0.3448920
-1.9308302	-0.9703044
-4.1870838	-1.2182288
-0.0938682	2.7032740
0.2866562	-1.0021595
0.5480384	-3.4468912
1.4005640	-2.7774290
0.9434570	-1.5750529
-1.6685206	-0.9968686
-0.8422428	1.6665155
0.2063313	0.3361107
-1.2488427	3.1386628
0.1652313	-2.5863595
-2.4571014	2.5538895
1.4300897	-2.9414570
4.2301241	2.0962290
2.5839330	2.8828706
0.1416107	1.1078931
0.1144992	-1.0217866
-3.8616543	-3.5027890
0.6966958	-1.6292619
-3.3270538	0.5542517
0.9315599	1.5660592
2.1395416	-3.0057232
0.0923458	2.5553373
0.1896971	1.3121026
-0.0942977	-3.5149988
-3.8240991	2.1005708
-2.5845877	-1.6723695
4.1124517	-1.0952559
0.1205700	3.7369455
-1.6693429	3.2890558
-0.1814810	-2.0548048
0.3958054	-3.4394300
3.5879046	-1.3952606
3.1864603	-1.1185826
-0.5121495	-2.7013510
-3.5099585	-4.1747577
2.7958367	-3.2188287
-3.4888448	-3.8671216
-1.8913519	-1.4869834
-2.0474178	3.2601574
4.0046195	3.9785793
1.7160751	0.0534799
-0.2748124	-2.9959053
-0.5521174	-2.7075248
-2.7193354	2.9146512
3.8708850	2.5796689
-1.2387764	-1.1261918
-1.4624669	3.9759382
-3.9296491	-2.5136903
-2.7476771	-2.2698177
-2.1045544	4.0221132
3.6010347	-0.7750468
1.6474858	3.7486285
3.7360043	2.5633380
-1.3420680	2.8932375
2.6838886	-0.5728229
0.2726322	-1.0096913
0.2128156	-1.4302020
2.2141528	-1.1213655
-0.0220072	-3.6115193
3.4600666	-1.8161388
-2.1343502	1.9464608
-0.7829668	-3.4437992
2.3874260	-3.4909562
1.5524229	-0.4247512
2.6954771	-1.3016512
0.5541854	-1.6781869
3.2130321	2.5812522
2.9318452	-4.2355980
-2.4209881	-2.6535628
-1.0931801	-3.3614436
1.3882749	-0.6755895
-1.3647218	2.8763367
-2.5107261	-0.1098902
1.1082851	2.5268139
2.3766008	1.2688188
2.0720682	-0.7183707
-0.7858451	3.1707980
-3.8017112	4.1761379
0.3831560	-1.2090499
-1.2851518	2.0450519
-0.9162049	1.5786541
1.4066411	1.1611739
-3.6674185	2.7308455
-0.7261666	-1.2699733
-1.5791827	-1.4369677
1.7833829	3.3785465
-0.1173963	-0.6464185
2.4163340	-1.6138304
-1.5790731	-0.0312422
-2.7229434	2.6155058
-2.6834310	-3.3563774
-0.4850825	3.3265063
2.6799722	0.5663436
2.5009801	3.3559904
-0.2166237	-3.3737091
-3.9378766	2.0992583
-2.3755838	-2.3403838
0.3038839	-2.4065031
3.0684983	-0.2958049
1.6401183	-1.6498306
-4.0235961	-1.2655983
0.4761076	1.1721197
0.8396281	-0.7750242
1.2922087	-2.6159060
-3.6951934	-4.1534384
0.8677129	-1.2084148
