jMRUI Data Textfile

Filename: dataset13_WS.txt

PointsInDataset: 2048      
DatasetsInFile: 1         
SamplingInterval: 2.5E-1    
ZeroOrderPhase: 0E0       
BeginTime: 0E0       
TransmitterFrequency: 1.2322E8  
MagneticField: 2.9E0     
TypeOfNucleus: 0E0       
NameOfPatient: dataset13_WS
DateOfExperiment: 
Spectrometer: 
AdditionalInfo: dataset13_WS
SignalNames: dataset13_WS.txt;


Signal and FFT
sig(real)	sig(imag)	fft(real)	fft(imag)
Signal 1 out of 1 in file
246.0645300	-88.6131290
422.8615400	-173.0448600
288.8883700	-311.6678300
122.6288000	-358.1026800
-38.7155360	-352.8897100
-135.1047600	-239.8981600
-166.3508700	-147.4275200
-149.1219800	-36.6773790
-125.7936500	23.5046380
-38.6718890	62.9851560
-2.7634207	34.6897870
47.4382370	-15.1427940
42.7389770	-47.9391290
15.0525320	-66.7186630
-30.9905010	-65.1376640
-54.5122120	-50.5989870
-53.9174310	-27.9779030
-98.5580810	-16.3707800
-92.3788680	-22.3460960
-67.6450300	30.9818940
-51.9228630	39.9591960
-58.5511470	42.3120900
-52.7929500	50.7776260
-15.0307490	67.7520970
4.2201556	41.9719790
20.7503930	52.0869460
53.4074580	-5.4555385
18.4119890	-9.4129839
15.8687690	-22.4737260
-29.1235530	-42.0814970
-48.3876610	2.1320631
-53.8936740	17.9550220
-40.5824660	53.7777340
-25.8148290	53.6064040
-16.1845090	75.9846100
46.5265510	87.6685350
70.6018920	61.8349720
48.3884540	23.9587860
52.5039400	4.2735933
69.2783440	1.6966261
77.6791720	-22.8782290
63.4753240	-33.3814440
29.2426870	-33.1385400
16.9886650	-35.4132210
-18.1099320	-39.7276710
-12.2898000	-38.9578740
-30.4735830	-2.3694592
-28.0662940	-15.9502410
-10.6008840	8.7052960
5.3981148	-12.6292040
-3.1859701	-13.2775900
32.5707870	-4.2847614
-12.5321690	-41.5014150
-26.4856220	-40.8054760
-21.5115020	-29.1533160
-67.7702450	-21.0051220
-34.7428430	18.2306170
-18.8424320	56.8870040
12.7797610	63.8649370
47.3346780	30.4205340
54.8259160	18.7048980
66.2022810	-1.9914227
46.6615310	-43.9052300
13.8154210	-59.6197970
-5.4886187	-74.3575590
-28.1139660	-51.8354170
-29.6462820	-38.7181190
-66.1111100	1.3926260
-51.9245240	-9.4548101
-57.3132470	17.2062660
-38.1002550	30.7031180
-12.3560790	34.2385920
-0.4536419	33.9371220
-8.5177573	5.3179237
13.9305470	4.1356725
21.4933400	12.1348530
16.7250440	18.0084660
-10.0665470	10.6872500
-5.7083662	-15.1471680
-7.6573180	-24.9160260
-18.0296260	-3.6544116
-35.3679080	2.0739201
-32.3209410	10.9553980
5.6391346	42.7647610
-4.0581226	33.6198220
49.8317680	27.9870470
35.0323390	11.8955180
56.4918860	-13.7726100
12.5389600	-22.0163210
-8.8024742	-27.6767600
-30.7476170	-24.8695000
-20.9522760	-30.4194300
-15.9336450	-2.6511525
-15.3835160	37.0482010
5.9253880	17.4266050
14.0400830	36.7580620
12.3612990	25.3635260
45.6162470	24.5200770
25.4944600	-24.8354320
57.8862710	-45.8496660
29.7660680	-19.9452640
19.1711650	-65.6349410
4.5141683	-60.4692190
-34.5435090	-51.0615810
-27.2829040	-37.7649180
-58.1530710	0.0842100
-36.6928270	15.4891630
-53.8486540	4.3126554
-36.4650460	18.7570260
-17.4512850	48.8065980
20.9349230	46.4027860
15.1762750	26.7735920
4.8461535	9.1045481
0.7331848	-14.7277870
1.2855506	-10.9004420
1.2677939	-29.6157260
-15.4846470	0.9780049
-13.2092260	23.5402460
-10.9796090	33.0537770
9.8448991	3.3975202
18.0950130	24.1519090
42.8894110	0.1041330
39.4461940	4.6004982
39.7387890	4.1409535
35.7171920	-3.4833497
13.0168520	-11.7477080
5.5789716	-12.5570870
-8.2422936	-18.6216230
-45.0290370	-8.8951872
-13.7671650	3.4864685
-26.2744220	-3.5686988
-29.4548930	27.5946280
-23.1021530	42.6036310
-8.6358782	30.8708030
-1.2715829	26.4676290
18.9721520	25.6409090
33.1608480	28.2156360
16.2890950	0.2267277
32.0840780	-9.2420192
36.1660700	-36.7560230
-3.1964980	-10.5053580
18.6123040	-38.9662300
-7.8534992	-11.4037590
-15.9588440	4.9623487
-10.5474320	-17.7463490
10.4281410	0.3103901
-2.3591018	-2.7331688
13.5447780	-20.9523390
-0.3940605	-2.0216709
-14.2186440	-23.0388130
-17.8743130	-30.6267690
-8.1399037	-3.8959799
-12.9655890	-24.4233800
-31.1249420	-9.6319129
-36.6416400	-3.2339388
1.5032110	32.3157980
8.9074567	38.2750220
-11.3946790	41.8301220
27.0126910	7.3314691
19.7948110	5.0570379
42.4241460	-20.5573660
37.8027200	-1.5774311
15.9487070	-18.3518090
-19.0022480	-14.7399630
-8.1890180	-32.6612440
-31.6195300	2.9420077
-10.4068390	-4.6580766
-32.5831000	25.6366510
-27.3467740	18.6295430
-21.2785140	11.8549630
-1.0560102	27.7187970
20.3419720	28.5631970
5.2989291	39.4647260
27.4138820	22.8441200
23.4079700	10.3270540
39.3471270	0.1586746
19.6494050	-14.4960820
10.1398440	16.1036530
-0.7919238	14.5070590
7.4360941	6.2412469
6.3741249	15.3551170
14.3327680	7.6204438
22.8704810	-21.6862290
38.3540320	-33.9517360
21.9466500	-34.2857140
16.9585950	-14.6058730
20.8352310	-21.7664810
-20.6839630	-16.7664840
-30.6571830	-19.4635830
-6.5295693	-22.0377710
-36.7494610	-4.2258955
-37.4096590	3.1932879
-28.7853930	-9.1908389
-16.7420850	4.7821875
-9.2580365	29.5538330
-13.6486850	3.6882653
20.8713630	31.4209910
-9.0869848	3.1811984
-1.9517275	-1.6981538
16.9412040	-0.9894288
21.5490200	-7.5525841
13.8790490	-5.4155728
-25.9784690	-1.2414422
-19.5265340	4.2738268
-19.1411930	12.0601280
2.3660900	-4.1595170
-6.3887050	2.6722068
8.5501459	5.9300241
-5.0717330	12.6910410
-10.5756390	14.9426250
-11.9816110	7.1589732
-16.4389140	8.9141589
-15.5558980	-14.0392400
-9.0371303	16.4097950
4.7982499	0.8005488
0.5125508	7.3297588
14.7723030	-2.3227019
-17.1382450	16.8538640
28.0671080	12.3941140
2.3435417	33.9543190
13.9267940	19.5503360
21.4963490	9.4524358
31.4678870	-1.1982349
7.1970264	-31.3361300
10.9742840	-39.2165150
9.5365126	-13.6137230
10.1920320	-14.8453200
-27.8567260	-6.1086434
-25.5807870	-15.8867750
-24.2965260	9.3769678
3.9269941	15.7502470
-2.0265887	25.6863460
1.5507044	19.5796940
-2.6614564	11.3053080
5.4505257	15.9355910
1.2433636	-3.2999840
-6.1537487	7.7333914
14.2504130	-2.1490998
11.1172020	-0.6321551
-8.2843138	-7.6107332
15.5570940	11.1122750
-13.0998430	-13.9967090
-9.2729447	-9.7642890
2.2558580	5.3194249
-7.3145139	-16.0555170
-7.9483045	-9.0944630
1.5927300	6.4325744
-8.6136743	5.1355792
-5.1249808	-25.5491300
-1.9710112	-4.2238272
-31.7768390	4.5272735
-29.7035670	6.0602649
-38.2258160	-9.0793368
-1.9806871	21.3668280
-14.3641500	2.8336609
15.4483810	21.6281350
11.3946090	28.2786660
21.4782770	-1.5547158
22.6797630	-1.3076883
22.1802420	16.7945070
17.9687710	-19.5167260
-7.2707324	1.0796277
1.8211389	-25.6255480
-11.0489330	-7.8426132
0.2803274	16.9390760
-11.7472290	-0.9744304
-9.6618722	13.2565940
16.9342690	6.6736243
11.4698620	8.2920312
0.0670094	4.5774251
-5.9119204	-19.7683780
-9.1043066	-2.5651373
1.3195199	3.6893312
14.6203940	-6.6199804
1.9911858	-14.0022340
-14.5585600	-25.2562000
10.3793460	-19.3129910
6.5178608	19.6596970
-21.1446060	16.9296240
9.5240459	12.3007830
1.0218963	15.1967190
8.2628772	14.0359460
-3.8994585	1.4056055
0.4990762	-1.2125564
-12.5153110	4.2068966
14.3194010	-12.8302430
-1.3080625	-32.5363040
-6.3415171	-16.4233790
3.3091236	-16.9398400
-8.1959951	3.6496277
-14.7565580	15.7775050
-8.6978566	26.5407590
1.9636487	16.3066050
-7.8294733	-2.0225886
0.4558957	23.5432930
12.1792270	8.2589841
23.4283200	-2.7301690
-0.1574058	-3.8918628
26.6664550	-22.0021280
19.2086000	-10.8872910
17.6222980	0.8354153
-22.3078200	2.2597481
2.6708868	-17.2469100
3.8966654	-23.7900530
-11.8971670	6.8265169
-15.9639240	-16.6984080
-6.5149024	5.2590903
-22.4049390	12.2590970
-18.7600140	-9.0834934
-16.9092260	19.8391490
5.7601290	-12.1689170
12.4577890	9.0353335
-9.0814129	7.0008352
-22.7489130	8.9434082
2.1245811	-8.5834846
12.3532930	27.6344320
-10.0568970	6.8290607
1.0654867	5.0707063
3.8953457	13.9866200
13.8276010	-13.4317670
25.5053800	-18.1591510
27.2690420	-13.9808810
24.7907970	-16.5353530
21.3425740	-29.5538000
17.2022250	-25.9004450
-2.6840176	9.7086132
11.8566800	-11.7918590
-11.2045210	-1.9997152
-16.7231970	1.4458090
-1.1783560	-16.1254540
-4.4031879	1.9085049
-6.3653449	0.6843200
9.3234692	-11.8660430
9.0563674	-0.6374958
10.1491590	3.9972917
-19.9291710	-17.9478510
-21.5537540	16.3576570
-1.8008967	12.8709010
-19.3243730	9.3297130
8.5020738	16.9410250
7.7744001	-5.3071046
4.6730634	14.1495280
10.2291190	2.1251248
-7.7987606	-2.9526304
13.7674640	-15.8306770
9.8886864	6.8844081
-19.5174320	10.5742990
-5.2268961	-0.6572314
9.4241530	-7.8615138
-8.1395599	-10.2689860
-4.3990069	0.3481222
12.9296670	8.2106443
13.2147090	7.5387243
-2.5020491	23.0331130
-6.0686837	22.0413810
9.9881970	-10.6766440
10.4120810	0.8160424
1.8709351	-19.3297140
30.5168570	-1.0606189
-3.4829221	-25.5357520
26.0077650	5.0072845
-11.5123360	-4.2913072
-5.0147980	3.1601429
-21.1287310	-19.0320150
-5.0564370	7.9048728
-17.0300010	7.8136586
-15.6806030	-21.8234240
-15.1067330	-4.4445928
6.5764248	-18.3465800
-6.6621248	6.4162236
-13.8970270	0.6778995
-18.0636000	13.8431410
-23.2179630	-3.8947680
-12.4240730	-17.0327990
-16.0594130	12.5997050
-7.3898969	-10.3829890
-16.2029110	4.9141449
15.3626120	-4.3945676
12.9550420	22.8986000
4.9617222	28.3125170
26.6904610	-3.5871526
10.8312020	10.6478280
-4.7195960	13.0719150
26.1628790	-16.0674660
-0.6847120	-21.3142170
-5.2781336	2.4173025
-8.3678317	-25.4237950
9.6386151	0.4545050
9.8465494	-13.5082930
-9.8635050	12.8324070
-9.7816984	-6.1962287
3.6291470	7.8153550
7.1485159	-7.5152224
5.0267509	24.9957900
2.3481215	10.1803210
0.5380713	19.9831660
-5.6448123	-0.5146294
18.2755310	6.3130676
1.6907526	-14.8529020
17.3827440	-4.6541637
14.2859110	1.7806636
-1.8769203	2.6421079
15.8184010	11.4307260
-4.9007473	-13.7879350
-13.7048500	15.3813110
5.9224026	12.9979060
-0.0149660	-0.7308499
4.3678803	13.7914910
-6.0361716	-1.8231419
-7.8576018	-13.0534380
-1.7883171	-4.0057625
4.3051952	-21.9685990
-18.1238090	3.8562117
1.3957232	4.6253924
-11.1959500	-0.9040973
-0.2791987	-0.6632862
5.4554644	21.6831920
-12.7947370	19.8597290
10.8974440	14.7529100
-1.3286523	11.2627910
-0.1036121	-5.6932328
-11.6796730	-19.7839580
3.0515501	-4.0180422
-8.5725532	0.8623135
12.2473570	-4.1973750
-13.2778000	11.5669790
6.7858140	-14.3692330
-17.4721760	-3.4291453
2.1447946	-6.9379247
5.8420676	11.5680690
-19.9890980	12.9394410
-22.1022100	-16.9733370
-11.8332130	16.0289740
2.4969366	20.3642540
-6.0571550	0.1669669
-4.4172907	18.5419260
17.3985820	26.4548060
-19.3654700	19.9209820
5.1876932	21.4745590
12.2025910	10.6453230
24.6820580	19.5991330
16.7039220	4.9507649
3.1721612	9.8627430
22.0177320	-12.8514290
-9.5915918	-0.1050070
14.2496890	13.1840380
10.8981610	6.2968919
16.1564180	-14.6746780
-19.2562700	8.9707357
2.1322934	13.2010020
17.0884530	-16.6451100
-0.2043048	16.8028180
-17.2391450	19.4727570
-5.6868068	-13.9263180
8.0475715	3.7085619
16.5766770	-12.8525310
7.3892834	15.4768140
3.3177940	-14.3352380
3.3414085	11.1991660
-21.1832130	5.3540469
7.5626756	7.5001908
-2.3983260	2.3241958
-2.7449623	0.0796545
9.1126806	4.5331346
15.0098740	20.2449200
7.6285529	-4.8799725
-16.4110450	7.3866714
-6.7215116	11.3429380
0.3709593	-10.4778000
-5.7869099	4.0723255
15.5545080	4.0451168
-19.1678870	17.6887990
6.3251209	18.7773320
-2.1521585	13.1426110
8.0533861	-0.7384012
-15.0618880	-4.0949123
13.5648910	1.0942552
0.2263536	4.3215244
24.1172920	-3.1397744
27.0506780	-17.9561390
27.0012740	12.2164840
3.1446425	-23.9809660
-5.2281775	-26.3743440
-15.9332060	3.9110120
-2.3309816	-3.5043947
0.5037519	-6.7874118
-7.5749208	-3.8998188
-24.3502580	-9.4313700
-24.6277720	11.3994000
-22.2209780	15.8032560
10.8688880	-4.4402281
12.4452590	-4.9212549
-7.8376474	14.2013050
13.9146760	15.8666350
2.6001752	14.1658560
20.1106680	12.2136270
5.8133130	6.5288523
1.3415141	1.9427526
14.8789000	-18.8608770
14.1885470	-0.8851426
-4.6297490	-2.7432578
21.3711380	-5.0996780
21.1450570	-6.4386719
23.5035630	4.3660457
10.0959780	7.9904693
-10.4941120	-11.4717160
16.4666660	-22.2829170
10.2900520	-9.6925716
-7.2760764	5.8752560
-23.5099120	-2.5189631
-12.7418690	-5.3832465
-21.6335160	-15.9431160
-5.1692359	11.1793320
14.7339070	-2.4998852
0.1864319	22.8710320
-12.6674820	0.9104957
-14.8008040	8.4131702
16.5749390	6.4558822
-11.8840150	-3.0885631
15.2598680	1.5720959
-0.6560945	-18.5125030
-12.6799520	5.2204481
-18.0589910	15.9873780
17.5421890	3.0009259
-5.9106243	3.0536226
7.7865853	-13.6210350
15.6728550	16.0136340
11.0002860	9.2584331
-10.6902020	-15.5618930
-20.6823690	-17.9596920
-18.5055070	-18.4650290
1.3272359	20.0164210
10.8256720	-5.7277618
-6.0112663	-5.0871189
-16.3847530	-12.9402890
4.9220738	-8.7210224
20.1412770	24.7926320
17.5275680	8.6633331
14.5151870	5.8200789
3.3818179	-12.6074870
20.4024870	-18.6293650
1.9232845	1.1859747
12.3914440	-2.3602048
18.5832260	4.6394426
18.8896740	-17.3144480
8.0588936	-7.3767842
-3.8351592	-1.5683362
-7.3464397	0.2610065
-20.3939000	12.2884040
4.9761179	16.9091230
3.6223268	-9.5310344
0.8514360	-1.5272295
-12.7653530	11.2966340
-7.8023743	6.5638176
-14.1004000	4.8208441
-1.2745438	-18.6069460
12.6828540	-13.6712090
17.1880700	9.8046242
5.1603435	7.3936854
-16.3985280	-2.4226697
6.3453239	20.8742420
7.3775202	19.2812980
13.8812680	-10.0344830
15.6095130	3.1920657
14.7888620	-14.2533380
19.5761520	1.3375769
13.2465170	-18.7305290
-5.2694166	-17.3022940
-20.4726140	-19.9116530
-8.7100134	-4.5169440
10.5791510	10.9572340
9.2385612	-7.7566214
-14.5252130	-14.7893760
14.6731500	21.5957590
5.3323775	20.3366550
9.6799186	3.4487741
17.1676650	-8.4156835
23.2953700	20.5883380
1.7579355	16.9277130
6.7475706	6.5252286
20.0569240	-2.9264988
-15.2823510	-22.7416150
19.2905920	-14.4012770
-0.7557848	-22.4840810
-2.6893002	2.4272642
-1.4933481	-1.1318972
16.7761240	14.0737250
10.3735040	19.8975960
-5.4724070	-1.9220840
12.4338430	2.2049848
-0.4979430	-14.2912190
5.4078335	-6.1934837
-17.8159390	2.4116753
-20.2513520	13.2329900
10.1701090	-7.3701630
-21.5551080	0.5256817
-13.1742770	-3.5785667
16.9465640	9.2332411
14.3634510	-15.5024560
-3.5991129	-12.4194890
18.8747620	8.5801676
8.3010612	-13.6076820
-11.3078020	-18.5137350
-2.5296122	-10.3630410
19.9474590	-6.9865034
9.2498908	-2.4361898
-8.5353920	2.5597836
-22.0999980	-21.5908640
-10.5629590	0.8547514
-22.2490130	12.9099060
16.1680630	11.6240490
4.2788653	-0.5202623
10.6936430	5.7394335
-14.2130000	20.8442650
8.9115767	-15.9630730
-11.2391540	17.8589060
9.4410744	19.2892860
3.0689704	10.4029870
-8.0147370	2.8570886
-10.4845150	-15.7864850
-3.3810275	-5.0250676
-0.6304420	-8.4935494
-0.9759465	4.6456025
-10.3615310	14.9686110
-2.0622669	9.0641747
6.7417792	1.6745513
5.0301297	8.3887731
19.6154190	3.8633250
-10.4378140	-12.2917280
-17.4523930	10.0972920
1.6855307	3.5838694
-0.5630588	-0.6247857
-12.7123020	14.0352530
-1.7981794	18.1636020
-8.6412041	-13.0771960
0.0342453	5.4173452
-2.8483098	-6.8031341
1.8641041	-3.3911874
10.1177850	1.8988708
-6.7607537	17.7465010
-2.1247146	17.7804950
-10.9896530	10.8157060
-9.3585436	-5.0923338
6.9036253	-17.7274020
13.8050340	-4.1507381
-12.8911310	0.0685886
-6.3001796	-9.0168031
-11.6240210	-12.9707330
-12.5174250	16.3398870
1.9208915	-8.4576015
20.1849680	-5.7430775
14.9627840	18.4818960
6.3615106	3.1625013
-4.2608553	3.8229678
6.9299685	11.1396230
-16.6210330	14.5702420
6.9397636	11.8857580
-18.5201060	-9.2222273
-3.9293785	11.2314960
-7.0978762	8.3209477
-9.2680420	-7.5632358
3.4935998	18.7903970
3.7383785	11.4023800
18.8820160	4.8261054
18.2720950	-2.8933332
-18.2339200	2.8360233
-2.2875656	0.6260685
16.1783280	-20.2616380
-11.7609150	-0.1746707
4.7697502	7.8864308
10.2177370	3.1909473
-8.9594741	22.5232010
-1.3713656	5.3994885
4.2923700	4.7348598
11.9441230	-9.5474429
15.9464940	18.9995790
9.5544407	20.8650160
10.4215340	7.4962838
23.0828380	17.2160250
21.0939440	14.3606850
19.0868380	8.3253689
-4.7569626	6.1347859
-18.8677110	-1.0800161
-4.2533115	12.4352900
16.5346340	-10.3009730
-6.5980109	13.5747110
-11.5072120	7.1198411
-10.7706370	7.0449491
9.2123015	16.7654420
16.6349130	-9.8575998
-1.8587509	-12.2737250
4.7808805	-11.6993640
1.2162577	4.0938235
-11.4702770	9.9860076
-0.0038879	-7.1633258
-5.2335418	-7.3924278
10.7505510	9.3468252
19.0901450	5.3784116
8.7103302	13.7613740
15.1222010	3.7550957
18.8117560	6.8638345
-0.4851328	-20.5160090
1.6666163	-3.1331382
-5.3786118	-17.1182710
18.3049680	10.0431850
-11.7649910	-5.7930303
-15.9065500	-12.3142970
12.0351360	-20.6023100
13.3644120	2.2988149
-10.5240770	8.0761790
15.0303830	-1.3837318
9.3153017	19.3065310
-17.2973200	10.3842900
8.4789549	-17.9543230
-10.6804670	8.5133469
-13.2436560	15.5357510
-14.3149410	0.3701685
17.2582560	3.9439830
1.9021351	14.3183450
1.0613764	-9.4381535
5.6488438	-3.2066632
-17.6596810	10.7178220
5.0169657	4.3491160
-14.6589860	19.3215390
15.8089350	10.6480200
14.0926090	-0.0791816
-15.6017590	-5.6056822
5.7754192	3.6530135
16.0143100	8.5376104
-1.0226354	-12.8144710
-17.9777110	14.7077610
-18.1050000	1.5350733
-22.6815460	-11.5496470
15.6513040	7.9374281
-2.8167252	0.7199222
8.7879117	-13.3910760
10.6636530	-3.3503009
0.5200873	9.0537818
8.1580952	18.1559850
7.6317768	4.4081153
-12.6209620	-1.2292384
-2.3173924	-9.7295362
16.8943970	-3.4338207
-9.2784977	-2.3207782
13.0085530	-18.6274480
17.3264420	7.3039229
5.3004127	1.6102962
-2.9874348	-10.6920870
-3.5844766	-17.4028270
17.0053110	10.7574180
-13.3072920	-9.8454041
7.6646865	6.5990295
-18.7799710	-13.9356160
-7.5047420	0.1830781
14.0268800	0.1972151
7.4797256	18.4092920
-14.0670460	6.0378958
15.3534550	11.3625820
10.5075820	-15.9726520
8.7746443	-6.6987597
-11.1701150	-6.0005086
2.3012509	-12.2180930
21.5082830	8.1921564
8.7788966	2.6022504
18.1944330	7.3594029
8.0204369	14.1434120
19.2916510	-16.9689620
18.3661070	12.4961620
6.4508715	-7.5005209
-18.9883430	-19.3147070
13.7862040	4.6583208
10.2642700	15.4370570
12.3110610	15.6543050
12.4393570	5.6331688
-16.9809800	-5.1111535
-17.1091580	4.5711058
-19.0896880	4.1050819
-9.8228083	-7.0223879
-5.8612308	7.1657634
1.0672296	4.8377826
10.0906530	12.4288510
19.9550630	-14.0470440
-5.6849652	9.4722415
15.8998330	-8.9555284
-16.9657770	-1.6458590
-1.9234724	-3.4328332
-8.8223766	-12.6399220
-16.8069870	17.0669510
17.0573590	12.8304290
8.7480802	-20.9343980
2.6631475	-3.5585355
0.8021369	13.6951120
9.1257658	-17.8153690
11.3811060	-12.7485070
0.9926314	-4.7340268
-9.0597426	-17.9356630
-2.0455845	-4.0427051
4.3841512	-13.7442550
-15.1597860	-7.6225670
-10.8182180	17.4060420
11.7628300	10.1568360
-5.4966104	-7.7288994
-12.2467070	1.7645257
-2.5185677	-2.2810311
18.2900580	13.9714850
-12.6442170	-12.8342190
7.7884458	-13.3976660
16.5585850	-10.2129470
-2.2312404	11.2753270
0.1818404	-6.0870419
-14.2217170	17.2244010
-10.0567780	-16.4392810
11.7399810	-8.1549927
4.0464047	-11.0069940
11.2987490	-7.2941043
-14.6095850	8.4160064
7.1970991	-20.2891250
-13.3682180	-12.0021230
-7.8117165	13.6530540
0.5380608	-19.2926150
-15.7455260	5.4059417
11.4220050	-5.6043221
2.3011151	-6.1084571
8.1477950	9.4410647
-11.8377560	7.3736638
-10.2182590	18.3033910
0.6251190	-12.1560760
-8.8317368	11.8183320
-16.4582700	-9.8577406
14.4889560	7.4440447
-11.8990000	14.5609540
-15.3524900	-7.6035320
6.2786699	-16.7887510
-13.3389060	-6.3232133
19.1709100	20.2959690
16.5058640	9.8465674
8.7554358	-6.1953089
5.7443211	-18.9689360
8.0635939	12.8745120
-0.1531110	0.5710720
-11.6966860	-11.3918820
9.9523028	-18.7583540
19.0969340	7.6555797
11.5241370	-18.6057300
-20.3936360	1.7578309
-2.6268438	-3.0053043
8.2790670	-6.3981406
-2.9349590	-13.7725490
-9.8468692	8.9269329
-3.3574165	-1.5627886
-15.5175960	6.9072720
6.7513359	7.4326928
-0.2508718	5.1494138
6.3721867	1.2931780
-9.1542358	1.5554423
3.6838019	17.5724250
19.2751020	-11.6596620
-6.5179920	5.9881332
-3.5941985	2.5698930
-5.6258623	-17.5892910
-3.5049777	10.3300550
4.1294181	-12.2324360
-15.6856020	-12.8621510
-6.7541641	-6.4519129
-8.4652811	-13.6130190
9.7534518	-13.5526810
-19.7594370	-7.8371726
-18.8322820	6.7972341
-11.5456280	-2.4921424
-6.8792367	20.5331180
16.0136280	-16.4217190
9.7356815	18.1018150
-14.5391450	-10.5207880
12.5241420	-17.9693930
-15.3235890	11.1001600
-2.3315236	-3.5976562
10.8193040	13.7275070
-17.0125540	9.0158107
10.3275380	8.5938404
13.3910130	-10.9411780
-13.6581030	-11.5045840
-7.6012921	9.7354865
-8.3296076	10.5933720
-0.0464491	15.3184640
-2.7429431	19.5361060
-3.2094698	5.2565289
-3.6409651	-5.8438236
-9.0040863	-11.6852450
-14.9465070	5.0040429
-13.9942850	2.0610469
17.8313340	-4.4811872
3.7246742	10.8261340
13.1521370	-2.2847019
-8.6545547	3.0495523
12.1849720	16.9859810
-0.6550329	-2.2159598
4.0907303	20.1315420
11.1956910	15.1885140
-11.7446050	-8.2554173
18.6749980	-6.8111215
6.9908048	8.2602769
0.7209684	-17.0211650
-17.5851150	6.7653781
7.0410955	14.8273780
-19.7865860	-15.1615650
-14.2323640	-8.5938896
-18.5537710	-4.5383099
-19.0765150	-13.4544950
8.5112334	7.6850333
-3.3067382	-2.1354072
-16.0990850	-16.6277820
18.7182590	19.2322630
-5.7143488	11.0922830
6.4864631	17.0635570
-13.8731830	4.7288482
-16.6079510	-14.6480550
-5.4159734	0.2795600
7.4366574	6.1115201
-18.6895000	7.5414185
-0.7486970	-18.2733560
-2.1249694	18.9667120
21.4855970	-5.1204683
5.5047154	0.1677712
4.4747764	5.7242009
13.8606320	-5.6401298
9.9044938	-8.4677498
6.3261799	-9.5006514
-4.1218203	-17.6280960
-9.1585665	0.2108977
-1.8268250	20.1802330
-0.7086219	6.1143101
-3.3712799	8.5437583
9.1573088	3.4476854
5.4520148	-14.6789960
16.8349180	8.6629271
-4.2505480	-9.0394933
11.5557630	6.6900547
-11.6963270	12.3098630
16.0375440	-12.8333930
16.7613440	3.9220180
9.2951996	2.8489017
4.0271202	-18.8222570
19.1297510	-3.8323637
9.9147643	18.2225670
15.0536600	18.5932030
-3.1574780	18.8862950
-15.0130160	-10.6988230
7.8556012	6.8816862
2.7337814	-7.3024883
15.9572270	-3.5683702
8.4407826	-13.4054860
-19.6777340	14.9356770
-2.9715849	13.7668630
-4.5803940	18.3861770
4.3901898	14.7084260
8.1864688	7.3598011
9.0596054	10.2448540
7.0757139	-14.1132110
-0.5100762	-8.1875304
14.9927960	-0.3455662
12.7408350	5.2373249
-17.9872940	-18.9806210
-7.1850107	12.7454890
1.9122163	0.6499810
1.5927125	15.9447520
-11.8571920	-19.3973650
6.0890823	-13.3022990
-7.9217644	8.6791587
-7.8866991	16.7497090
-19.0271400	-17.7364390
6.4445131	11.5655310
17.2703970	-6.3389501
-1.8506805	-3.3019132
15.5056650	-17.3395150
1.7220333	15.1618440
12.2373350	7.7117475
16.2278490	3.6821333
9.3174849	4.3424038
-6.0462624	-11.7255100
-7.9423485	-8.7954655
-17.9748800	-13.2057800
-7.0293586	18.4038290
-14.9727740	-11.7632100
-6.9491085	14.3657950
-1.5844167	14.8950410
-10.9418620	-15.3706410
-4.3141717	-18.8374350
-17.8184630	-13.0361970
-1.1931222	8.0539553
-1.4807366	-6.0888421
1.7704499	14.6628650
-3.0230815	4.1750260
5.5492025	-18.9389460
15.0838550	15.5115270
-4.7511513	-1.2505776
8.1082421	15.9312840
-3.1911387	-1.2049075
8.0509053	2.0047769
1.1172553	19.3035600
-8.8297166	-0.4740061
-11.4717840	-14.0298490
11.9054980	-0.0269257
-11.3461140	-10.3527380
-2.3493551	12.1316090
-10.2295920	-3.2943347
11.7586970	14.3955150
2.3973384	-8.5584449
-8.6935085	7.2434284
11.2063690	17.7008160
13.1373740	-19.6039600
2.5924642	-17.1562800
14.4194590	19.4809850
-14.3828030	-8.4106816
-14.2402130	-2.4738417
-2.2145723	-16.0681600
10.8184590	-14.5396830
18.9094600	-7.4880482
-9.1907243	-17.2879070
16.0548740	2.7668554
-2.2744728	-2.0406381
-12.6175370	15.9173350
-5.5839273	-20.5393370
4.8179133	-4.0418594
-13.3005150	-3.7996220
-5.8345986	-13.6663330
3.6976648	-15.3738330
-20.1976600	19.6808500
-16.7179960	12.6549740
9.5708919	10.2370690
17.9966100	5.4358140
13.4861840	14.8310950
17.1556880	-14.5208780
2.2532779	10.9251750
-16.2914070	7.9764133
14.1473240	14.4986000
3.5600021	-11.8191740
-1.4744816	-5.0609495
-10.9141740	16.3880350
-4.9851207	-11.7715760
15.0834530	10.3643540
12.6552770	-19.3123890
-17.9827180	8.8190154
3.8214747	0.8798704
-14.4672550	-0.3676102
5.0539081	-7.0005450
1.5640652	16.8330750
15.5423470	-13.1412850
-8.1906219	11.8958850
-17.6711730	-12.0384430
-6.9030611	-14.6128670
12.8328760	-12.3299320
-2.2166068	5.7300455
-15.4456070	-18.7089410
-11.7326110	-2.5234285
-5.8278653	9.4456943
-13.2646020	-8.5057518
-17.0173850	2.1963405
-8.8444527	-16.2967440
-4.3997868	3.8184801
10.2929230	-5.3966465
9.5618683	-11.8037690
-6.0436470	8.8154799
17.0831110	7.7564884
14.0999080	4.4837759
-16.5241160	-9.2108050
-10.9768850	4.7239510
17.1129340	-4.0604934
-1.7983304	-2.4693236
12.7196970	-0.5439465
-3.1589044	4.3988224
13.1437660	8.6018319
-6.1935690	5.3879072
-3.7088258	1.3969442
-6.2178574	-5.5567068
6.6033728	-18.5398980
5.7656791	-17.3581670
11.5311430	4.7281354
15.5410020	19.6810700
18.6501840	18.8688210
15.4015590	7.6199143
-9.3059685	-8.1506276
-9.2976392	9.4460440
-3.9184241	0.3959389
-9.4742110	14.3688630
-7.7523892	-9.0735701
16.8301810	7.2807353
2.9804575	-19.9351200
-13.4247590	10.9919190
-16.2755680	3.1962861
10.8759250	-17.7905980
17.4608850	-1.3877919
18.0534840	-7.5297436
17.6473630	-5.0084029
12.1442330	8.8019776
5.5016093	-0.1197046
4.7080223	-2.7725858
-16.2979170	-4.2306100
-0.6419859	4.8387855
5.1162337	15.4292420
8.4389138	7.4838641
-18.4107500	0.5881080
-3.5427331	-6.2869765
16.9235020	-1.3142001
15.8024940	9.1686494
3.5837623	-5.7976401
6.5943036	4.8394333
6.2961551	-5.8160452
-2.9257297	-13.1892840
-4.6009099	-15.2602840
-9.1255729	-12.0348250
-8.0368654	-2.8408034
-7.9457914	-18.8460930
11.9820580	-8.4402448
-18.2366350	16.7056960
16.4437820	10.7424530
-2.2077941	15.3338920
-5.8836545	1.5569798
18.3546900	19.3053650
-11.9722970	11.4110050
13.7494650	8.2590652
19.4225350	8.0796984
-17.6947240	3.8774354
2.6491266	18.2202140
18.5968480	-4.8359333
8.1966370	-0.6879426
11.2728470	19.1766600
-18.1839080	13.5585260
-18.7293080	12.0510550
-11.0669410	-1.5855903
13.0114020	-9.9744360
2.0751701	4.9993730
7.8431974	-4.3422267
17.6308920	5.1646909
2.6586186	6.7181362
-1.6058558	11.3529240
-13.0379840	0.1924344
16.8114900	-4.9690325
9.2705835	-16.2769090
-12.2785960	-6.6300894
-14.0904560	18.4274760
10.9601810	-8.3981006
2.1457801	4.2782330
-15.9456080	-6.8003162
4.0940485	3.2822940
-14.0554700	0.2743394
10.0729880	-7.7307240
19.3096410	7.5645020
4.5245281	-0.8050659
-7.9996808	-15.6639610
9.1449350	-6.3447403
5.4156441	-10.0561000
0.7442363	-5.3914763
-18.6526740	-9.7016241
-6.0877992	-16.1327920
0.5048366	18.5614960
-11.4900660	16.0132300
3.6624381	-2.4894323
-12.2750290	-4.1167496
19.9247410	-11.2474020
-18.5246690	18.1019400
5.1122420	14.3367940
1.3634046	-17.1780630
0.7613474	-0.0238680
2.5193523	7.3905696
-12.9669230	4.9020977
-4.8389748	10.9497430
5.8115861	-17.7150510
-4.2221104	-4.5463988
4.6037577	12.5729600
18.3719510	-11.6532990
-0.3625627	-4.5249208
1.0083741	8.2049460
-7.4473837	3.8252080
-4.0021677	-12.8239260
7.6738271	-17.7255900
8.7023543	-7.6976262
-11.6787960	-0.2236425
-13.5696300	5.2106883
12.4437100	-12.0193080
-2.4803126	16.5375580
18.9538830	-1.1289746
8.2707107	5.3377549
2.9742053	-7.9158300
-17.0548130	-4.1130479
-12.5209280	-18.0495440
0.0297808	6.8314931
-8.4871350	-9.3855455
-10.5053180	-15.8919430
-12.2480180	14.2087710
-2.2942382	-6.2825889
15.6622000	-9.8968344
-8.5208940	7.6684367
12.2942000	14.4727310
-2.8128393	-7.0103217
12.2846620	7.2216383
-8.6500223	8.1985420
11.2383100	-16.8948550
-17.4687900	-13.5253560
3.6776004	-0.3821400
-18.4698710	7.8458865
16.2408740	-9.7941793
-2.3799598	-7.9096937
1.6937950	-15.3704450
1.6598751	-6.4004301
-2.6824444	-13.8039780
18.1568990	-5.5849644
10.2210900	2.0350042
-9.7555075	19.4668350
14.8397240	-17.2290640
-5.1680229	-2.8235176
-3.5938127	-8.3186595
9.8116475	-7.8716854
10.2654020	5.8140173
8.2265528	-6.0834331
4.1270773	1.6894170
10.3853980	12.6559840
3.8084483	-0.3967948
-18.4476750	18.6974590
9.0570128	2.8606545
7.8711370	11.5598210
8.4137979	-14.1808030
-15.3099360	14.4194790
4.5172101	14.9151410
6.8751790	6.0397477
5.5164415	1.0510132
-19.4749620	2.1641690
10.6650230	-7.3428933
0.4150607	-1.5997984
-8.9926831	-7.2732735
13.9185430	-2.4759175
-10.6085880	3.6245678
11.2866700	19.4792490
14.2585530	14.7087530
8.1253404	0.1375900
7.0320845	-4.4916225
-15.5588110	12.7902960
-5.8451691	-11.2520370
-15.8691370	6.5884347
3.4262320	-0.2349482
11.4082390	10.5243380
-10.3845320	-11.3923750
-19.6032040	14.6743000
-0.6844607	17.2475210
-7.8494596	-6.7841963
11.5635970	-0.5331592
0.8334124	-4.0372959
-18.3311710	-5.7256286
-11.1007000	-6.2179841
-15.3560210	16.7042900
3.0471959	18.3378190
0.5592343	8.2592323
-12.9906960	4.3456598
6.3643013	1.9375368
-16.8258000	3.2465244
7.9050949	-18.7823750
-7.5313998	-7.6909713
9.3630460	-2.9047289
1.3314762	-5.6437949
-18.2757830	7.2051335
-5.8919770	11.3328940
13.2453620	-6.0372853
5.7297497	3.2440523
6.0831455	-14.8744670
-11.4245580	-10.0897470
-7.9689671	-7.3007383
-8.0971048	-16.4086880
-5.0023122	-11.6627220
9.0593660	11.0606350
18.8302930	18.0933720
-7.7616629	-7.0583995
14.3249590	9.4483305
1.3110829	16.6836200
-15.2992880	-2.8762121
14.3437290	-19.7306290
18.2971050	-9.1542941
-19.0110990	8.9577262
1.1175557	8.8518232
6.6986364	6.3136528
-0.9334131	7.3242644
-0.6699708	5.0723178
-14.6493380	-19.5360300
13.6698580	-2.5941750
1.3718022	1.6500774
6.0932791	-8.6266861
-9.0653152	-19.6462600
-4.6265984	-6.8745493
16.0777240	-0.3237534
-9.0900302	-11.8392400
-2.4348113	-8.4974658
15.3368570	5.1309207
-1.7726675	11.3314830
-19.6150750	5.9093001
-16.3555740	18.3229420
-17.7984300	-4.4449679
15.7185970	-2.9749783
0.1278007	2.1336658
2.8459530	1.9677443
13.2054600	12.7181170
-15.8360070	8.1126647
15.6589150	16.4071330
16.8997380	15.7631390
2.7316935	3.4983005
16.6927770	5.8504435
4.9189503	-4.2438699
7.4249634	-2.8179596
-15.8894940	0.1381321
12.1339650	-8.8843152
1.0695030	0.6594392
-10.5417770	-12.4549790
14.1763500	10.1925840
-15.8417120	4.0926621
-14.2358360	7.6871236
7.9064515	-16.2775280
-17.6738490	-19.3821010
-2.7786313	16.5425940
-15.5417050	-14.4322590
-10.0563470	3.3445651
3.7688948	9.5687780
-16.0142710	-5.0888823
-16.8537430	10.1576970
-11.4850950	-1.1302268
8.6725994	2.5142209
-10.4030960	4.2449718
-13.7233850	4.8433842
0.8959662	6.1193031
-14.4716610	9.1062356
-0.4284470	-5.2576495
-9.7661478	-16.0067240
-14.7555320	-14.7868090
8.9755268	-7.8289134
-11.9576410	-2.3927395
7.1575197	-12.9376600
-15.4949750	-3.3794905
7.8087344	-12.8436720
-11.7220270	9.6824180
19.2860620	-15.6419260
-2.6195229	6.5470935
-4.3289056	-1.7678720
-14.9548050	14.0762220
-10.6457930	-12.9730840
-14.1946220	-19.9506280
16.1529250	12.6323830
6.0967616	-4.1938867
-0.2179782	9.5068167
7.4219895	-7.1203289
12.4877850	-13.0092220
4.0845571	11.5833990
15.0279690	16.0653960
-11.0619650	11.0172290
10.2477940	5.5830374
1.8803930	-12.1826810
-12.2547920	0.9948587
-17.6504750	-15.9444180
20.0698100	0.9840880
17.7024870	12.6640820
-13.3623170	18.6860060
19.2046930	9.5799733
-2.4096140	-13.2271970
-13.9030160	-3.0270161
-3.5690098	7.0189196
-1.2389861	-10.0614870
12.7270750	12.4430700
16.6545010	12.0598250
-17.4863750	15.0036610
-2.1193585	11.3558700
9.6975208	17.9373400
-10.6258910	-14.1215400
-12.6963800	-20.1388200
-10.6187990	-4.5501072
16.3278130	10.0728500
-14.5923100	15.2010270
-18.1513270	13.3774530
-2.7696131	13.9076400
6.3830886	8.5950011
-19.7465600	-3.1196786
16.5697170	7.1029717
-5.9673076	4.2355118
-17.5136090	14.4592120
19.0462460	-18.1204080
-6.7473378	7.7335390
-16.4394550	-7.1721768
-3.8135289	6.4939939
-7.4740113	1.5118362
-5.9863723	-16.4475180
-4.4693026	2.7239422
13.7105150	-12.2660930
15.4543330	-5.6522772
9.8668814	4.2733792
-11.7797670	-6.8544185
14.8067380	-12.9941690
2.3552075	4.1697013
9.1383137	16.4812250
-19.9384920	-4.8994074
2.0634615	-1.0890838
5.8424145	19.9069970
-7.4279776	-15.3630330
2.7181740	-18.1123200
-3.4401358	-16.6407720
-1.0959225	-6.3303518
-2.6730227	2.2195580
-18.6297700	7.8193446
6.0462431	-5.7469547
12.6677700	17.1502290
5.6076736	16.1478930
-12.7350380	-17.3146780
12.4235840	-19.6174510
5.5640346	0.8507055
-17.9950470	8.4870068
9.2097003	-15.3796500
-15.5982820	-9.7829935
14.8274630	-9.4392445
-6.7131251	-14.5003740
5.2986766	18.7980260
16.0288320	-0.7542937
12.5505320	-1.1140453
10.0151980	0.8256656
17.6752240	-19.4426350
12.5733290	12.3371940
-1.4269306	-11.7284930
-13.7003860	15.0598750
19.4622400	2.6951195
-17.8048410	8.8710382
14.6865420	1.7023502
13.8276810	-14.7695270
1.3673490	9.8027162
12.9984350	-2.4730832
-11.0595830	11.1173590
2.2740368	6.3476770
12.0515380	4.2060590
-1.3617203	5.5411814
-0.6085453	10.1574880
1.2726564	-15.8507740
14.1579830	-10.7700670
-16.4540750	-7.1639305
-9.8668750	3.6781849
-7.3423279	-12.5273240
-2.5950635	9.0080351
15.1115080	-1.0583336
13.6612550	-10.8048230
7.9938907	-19.1754010
9.4620995	3.4526810
-15.8826850	3.3427168
-6.6620837	-2.3420355
13.7521000	-14.0397250
1.3932433	-10.1551670
-6.6868182	-0.1360277
-1.5865253	-15.6095420
2.0566643	4.7471838
4.8448723	-11.3177110
-18.5316550	-5.1945694
10.3435080	4.2495160
5.1318660	-1.2930020
7.5179252	-15.9574820
-14.7881310	-2.9248769
11.2395070	-13.1454640
3.7238530	-9.0261456
1.7695689	6.8774795
8.0873106	-0.6041814
11.7435730	11.6300840
-3.9002472	-2.9661057
-12.2157540	-10.9846550
-18.8361310	18.7632560
3.5855205	-9.1731996
-15.4875450	14.7457700
17.1024880	7.1206937
19.5725660	15.1427060
5.7702362	10.7546450
-6.0849908	-6.8409952
16.1992690	10.5415270
12.4413030	-19.5477130
-14.2972860	-19.5777610
-15.2760740	-15.3901210
9.5096746	12.1279620
-11.7048520	-14.6896300
-1.0318514	-19.2959890
7.6950816	-7.2320026
15.3669290	-16.4139790
6.6448600	-14.1642640
3.8524919	19.7769250
-0.6371882	4.1589031
2.4202818	-7.5669504
-10.6573970	-2.6528684
-1.4390927	-11.7655140
-15.7050310	-3.0202175
5.7613402	1.8300874
10.7639690	13.2954690
-12.8883470	12.1375010
8.0494393	-13.4150500
-8.2324799	-16.7181270
-14.3965470	17.3057270
-8.3191265	12.6630770
-19.1374650	-7.8018417
-14.9470630	12.4105400
8.9756104	13.0767190
-15.3454700	19.6259060
-0.3732796	12.4875420
-1.8382800	10.4776230
-7.2438569	18.4814540
5.8978288	14.6288060
10.8941600	-19.5780190
19.5489600	16.6200640
-6.8685947	13.2946050
-2.4796915	6.6076481
5.6950741	-15.9736660
-6.4737478	3.3091985
-17.4565410	-18.7394270
4.4333217	6.8100927
-18.4960920	1.1521598
-8.9006417	11.6234040
9.5450863	-16.4131970
-18.5133810	-18.3776300
-16.0241980	-17.3841750
14.2827880	18.2006090
-7.8309698	-3.1370381
-0.4469451	-17.0002630
11.0472180	16.3156880
-13.5773900	-2.7088448
-5.5227855	-0.9873896
2.0371960	-6.7893314
15.3890810	6.2939401
3.1350044	15.2364270
-1.7432220	19.8299530
-9.9796597	8.4191173
-18.3430540	-6.9325292
-14.2420730	4.0365940
17.2813100	7.7467806
-1.0094944	7.3351374
-0.4252076	-14.5950710
-3.6135267	-5.8714486
7.8840921	14.7158880
5.6166371	-3.4698466
2.6827994	-16.5598960
2.8630264	-12.5369080
-1.5423206	18.8338820
-6.6067022	-2.0983201
-7.5986306	-13.9669670
-6.2816298	-14.8087650
19.5483500	-5.2416443
13.4915720	-19.3510430
13.2314050	12.8691450
3.3080855	9.2296217
2.4993540	7.4487996
-7.5384789	-14.0319770
-17.0321870	11.2907260
-9.0447933	6.0362013
-3.4733663	19.6812510
11.3955550	3.6583227
-12.7501740	-14.5593750
-5.3571891	-17.1890040
11.0140260	-14.5925930
-12.5272920	4.3635994
-13.0902050	4.9823010
7.1593046	-15.3066920
-13.7979280	-15.8181800
-19.8617170	19.6537330
1.0279905	-19.4430310
12.2821790	17.0087530
2.2251304	10.2836420
-5.9558518	11.1044640
11.3350540	-6.5601694
-11.4431790	4.3037225
5.9800014	-1.3985174
-15.3628700	-7.5171729
7.4886066	14.1330040
-0.7215378	-3.5422903
7.5217426	14.6864190
-8.6997596	9.0151880
17.6394310	-7.3135757
-1.0489792	-10.2225850
-18.6961160	2.1981844
15.1315380	10.0189010
-9.2334696	-19.5615400
-4.1180766	-4.8543666
-2.2536670	-3.6408717
10.2030570	6.6450925
8.7281368	2.1745923
-16.9483720	-19.9092400
11.0028300	-10.5488860
-15.1832280	-11.2289310
8.0959860	14.2752880
-12.0374620	12.0399900
-15.8069780	11.2839420
11.9058400	-2.0190819
-0.5647149	2.0603302
16.8642150	-1.8678878
-17.5638000	16.4008250
4.7845304	0.0600810
-3.6302852	16.3253790
7.0788537	-6.6458652
-3.9708318	-0.1336000
6.5472418	-16.4451450
-16.3247550	-12.0816100
-2.4732963	-10.2693620
2.9247960	-4.0501529
-5.2986986	-12.9231950
-6.8614236	-8.1323622
13.3343000	-8.1952169
-4.7723340	-13.9346410
-6.7253495	-15.3777360
14.0925010	-16.2451390
15.1556650	12.4748030
-5.3913025	19.4323120
15.7297150	-4.8888493
-13.3922930	-2.1903884
13.3442640	7.0639408
5.0375198	-12.5781550
-13.9964810	2.4245434
-14.4436790	-7.2980395
-18.1690220	9.6117807
-7.9010746	1.3422408
-11.2075580	-5.7214277
17.8621490	-9.8982779
0.0370765	-14.6060310
2.1798470	0.4648522
4.3821466	-9.7445105
1.2899238	-13.8586380
19.2851180	5.7347036
-4.6054524	1.9816741
-2.3616080	15.9535900
3.5995523	3.7536165
-7.3276688	-12.2538700
3.4122672	10.1415940
-18.4584750	7.6276342
18.8072550	12.9244960
6.0813113	-11.1252280
14.3190070	4.8807393
-12.7149780	4.0478039
7.7540540	-16.2313100
-2.6362078	5.4105464
17.1905920	8.4353700
6.7134110	-1.4558092
14.5431740	-4.6713922
-13.7657160	-16.1975190
16.4441740	16.7852870
16.4430510	-6.1314615
18.7086700	12.3269000
-14.5895410	-12.1196210
16.4925330	-8.0475587
1.9437221	9.1417163
14.2551090	-6.3662385
-1.9682258	7.1496400
-6.8389478	12.4011340
-4.1699179	2.8798906
-5.3082984	-0.2231988
3.4811647	6.6734649
13.4899490	-16.9711180
-9.9999879	-11.5267350
-16.6889100	9.8018885
-14.9636390	-16.5215770
12.2887490	15.6626280
-11.5774460	-8.3209065
-18.8402810	10.5235520
-0.8905329	19.4579320
12.0628180	-9.4472867
-5.5855318	8.7530260
8.2093955	-8.5849759
-18.4432670	1.8772371
-13.8189430	-19.7026810
16.5481640	18.5959090
-11.5231930	-14.2780800
9.7480279	6.1456447
5.7812245	7.9716648
-7.1062185	17.8702360
19.7845040	-12.6227280
19.7271020	-17.6055850
-2.9212079	13.2025420
-18.7571580	-10.5085690
5.0496970	13.0153550
-15.0048580	-16.6940120
16.6836470	9.7953957
1.9880825	-18.7265360
7.3192294	-5.1378359
7.4791047	15.9888000
-15.0441340	1.6657766
7.0935402	8.8353672
2.6373700	3.1760341
16.0363030	-5.0732350
-0.0550304	14.8629800
17.6178090	14.6202450
16.2036060	11.4970480
-7.7643276	-14.5994340
-19.1302380	-8.9606105
-4.3177066	-18.2574570
-3.7737162	-16.5656020
-11.3140160	-6.8653206
-16.6498970	-7.5364095
16.7272450	-0.6894992
-8.5579200	-6.4434350
8.4915446	-1.8432421
18.2423440	9.5392613
-17.0308750	13.0341940
-8.2438701	1.4757532
10.2633480	6.1378815
7.6170202	2.5216182
-14.3724430	14.6584990
-19.7538860	-0.7238602
11.7840370	-13.6468800
7.4958483	11.2746300
-5.7837240	15.5105320
18.8899250	0.9003975
-12.3243780	14.0972630
5.4412559	17.4257380
-8.7135315	-14.3276530
-1.7078946	-15.7987620
-4.3819935	-9.1351675
3.7746575	-17.3815440
14.5308530	1.9226626
-5.9556055	0.7903737
-5.7378351	6.9572519
17.8365390	-18.8409190
13.3130790	-13.1497690
-6.9918950	-16.7081970
-11.4541280	11.4864410
14.8750880	2.7456930
16.2036680	-0.0253208
4.6707209	10.1989810
9.7352918	-10.9492450
1.6636386	4.1451032
15.9405300	-15.5915400
-2.6376707	16.3082530
-18.1513210	16.9621620
-7.9513017	-14.0514090
-8.5356474	-8.3632936
11.6272270	5.8309470
-14.0187900	-10.6854460
-6.9254747	7.0526493
18.8525100	1.7199841
13.8747080	3.0067297
-4.2483956	-18.4214130
2.0419473	4.3868706
-14.6151330	-5.6865809
-4.6491882	12.7388190
12.2074690	17.9505020
11.2531650	-15.0119890
2.3923760	13.6028370
-7.1656357	-5.0879383
3.6394122	-6.7595059
10.1056510	-5.3094333
-8.0948437	2.9166531
5.6614932	19.1997920
-9.2562497	3.0152203
-9.2837913	-17.2788840
-13.1955660	-11.8567350
10.8265530	-0.2380069
-14.3083550	12.9092730
7.9053040	10.6586270
17.5529950	1.8487286
14.5960940	12.2011550
6.6362455	-1.0895271
-2.5240017	19.5552260
14.5930270	19.9549660
12.5458890	-6.3623588
3.5571839	17.8499710
-8.9509402	17.2599460
15.4976190	18.5882230
-5.4588259	-19.8156750
-10.5125490	-9.0894273
-5.2673146	-8.6150434
4.6554366	14.4602630
-18.6788110	18.7656580
9.0341132	-4.3342837
7.1923396	-13.3054190
-7.8791676	0.5823676
-0.2062430	4.6296896
-18.5094340	-14.3636930
14.4312760	3.9350849
-7.4774451	14.1878050
-11.9143570	6.8824233
-8.0133941	3.2593866
4.3064892	18.4083490
6.6952694	-1.2576625
7.9553809	10.0707910
-8.3038883	12.5632700
8.8048462	19.7653280
16.1729760	8.1776068
-14.9708350	-13.1868870
-15.5630760	-8.9111973
3.4779815	11.7149550
-16.9499200	-3.0674275
-17.3229960	0.5708224
12.6659040	-11.7036920
2.8852469	-4.1887538
-5.0709964	13.7066530
-16.4285870	-9.5798153
-0.6604062	7.6719191
-9.5668292	-13.4782650
-18.7021180	-7.1379370
-7.9552842	15.3348740
12.2844160	5.0233583
6.5507587	8.4213411
16.1606530	3.1331136
19.3424080	-17.4273670
15.0005730	19.9035700
16.0730380	18.0709930
14.0409060	3.7550754
-19.1779890	-6.6642702
-4.3512305	-6.2608519
12.0302610	7.8447800
1.5126462	15.7573350
5.8255940	-8.7467573
-4.6871947	8.8389783
-2.5990274	-19.0746240
10.3820320	-1.2182837
-3.6248390	-18.6044630
14.3483010	10.6333440
9.4409894	7.6004725
-14.2832870	2.5307024
2.0539894	7.5666702
-4.3010347	13.5525870
0.8158743	14.8955780
13.5889470	-8.2835436
-0.9498885	-10.5710090
-9.5046645	14.2932230
7.0868691	19.6519130
-9.8195318	14.1223290
-2.5746728	-11.5730110
1.8287366	-0.3403916
-5.6798731	14.7271130
-4.6737300	-1.4579221
15.7760950	-10.6434340
3.0244498	11.9286840
8.9654301	6.3932913
-10.0360180	16.2243790
-15.3264800	7.8217818
15.2712070	-14.5613680
-14.3227690	0.3668665
-5.8350338	9.8887017
-8.5854295	-15.8595020
-15.8632780	-1.0907706
-17.8041850	11.2252980
-14.4087740	-9.6436289
-13.4925190	-14.1783590
2.2477063	-19.7801200
7.4234499	10.4080570
1.0285842	7.4936411
4.1362623	-3.7362628
6.7794281	2.5754843
-9.3858126	-11.3286490
17.9396080	-11.3163310
-12.2328830	-15.5858840
-6.9157645	-4.4085031
18.1221890	19.6924010
-4.1383154	13.1663680
-3.4121530	6.2787642
-14.1628860	-18.3288390
4.4613018	-16.8577570
-14.6892140	-13.5801730
11.3956990	-3.1337259
14.1812250	-5.8101307
6.5667482	6.1606618
1.9600733	-5.7286760
16.6421170	-1.7534626
14.1359900	7.5586838
11.9172220	-10.0159400
4.7407139	-5.7208651
16.1878740	-3.6617765
-17.8058820	11.1014960
15.9051610	18.4496080
7.7927244	19.3568760
-8.1858017	18.7570350
9.8870695	11.6890690
13.7059330	-5.8207923
1.9041320	-0.4783342
8.4553297	-1.4981305
-2.9153299	17.0190480
15.7591910	-4.1611610
10.9132210	12.0202600
-2.0269079	-4.3780398
8.8022890	-7.0909796
6.8306124	-18.8678970
8.0013926	-2.7087683
-3.0988856	-14.4658400
-9.2578234	-13.3137380
-16.5008660	-6.6395247
-9.7492500	-8.3460976
-6.0198251	13.0369620
-2.0508357	2.3245092
18.2509390	6.2350490
9.5995883	-12.0192760
-1.7656816	-12.8905820
-7.1439814	4.7659526
6.9880846	-15.3633900
14.6326530	-5.1638145
-9.6712055	2.4432715
7.2641648	-0.4342235
-12.1128110	-13.8771220
-0.3057643	-6.9248593
18.8435780	-9.2219897
4.5748463	18.3603700
-1.4274645	6.8290567
-17.2901120	15.1828500
10.4793360	-16.1640360
9.3679856	18.3037250
4.0395527	13.9874730
11.9378620	19.9510300
5.6608023	-17.8264330
-16.9826690	-2.9478890
17.0365230	-2.9235895
14.1244150	-13.2374340
-7.3566599	19.6172980
1.7866603	-1.6232849
5.6716709	-4.6056728
-12.3214330	-8.7791737
-7.7472029	18.8285850
15.7341920	-10.6732520
-0.1202397	11.1475190
-3.3427854	-1.5369810
1.0585306	-14.0657680
-16.4864610	-13.5751120
14.8836200	-1.2914690
-19.0027340	4.5372142
-17.0201800	-4.2108695
7.0510757	1.9228423
-13.8636830	-7.6205979
12.5317160	-8.5820164
-6.2523686	-12.7796110
2.6588786	6.4026632
10.9529420	-5.6797648
-0.9489512	-8.9245836
12.6383920	-3.8012260
-19.1071630	-5.4007344
-15.0494090	3.7850105
5.0429612	-17.9434910
5.1017507	15.7785170
14.4150170	-5.1954110
-7.4639229	15.8405560
-1.2206773	-7.7685686
-0.1278137	15.1999040
8.8933846	-17.4630320
-2.6927408	-3.3597055
8.8320553	12.8220290
-4.7551965	-16.8580840
-13.2379660	-8.7580964
-17.5764280	-18.5136700
-13.2843950	-13.6905220
9.0722950	-11.0062350
-5.0390423	12.5461080
-10.0912530	-16.1904290
17.6618520	8.6803901
-18.1829400	-8.4828440
-4.1115686	-19.7109670
-10.9381050	-17.8404180
-9.4067258	19.8683060
0.8107642	-19.5320720
14.2540320	-12.2525920
-18.9103590	17.4362530
-7.4690269	-5.0037564
-13.3945460	18.6566010
18.9078640	8.5262873
8.3494580	-6.9641882
11.9037050	3.0813013
7.5606179	-1.9870400
11.9950260	6.9895346
16.1207410	-13.0632120
-0.1357042	17.2261150
1.3531738	10.9232680
-7.9283970	-8.0575627
-14.0520430	-12.6341080
9.1658888	-8.0401738
-7.0607814	18.7375530
-14.4108550	-8.3235192
-11.4730490	-0.3636366
-8.5512812	-12.1593610
13.8321310	-2.0953856
17.9412970	9.2092693
-9.0109846	4.5844505
-9.3300079	-5.4103759
-16.9269290	-1.5343443
2.2860020	-3.4743276
-4.0441327	-16.2565110
13.7406620	4.4456579
19.4177330	-7.2679724
6.2198350	2.9872509
15.3946040	16.3700980
-16.8017900	0.2814676
-7.9913367	-13.1910690
4.8724195	-7.2412408
4.0719015	13.5431250
1.6973922	8.4629741
16.8414410	-10.0552900
-7.9104189	-3.1163855
-15.9447880	10.1434230
-4.6533322	-12.7311400
-5.2772909	14.3310360
12.7722800	18.3722450
10.6438880	-14.0922890
7.9311516	12.8742020
16.2011430	3.2537626
-2.7896296	-9.0143775
-12.2292690	7.1778078
-8.6694743	10.2532930
19.5873780	-9.7020046
-0.9186896	-13.0755100
-19.5926220	-8.7953098
-9.6639571	-4.8974636
-15.9945960	-10.2978860
1.2967923	-2.2529457
-19.2513910	-8.6382703
7.7902628	13.0691770
-19.9811680	-1.1622244
18.3725490	-6.0056124
-0.7720552	2.6598852
-11.8968610	-15.5915580
-13.3832500	-18.1332950
-4.6815379	10.7149530
-11.4400210	-2.7723356
-16.4377530	-12.5244940
-1.4662882	5.8784814
-2.0698473	17.5321200
-10.8517810	-9.6002168
-9.5224620	2.2159818
16.9614950	-18.5400870
7.4681398	-1.8745570
-10.7245680	-9.4204897
-18.5274980	19.3416210
12.5845550	-1.8423362
15.9330580	-6.0854744
-14.6870300	11.4547340
-15.3145830	1.3773004
-6.2377300	-8.5454772
14.8059450	8.5393016
4.9030849	6.9891970
16.0784940	-8.9160577
-3.8082968	-7.7800821
14.1964780	12.7249140
-3.1349560	16.9442030
-2.8610863	3.4262890
17.7593530	-2.5930282
5.2304839	-1.5183115
14.0709560	15.3994680
-15.9886260	14.6084040
-19.9190970	-10.6320390
-4.7954288	8.3053769
-4.7595423	15.0876420
-16.1789510	18.0119030
-0.0030968	14.6165900
5.9558324	-5.3454804
-1.2343594	-8.0843448
-9.6672649	13.1840510
4.3815752	-19.3574430
-16.7205870	-3.9034604
11.8613650	-7.3434421
19.7314960	7.0850683
-13.1682310	-12.7153600
-13.0768390	-1.9615453
10.2883260	-11.4107830
-13.7826500	9.3927046
10.1521940	-17.1785240
