jMRUI Data Textfile

Filename: dataset26_WS.txt

PointsInDataset: 2048      
DatasetsInFile: 1         
SamplingInterval: 2.5E-1    
ZeroOrderPhase: 0E0       
BeginTime: 0E0       
TransmitterFrequency: 1.2322E8  
MagneticField: 2.9E0     
TypeOfNucleus: 0E0       
NameOfPatient: dataset26_WS
DateOfExperiment: 
Spectrometer: 
AdditionalInfo: dataset26_WS
SignalNames: dataset26_WS.txt;


Signal and FFT
sig(real)	sig(imag)	fft(real)	fft(imag)
Signal 1 out of 1 in file
281.6860500	-120.7216000
486.1001300	-261.2922800
290.1013800	-443.8887900
31.3612910	-476.8295800
-189.1447200	-376.7244700
-326.7883600	-190.8201000
-317.3539400	27.1449460
-210.6625800	179.4110200
-43.0330000	239.0576900
106.0880300	183.4551100
184.8477300	69.1660860
177.0437300	-66.4272020
91.9015120	-159.7849500
-11.7810360	-163.1102300
-103.0865900	-118.0068600
-142.1217600	-32.9192740
-108.6411400	35.1799640
-53.8802430	88.9469850
1.2487624	66.4320460
43.6607730	21.4378800
23.1132160	-41.3578470
-29.7989650	-75.7841490
-80.5136100	-52.0652780
-128.5113800	-8.8981723
-122.7753200	54.4257260
-71.8225580	129.5889000
8.7154187	145.4578800
91.0701020	109.5168700
123.0525900	38.0092420
131.8687100	-41.7273850
85.0179610	-123.8904800
7.1541704	-151.5859600
-74.3419560	-128.2488300
-143.8855900	-75.5554910
-153.4386800	4.6790266
-124.5982700	76.8495560
-63.1695430	138.4680300
15.4350340	153.4497600
92.8708900	105.6644900
130.8114100	43.0693480
136.0635000	-20.8786100
110.5569100	-69.1748480
52.1248450	-112.2954600
-10.1281870	-94.1428180
-45.5297240	-68.3702820
-61.3341680	-17.9210850
-42.8396900	31.1802800
-3.3281653	62.8351470
24.2025250	43.5479060
67.4492260	17.0960130
81.0497260	-18.0002850
54.3214910	-56.9967650
4.3315936	-91.2924070
-41.2408390	-67.7325380
-83.7099420	-40.9001360
-93.2754070	22.2273170
-84.6262000	78.4059030
-23.5751880	101.3434000
29.9004850	89.8011820
65.0590510	59.3000320
82.8759450	7.1667101
62.2108890	-39.9764670
31.7344600	-56.3159250
-14.0687950	-55.5202440
-51.0546210	-24.6119710
-61.3189410	15.3125350
-37.6623720	51.4388920
10.3048210	68.3490510
41.0711580	52.4993350
60.3289150	19.7705490
59.1252080	-33.8079800
30.1174020	-67.9545010
-13.4920540	-63.7468200
-56.3222860	-44.7304040
-61.8271090	-10.3348150
-49.8768440	21.5611360
-15.2311360	51.8701860
7.9704226	47.1577760
30.1721010	18.2251370
35.2279530	-30.7174100
15.3063640	-54.1699860
-32.4699260	-56.7675180
-59.5885930	-32.3628650
-71.2972650	19.3778190
-57.7618700	53.0763340
-14.3625220	94.0601380
31.5005790	80.6080460
89.4398180	52.6284580
107.1813100	9.7097244
79.4613110	-50.9785800
41.0489940	-69.8432780
9.9562803	-78.7623200
-30.9615820	-57.2060680
-56.6878280	-19.0720280
-47.8047370	10.3874830
-19.6414490	40.0789880
16.1751680	42.7545450
28.5960740	25.1674730
52.8542280	6.6876875
49.2397480	-25.0525970
31.3360650	-37.8345870
-0.4520064	-49.8811390
-26.3289600	-31.2284630
-44.4063800	-15.5774130
-25.8135630	9.2313583
-17.8335680	10.2339730
-9.8516720	23.7341160
-5.8009981	20.7286100
-4.6473582	13.5961020
0.0014179	-2.2032436
-8.6334123	7.1354009
-21.8313020	15.3105340
-10.7766080	21.6616540
0.5421552	36.7625070
16.8450470	32.5173320
32.8091880	22.7857630
46.3519550	6.8116023
32.1215950	-16.3545930
23.7893620	-33.0726460
15.3663940	-46.8801990
-17.6032080	-27.5577770
-19.3982410	-29.9926380
-27.4783310	-11.9477130
-38.2536170	0.0219533
-16.2861770	21.5445830
-1.7776048	27.5603800
7.9576271	18.0007050
0.5725869	11.9666610
19.0777560	7.2120087
10.1013830	-10.1666300
-4.9380726	-17.0404360
-3.3481958	-0.1652638
-16.5520300	9.9061518
-1.8724725	8.7545321
-6.5122234	25.5517890
8.7188912	19.8779810
31.2090860	7.4207006
32.2835000	2.0921414
35.5831060	0.0359170
19.1253750	-21.8725880
17.4848900	-28.6404130
10.0094830	-27.0699440
3.6182852	-37.8553130
-18.9501260	-14.3270870
-13.4720540	-16.5251810
-10.1676870	-12.1525760
-14.5066230	-14.1799590
-6.5056916	-5.1018212
-10.8778520	-7.0599942
-13.0746110	3.7868954
-20.7880710	7.3288611
-21.2988220	9.5825903
-16.3698850	17.6369990
-11.6764880	26.4983880
2.9948682	31.8480280
8.7162595	24.6874170
15.4943310	20.0285400
13.6644500	1.8638651
11.0470690	0.4567261
17.4735940	-11.2842540
0.0990967	-4.5023626
-10.0708820	-3.2608941
-9.7169139	-2.9150444
4.2034811	3.2049913
2.4296273	5.3937353
1.2289202	2.1549372
4.0021341	-5.0229889
-10.9957000	-12.6562530
-9.1707663	0.5770417
-16.9236400	5.1136290
-23.1065140	-0.8410222
-12.1705820	3.2633113
-24.9764740	14.6221980
-13.2266830	23.0221900
5.9969276	22.6238390
12.0109160	34.8102540
15.9167210	27.8396540
31.6727420	9.7487197
36.1840950	-0.9483377
31.5841310	-11.6536420
32.8068380	-1.6592766
24.4291910	-11.5616790
13.5304660	-24.3215820
2.4892133	-19.1671400
4.0049023	-29.2143990
-7.0937312	-22.7218950
2.3914418	-26.4082370
-12.4272240	-26.4698260
-10.3041160	-27.9404360
-3.9690184	-22.3427210
-16.9107360	-23.9688310
-18.3746510	-10.2655950
-25.7297070	-1.0390428
-24.1563810	14.9035020
-24.0657160	12.1342690
-20.7630650	17.6373680
-7.2011795	12.9417100
1.2839687	16.2952110
17.2350830	24.7116940
22.6231020	19.2427860
11.2430750	-3.0010313
17.2815010	3.3513049
2.4430594	-3.9900060
0.3557021	-0.1302398
2.8072225	5.2541232
-6.4013859	-10.3067780
0.6018351	3.6594043
6.3988261	-2.8436506
1.7767409	0.1375512
10.1441450	-12.2221790
-1.2684607	-8.4694446
-4.3225214	-5.5325715
-11.7311830	-13.5703140
-24.1975970	1.4973967
-17.3412860	4.0668384
-25.4697210	11.1930080
-14.5422140	18.0488950
-9.4483735	27.3182330
13.7647500	28.6723710
5.6462460	17.5796750
5.9770827	11.7352940
17.5559460	1.0623673
18.2914740	-11.6157940
13.3443570	-5.4230047
8.6512249	-10.8468660
14.6957600	-10.3889490
6.4830854	-10.2374410
3.7339960	2.9004758
6.9210064	-13.1220640
1.1692794	-11.4418980
7.7353500	-22.3414360
-4.4228350	-14.7380850
-6.2698927	-23.3863990
-11.2657590	-1.9584007
-8.3376635	-0.7637087
-12.8959070	7.8522090
-2.5141069	14.7792180
-6.2391395	1.9399943
-3.1051452	5.4339673
8.3788266	6.4057907
10.2497170	-0.6234273
-7.6024306	-7.1543354
-13.8279790	-8.9235274
-11.9329630	-6.0702217
-17.1170870	-2.7736203
-11.1145290	4.1554173
8.6620225	6.4603438
-1.4986578	-0.2545757
20.0916890	-1.1540584
17.3255840	1.4431101
5.3617686	-6.5786273
-9.7131510	-18.5063940
-5.5713865	-19.2872180
-17.4701040	-4.2570892
-20.1084980	15.2033180
-8.7118837	10.4391810
-12.5318570	13.3616740
-2.0846026	5.6100674
16.6137360	14.9629990
1.1838297	2.6916423
-1.8695058	5.5345389
9.2022601	2.2585523
-6.6946575	-0.6387477
-17.1245740	10.3490610
-5.9700253	7.2606417
6.9828268	15.6773130
5.3196331	25.2014100
21.7736740	9.7151493
28.4983030	-4.1402306
14.0068800	3.4750514
5.6642266	-8.4047358
3.2385013	-13.4148330
7.8226273	-15.7809870
-10.7139010	-15.2294490
-8.2022556	-5.5608843
-7.2772824	-4.2125538
7.1258254	7.1654806
-5.7889821	-8.8913805
5.3847419	2.0780672
10.3917590	-0.1641369
-8.0060282	-5.4599481
-1.8633042	-10.2045770
-20.2680180	-7.9952153
-14.9774500	-6.1913183
-10.9229270	11.5683580
-3.6762899	7.2737001
-9.8486580	8.7285859
6.7061071	-0.3881133
-1.1776016	0.8841593
3.3698128	-0.6151190
-10.2763880	-7.0698298
0.0517236	-4.1834737
-7.9267050	9.6875146
-4.0784549	2.2900686
12.4742520	21.2531850
17.3627880	7.4695335
20.9547070	-3.5367431
7.5810817	-14.0070610
15.9563460	-6.2471355
6.3067188	-18.9584910
2.0345409	-17.7032820
-11.3460330	-15.8632050
-26.3162190	0.9563491
-28.0410360	5.0801253
-15.8234250	7.8144143
-15.6627560	7.9391686
5.9551690	3.9756012
-6.8156662	13.7092810
-5.3021189	8.7563412
2.2966827	4.9369150
4.6886124	3.2168210
-5.2023846	13.7879390
-2.1850579	-1.0858817
-7.5565135	3.2539397
11.6097780	8.2424433
-0.2421502	6.4712663
4.2666806	17.6039420
24.7275750	6.3310025
24.3412190	3.9555191
19.0780340	-15.3914330
3.2824534	-15.4217180
0.4867219	-11.1063230
-6.2269700	3.9128113
-7.5134365	0.6388451
-3.4183233	-3.7708446
-4.2825596	3.1603655
-3.3617895	-1.1373955
8.8845633	-15.6984580
-6.8727746	-17.9978870
-11.3281370	-1.2186208
-16.1213610	-9.2705422
-18.8542720	4.8902620
-16.2431980	9.3640894
-2.8285139	0.5848118
-2.5112297	15.7688950
6.3683057	14.7433650
15.2569160	4.1442024
8.8870916	6.7296418
12.7888350	-5.1345591
4.1392013	-9.2622316
-3.4184518	-0.2470034
-0.8705832	2.1871464
-2.5712146	-12.2099520
0.6126130	3.6780137
2.6745068	-7.9831384
-5.4857597	-4.1290444
-6.6265330	-12.7285850
-3.5795055	-18.1242300
-9.6593783	-1.8971120
-19.6941030	9.5595767
-24.4716090	14.3283670
-5.1093699	8.5886143
-9.3316275	11.6984470
7.6320200	21.0097510
17.6604040	16.2669850
26.1483430	-2.4189500
8.5303726	2.1653149
8.7561839	-10.1125080
1.5213979	-6.9766987
-13.0927240	-5.1560501
-13.2699470	6.2056492
1.0559495	-3.5212904
9.9802175	1.2702554
0.8901948	3.4699143
18.2470760	-8.7955476
20.8041010	-3.2793084
-2.1422368	-20.8146830
-0.5522367	-7.9988414
1.5943351	-11.4847680
-4.9411047	-8.5747076
-14.5940050	-6.5699986
-26.2349460	5.1499432
-8.4567114	1.3272925
-9.0356368	13.4493030
-9.8863012	3.1908516
-0.6858766	0.1614243
-6.7015946	13.7217630
0.6565777	12.0742850
-5.8721400	1.1835541
-6.9610710	2.9871434
11.3936990	6.8336026
4.8154383	16.0063400
19.1423520	10.6700760
16.4518440	9.9820564
29.8094900	-1.9428753
16.2636780	-10.1785540
-2.5487952	-10.9508660
2.7669787	-24.7882520
-0.3698050	-12.9505480
-16.8405490	3.2863173
-10.8068780	5.1532794
-14.2972140	7.9494285
-3.7807498	3.4701006
3.7298510	3.1984398
12.2070140	4.8323896
4.5908698	-14.4772980
0.2171507	-8.0149179
-12.9954830	-15.6394810
-11.4822710	-8.1435416
-1.9485277	-4.5716695
-2.4876075	12.3213180
5.0011754	5.3188244
1.2017678	12.9740930
13.0286380	3.8676895
15.4752190	-7.4215759
6.8179644	-11.7928740
6.3533748	-19.8316250
-1.7302330	-10.6811340
-14.6878080	-1.5749003
-8.0617909	-10.1552820
-13.8708330	-1.4264481
-5.3340868	4.4304050
-3.4518596	15.0167210
4.6378854	1.7796576
13.7403180	-4.0176049
5.0986901	-8.8141782
2.5005506	-22.2725880
-8.0400339	-19.3589450
-20.9829850	7.0193357
-18.4946450	5.8724477
-14.4061530	11.9375410
-5.2581786	19.5085560
-1.3471440	14.1338830
18.1670810	4.7558168
4.0184788	-2.7948634
11.5422680	-8.5816338
4.3646376	4.4588948
-5.1885713	2.6901314
-15.7804230	-8.9556964
-7.7032490	13.0790010
-8.5968447	5.9155068
-2.8948716	5.1292407
10.3481810	9.3523599
19.9708810	4.0628144
12.1554520	-5.2292676
5.0369673	-8.5033716
4.1546447	-14.6225750
-12.5811390	-3.5690552
-15.5003100	12.5946650
-6.3810194	17.2157150
2.7451939	16.2470630
5.8196835	4.3425201
9.4529856	7.3255426
15.7457680	-2.8532873
17.8161010	-2.2300292
17.0589170	-11.3651750
7.2368897	-8.1117454
-6.4509078	-17.1503610
-17.5598790	-1.8946610
-5.6021500	6.5380721
-8.2642584	7.3553648
0.8376395	16.0294350
5.6119907	-2.4658242
8.3083740	-4.3493483
3.5513074	-10.7781590
3.0196588	-23.8662240
-0.2737174	-10.7448280
-16.1041760	-6.2247373
-3.0781622	-1.6451369
-14.0757750	8.4496317
-2.1848762	-1.0718754
-10.9642200	-0.7440478
-7.7871439	0.3075512
11.2271560	9.3608779
-1.9063219	5.4836235
-6.7091921	-13.3185540
-15.5688520	5.4640865
-11.5621970	-3.1932504
-12.7578400	12.3212380
0.6148739	15.8308860
0.2477193	15.3520340
5.9599501	12.5962610
19.1440990	1.8432538
3.6908977	6.2791939
11.4720300	-17.9452530
1.9413150	-0.3125549
-13.0635830	0.4881827
1.7167193	-6.0454457
-10.9292770	-5.5605151
-7.1019483	10.5961520
-0.7499792	11.3628670
4.8922067	9.7161196
11.7662940	-4.9112121
2.8498332	-9.0586824
2.4740388	-18.1589380
-1.9723864	-8.2191667
-9.1606513	-12.2593810
-9.6674035	-5.5586992
-19.8331710	17.1205660
-5.9114762	20.4026070
-0.2174434	24.5810490
7.1052193	20.3268590
14.2492870	16.4249680
18.9785790	13.9858330
-1.4166234	1.7551131
11.0186770	0.4287108
2.7618069	1.3190916
-10.4034510	5.8824390
6.3489429	7.8892788
-6.3963330	9.9736471
10.7172580	4.5224227
5.0121477	2.6108191
18.0978540	-1.2219511
-1.0222465	-9.1348498
-0.0792525	-3.0959569
9.5965633	-14.3801030
-3.4313050	-8.5596876
-13.8880340	-2.5814850
-9.2376923	-8.6815916
-9.8235416	0.7125124
-4.0562441	2.8381258
7.6365480	-4.5699129
9.7701201	2.3164799
-3.2094468	-11.8000570
8.9287026	6.6338907
-2.0762271	-3.4138686
8.4826937	-4.9319237
0.5114528	11.5600640
12.2162820	-2.7326712
14.5552800	7.7233974
15.2567640	-0.9736949
1.2326316	-9.6676675
5.9202061	-18.4253570
-8.3187847	-4.0591571
-0.8974209	-16.6440860
-11.6521560	-11.4912730
-13.2885650	4.5473934
-18.9977560	2.2886021
-10.9719140	-4.5643696
1.0828372	2.8169029
-10.4941490	11.7399300
-7.9354315	-3.3226242
2.3840955	-7.7032091
2.5477429	-4.5508359
5.3238530	4.1466199
-4.4908686	2.8604682
-12.1327780	11.2271380
4.7516465	-0.0532113
-5.7699051	8.5775846
9.3840946	7.7383956
8.5609596	-1.2415088
0.6520822	-1.4517993
4.4950643	-3.9531787
3.0053722	-14.3820270
9.1256696	-13.5254510
7.7938497	6.0950340
-5.8408274	1.5313794
0.8067598	-6.0271682
4.6915953	4.9325042
-9.5025422	2.2687097
-3.0962123	2.5776089
6.9212952	-3.7667432
0.8142675	-10.5346990
1.3464255	5.0087509
-14.4473870	10.3440350
-7.0251218	4.1676047
4.8026629	7.8923667
3.2991752	10.9355200
4.0476560	1.5227333
0.9376001	9.6407521
9.4712068	-1.6530555
15.1210470	-4.3785408
0.7780036	6.8373519
1.3298576	3.9467322
8.7538045	3.1784818
-6.2081795	6.8475927
-3.7716535	8.2241569
6.7258358	-2.5233633
1.0198713	1.8215299
6.3193079	-1.6266913
-6.0829289	4.9350529
-11.4222130	-4.9882672
4.4496433	-2.6081345
-13.4042150	-2.5825028
1.7372074	-6.1480605
-13.8186510	-3.2694911
-3.9868072	16.2787980
-6.1223727	8.0061906
4.9196871	-0.7061621
4.4900297	-5.4251288
1.2639983	2.8059484
5.2017534	-10.8345110
-3.5308112	0.0931093
1.9728597	-6.0977200
-12.2640930	5.0349086
-4.3843847	8.2284052
1.3894959	-5.7121190
7.9840897	4.1883859
8.3925513	4.7072507
12.0983050	-6.8163590
-0.5565259	-12.5057330
-1.3808389	-14.9939800
-4.0721227	-6.2333958
-4.5310295	-12.4449970
-14.5806850	2.2672062
-1.1388868	-5.3464978
-3.6118215	-6.1239428
-9.9458521	4.0643117
7.5262056	-4.5042838
1.2815666	4.8504308
8.5688492	-0.0385429
7.9386417	3.1169270
-7.7812337	-8.4172091
3.9311710	-3.9989637
-3.5846730	7.5541581
-8.5506016	10.8784710
2.8787338	7.0999525
7.3247594	6.8610407
12.0778800	-1.6709106
-2.8909176	-1.2294897
-7.3243947	3.6645302
-4.5920143	5.2146784
3.0139767	-1.3223140
-8.6683445	-6.5674782
-8.2784840	7.8766829
-2.2023244	-3.3456814
3.2684666	12.3570530
-3.3491123	-8.4062735
6.8715863	-5.9322395
-0.9967467	-4.1586793
5.1704444	1.0886596
-1.3646319	4.1383549
6.6026755	-0.9631232
-3.9325112	-9.1095655
-7.4114528	-5.0719198
0.8626486	-5.8565207
9.9022298	-6.9806766
-1.4154555	9.3654562
8.1049773	-10.0859670
1.1955699	-11.7870990
6.4941541	1.2031964
-6.6250160	-0.4680222
-10.3701510	0.7140400
-8.8590151	5.4953533
-1.0955785	-3.6004476
-2.7309858	3.9141195
-8.5875806	-0.8614761
3.0010729	-9.1289631
12.3964660	-3.9672612
7.5715451	-2.2515083
-9.5781152	-4.7957088
3.8792608	3.0004110
-3.0711095	4.4324819
-12.0724730	-4.5986929
-13.0109460	-7.3414852
-0.6624262	5.7589688
-1.3364775	3.4913479
-4.9346844	-4.0279014
-2.6916027	-1.6109181
-6.5205474	9.7905468
3.3435098	-3.5924911
2.9830551	-7.6899758
7.3179213	7.6180901
5.1990349	1.7790511
2.3223524	5.1977087
-3.4345094	9.4214790
-1.1267633	6.4385372
4.6105009	0.8697014
8.4911229	-8.7513894
-1.3460767	-1.1350494
8.5947167	1.0995523
-4.7107160	1.4267340
2.9621038	2.6106913
-2.3334174	6.9033327
-5.9478522	-9.8968137
-7.9387371	-8.8736603
7.6495164	-0.4994800
0.9337681	6.8305699
-8.2870046	-7.6155996
-6.0210777	-1.3593156
1.4536492	-3.1764195
-8.3144175	-7.3007107
-8.1685463	6.8277156
1.3434464	3.3279898
6.5944386	-5.5292116
1.1594125	3.8810457
-0.5180109	10.3973200
0.8821836	3.9593069
-2.6896557	-0.4401130
-1.9234547	-3.0080335
5.7038556	-2.0181788
1.5648320	-2.9668305
2.2620273	0.3704366
3.8657321	3.5646143
5.4168574	-0.6469660
-0.8699818	9.5966588
4.3664779	3.2431888
-5.9555091	3.8834737
-4.1233780	2.7091863
0.2685476	-2.5052098
-11.5324770	0.4047202
-5.8509122	9.3669736
-1.5969661	-1.3588043
2.5611213	3.4543304
4.1352359	8.5343758
-2.2580265	-2.7364288
8.1377141	-4.1164188
7.6609547	11.2120310
11.3874780	-7.4557482
-1.6504119	-1.2471278
0.6173027	4.6688458
-2.1438974	-4.2340248
-6.9694613	4.5349735
6.1781499	1.8142719
-4.2115697	-2.2697516
-7.6637037	2.8543680
-5.4467496	5.7791337
7.4272784	-9.9170604
-5.0105521	1.5224784
-4.9741933	0.2761943
2.2281753	-3.3236990
-5.2928226	0.4788932
6.8103190	11.4790580
3.3940123	-5.0097474
3.2629722	0.3775497
-5.9345410	6.0617953
1.9224409	9.8420973
-7.9617512	8.8660607
-7.9874370	3.0506092
3.0204196	-5.0379078
10.0979780	5.7379670
-7.9890807	5.9268358
-4.2190494	4.1161267
2.0191363	8.7836659
9.8546164	4.0238435
9.3802226	-4.9712076
9.9355823	4.8834039
-3.2865007	7.4641031
2.4649816	-1.3140381
-6.6947074	-0.5156726
3.6830151	-8.6422459
-7.4121719	4.3296397
-9.5387285	10.1368190
1.2138587	8.4295683
-6.1499137	-3.2013553
-2.4352562	7.2966947
-7.8776003	7.9982724
9.1259474	0.3869085
4.6914351	-7.7923005
-3.2724226	-5.8000395
5.4588638	-4.7243387
-8.3207276	3.9938116
-5.4329121	9.5868444
0.8646766	-1.0482063
-4.8483688	-3.5962045
-3.9515024	1.7536296
-6.0523667	3.9506857
6.0953911	7.0535216
1.5999993	-4.4644743
1.7528920	7.0052411
-0.8437790	-5.2119713
-6.3147833	0.5247054
6.3000951	4.8870624
7.8266915	6.1540392
8.7979917	6.0716437
-6.6929950	-6.8754618
-5.8471968	9.0986833
-1.7015225	4.1877725
-1.8765074	10.9367790
-4.7277166	3.8638713
-3.4230039	-1.4118023
8.2941222	4.5710133
1.4652022	-4.5046643
-3.5095569	-8.1789956
4.7419683	5.9707830
10.8203640	-3.9589146
-4.9081984	-8.1076158
-0.8878331	-3.2293469
3.2679132	-9.7406639
10.3554490	1.4869048
-2.4219499	0.2781801
-4.8874217	3.3473732
5.1694435	-5.6701020
-4.9702191	-8.1764202
5.8007377	4.5930739
6.4197357	-4.5876334
-1.2134018	-5.7302136
-0.1529926	4.6624778
-10.3743250	0.1716609
3.9990034	0.3779387
-0.3749582	-7.7244947
-7.3530779	0.5142138
-3.3544785	10.6964450
-1.5449799	-7.2577806
7.7575337	0.9104378
-1.5812014	-1.8359568
10.0948810	-0.2153052
9.5741093	-6.3698512
10.5050810	-6.6106842
-2.4989077	-8.8014713
7.4597708	-4.1317818
-2.6969120	-4.6314129
-8.8744101	-6.4102722
0.2703768	1.0038127
6.1871053	1.3727058
-0.1745090	-7.9014066
0.9791110	6.7994131
3.0202234	8.0451636
-4.9227171	0.2262887
9.1335554	-6.6697726
-8.5437166	1.9317308
-6.8832851	4.0678577
-9.2303547	-9.4728841
2.9656303	-3.5158406
-4.3121585	-4.8898613
-3.6545067	3.2058384
-4.6932391	1.3623510
-6.5017082	-7.5718754
9.8883349	4.7372542
10.2498480	5.7469405
-9.8512492	4.2212256
-6.0784186	3.6919034
6.3860320	-4.4454270
-7.7880910	-6.2906416
-2.9637719	-7.5375281
7.9928276	-5.9789935
2.9699502	5.9722587
1.6546123	3.4929749
-2.4741830	8.2727177
3.1384490	-8.4387491
7.8367829	-9.7690873
-11.0602260	4.8288349
5.7034206	-8.6090825
-10.5126110	0.0308661
6.0734201	7.5503973
-0.0725960	-5.3526109
-3.4098724	-3.5783566
-3.1241362	6.8161932
-5.2639929	-8.5752070
1.8230184	8.6561714
-7.4632102	8.0690882
3.8931539	-1.0773754
-0.1636754	-8.5082038
-9.9554636	2.6921938
-2.4877704	4.1096784
4.2405027	10.9773290
4.1342779	-6.4230808
7.2596928	0.1556669
3.1913797	-3.2556090
-1.6027416	-4.5199488
-2.9096811	3.9633474
4.5342776	-0.6043175
-8.7971615	7.4757601
-8.7027424	-9.4448400
-3.6984661	1.5079110
-6.0539196	10.2594850
-8.3099298	5.2826256
-7.3408728	2.6949683
5.6134253	0.8188332
-7.1611519	-5.1148572
3.6451589	-7.2169464
7.2449230	8.8486295
-9.8357474	-0.4369290
-9.0831626	-0.6830004
5.2373661	11.7493930
6.8129919	-5.0352931
1.0546854	0.2882942
-5.1515636	3.1074070
4.1675221	4.3907708
-1.7426238	-8.0620594
2.4745256	7.9158921
-2.3847890	7.1120592
-1.1758697	1.7755842
5.3714431	7.8821638
5.3612042	9.9412589
-2.7972047	-2.3662404
-0.0766323	7.0783423
-6.3456302	-5.7867935
-2.5873392	8.8521759
-5.2075245	-4.4245724
-5.1464361	-1.0535924
-2.0405144	-0.1644477
-4.7871250	-5.9109246
-1.0561940	-6.9506249
4.1561312	-5.3453348
8.5266342	2.1284096
2.9573537	-3.7816333
-3.3343649	2.4104176
4.5027326	3.0567661
-6.5705269	-3.0371569
6.1589048	-2.1917719
6.3388932	-2.3833633
7.5241189	7.5123180
1.1261393	-1.6817712
-8.8239121	7.0055781
10.9995600	2.4977638
-2.2250850	-1.5879618
-4.1400640	-8.2912454
-4.3482410	-10.7699890
7.6953676	6.9983863
5.0861516	4.4159599
-1.3573173	-8.6946107
-0.0434599	-6.0467113
-3.0997278	4.9515974
8.3489017	-0.1578851
9.7730459	-1.3941821
1.5646043	9.9019629
7.2941025	3.6770660
6.3732323	-6.1538349
-7.4965863	0.8230282
2.4471180	-6.9085781
-4.1121709	-10.2221490
7.4486505	4.9302674
0.6622351	-9.3435923
-0.4406736	9.0911260
-1.9893741	-5.8733715
-0.2663416	3.7239552
-0.6053513	2.2780850
9.0679983	7.0916676
3.6768496	-6.4246942
-5.1951038	-5.3349579
-10.1174470	8.6829981
3.8053108	4.9245962
-8.9591232	3.5601645
-0.5201974	9.7168086
-5.6431603	-6.4705059
-6.6603482	-7.2637154
6.8248921	-6.3052717
-0.7230178	-7.6031451
3.9928069	8.6675945
-1.1813387	8.4969954
-0.0649061	-9.1827686
-4.2498946	2.1104137
6.8578344	-5.9051957
-8.1279046	-2.7809058
3.8652343	-2.2274637
-2.5913700	-10.5678950
7.6568263	-2.6579553
-3.4484136	4.2392302
-7.4227838	2.9369236
7.9583431	-9.6845745
3.6052311	5.3836508
-5.2297402	0.6302848
-0.9930511	-4.0023926
-0.1987511	4.4374972
3.3498526	-3.9738976
-6.9025895	5.0416589
-4.6972727	-9.1318779
5.2516209	-0.0523174
-2.8277466	-9.2468314
-6.8248920	7.2292733
-4.9360201	-7.1080718
-9.4828534	6.0095085
-1.3530508	-3.3319399
9.9395710	8.1347856
-6.2349734	-7.9969700
-1.9366640	-8.7888532
0.8516062	-1.7231309
6.6521858	6.2056539
-7.4844431	1.2579360
0.7012937	3.3811247
1.7211862	9.3963085
4.7733558	2.6397629
-0.4061292	-5.2024857
1.4141766	9.7997521
0.4882834	7.5869964
10.4530610	-8.4270444
-3.4678234	-8.0602487
3.5690457	-2.3094884
6.0656317	6.9102936
5.8607079	4.5359493
7.6450172	0.7688663
8.3902816	1.4302679
-0.6283982	9.7863894
3.7332392	2.7760049
8.8563880	-2.8392486
-1.2479124	-5.3900750
-2.1984499	-2.8047262
-4.9835885	5.6402401
0.3762786	1.6929557
7.3002998	7.3813004
7.4939987	4.8245568
6.0185610	1.0612216
-8.6372542	-0.8996930
-9.1633434	6.5356501
2.9543275	-4.7368336
-5.3080143	-2.7584626
-1.6788668	-2.7503563
-8.0591774	7.7067814
-6.7335064	8.1097260
0.2162299	3.2757438
-1.0507364	8.4979407
-1.4239116	-1.9946123
-7.0027920	-3.8934360
8.9528044	1.3396087
7.8318848	0.0486089
6.0116730	-8.7222401
-2.9378082	-3.5009081
0.7789859	3.1395911
7.7241390	5.0804017
-1.8475084	5.6071616
-5.5278939	5.5770714
7.7801988	9.5870291
8.4252391	-7.6456448
1.1438791	-7.4829035
8.6383093	2.5197857
0.7793864	4.9756576
3.8901854	3.0137870
-7.7100617	-9.6535122
-5.2996733	-2.6494904
7.7225897	9.1384606
-7.5226828	3.0249755
-5.2208532	5.8401040
7.5324676	-0.1139395
-4.5486216	-7.9754530
5.5871113	2.0833933
-3.8957490	-3.4353447
-4.8369187	-2.7400645
-6.4556685	-2.8650967
4.8545720	7.0749440
7.5383988	1.6959105
9.1623153	3.3623085
2.8513657	-6.6652338
-7.2974459	9.4649177
2.2057988	-4.7016033
-7.3768188	-1.3832026
-2.0531373	-5.2556682
-9.7367160	-8.3511344
8.1565735	-7.0325385
-5.3753160	-7.7281114
0.7203778	-1.3671585
3.3379326	5.1004344
4.7457011	-9.5935208
5.0277528	-11.1740400
5.8532114	4.4983892
6.7563972	-6.3398301
-0.5927358	-7.7594707
0.2874028	6.3210337
-8.7574440	8.5300091
-8.7492714	-7.2434937
-0.8921891	0.2614041
4.5877939	7.0846142
-8.4811224	-5.9129351
-5.6282417	4.3762314
-3.1313034	-4.3756427
1.4129630	-7.5486511
-8.9489232	0.3663970
7.0821437	2.9603283
-8.9464152	4.8903416
10.0202810	0.9815306
-4.5985631	0.9225172
9.8276697	7.2052611
-5.5450852	9.2956855
6.2524649	-5.1051324
1.3582943	-0.4987597
-7.1302753	-8.1333294
-1.7299635	-1.4295127
-2.6628413	-6.4506659
-10.5048900	4.1636723
-5.6339020	6.4791553
-1.4503217	3.3591871
4.4280183	7.7594952
4.1297582	-1.7129399
4.3562407	-4.8880419
-8.8843296	-3.0879448
-1.0698986	-6.2999105
-10.1665100	-8.7306525
6.9724279	3.4822932
1.2615713	-8.1176208
1.9452805	-2.0021716
5.7655284	6.7584329
-3.6678926	2.4704987
11.2661010	0.0960964
7.9279246	-4.2664132
2.0778544	-8.9973473
4.8530106	2.0362813
-0.9101608	-0.1829865
-7.9432271	7.8376004
0.5426589	2.4635370
-7.7421313	3.9358252
-1.7182160	10.0773880
-0.7131557	9.6070083
4.5669401	-2.2584671
-0.1046878	4.1807041
-9.6485242	-7.9026640
-10.6406370	7.9315393
4.3302614	-6.6901556
6.9578203	2.6555528
3.6404791	6.7717753
9.6370411	1.1253207
-8.5547622	-8.7886943
-7.7783846	-8.1189692
-7.2604524	3.9953250
-9.4384383	7.8209104
0.9134543	1.3573926
-9.8522334	-2.2783322
-4.5178548	6.3167220
-8.2459575	-4.9444687
-6.9270351	4.8898487
-4.6276250	7.4647499
3.2536008	4.8904470
-0.1912388	-4.4414540
7.1222832	-8.1369940
9.4703800	3.5359453
0.1594475	1.1352690
-7.2262343	-6.2555219
5.4277189	9.0095671
-5.0700102	1.4614125
-7.9670483	-1.6291252
-4.1525214	9.3558627
1.1072221	-1.6175741
3.3513672	-2.2423960
-7.9600117	0.9247195
-5.7148136	-3.3797267
-0.9983961	6.3197507
-8.1129917	6.6540056
5.9460187	-7.4880270
9.3077907	-0.7771444
9.9021789	8.1960134
0.6942001	-9.0282351
0.5980818	-8.6990402
0.1347827	5.0567346
-5.8090888	-4.8219698
7.3784940	2.0937698
1.3899896	-1.9769615
-4.1734001	-7.0213497
6.4234732	-0.1072228
6.4329207	3.7646193
-5.1451246	-8.5049830
-8.3766555	4.9984683
10.0826700	0.1566091
0.9472121	1.5295335
4.0589198	-2.9471344
8.3849062	-5.8058710
-4.9402121	2.1450074
6.4938629	4.2836136
1.1465536	4.2419275
1.8183174	-7.4536439
-7.7814176	5.9906841
-4.9484453	-7.7317124
-2.8064148	-5.1990735
5.2103343	-8.6769212
-3.0033026	-5.8937410
-9.3000875	-7.2176523
-8.4158561	5.6892011
8.2210801	-3.4781981
-6.4984476	-1.0954627
-1.2264246	-8.3368137
7.2295016	7.8297633
-5.7336155	-5.6407486
-3.4484998	-0.0089923
3.8140241	4.6036846
-3.6819096	-0.9450472
2.3783048	3.3584875
-1.3565478	1.2721843
-2.8212848	5.0167579
3.5976022	-3.7251885
1.2186699	7.0837057
-8.0178819	-9.6265219
-2.5284172	4.5511401
-1.9190460	1.9714930
-8.0972635	-5.7747368
0.8770956	-1.8030278
0.4015895	-5.6675106
1.3887636	1.8253929
-10.0451970	5.5504567
-8.9546770	3.7080977
4.9232382	-5.0139768
-2.0076988	-0.7537721
-8.6414637	9.8395632
4.5334012	1.5423917
8.5375641	0.9454573
-0.5093983	9.0701921
2.4209724	5.2912583
-5.9673231	8.0924516
2.2284852	-4.7554219
0.6483431	-5.9112443
-5.4358392	-0.6746700
4.3187273	2.9973830
7.1775127	9.2225324
-7.7025215	-5.2319309
3.6987842	-8.7524562
-8.5668007	2.1914138
6.3822850	-1.8846806
0.1080554	-2.7884735
9.6666048	-3.6934456
-0.5157662	-1.9649101
3.3732672	5.4726398
2.8077330	-4.2164755
6.6548654	5.1235761
-3.7922010	6.6499484
-3.0836743	-6.7320483
2.9830297	-3.5195204
-9.0147967	-6.7716515
2.2631247	-3.6961372
-0.0343292	1.7749943
-8.5643060	2.5469556
-3.3942904	7.5097912
-3.2049407	-4.3964312
7.7689323	7.0830895
0.4473930	8.2231406
-8.8379552	-7.1307211
-3.4358550	1.8278025
5.4733475	9.8358859
8.3087545	8.3046985
-9.4158156	-6.8641028
-0.5592789	6.7351124
-0.2847756	0.0111134
-7.4192767	8.5957741
-9.0830323	-4.1049350
-8.6624810	-7.6013649
6.7812134	9.6076904
-4.6852825	0.8206563
2.8872780	0.1030587
8.8592194	5.5008106
-5.5198048	8.4793944
2.4460488	5.5889211
5.2712151	-1.5223718
5.3746945	-3.7012248
7.5873945	-3.6222371
2.2819034	0.1113761
-6.8405007	-0.5934190
6.8603355	-9.7803290
-7.6545542	8.6118954
5.1013424	-7.3294012
-5.2538779	-2.6254942
9.2471485	9.2953400
3.5886914	6.7106197
9.1423032	-8.3053301
2.4200694	-1.4034935
-0.0899573	8.1975148
-4.3850489	-7.2643286
-4.8891626	-2.5604520
-9.8841450	0.9702812
-5.7629370	2.7034106
3.1406872	-3.2135549
4.6830255	7.6603332
-9.1991721	7.1400540
-8.4876539	3.9291708
-4.0334556	1.2528505
-9.0680629	-8.9851610
1.5836414	-5.2186421
-0.9210229	4.3930279
3.4256723	7.1515495
-8.0156515	-6.1477203
-0.1410284	3.4896883
-0.6116501	-8.5663096
6.6773407	1.6554195
3.7521224	1.8996496
7.8243156	-5.4312924
6.7894886	5.3081174
7.0186986	0.7700838
-4.3098977	-3.5399802
2.7823769	5.4716779
-3.1074550	2.7477378
-7.1424864	8.5217094
3.0731042	-1.9271293
7.0924787	-1.1695093
4.6861327	-9.1414422
-1.8544686	-2.3004600
-3.3510652	-4.4380892
3.7610684	-5.5754136
5.3608101	-0.7065226
3.3759295	-7.8532742
8.6395255	8.9702009
-8.5614366	-7.9314720
4.4893969	0.9138127
7.3565116	-9.2959671
6.4771111	8.9132445
6.7278413	-0.9721766
-6.9412981	-4.6585191
0.2488312	4.1483365
7.7223578	2.2765819
-4.0402683	5.0736825
-9.0129513	9.4286847
8.7152814	-2.8898288
7.4055534	-6.6820662
-5.8390164	-2.3603584
8.9734264	5.0573380
-5.9780664	4.2376796
4.7909278	8.7958459
-8.3205874	-8.5343064
-1.0405968	2.3626382
7.2638594	6.1651086
-3.9619820	6.5984180
9.6579553	2.6091286
8.9709897	8.0776908
1.8741337	7.5732627
-1.7897554	5.2576264
9.8016867	8.4522509
3.3800674	-5.1327271
-5.0086121	-2.1341233
-1.1756646	6.2352991
-1.0396107	-4.6398334
-8.2067415	7.3781005
-7.9298010	-6.7143823
-2.0263417	-2.7391406
5.3624831	4.8139602
-6.8270626	-5.5815557
8.3542788	-8.5927050
-5.4843115	-3.7854072
0.7919133	-0.2002781
6.2991967	-7.5864126
-4.0828333	3.5348596
-6.0992298	-3.7651947
-3.3796165	-1.6379530
4.5320328	6.9070405
-0.6650476	-8.7733853
-3.1391214	-0.2592160
1.0767661	5.1409982
0.9298217	-0.5967123
-7.7221846	-2.9047275
2.3710448	-0.5469524
1.0218709	-5.6439778
-4.4883117	6.3607359
-4.9055457	-2.4896432
-1.8116842	-4.3255870
7.3943658	-7.1578965
-7.6741685	-0.9112371
0.8649179	-2.5267391
8.0508630	-3.6497327
8.5719071	3.8034332
-0.6842546	4.1860744
-8.0731752	-0.6502913
1.8134082	7.5563672
-5.6536207	5.0565683
-6.1914448	-6.7823472
-5.4022781	-3.5532677
6.9271577	0.3222769
-5.1807412	6.8760297
1.0639583	-7.3242943
0.0617240	7.4376160
6.0672618	-1.1863351
-0.4758639	-7.7200826
-1.6953307	1.4239636
-0.2156321	0.5990539
-7.8834332	-4.3754427
-3.2274131	-7.7862022
-9.7944973	1.2791662
4.3232863	2.2026879
-3.7580020	-4.3108384
-8.5640165	-6.8164133
-0.1135964	-0.3194598
5.2661972	-9.2871061
-1.5470952	-6.2311524
-2.9607566	9.6544786
5.8472997	6.5050096
-8.1364320	-1.4493172
-4.5447904	-5.1968146
7.9677600	-5.8290095
-9.5302976	0.5771032
3.7537960	-9.1151504
9.4438930	-0.0034094
3.1725120	4.4476617
2.4952346	6.9232987
-9.1989756	4.0823895
9.7890804	6.3401150
-2.7102101	-9.1430082
-1.3549201	7.3829084
-1.7548524	-0.0791147
6.3698443	8.6370777
-6.2123189	4.4862837
-2.0202864	-4.0646937
-4.4555280	1.1294993
-3.9526411	1.5159004
-3.5714074	0.5263687
-7.2821476	1.2673060
-6.2123995	-6.1960822
-6.9861719	3.9704926
-1.8463768	7.2973846
-0.3730230	7.1415321
-9.1450622	-8.9734673
9.6809349	-0.4224614
-1.2909099	-8.7011650
-5.4547779	7.0318690
-6.0634535	-6.4395308
3.5317890	1.2014567
-1.2753120	7.3065943
-3.7600910	7.7112502
-0.6472476	-2.8226385
3.5208050	1.0332017
-0.0928285	-1.9780486
1.8434632	-3.9289690
-8.0929606	4.9207859
-4.5438617	-6.5268937
-1.8995928	-5.5820020
9.6921620	0.1410618
1.0163833	2.9268731
-0.1073771	4.4709443
7.4046083	-8.5154400
-8.1097253	-5.0174592
-0.7667114	-4.9561127
7.6162205	-5.5350145
9.5233996	-1.1441800
8.0851661	-8.6349462
8.2626314	-7.2178053
8.4151449	-5.5208972
-0.0825411	7.7122906
-8.1117019	-9.0628293
-0.5817760	-7.6773498
7.2065291	2.2108519
-5.8168870	8.7937840
9.6540645	8.2144637
-7.4423587	-4.6833844
-5.1303602	-7.9908868
-0.0161285	-5.6766354
-3.2853662	-4.3580010
-2.7009997	-2.9928083
9.8262864	0.3259988
2.8960332	0.0650321
2.0830921	5.8489788
7.5166491	2.2909430
-1.1432254	5.0369259
-6.6039731	2.4466907
-4.0483683	-8.6626713
-6.2033480	-6.9370946
-6.7622886	-8.8841278
0.8367170	3.0565043
-3.1259519	-8.5126414
4.4435252	-9.7822223
1.8116417	-6.0421034
-4.0027356	-4.0230143
7.8106154	2.3361343
7.6355576	3.3010441
-8.9099772	-7.1879041
4.7403564	-3.3197389
-9.5977064	8.4901457
-7.8547073	-6.8435981
2.4207197	6.5738994
-6.5538297	2.8946487
-2.3599934	-7.3494970
-7.3184193	-6.1243515
4.6758842	0.5767388
-4.4008073	3.9649523
-2.2988979	3.7654366
0.3412435	-1.8354976
-1.0032059	5.2775868
7.7079702	-7.8472969
7.0953922	-9.9916780
2.7993289	3.8730975
-4.9998997	-1.9344819
-0.5876146	-5.4178656
-9.7536532	-8.9288374
0.1091758	-8.6935114
9.7143769	-5.3611467
-6.6289200	-9.4011133
2.7015849	6.7998839
2.0595683	-0.6101143
8.9851729	-2.1098250
-3.0336456	2.3522138
8.0261303	3.3539268
-6.9971598	9.1955889
1.1607865	-2.4943453
-3.8360924	10.0250570
-3.0450753	-0.7232150
8.9903871	0.9811484
7.4652500	3.8613792
4.3970453	-0.6700558
3.5928553	-6.9689607
-3.4457546	8.3905966
-8.3096798	-5.2014670
-8.4397089	8.8928025
-9.1052547	8.9048128
6.1881284	8.7985646
-8.2462399	5.4348770
-6.2102178	-4.7313914
1.7538590	0.3395319
1.2573101	2.7472285
4.9733631	1.7809809
-6.7419098	5.3883714
1.8739377	-5.4739427
-0.9076611	2.6076374
-8.0857175	-8.8334485
-2.8539613	-6.3946856
-0.4704059	-3.1014811
2.6005646	-6.2209427
-7.9637887	4.5569563
-8.5028226	6.8425500
0.4560438	-5.1224305
-2.5304123	-3.4487746
2.3852378	5.2993055
5.3368379	-9.1618086
5.0221561	-0.7530052
-9.9641428	1.8840686
2.8696736	-7.7625362
-5.0654585	6.7958064
1.8140740	-8.6083656
8.8437699	2.7406932
-3.2075175	-2.7304253
-3.9803400	2.6134753
-6.2266241	9.5271398
2.9793828	-2.9302419
-3.4957108	6.1922992
9.8745782	-3.3644448
-8.5219844	-9.2971172
-2.1556769	-1.5631633
-4.8786906	1.5331792
-3.8881763	-6.6662942
-6.5705419	5.8247919
0.8838681	-5.5111931
-9.0036063	-0.4403798
-9.6081190	0.4877572
-0.4202870	0.9503026
-4.5475343	-1.1430820
4.0848499	-4.6869616
0.5496238	6.0922007
-1.3919326	-1.6730289
1.7558925	3.0152713
-2.6091141	9.3917048
-1.6333776	1.3998258
-8.2965434	-8.2243204
9.3186273	1.2347125
-2.6695363	-6.5814780
-4.9477600	9.7165002
9.9461988	2.4289388
2.4234824	8.1131817
4.1896364	-8.8454236
-4.0199006	1.5024670
0.6695170	3.7264299
-7.2753310	-1.8761700
1.7237167	-8.2976935
-0.4565331	7.1111685
-7.3714321	7.6382634
0.4245313	7.4403355
-3.4949936	2.6365657
8.9261488	7.6847678
-7.2857945	4.2834912
2.9293031	0.5438412
9.1659000	-0.7514202
9.1564779	-4.3422048
-6.0088858	-9.6869836
-2.9042677	-1.0132260
-8.3059644	5.3981933
0.1993000	8.1008459
-6.5193109	-2.5628122
-0.8506820	-0.7252742
2.2659052	7.7181196
-6.0327652	1.2074913
-4.6405294	0.6243276
-5.1138379	9.3283327
8.6475862	1.1871485
-3.3889066	0.6417189
2.4554152	-3.2148431
1.4749094	9.8512620
-5.1312391	-7.9393896
3.3234873	3.5745202
-7.5743067	3.8892397
-0.2466105	5.5468552
-6.4525893	2.5185545
1.4449668	-2.4623200
-3.0608605	-4.5321330
-1.2463757	-1.7090746
8.3071998	2.9863814
5.3795633	-1.4746857
-5.8811438	-1.6422195
-0.5558388	8.7745038
5.6578682	-2.1566715
-9.0776365	2.7808148
0.2300794	1.7927069
-0.2738472	-3.2565991
-7.8937380	-2.3934228
3.2203803	7.4640960
-6.3338417	8.6544008
-6.0077765	8.7970910
-2.3285346	2.3599377
-5.6163581	8.8659050
1.1628189	-5.3092776
9.4990158	-6.5289687
-8.8832419	-8.4382403
1.2728520	-6.8231200
-0.2675639	-7.7439541
-1.9430501	-4.8619144
-8.3972009	9.0219421
8.8495647	-0.0575546
-2.5049891	-7.1851825
2.1787848	-0.9849302
-0.8652021	-8.7958827
-4.5251197	-0.6651824
-3.8290037	7.2459514
-9.4380797	-9.6930267
5.5954190	-4.2029170
6.6674890	-5.4855108
3.3614687	0.1299089
-1.9461929	-7.2737642
-7.3454606	6.8635257
3.0681172	-7.0617105
-9.8733290	-0.8575382
7.7569139	4.0538998
7.1381372	0.6655611
5.1853276	5.3176525
0.7548337	0.2902628
-0.8168924	8.3591996
2.9918240	-9.0690564
-7.3255412	7.8784960
1.7624854	-1.7657799
-2.4882587	-8.3346559
-7.0296112	7.4102188
-2.7492728	2.0736598
-1.8663313	6.6041096
-1.9897822	5.7520646
-4.2286376	7.1646498
1.5732883	-0.4528738
-2.3006697	-3.2464896
-9.9240011	-5.2917152
-3.3931736	5.8896708
3.0211437	-2.1778388
-9.1837297	-7.4022395
2.0043161	3.4285699
6.0202164	7.3998824
5.8324357	4.2156816
5.0393467	-5.2840178
1.3676932	-9.3463450
7.8107795	2.8422910
-0.1083568	9.4442015
8.6380365	5.6065253
5.1202042	-1.3418758
-0.2926676	5.0124853
-9.1151555	-2.4892522
-8.7762554	8.6041740
4.7560514	7.5915247
2.4976378	4.0229983
5.3005333	0.0739088
-8.1106100	6.5773657
2.5588381	3.8520391
-0.3135582	9.4344646
-3.3952900	-4.6021708
5.3394438	-5.7358066
2.3220004	-5.0134784
-3.9480447	-5.5678114
-7.0818147	-8.9270842
-7.1707422	0.9320116
-9.3916569	4.2609722
-4.7445447	8.0455089
-7.0844901	6.6636942
-6.9630285	6.9645543
-9.4638055	6.6305437
5.7920035	3.6964090
-9.5280683	-5.6917811
-1.8738609	0.9274308
2.9169036	9.2589477
-3.1263944	3.3108014
-4.6585791	0.7012513
7.4750678	0.0979564
-4.2001241	0.8768352
-0.4966014	-3.5245280
3.6523516	-9.8204313
2.9352876	-1.8609935
-6.6756799	0.5899264
-9.3335080	9.9730933
5.0687265	-3.5774244
8.7328945	-0.6619997
-6.3313043	8.8248489
8.5964489	9.3738803
-3.5406483	8.1208490
5.9424558	1.2149288
5.2386626	-2.6824438
5.5128588	-0.3673089
-1.5551485	9.4089758
-7.3770749	0.3485122
1.8007968	3.3260576
3.1587207	-7.4262167
6.9044497	-3.8719060
9.3944073	-6.0042694
8.9916820	1.8293186
-7.4333535	-1.3177748
2.4518364	7.3013786
-4.8956234	-9.7368436
-1.6569591	9.0484680
-7.9772970	-9.7111529
5.7690981	-5.5291198
-2.7989692	3.1215506
-7.9737806	7.2910483
-1.2378206	2.5279891
4.3296988	-1.5957855
-1.5623752	1.5338213
9.6973608	1.9348395
8.6943815	-1.4388340
-0.1298460	9.9795627
-7.9144339	7.9627780
9.1408576	5.2196071
-9.3321834	-2.0357423
-8.6330067	-0.6031860
1.3542916	-1.0664722
-4.3879281	-3.7669767
-9.0244103	-6.1108929
-4.3875763	7.2563184
-6.2433683	8.3591090
7.4072403	-7.0086289
0.9349736	-9.8088668
-5.1814028	-9.1391029
4.8394133	-6.4426358
-7.6439929	-2.6527228
0.4159871	9.3999993
6.6308090	-4.6833481
9.1786939	6.0501398
6.7008648	-5.1474698
1.5044382	6.4143444
-5.2470174	5.5770706
-1.7954991	4.9631940
0.3977376	-8.7389981
1.0186463	7.3218689
2.1499196	-0.4196894
-5.6117346	6.2573805
-6.5566309	-3.7955547
-4.7739821	5.4400113
2.0870253	1.7094539
-1.2565622	3.0221339
-4.8266863	-6.1444187
-1.1232874	-5.2410420
-5.0847166	7.4511227
-8.1508352	-1.5030685
-3.9979960	-10.0011320
2.7821441	1.6092705
2.3964447	-4.4149521
6.2228852	0.8220484
-3.9235446	-4.0325262
1.3757160	8.9010575
9.3276495	1.6435815
-0.4262511	1.9894768
8.7476523	-2.2094127
9.8673821	-9.7372459
-0.4322820	-0.4337077
-6.4629260	-7.3772518
7.5227914	9.7473721
-8.1185967	1.2311249
7.7151279	2.2082477
9.0574517	2.6086465
5.0326208	-0.3907667
4.2437224	-3.9610895
-0.7612891	4.5728506
-6.1639720	-5.4387530
1.4583406	-2.9468074
-7.0870568	-4.5690347
6.9027998	1.8246651
5.5567597	-4.6298821
-8.6566553	-4.7507542
5.8769286	-1.1074064
-6.5177556	-7.8572042
-6.7217366	6.1219646
8.1993571	8.1211735
-8.9888639	-9.6182845
2.7536423	-5.0637889
2.9845142	5.4556601
-6.9475640	4.1396202
-9.7223417	-2.2086512
0.0599319	-9.5328818
1.3225384	8.7418796
-5.3458760	-1.9347360
3.4156302	2.0338829
-8.4077323	-6.1673853
7.5564113	1.3746600
-1.0420689	-4.4124276
4.3975052	5.1729048
-0.1146263	2.6333749
-2.8631524	-3.1798774
1.0452114	-8.7575522
6.0710475	5.1967243
0.3160119	3.9253428
-2.4387926	4.9163396
0.1545690	4.8851641
-9.2356119	7.0741844
0.4897920	-6.5286468
4.5234497	-6.8192557
0.8347192	4.7775763
-5.9210915	8.3867812
9.3071445	-5.3139586
7.5370453	-0.4851509
-0.0614204	7.1005876
7.7848231	1.2400220
-1.7660498	3.1802964
-0.6993056	-3.4138440
3.8043543	-0.2275272
-2.2486880	2.5991361
-1.1367546	6.6382337
-6.1326396	0.7750091
-2.6965380	-1.5789578
1.4691297	8.2403937
6.8340097	-0.8451032
-6.3396483	7.0196944
0.6994339	2.8620822
2.1215202	-0.3826429
-0.5896089	3.0129560
4.3160484	7.0163459
8.2025989	6.2121778
4.7920349	-5.1457270
0.9334893	-5.9728127
-3.1925867	8.0963561
9.8491330	-2.8361808
2.8061096	-0.3909638
4.0101946	-6.2722191
0.6272046	1.6105050
2.3138575	-3.4737183
3.5047614	-9.8034890
0.9351969	8.8529773
-6.7283071	5.8898711
6.3300020	3.3368670
4.9841679	5.3357082
2.2778454	-4.3543876
-7.0225996	-4.9680614
1.3040103	2.5193890
-4.4426721	9.3572314
6.9682566	-9.6674540
6.2285854	-2.6471980
4.5959671	-5.2909421
2.5724678	3.1235001
-7.8678583	-5.3079396
5.3316642	-8.6393829
-5.6657188	-9.7453396
-1.7764136	7.5660627
-5.5897772	9.5705152
-4.1224360	-1.5907839
4.5519049	0.5447304
0.1567398	-5.3709687
9.6076734	7.3061041
6.8698020	-4.5856949
8.0904817	8.2978558
7.6049086	-2.1384095
2.0107980	5.3686706
8.0082961	-4.6570353
4.0336392	0.9029399
2.2370679	-5.1315844
-6.3045396	9.8273262
6.5692340	7.0824233
-1.2068590	-7.8996139
0.7606330	3.2401481
-8.9737224	1.2232898
9.6847683	-5.1025616
-3.9983290	3.2285136
-4.5393602	-3.2120851
-8.4591005	0.6032853
3.6875728	-6.1268525
5.4652000	7.3582018
-2.2677053	-7.5148385
-4.6912997	-9.2196811
-7.4809083	3.1295011
0.4542886	-4.6635399
1.4622901	8.8329358
9.6298245	4.7282174
-7.0157304	-0.0009571
5.2713541	3.9868371
2.4534983	-9.0274307
9.9664321	-3.4405124
9.5911611	8.1918623
-6.0072491	-6.4555432
5.5892030	-4.0491311
6.5030482	7.9241650
5.8787121	-4.6134093
6.7862612	7.7467315
-0.3841557	2.4380557
-8.0063007	-2.5810148
3.0897945	-8.8850590
2.5495710	-5.5576228
-6.2398214	7.7276467
8.5311372	-8.0189748
-7.7989103	-2.5492523
5.3057018	-5.3672523
-7.9338323	-1.7112867
-4.3243277	6.7433667
3.6424900	-6.0838425
-9.1090988	-4.3334720
1.7281605	8.0361724
1.7906920	0.3997691
-4.5138425	-1.9773959
-3.4205252	-6.7455831
-9.1380316	-3.1122095
2.5481696	-9.9023864
-0.5240424	1.5911679
-6.4891707	-10.0045180
-8.2300450	6.0612850
-3.1575379	4.8973162
-1.3159206	1.1223998
0.4997509	9.7185064
-8.9640057	-3.5581393
1.5342434	8.9034203
-8.8325841	0.9126762
-8.5763802	8.7256577
-7.4027195	4.1861588
9.1179491	-4.8298542
2.0132861	-5.5264336
1.4041301	0.7728435
-9.7221639	3.1019023
8.4632290	9.5472493
7.4136464	5.3539764
3.3535328	-2.0022619
-5.0408057	8.9280810
9.7561254	4.3800290
-6.7252324	-1.4859600
-7.3020089	-2.7562675
-4.5523830	1.1819861
9.5902850	1.8422083
-8.3066003	-0.3498405
5.6268824	6.5919609
-8.8328638	4.9741477
7.1639885	-6.9858697
2.4811310	1.3139589
2.2942753	-9.8058787
-8.3415411	0.3860758
-7.0044063	5.7751268
-5.5701379	4.0254462
-3.6641398	-1.3301421
4.1730385	0.7606097
4.5406487	-6.6530872
8.2743338	3.2578249
5.3010077	8.5716608
-9.8678536	5.2924989
-6.2452377	3.0733438
-9.7033581	6.6167415
5.5941123	-0.8928072
-4.5196543	-7.9929026
6.1683455	-5.5547284
-1.3047866	4.6290599
-1.3305054	-2.7082421
-5.5366510	-4.2967229
8.1107914	1.7307609
-2.4456673	-9.6741865
1.1014663	4.8290440
-9.0778043	4.1512154
-6.5905795	1.9612418
5.2395763	9.8764657
7.2070465	-1.6135765
2.2874095	7.6193661
-4.3699828	2.2032541
-5.6646171	-3.8312804
-6.4187806	-7.3509657
-7.8150179	9.2349396
4.4397556	-6.4046608
-1.4325447	1.5486249
5.3615964	-5.1311529
1.3816490	-3.6168460
-8.3924806	4.4088118
-0.8920648	-5.0008991
-5.7374735	3.8291392
-0.4879697	4.6727011
-3.3627949	-7.1017042
-6.0007521	4.4095670
-2.8840183	-4.1453284
9.8867361	-4.3348000
7.3086595	-8.7245378
7.3194098	8.8415186
-9.5595659	-4.9521008
-0.1283406	-7.1781201
8.4145370	6.9850993
7.6972897	9.6385942
8.5559461	-4.0111572
8.9770493	5.3272698
5.1701849	9.6187846
8.2536121	-5.4887266
-6.5003456	1.2709234
9.5547305	-2.2101384
-7.7879132	8.7838017
9.7711363	-6.2105661
-0.5327755	-6.6654384
-5.7722226	8.7688376
-5.8523239	-3.5038344
4.7384513	4.7151165
-9.2853661	-0.2152675
-7.5576844	-6.1862157
8.2221893	-0.2834008
-4.5214295	2.5986792
-3.3547050	3.5811268
-2.9177153	7.5113711
-5.5345200	3.5195845
5.6196691	-0.4113634
4.9739798	0.8080365
9.5134112	0.9469444
8.1137919	-8.5678387
-6.2582800	-4.5037120
9.1546265	9.4867996
-6.4263249	-9.7313830
6.1205621	1.0603407
-0.9593604	-6.3079803
9.0758636	2.9920833
-9.9614057	-9.1753889
-2.9582589	2.6122332
4.7580278	-5.1420961
-6.4219016	-4.3557339
-9.6909461	6.1327315
-6.2411131	-0.2778160
1.5753426	-6.3445166
-5.0536899	7.4922479
-8.2900476	-7.1567899
1.7715092	-9.8040856
9.8846904	-1.1564423
4.5972469	-3.2193663
1.4216338	8.8632682
-5.6663003	-1.3703197
5.3915843	-7.6276068
2.1658160	-7.6450362
5.5888460	2.9215790
3.4004522	5.5631981
-1.7724329	-4.0677162
7.5844432	2.5580838
-3.4644090	5.1556297
-0.1053737	-2.4324646
-1.1392190	-4.9795613
2.2141965	-7.7626992
-4.8334532	-3.5885222
-8.5616811	3.5468521
-5.0937497	5.7977801
4.8870242	-3.8472925
-9.5522898	-1.9407888
-7.0447833	0.2104899
4.8556878	3.1190208
-3.3023174	7.4941949
-5.2481705	-8.2453890
8.1034120	7.5325453
-4.7601650	-9.1128034
-7.5101461	-1.7188556
-2.2993551	5.9072813
-3.9558181	6.6864095
1.8841736	1.4961435
-4.5693202	-8.5647600
4.3833818	0.2714569
9.1129750	-9.2909702
3.9069846	-2.8446815
0.4835145	0.9118221
-3.1636727	-3.1194371
-7.1818115	-8.4604428
7.7642730	9.9372813
2.5398156	4.5974437
-4.7089403	-9.9758456
-9.4242359	8.8905697
-6.3979880	-7.4497156
-3.6809029	5.9988640
6.3415515	-2.7228030
3.5832093	8.6291012
-8.0469939	-8.7800816
3.9543707	4.1548154
-6.8267735	-7.7706925
-3.3450152	4.3509969
-3.7019115	2.4529429
-7.7461583	0.1470228
7.4681575	-9.2613104
-3.6087330	-4.5118342
-0.4321058	-2.4326266
-2.2017224	-5.2602496
3.4755750	-7.0192351
-4.1192394	-6.4527308
9.2649522	7.0167970
-6.3951020	9.5774305
7.7724682	0.9273773
8.9268232	-2.8237498
-9.9377323	-6.3609428
-8.5272261	-4.1664145
4.1941035	-5.2044197
-9.3506369	-2.4319509
-5.1744893	-5.7611462
-3.8762299	-9.8561297
0.0468725	7.2254982
-0.5538223	7.7764991
5.3096911	-0.0414998
-7.5829482	2.8908347
5.5393100	-4.3513187
4.1340893	-4.8858831
-9.5405866	7.3347365
-2.8182537	3.8094822
-3.2614718	7.0482823
0.2580821	5.2595522
