jMRUI Data Textfile

Filename: dataset23_nWS.txt

PointsInDataset: 2048      
DatasetsInFile: 1         
SamplingInterval: 2.5E-1    
ZeroOrderPhase: 0E0       
BeginTime: 0E0       
TransmitterFrequency: 1.2322E8  
MagneticField: 2.9E0     
TypeOfNucleus: 0E0       
NameOfPatient: dataset23_nWS
DateOfExperiment: 
Spectrometer: 
AdditionalInfo: dataset23_nWS
SignalNames: dataset23_nWS.txt;


Signal and FFT
sig(real)	sig(imag)	fft(real)	fft(imag)
Signal 1 out of 1 in file
49933.2390000	-16.4394810
49689.3520000	1.5764667
49467.6220000	22.8968920
49251.7710000	14.0566340
48976.5310000	-14.2853410
48787.4740000	-1.8675116
48523.3280000	15.8925140
48318.3010000	4.5568434
48102.1610000	-13.4921450
47852.3840000	-0.7818317
47645.4380000	19.0231270
47416.6490000	-22.9571820
47190.7100000	12.8366410
46978.7030000	16.7807480
46756.4330000	2.7766907
46538.1070000	-2.7977072
46315.8840000	-8.0637820
46067.7170000	-14.8364350
45883.0510000	-20.0280240
45652.3150000	-5.7541998
45422.4740000	21.6437070
45236.0320000	18.7401050
45000.3480000	3.8516395
44812.5500000	-3.1057901
44600.1380000	0.2913935
44385.2530000	3.3347499
44177.2770000	11.8584280
43980.5140000	18.9326410
43748.3900000	-19.4304460
43569.8220000	21.8800780
43358.5030000	22.2582060
43123.1840000	-5.6305795
42946.1450000	-2.3324177
42745.6960000	-1.5340638
42550.0310000	-9.6626094
42361.3440000	13.6557290
42133.9620000	-22.7918090
41930.1300000	-0.8288206
41743.4520000	21.4698210
41550.9180000	9.7839266
41342.4630000	-5.3077881
41169.6400000	6.7014775
40968.1940000	-17.8125970
40773.9740000	-23.1272150
40564.0580000	14.2936780
40397.3900000	-14.1332350
40215.2730000	-9.8475183
40012.5410000	-11.1182910
39818.4480000	0.7265386
39640.7130000	-17.9002620
39473.1880000	18.4317220
39255.6330000	3.2626915
39095.2680000	16.6090890
38907.8360000	3.4030107
38726.5900000	8.0967839
38524.3210000	-17.2976330
38335.0950000	15.1708110
38162.2240000	0.7092441
37997.4390000	-5.7697264
37821.3390000	-9.7724741
37612.1440000	17.8563040
37474.2060000	-21.5084730
37289.6720000	13.6361790
37101.8830000	20.3697980
36913.7380000	6.6881572
36742.4990000	-6.4087369
36596.8650000	-18.1453560
36398.4620000	-20.2131900
36263.6610000	22.7645520
36064.1080000	-0.8216571
35915.6700000	-19.3492360
35724.2910000	20.6453960
35587.5890000	23.0574810
35394.7160000	14.7254780
35219.0360000	16.8280600
35078.7110000	17.8118830
34908.9420000	17.9043600
34757.2020000	14.4076060
34550.1590000	10.1168230
34409.1680000	17.5650710
34263.9680000	22.3306580
34073.1800000	19.8720180
33942.5300000	-7.0216687
33752.4560000	-16.1602250
33626.7000000	15.3999340
33434.0790000	-23.0894990
33317.7330000	2.7565566
33116.1330000	-1.5630059
32966.1090000	-8.6558983
32833.6250000	-22.6733540
32662.6120000	18.0472350
32541.2110000	-13.4580500
32375.9590000	-9.5383938
32206.7620000	-20.7588340
32065.8190000	-14.3148090
31896.1600000	-11.9828450
31742.2220000	3.2306314
31633.4270000	3.4996356
31448.1210000	17.3581600
31332.5200000	-17.1626930
31155.6080000	6.3666638
31030.8510000	-22.4608260
30888.7790000	-1.6642199
30747.5460000	-9.4833056
30601.0710000	-18.1969470
30460.1420000	-9.7522549
30288.5530000	-18.6312390
30140.7530000	-3.8075713
29998.3460000	18.9734350
29881.8090000	-3.4134334
29713.8970000	-8.3533060
29606.4420000	7.3753295
29474.6140000	0.9819998
29324.4820000	-1.0643461
29191.7560000	14.8860290
29061.2580000	-4.6592466
28922.9260000	13.2248980
28773.9270000	22.9943620
28637.6320000	-20.7443700
28478.4220000	9.5484983
28358.2250000	3.8430458
28227.1020000	20.0288100
28084.4770000	-2.9225766
27943.9410000	-22.5832570
27854.6000000	-5.5977882
27686.2210000	-17.6061060
27580.2220000	10.0898850
27456.1860000	7.4456703
27304.0320000	-17.1894970
27201.6310000	-19.2501420
27073.9490000	-19.5753520
26941.4100000	-22.8320820
26810.3470000	-0.8194454
26682.2850000	-19.6626230
26537.9290000	-9.1368068
26428.3140000	19.8720200
26328.6980000	-0.3000016
26200.5610000	-17.0066960
26072.9270000	-17.3727730
25944.2840000	8.2624576
25816.0920000	10.7351670
25712.4610000	16.4413570
25549.8960000	-20.5378050
25439.4100000	-23.4049810
25318.3980000	1.7791728
25229.2990000	-10.2586670
25108.2430000	19.4600140
24970.1250000	-1.9763797
24878.1940000	-18.5628800
24762.9280000	5.5767784
24611.5440000	-3.2805210
24511.0430000	-3.3417207
24414.6270000	21.1437280
24302.3560000	-1.4243114
24150.0220000	18.4078370
24053.2970000	10.4943170
23949.3510000	-12.5416300
23832.6640000	-9.3222463
23713.3220000	-17.0129140
23586.8930000	-6.9095459
23477.3370000	-19.3988420
23362.2440000	11.6436710
23268.8530000	7.7574417
23179.2040000	16.1306930
23064.6380000	6.1234041
22968.4480000	19.2408890
22814.0080000	-10.7894720
22744.1590000	-1.1054501
22640.8270000	16.7886320
22500.1800000	-6.1923037
22392.6410000	-7.1957463
22323.6470000	-4.7069655
22180.9430000	-13.2179980
22078.7510000	-3.6969552
21981.1640000	18.7955900
21866.2600000	18.5376990
21788.8190000	15.0913720
21661.4890000	8.8429334
21563.2270000	19.9504040
21490.3060000	-2.1511900
21356.6120000	-2.4760783
21264.4810000	9.7569003
21178.4070000	-14.2990960
21096.7640000	-2.2525442
21000.7900000	4.1266552
20894.9680000	16.5629450
20763.8990000	-16.3660170
20702.5080000	19.6164980
20582.3760000	-17.3491150
20503.9650000	-12.1186500
20389.8350000	-12.2294780
20302.1300000	-7.4707148
20212.3550000	2.6157156
20085.6870000	0.8159063
20003.8960000	7.4219475
19928.6360000	22.3584400
19822.8070000	0.8072640
19714.2830000	-15.2696170
19625.9830000	8.2250299
19551.0090000	-5.6114845
19438.5520000	-5.1167386
19378.0650000	-3.3547668
19281.9420000	-16.7137420
19169.0860000	16.5654710
19103.4010000	11.5329310
19009.7610000	12.5656700
18934.3380000	1.1567892
18810.9920000	20.3985080
18719.6370000	-12.0340510
18630.4950000	7.2035481
18570.0610000	10.6443640
18470.2030000	13.2446800
18392.2300000	0.8654343
18283.9600000	-12.3342740
18207.2050000	1.8224576
18133.4330000	9.3248019
18052.2220000	19.5324270
17950.0350000	-3.1637656
17897.1910000	10.4046330
17805.7200000	-5.3654353
17721.3630000	13.5739830
17615.5110000	14.6112390
17541.7480000	12.9524720
17465.8470000	22.3366090
17361.1910000	-13.7842800
17290.5880000	-14.0493180
17216.0510000	-13.8129060
17148.4940000	18.9290290
17066.3920000	15.8117460
16954.9710000	-14.8895920
16900.7520000	4.0345007
16813.0010000	-14.0286310
16715.3370000	-5.0406953
16633.6200000	3.9585302
16562.9410000	-3.2869058
16521.4830000	4.4491057
16405.7380000	18.9020820
16327.8180000	-18.8945230
16286.1860000	10.2553780
16171.4550000	19.5457980
16091.9810000	-1.2853046
16025.8990000	3.8599870
15944.2980000	12.3572610
15873.9100000	-22.9969720
15793.9430000	-6.9491132
15721.1940000	15.4974530
15685.9570000	4.6261134
15579.3090000	22.6205430
15516.1230000	-1.9376964
15438.5900000	-6.7960387
15389.2590000	-11.3720690
15311.2690000	-8.2541657
15212.3180000	-14.3944230
15149.2510000	22.7854100
15103.4550000	-21.3031350
15011.7480000	-19.0984860
14931.5120000	0.1975509
14877.2980000	21.1436090
14780.7440000	15.1423470
14756.3830000	-1.6586994
14654.8470000	6.6931495
14584.4210000	-18.5190160
14541.1520000	-22.8312530
14445.8840000	12.4309600
14411.1030000	11.4693240
14304.8360000	-13.5932530
14273.7760000	4.6192250
14170.2510000	-0.4785249
14139.4860000	13.6052990
14054.0410000	-22.9645020
13978.2920000	13.7468640
13907.9830000	16.9515150
13860.9790000	18.9247350
13769.7030000	20.5277370
13751.1350000	4.4370798
13659.8310000	5.1294844
13620.9760000	17.3600700
13515.3800000	4.0807393
13460.1930000	8.6024280
13428.9590000	-21.6092840
13361.6080000	-11.3350880
13259.5170000	-16.5720790
13230.6330000	-6.6676372
13170.2040000	-7.4612505
13078.8600000	9.8141279
13027.4700000	11.7635310
12960.5810000	-15.2332850
12909.7450000	-19.7261230
12868.3430000	5.6555127
12772.7130000	-5.6239603
12712.9270000	14.2510400
12655.0200000	-7.3416442
12628.7820000	-8.1635583
12556.2290000	-0.8547023
12474.9940000	15.4096910
12440.9680000	-0.7374232
12377.1280000	-20.5097710
12337.7070000	-4.6143586
12249.6150000	17.1334090
12216.6360000	-15.7129470
12150.4580000	-12.8973250
12069.4450000	10.3911940
12052.0710000	5.3244032
11963.6500000	4.3989160
11933.9690000	-11.1934560
11874.5140000	-20.9813320
11820.3070000	0.9921032
11759.6280000	-1.1075915
11677.1460000	19.9119420
11653.3680000	5.4346877
11598.1780000	0.6337682
11544.5530000	-10.0520610
11481.5620000	-12.1840030
11446.4190000	-23.1492510
11377.1580000	-13.5734290
11332.2990000	-0.1085543
11285.5700000	6.2901371
11215.8690000	16.1905430
11148.1110000	9.0550817
11109.6200000	18.6015810
11044.0610000	-15.2356930
10989.1060000	-23.4327070
10961.6600000	-22.3012270
10878.9550000	0.7610254
10823.4030000	-6.8337428
10780.0710000	-23.1022480
10736.9810000	-6.0329154
10710.7160000	11.8559090
10651.3270000	3.2264255
10611.8730000	-4.6008985
10547.0920000	6.4242885
10483.9110000	-21.2587170
10439.6170000	-4.3080457
10378.3020000	4.2071334
10341.2470000	-17.3418570
10279.1590000	8.6313911
10236.0320000	-3.5985630
10183.7000000	12.2114320
10138.2440000	10.7194920
10093.3370000	-2.5084013
10078.2400000	9.6168446
9993.3140000	-7.8590148
9964.2331000	-18.1829750
9933.1510000	-3.9488892
9883.4640000	-18.8977160
9813.4829000	-9.6864024
9760.7041000	14.7795650
9717.6893000	7.4955635
9709.9629000	22.5861810
9630.0811000	0.6192516
9591.0805000	9.6419088
9535.3318000	22.7427920
9483.0651000	-9.8236127
9447.7255000	3.6348035
9415.0658000	-18.8284240
9377.9199000	11.7451470
9315.6037000	-6.5418645
9304.0672000	4.1623397
9222.9306000	-0.2234855
9218.3282000	4.2293170
9172.9414000	-17.4044830
9109.2364000	9.6874497
9078.8026000	-12.6121030
9031.3612000	18.3445340
9001.4927000	-2.5884403
8948.4784000	-12.3854980
8875.4148000	-7.7630522
8873.9821000	-19.8918100
8801.6101000	-6.7135829
8791.4190000	-8.1580265
8755.3239000	-3.9593058
8706.3603000	-21.7495340
8644.4432000	10.4802000
8624.0824000	6.0773002
8554.0582000	-7.1720512
8548.7813000	20.4943800
8507.5611000	2.8200122
8440.8486000	2.8941547
8395.1293000	-23.2718180
8350.8470000	-7.0323792
8314.3256000	13.8996550
8307.9794000	19.0463790
8263.0041000	8.3178630
8195.5439000	1.6182715
8153.7486000	-0.6005195
8130.6892000	-20.0406670
8077.6637000	-16.0225730
8058.9170000	13.4276560
8006.2645000	9.3343300
7977.2256000	11.5664260
7941.2547000	-9.9889719
7890.7704000	14.2195530
7851.9454000	-12.2923790
7813.1850000	17.0447320
7787.1118000	-21.2181540
7749.3427000	0.6744955
7724.5795000	23.1009920
7687.1192000	-3.2144246
7646.6148000	12.1928810
7632.8595000	8.3112438
7592.3928000	-9.4563215
7561.4401000	-2.8742345
7494.4651000	16.2722310
7468.7203000	2.1317690
7425.6918000	8.7070649
7414.6721000	12.1514300
7359.3379000	2.5061941
7314.9354000	-1.5439347
7289.3104000	11.4714040
7258.5678000	-18.8401490
7212.0284000	-4.1301033
7219.9800000	-13.9668900
7187.1721000	-17.6627040
7120.7856000	4.6913544
7085.8683000	-12.3266450
7058.6082000	-14.6888710
7020.6744000	-12.6077150
7005.3240000	-18.4492670
6969.4013000	-15.9445660
6921.8569000	10.4004090
6883.9669000	-19.3974700
6878.0695000	3.7119613
6845.8655000	15.9046610
6817.4764000	20.2905150
6777.7461000	-9.3439957
6757.2309000	6.5616880
6730.3699000	-18.2978430
6681.3810000	-18.6912490
6629.0943000	17.8761750
6600.2439000	17.6923460
6602.5406000	14.4285240
6542.6371000	6.4366359
6501.5658000	-2.4171118
6468.5603000	-0.2846105
6474.8105000	16.5218920
6432.2701000	15.1720890
6410.2078000	13.0205930
6387.0724000	8.5178266
6354.7407000	-11.4358760
6313.3686000	6.9485244
6259.5247000	23.3723270
6243.0063000	-2.6350476
6232.1393000	-23.5149840
6201.2610000	20.0884340
6175.7753000	2.7826935
6140.4708000	8.1070751
6110.7810000	-22.6922720
6066.5680000	1.6492447
6033.6664000	-8.7232805
5997.1837000	-22.5511440
5968.3650000	20.4484780
5981.9127000	-3.0795285
5931.7827000	-11.3775240
5915.0243000	-18.5839140
5860.9178000	14.5358120
5828.8890000	-15.8293860
5842.7844000	5.9465915
5797.2051000	0.0471664
5764.1343000	15.2116590
5755.5931000	0.4861105
5700.3301000	-17.1825450
5688.6262000	4.9394578
5664.4615000	8.5721909
5626.6261000	12.2123800
5595.0495000	-13.6383470
5595.4475000	8.1182215
5570.9305000	6.5082842
5546.5827000	-18.7440810
5518.4261000	11.8688880
5454.2993000	-11.3254930
5435.6176000	-12.7510190
5428.4573000	-14.5250470
5421.9784000	13.7345710
5375.2327000	10.1875520
5329.9922000	18.5262820
5341.6599000	-10.2388220
5290.7575000	-19.9036580
5255.8995000	-18.3476570
5270.7674000	2.6278604
5243.0610000	-14.7035380
5178.9212000	14.2913960
5153.3770000	16.6768280
5162.2858000	21.9581560
5117.2383000	13.3403670
5110.9824000	16.5060870
5062.7289000	4.6725679
5039.5956000	-0.2873895
5022.0540000	21.5980200
4986.6876000	-1.4917586
5005.4553000	-5.3286501
4939.7814000	3.9345668
4960.3814000	-6.9109864
4907.7465000	-17.7591140
4909.4773000	6.6043467
4845.0340000	-20.9172210
4859.4871000	-4.3845871
4839.6244000	20.7989190
4796.8397000	-6.5461606
4761.6370000	2.4246815
4778.2001000	-10.1052030
4728.6544000	-13.8321220
4688.9680000	-18.1827880
4673.6885000	1.3169672
4669.4282000	-10.3474920
4644.3525000	-22.2784110
4615.4724000	18.0137800
4605.4750000	-22.4820220
4589.5621000	-22.0124780
4579.2062000	11.6526470
4521.9764000	-7.5236365
4492.9222000	-3.8538322
4479.4575000	3.0825948
4453.3872000	2.2239987
4464.6231000	3.2513028
4408.9225000	15.2290710
4413.4286000	20.1045030
4404.9656000	9.4777708
4353.5775000	-15.2624190
4341.7857000	-15.9735360
4327.5326000	4.1097105
4325.3716000	3.6097804
4271.8689000	-13.7071860
4273.5879000	-9.7743489
4239.7088000	17.1799440
4233.7960000	8.6145448
4218.6266000	12.2374640
4176.5634000	-2.4944556
4156.5903000	8.9944959
4131.0214000	-19.6881790
4139.4020000	16.9735630
4113.5753000	9.1445448
4067.8625000	17.2934950
4049.0117000	-2.7862509
4043.9858000	-14.0284140
4016.9921000	0.0210614
4019.4925000	2.6175364
3977.5271000	-11.2841250
3982.5629000	-10.6878880
3950.2623000	22.7983590
3946.6540000	14.8894110
3940.3318000	5.0297172
3900.8542000	5.9147591
3883.4025000	-4.1891916
3863.7769000	13.8169370
3831.8849000	-2.7425041
3808.8533000	-10.2433020
3815.3792000	-5.3379272
3810.8367000	-23.0909810
3771.0652000	-4.0186991
3734.5249000	-21.7768900
3743.2116000	11.1060000
3716.2350000	-1.7546612
3695.1267000	16.2942980
3667.6786000	-0.4363454
3659.1738000	-10.8045620
3635.2269000	10.5210410
3612.8750000	2.9846455
3611.2803000	-17.2122150
3615.4325000	-6.8112725
3600.4640000	12.7534930
3571.4615000	4.4646068
3540.2319000	21.2142510
3515.2460000	-8.0796150
3510.2561000	13.4108590
3489.2638000	-23.3869450
3483.4618000	1.7792836
3458.6004000	5.1198585
3473.4753000	-14.3641120
3414.9633000	-11.5938460
3401.6790000	-8.2444865
3412.4864000	10.3623450
3385.7079000	20.1711960
3372.5776000	18.0434520
3343.1879000	-3.6325692
3346.4471000	-10.6069530
3333.9370000	-15.2808460
3326.7968000	17.7354070
3309.3512000	-13.7840310
3280.3545000	13.0817550
3240.8846000	19.2901130
3249.9004000	-20.3852290
3230.3892000	14.3105800
3206.5466000	-2.9395531
3191.2629000	-7.6201734
3200.1432000	-5.5199289
3186.9685000	-17.6851090
3175.0056000	2.3865330
3158.5696000	2.3828722
3127.2220000	-6.2224898
3117.5226000	-2.9759773
3086.2269000	-5.6881805
3083.3272000	-18.1772930
3087.9991000	-22.0376440
3064.6868000	14.1820770
3058.4257000	8.0582665
3030.9314000	-7.3525864
3025.9645000	3.4281110
3016.8530000	18.1775090
2982.9651000	-2.5571864
2985.8624000	-2.2819346
2954.4511000	3.0460617
2943.0321000	8.2955625
2940.9875000	1.3532944
2913.7985000	-5.5329008
2910.9671000	11.7485100
2863.3416000	-15.4080090
2856.2036000	-22.3052950
2868.1485000	-17.4579300
2857.6799000	-1.3028371
2824.4911000	-23.3962210
2814.6356000	21.0515680
2788.2989000	-13.3880250
2769.5660000	10.7919910
2767.2404000	-8.4709447
2750.2739000	16.2203950
2774.7228000	-13.4359000
2738.1776000	2.0590635
2706.2093000	18.8686460
2700.8368000	-10.8978340
2717.6259000	11.5330180
2670.8312000	13.9231420
2696.2255000	-13.1957700
2660.0363000	16.9793200
2649.8962000	11.2889450
2616.8580000	9.3700026
2611.6010000	15.1420840
2609.4897000	9.4800475
2623.9077000	16.3089280
2603.7629000	16.7976610
2565.8159000	-7.0171410
2550.3049000	17.4654250
2563.8959000	14.5563110
2563.0209000	-3.7741392
2508.8405000	7.9979481
2525.7239000	18.6416010
2511.4547000	12.4056040
2470.4981000	-11.3157620
2467.4530000	-18.9628110
2483.0218000	10.1545100
2452.7140000	-15.5647570
2464.2169000	-22.9113350
2421.7173000	-0.7619060
2418.3656000	-22.7142760
2409.1052000	-9.7125650
2377.8325000	-18.7362710
2372.9888000	1.7492258
2356.9525000	0.4175722
2379.9885000	-16.3843930
2362.1657000	-1.2952242
2333.3153000	-23.3403580
2339.8613000	18.1997440
2324.1618000	21.6388300
2306.5843000	18.9538000
2299.3987000	-7.5799144
2292.5581000	-20.2581120
2263.5639000	-21.3848550
2251.3772000	17.8245170
2275.3725000	-23.0527810
2253.5367000	-3.0354648
2257.2874000	-3.6747027
2226.8384000	22.9885970
2228.5704000	-12.3850710
2186.1585000	7.6432653
2217.6253000	-7.1218326
2204.2008000	-11.6363490
2158.3924000	-18.0648930
2155.9460000	7.5370762
2143.9034000	13.4823920
2124.9675000	23.0862110
2115.0731000	-4.1004199
2106.6941000	8.7301143
2092.0707000	23.1965630
2095.2055000	-21.7555680
2087.2226000	-5.6772511
2107.8628000	-6.8277706
2065.5016000	-11.8362550
2059.2231000	-5.3191037
2047.8378000	-1.2322951
2063.1140000	16.5022310
2056.4159000	20.6957320
2042.2238000	-12.5164620
1996.0420000	-18.1931690
2030.0819000	-14.7005180
1999.7774000	20.2732740
2000.7471000	-17.6472230
1960.9461000	-13.4340480
1961.1646000	11.2948320
1940.8296000	9.9622555
1928.5176000	3.5012086
1943.6984000	-16.1653640
1942.6457000	0.0725763
1935.4890000	17.1916170
1905.4157000	17.6017110
1906.6958000	-17.5360170
1918.7152000	-14.1452280
1887.2631000	20.5113470
1870.9523000	17.2581380
1857.6462000	-14.9807970
1847.6814000	-15.8982310
1839.8108000	9.2745107
1860.5065000	-17.9399510
1825.1106000	-21.3892740
1807.2366000	9.7513181
1826.1866000	6.2042373
1806.1137000	13.4330190
1814.3406000	5.2669905
1778.6026000	14.0922420
1786.0334000	11.0462760
1776.8575000	19.3884460
1772.6055000	20.9238580
1764.1377000	21.9852910
1738.4615000	18.1589380
1725.5467000	9.0257900
1756.5984000	12.1004010
1705.6989000	10.6592830
1706.4778000	3.8697192
1721.5718000	9.2005553
1693.4056000	13.4980480
1693.5481000	3.3390450
1680.7199000	4.4108399
1678.5474000	5.0245533
1653.0037000	3.7462749
1652.3745000	-18.0051850
1669.9382000	21.7334870
1654.5976000	16.9281090
1647.7523000	2.4534272
1620.7488000	-21.6703820
1627.8328000	-2.1993726
1623.4863000	-15.2554510
1609.3470000	-21.1805960
1616.3559000	8.7340007
1576.1974000	-10.6594450
1597.5005000	-14.5448140
1560.5578000	19.6125840
1571.4318000	-23.0505650
1547.8948000	-1.7892965
1570.8215000	-8.8608285
1559.2199000	2.5571839
1519.3014000	-10.4841230
1539.1555000	21.4952480
1511.1770000	-14.4830430
1520.1524000	-18.6228700
1502.5454000	4.4400190
1513.0818000	-16.0066520
1501.3783000	-17.5089420
1514.9668000	16.3838480
1502.9602000	19.1246310
1491.9504000	-11.4715200
1478.2192000	6.1938282
1452.5547000	1.2110317
1443.0925000	7.7410801
1429.8531000	21.8054550
1428.7119000	-13.5550230
1450.2121000	-0.9259088
1421.1220000	-16.9372060
1407.8302000	10.5240200
1424.5280000	11.9697410
1392.2441000	-3.2799859
1385.4135000	-18.2304050
1391.9714000	-0.3238423
1373.5210000	11.3042590
1378.3904000	16.9186930
1389.7371000	-3.6444231
1372.3008000	2.9209309
1359.7848000	-10.0465930
1350.3558000	-17.5300400
1357.3983000	-2.5347909
1327.9453000	2.5466073
1344.4771000	-11.7198110
1314.5233000	-6.1294958
1312.9917000	22.0276970
1318.6814000	-7.2090820
1291.0375000	12.0807860
1326.5579000	7.5777758
1297.7881000	-7.0417309
1317.2051000	23.0066920
1289.3690000	-21.5317580
1276.4981000	-16.2240800
1281.4687000	-19.0344200
1269.8595000	-23.4492060
1256.0994000	0.8183957
1245.6409000	16.8725820
1237.9343000	9.2462340
1245.7766000	22.8043250
1231.3045000	1.7965520
1221.5167000	17.7843190
1244.2536000	5.4801464
1202.2300000	9.0881088
1228.3259000	5.0085387
1222.3540000	11.6659130
1227.0699000	-6.0058296
1184.4678000	22.2567230
1172.4395000	-0.1520495
1177.7412000	23.4829920
1171.2175000	-1.6203040
1163.9999000	20.0149880
1192.5135000	20.7302530
1144.8548000	-14.4910250
1162.5182000	-11.6452270
1144.2120000	-23.4756630
1156.8856000	-10.5315780
1161.0468000	15.2247280
1147.8365000	19.9717280
1158.3352000	-14.8348800
1137.3167000	-21.8284800
1135.4588000	21.6012860
1115.5818000	-9.0812674
1097.4884000	-11.9869510
1119.0496000	15.0222330
1096.3467000	8.4442860
1111.3887000	-14.9442440
1092.9175000	14.7052600
1088.0662000	20.0519670
1090.8438000	19.9126990
1092.6653000	-4.4754523
1074.6269000	-19.7736740
1085.2286000	14.2036450
1064.4303000	-16.0729260
1058.8807000	-2.9331289
1039.3208000	7.3098772
1054.9731000	12.5182080
1064.0062000	10.6478410
1056.6033000	1.0885592
1010.1269000	13.5271600
1051.3860000	10.8031860
1029.0585000	-6.9295767
1030.9997000	18.5627200
1029.1822000	-14.1973630
990.3424900	-3.7963533
994.5840500	16.8580410
988.8573000	3.7239375
1009.3831000	-21.4777020
1011.1034000	-8.9850919
1006.3305000	11.6462670
1001.4516000	11.2254760
989.6753900	-9.9702408
965.9090500	-19.7803240
973.7879100	-16.9462420
963.5097600	-19.1054060
978.7551600	-20.5875980
939.7484600	-4.1799201
962.0090600	-20.8460140
940.8612400	22.6129700
960.8392300	-13.4218420
933.4038200	10.9027730
933.7393500	20.5536300
934.8222000	-0.8458347
923.5215100	15.8973240
935.8748500	19.3858000
913.6291600	-14.6298890
902.0056100	-12.2829490
918.9284500	9.9000629
910.8077500	-10.0092610
910.3789100	6.1903085
871.0862700	10.5437030
875.9716600	11.6574290
895.5020500	-2.8646601
857.8620800	23.1770680
878.0986500	-16.8746420
886.9169000	-8.5103713
863.9877500	0.2567599
851.9785600	-18.5520420
876.7946600	-19.0601040
833.9791200	-17.8622680
861.9376500	-1.1941046
843.2031900	9.8371120
834.5800100	23.1892590
820.5007800	6.1481019
852.9839900	10.5888480
852.0497100	11.6103270
837.7088900	-11.2356740
844.2630900	-19.4275720
841.1186300	15.8274660
822.8644100	-12.7639240
832.9380100	20.6201250
794.8059600	1.6096728
799.7392800	17.2603660
806.4834600	19.5451630
783.4389400	-5.8785964
801.1254000	-12.8652810
780.3433800	-8.2402989
771.7872700	-9.6677583
765.5362100	8.9625325
782.3891400	-10.3748710
783.0739400	-20.7438360
757.7228500	-13.7172150
775.0212100	6.9582781
779.2332600	2.0878002
742.4057100	-1.3664654
769.6257200	15.8289920
753.4236400	-7.7156300
756.6446100	-2.8064556
744.8321000	-21.4887850
734.5769900	-18.7909760
725.9707400	15.5891720
757.9555200	-9.9076754
740.3487100	18.8233650
714.2679800	-12.5294070
742.8832000	-4.2279203
705.1903300	-17.9999430
712.3980400	-2.4482845
697.5519800	-23.2962920
721.3773200	-8.9871064
726.1503900	-8.7378349
692.8653000	-3.8908542
689.2423600	-4.7024368
688.7352000	-12.9687390
703.2396700	-0.7245876
713.5100700	-19.9872780
692.0214100	-17.9360420
691.0735100	-18.8996240
675.9596600	20.9426290
661.6563000	-22.2005750
688.4126700	20.7290600
666.1408300	12.0275960
692.8389500	-4.6874000
675.8942900	-4.4386515
676.1038500	-11.8415610
644.9250900	-12.0851690
652.0852100	0.0769260
652.5514100	16.0413350
628.7368600	-3.0335239
662.3978600	-18.8754010
626.8333000	-9.2810761
661.1076100	18.6532370
634.5104800	-4.1820023
634.7502500	9.3809588
640.1095600	18.6256870
619.6316100	12.5770360
626.6391700	-21.7057760
600.6461500	12.4210090
607.8115300	-13.2542660
633.2415400	-2.6216177
627.6370000	-14.0997700
631.7329100	-8.0362919
611.5219400	6.0244106
608.7342000	20.1362340
606.9328200	22.1835580
579.7019600	8.5181426
598.1940100	-10.7470260
583.8633200	-20.7595820
571.7034300	9.6021784
602.0925600	17.1968910
597.1866400	-17.9924160
581.8337800	-19.1153320
590.2517500	21.3810730
571.1311100	-5.9488576
585.2898300	-19.9425780
578.9840300	2.1923254
585.1161600	-17.1379810
546.9501300	-13.3043590
542.4420200	17.2468730
573.9031000	-16.5597540
547.9959000	5.8906110
563.8410900	-0.3041032
551.1904000	-20.1103960
547.6287300	-10.6653200
535.6616400	-11.2212980
544.0378500	-17.7862920
540.8864600	-23.2918600
521.7353100	20.2774860
536.1055100	-14.5347880
551.2729200	-21.3080740
533.6163600	-9.6079970
520.9920900	14.4615590
545.4484200	11.0411640
535.4964100	-22.0382590
532.1641700	4.8996919
544.5055500	3.5871178
501.0015500	-1.5932952
504.9300800	-12.5255310
519.2118400	-10.5372070
523.4368600	16.8685140
525.3862600	-18.1832170
522.8916200	-18.8571090
523.9394100	-11.9155190
502.6579500	19.4499910
487.8287600	22.2517360
512.0642400	7.7588934
497.9200400	1.4035581
476.1137200	-15.4576310
467.5994200	4.5748841
503.8431400	-4.5250396
483.8831300	7.1083337
499.7856100	12.3252450
493.1841600	-20.8689230
459.6776300	-15.3014650
499.7352400	6.3122698
479.9247200	16.6304230
491.5741300	-10.2057320
447.1756100	6.8388639
444.9460400	4.2179655
446.6189700	-6.4222857
444.6932000	4.5282078
449.4425500	-13.4660590
451.1195500	-13.3330690
449.3697100	-14.9688340
449.2582900	1.8088943
439.9424200	-21.7715090
462.1127800	-7.9392163
427.5168000	-4.9549812
439.3322500	-6.2389447
450.5326400	-7.5133104
451.7508300	11.2224290
455.1465800	-9.5784118
418.2034100	-10.2469150
443.0749900	-5.5715816
450.6388000	13.5350850
425.8587700	7.6075062
424.1827200	-22.0974580
436.1162700	8.4372792
405.8210600	-11.6233480
443.9204200	20.8756860
409.7181100	17.9678950
403.0689300	9.3794705
410.8293800	15.2314140
403.4524300	19.5226420
435.8815700	20.4578350
422.4632700	5.9265937
423.9005600	-1.6677103
386.1428700	-11.2477010
412.1569600	-0.3626491
398.8133200	-2.6987901
413.6088800	-13.0710720
415.5539300	15.4729110
399.6880900	15.3892060
413.1350700	23.4068050
376.5281200	-21.3626440
380.3504600	-13.9020280
393.7332800	-3.2699116
397.9374300	20.5055030
383.7513000	-14.2712420
396.1461700	-16.3041230
367.7265600	2.8359744
375.9347400	-7.3614434
395.9324900	23.1655390
360.2302600	14.8863350
362.1398200	-16.9715020
357.5794200	-6.9330956
352.1070000	0.4663411
382.0305800	10.1503880
375.2545100	-23.3886250
347.2856600	-20.0591630
382.9927300	-13.5351920
367.7384700	-16.8403410
374.1175500	-17.8482770
383.4359000	-14.6868930
341.1131900	-6.8233212
337.3759800	13.5121310
372.6983000	0.0317921
344.0476600	21.0934240
368.3842700	14.5095120
368.9339800	-21.1934500
354.6077500	-2.8761878
362.2658000	9.0252037
358.6277900	3.4144733
336.4875700	18.8745560
323.4638000	-8.7144023
342.3826200	-14.7683900
359.8263000	-6.7263521
330.8156500	22.3540770
343.1961800	8.4183453
313.0340600	5.5610941
311.2944200	-15.6426780
353.5174000	22.9614850
316.0178900	12.6037950
344.4746300	-10.6050430
303.9778100	-5.2875618
308.7399600	-17.0782960
333.3797700	23.2753140
343.0360600	-19.8070640
299.2144900	-12.5012530
341.9589300	9.3225124
301.0727000	12.5854400
323.3293700	0.1221023
291.5908300	-6.7491285
327.6446500	1.3995798
301.9512000	-9.4303940
287.7982900	6.2382683
325.1915700	-8.4446035
321.7963600	20.7683310
306.7442100	3.4976716
306.1418400	-16.4592580
301.9293000	15.1861210
284.7307700	-19.7695840
286.0052300	3.3855355
301.0213800	-11.0172930
315.5767700	-12.9350820
310.9866100	-23.2662550
315.0562700	-8.8912209
306.4468900	-14.9203940
290.9690100	19.1275560
285.1950700	-17.3337230
269.0883800	19.7751450
269.9622900	-16.3526980
278.1164200	-19.7435330
299.5100600	-1.6082680
260.9512700	9.9673040
266.9918800	14.6931580
274.7153400	-19.0556560
289.0070700	-1.7632525
289.2107500	14.8144310
268.1531500	7.0668260
290.2853000	18.2781230
263.7958700	-20.7979700
258.2768800	11.3121980
254.3976000	18.2241290
249.9590000	14.8492500
248.8639400	22.2141130
258.1234000	20.3650000
288.1690400	-9.0621797
245.2335200	2.9252184
265.5747800	-9.3783456
247.2757800	-14.7512200
270.9067300	21.6332680
283.0844100	4.5956984
254.3691400	-0.3309583
254.9400400	13.0824570
246.2844900	11.6681410
245.7995000	0.9263643
257.7666500	12.3321890
248.7303100	-3.8405104
237.5694600	8.2965154
273.7478300	-1.6679146
228.1191000	17.9369910
261.6033000	12.2504840
259.2986400	6.3277003
236.9506500	-9.2650635
262.4244800	6.8598065
257.3996000	-4.8745920
238.2185600	9.0986083
263.8463400	-17.3423940
263.8296300	17.3243030
236.7308600	19.6653040
260.4903000	-1.6822167
218.2985700	8.1861438
251.3928200	-9.2511043
248.6482500	-0.3697446
228.2041400	14.0728320
241.0551900	23.4935090
211.5132500	-20.0368570
229.5739400	1.5702901
249.5844500	-12.1230410
243.8250700	22.9249920
219.3946700	-10.1128880
245.8550500	21.7436090
235.0690800	-22.1569870
243.9878700	-12.8597680
235.8874500	12.6385620
212.0397600	21.4608660
226.3772500	12.0059740
237.6456900	-7.3997949
239.0487700	6.7557014
207.4984700	4.1984228
202.4717900	-21.1989420
227.7471400	-1.1899164
231.1482600	4.0144637
225.9228800	4.4286717
198.2380000	-6.2607099
226.2316700	-13.3167220
232.3591800	-15.7813530
190.2418400	1.4778876
220.4819000	18.3722380
186.2697300	-10.8687890
185.5897300	-15.9109560
192.4906500	-6.4027255
193.2203900	14.7131790
186.2161300	-19.8497310
226.5167100	8.2821583
224.8596500	22.5902200
208.7429200	-2.9556898
185.9191900	20.4953460
193.9957100	-19.2550710
221.0174900	-20.7604820
185.6698100	23.2895740
215.6267900	-17.8110620
183.6325500	10.6515070
180.3656800	-19.7420050
178.5048400	-11.8485810
202.4262900	-0.0816609
189.4773700	2.1623620
170.6249400	11.9184150
173.6577800	6.1936756
171.4765900	19.2336150
199.0307500	6.0940361
195.9263600	-13.8880790
203.5080300	1.3309010
178.7625100	17.8836010
186.1406300	23.3396450
186.6894900	-15.7354350
201.5795800	-4.0744112
194.2603100	15.5070290
182.6057800	14.5590010
163.1054400	-13.0891810
184.3812700	22.9586350
194.6874800	17.0217410
194.5538500	-8.4573986
156.3260800	8.6719482
172.4611700	12.3236050
198.8084900	2.6931831
178.3985200	-3.0477699
189.8881100	-16.6367450
177.9704700	-2.6516048
179.2116100	-17.5472730
183.1957500	6.7381469
153.5406200	-19.0968700
181.1143600	-9.2656496
172.1336000	21.8734940
175.7097800	-11.6330670
167.8856100	2.2440290
146.0396700	0.2992955
185.1937400	-5.2169601
186.3930900	4.1163718
150.0323400	1.3562707
181.1446900	-9.9703305
180.9574600	8.7817879
145.8747400	-15.2076800
181.2469600	2.5034432
167.4692100	-14.5627140
137.4740100	2.8410519
145.8530000	12.4495740
149.9898200	-20.7756350
178.7256700	-12.5290720
161.6466800	11.9772220
135.5972900	-8.1181914
149.2099700	-8.5632383
161.8296700	-7.5749458
163.7103700	-8.2550474
133.1803600	-21.0232080
135.8085900	11.6463170
166.1409800	4.6128621
155.8236100	-16.6830030
151.3784900	9.4608996
148.9774300	-13.1036440
171.3790700	7.9837235
145.7239200	15.7865690
132.5639300	-7.3605677
138.1087500	-21.5566570
137.9330400	11.1053710
154.3190700	-14.6427980
161.7668100	18.2301200
128.6056800	6.9460977
138.5107800	20.8276830
163.2398100	21.7618660
151.4749800	0.3658702
127.7825600	-0.2017898
135.4525300	-10.8340710
137.0484300	12.6944400
156.4978400	-17.3590080
144.6099800	-17.3284710
126.9932700	-2.5075024
117.6748800	17.2567690
129.5951200	3.5920673
127.1072200	6.2471909
122.4972400	-12.6720180
123.6370300	21.3015410
137.1509300	16.7819040
149.3488100	2.1982667
127.5418000	13.8112640
120.1010600	18.5921800
120.9076600	17.1081170
149.8998300	-12.6000610
144.9420900	-11.1064170
122.2999800	-11.2223330
146.7031200	-2.1556352
111.0156600	-4.7879346
133.3988000	-0.4639475
109.2769400	15.1654980
147.3431600	-12.9858920
127.9645000	17.8250220
133.4210100	-1.5187427
107.1395200	7.6387420
138.1162100	6.2639057
137.5233500	21.2549860
116.7035900	8.1548195
101.5472200	8.6683642
128.4579700	19.8101800
138.2774400	17.1753740
128.7325800	-11.7818820
122.8014100	-3.2060607
113.9693600	13.2750350
103.2958700	-8.0841405
109.0907000	15.5699850
101.6601500	1.1008059
129.9188600	4.3724274
98.1515440	7.3003558
137.1773400	2.7403389
105.6522300	20.0956000
115.4497200	-5.3117127
119.0257000	2.3722131
132.1044400	-15.8019670
110.8605300	2.0248455
101.3270900	-19.7749070
120.3336600	14.4282370
111.7516800	19.0652840
91.8140190	10.3802540
98.1584830	-12.1724270
133.0058000	-12.4688170
107.2315800	-22.2512120
102.3977600	10.6585500
90.2669280	5.0422197
120.9825200	-12.6903420
111.2200100	-14.9292680
124.9076700	13.7668700
83.9925660	-5.4445571
100.5118300	6.6833331
107.4942200	14.4798200
122.8905000	13.5955350
121.7178900	-1.1933179
119.5485000	-18.6992450
117.9254100	16.7576930
123.0081300	23.3887180
91.4354660	23.3629150
100.1539200	8.8923475
116.5559800	4.1121835
101.5335600	-19.9999810
119.5848900	-19.8531250
93.7154990	7.8167182
118.1955300	9.6364357
76.2245280	-12.4774860
113.8749200	-7.7181874
75.6994590	-5.9571867
82.0450670	12.6323520
108.9858000	-1.8355512
94.4845830	-5.6649660
82.9604290	-4.9872112
94.3339650	-6.2130297
87.5501270	-0.4916498
85.6471530	4.9853589
77.3658570	4.2847954
100.7930900	-17.7821330
102.5093000	-2.4981068
95.2577810	-10.0787610
103.3715200	-18.9302100
85.5016520	-18.5302970
75.2333970	5.4863468
79.0180850	3.7966880
94.5548640	-1.6875185
111.1745000	6.7252388
97.0391430	22.4776000
88.1030550	1.2765795
67.5522020	-10.0966850
80.7721470	9.4543540
101.3668900	-3.7800129
80.6920920	-1.2194227
111.3049800	4.5012602
64.7385110	22.3247390
109.5831400	-23.4605950
86.1657080	16.5648800
104.8865900	18.5598410
73.1264050	4.4404385
82.7220620	20.0771390
76.4126000	8.0011257
70.3434080	-14.8431600
89.0004760	7.9903106
80.0693530	-14.2753760
86.6565850	5.3926479
70.2213170	-20.0716230
91.0269300	-22.9567640
101.7659400	21.1036790
101.8725200	2.0080126
58.8579470	20.9178240
84.1814140	11.2639130
66.9772770	-16.0892760
99.4677740	11.7000190
70.6818540	3.9237259
96.8619740	15.7053170
95.2454020	13.8444660
88.9800940	-9.7617949
55.7030770	5.0390341
83.3007230	9.1916400
96.4697670	-6.9043485
64.9855380	-0.1048723
55.1167850	-16.6522280
64.5551760	-22.7652610
57.9980460	-16.6830390
67.3010270	-8.3653065
56.4264920	-21.4897880
54.5417740	-7.0923469
58.5654020	5.3626797
53.8128690	19.4591160
58.3950250	21.1972640
73.1351560	12.5752560
63.1162130	8.1734052
70.2570550	-21.6167890
62.1013430	-20.6584550
82.0397950	0.0914174
82.2989830	-15.4610500
86.6485740	-13.0578730
89.1368300	3.7629279
94.3965780	-10.7030450
53.3983840	-4.4532304
55.4419960	-22.1682130
73.8800380	-12.2454920
67.1924210	-8.7380140
47.0370360	-0.6376394
61.1175770	-22.5053570
86.4085160	-21.9893030
73.0214400	-17.1503940
87.7267140	-15.3622260
64.3762150	-4.3905494
53.0229010	-6.8638981
76.8654120	-8.3751181
52.8361040	3.1422082
84.1367760	-17.0034820
65.5943150	2.6948951
88.1684800	-1.6928764
68.4511150	21.3289640
88.2585120	-5.4733130
81.2553040	14.6655920
43.9838860	-22.2157380
82.0174600	-20.0149860
67.4168450	-23.3967520
65.7095570	-1.0010814
77.5046770	-16.5897020
49.8919400	-2.8264028
80.5853480	-15.4758450
51.7930600	7.9821470
50.8055840	11.0721540
40.8300810	12.9208880
66.9151900	-17.8789520
72.2329820	6.9673461
41.0350350	4.2976739
49.7198960	-0.7393207
45.6900870	-6.3199610
40.9099830	2.9234060
67.2698160	-10.6648130
79.5155770	14.6463780
53.6364670	5.7349038
61.8329560	-1.0959829
69.7705640	-4.5036388
82.0438760	22.5961590
53.7531650	-4.7295966
64.4307870	-18.7296720
39.4639740	-18.4268330
54.1774200	-4.5696685
66.4273500	-10.8362990
74.2342510	18.2940340
61.2781640	4.5956578
68.9593850	-14.7109710
75.5903970	-17.6973830
72.7442480	13.1601610
65.2594450	5.0939184
68.0138560	-16.7140690
71.7898460	19.6085890
69.3934470	-5.9078502
51.5655080	12.5158460
52.1420670	2.5644791
72.7523280	-18.8684400
31.9738550	-14.3907260
73.0937940	-19.5641450
75.3550200	-15.1489230
41.9041830	20.4097940
45.7140560	21.8842430
50.8919580	5.0580009
54.4411830	22.9976280
34.9384410	9.0709495
53.5196910	-15.6928730
68.7327940	18.6467120
67.6174120	-4.8839510
41.7765830	-23.3123810
55.6573550	-21.7451970
37.5796160	-10.7922490
35.7923170	1.8809386
27.0243040	10.6016360
61.2158240	4.4270553
28.0960440	10.7380870
50.4320370	12.0133620
54.5900770	-16.4866830
57.8065050	1.9339490
36.6140370	-16.5583150
26.4674250	18.2136190
69.7448260	-1.5153182
55.1529730	1.6259534
35.0768840	-8.4601634
31.6188840	-12.0379610
60.1288790	2.5162316
61.5796850	-21.9532100
62.9904430	3.3219102
32.2466450	23.2929200
68.8106420	10.5631750
56.1608640	-22.2521790
39.7179650	-16.3739270
27.2798870	16.6732080
40.7292800	-3.0446987
34.5286910	-12.0694610
65.1485960	-21.4130380
34.6479750	-4.2854589
56.5766080	3.8596282
24.6571630	-14.4054570
41.7186470	-14.3379280
22.0290690	-21.0740630
41.1004870	-1.4351213
29.5796760	-2.8421089
36.8204890	19.0468940
38.1990620	8.4207297
30.0533630	7.0554470
31.0252270	-12.0799020
37.4883790	-4.3108431
50.4177970	18.6924220
46.8275010	8.7752006
49.2510830	-15.1657190
52.0886500	-11.4248000
47.5513220	17.9605650
25.2745840	-9.9977921
19.3278280	-0.7649239
36.1723880	16.2236010
17.6860970	-5.4116681
31.2199060	-6.0672443
63.2243020	20.5075240
41.6183010	10.3088170
29.4369530	4.1578988
23.0782270	14.9383330
39.0693950	0.9852276
24.0343340	-12.0567630
44.2817980	20.3965520
21.9159380	0.5410755
60.2130050	9.9554664
49.0446180	-2.6282136
28.5561560	11.4688720
31.5098790	-2.7168323
58.6025460	-22.5604710
46.6855510	19.7617630
34.0484400	-20.5232740
58.2340810	-6.5795133
40.0859140	-13.3931170
35.6935180	-1.2490761
56.6995340	3.2492888
30.5529010	18.9538090
45.3655440	-16.0659040
34.7946880	1.9859487
34.6119990	20.3421010
39.5112780	11.5947260
59.6969590	3.0825790
56.0107690	-22.6818670
20.7392440	-0.3670988
19.7550610	10.2481110
31.5064280	20.9978920
23.6889250	9.5511874
15.1598910	0.0100232
55.1723640	15.4712620
36.7370800	-19.3008500
57.8015180	10.6474600
38.1475090	20.9903470
14.4860700	-18.9899530
23.3281850	-17.8852050
57.1232480	-5.9928026
45.9342940	-17.6380770
56.6898070	-18.0430560
24.1435680	-17.5972030
47.0091170	-14.9847300
21.6851180	-17.4047200
31.5019470	-1.7226316
16.3276460	-21.5405010
28.8944600	-11.3860040
32.0754670	16.4194700
23.3619010	10.0879500
16.3457800	6.2437384
29.3643350	2.0044266
37.7240060	3.7902736
15.0583730	-13.2394570
50.5792480	16.6310630
8.6629113	6.3245959
43.0179710	-7.8145336
18.2254730	19.5363360
9.7429768	-9.6900790
39.8353000	2.5443854
49.9781160	22.7624500
43.7013330	8.4223347
53.0881950	-17.8899720
16.7854450	-23.5343370
10.0370070	-1.8137886
42.2127520	-14.2313970
23.4422290	22.2418770
49.5046950	-1.5388068
15.1096580	-10.1123980
51.0957750	22.8093290
14.9370970	4.6119829
41.3324160	17.4128720
32.2943920	0.2044298
21.5835570	-8.0535923
25.9408580	-2.3127359
10.7786550	-2.7204767
35.3649220	15.2592670
6.5825216	-15.2743210
36.3097860	-19.8822550
48.8408860	-7.6911035
20.4583660	-19.3112390
10.0602900	-12.7419340
22.1627880	-15.9133800
42.4841190	-2.9795883
45.1493180	-16.6141330
8.7731993	-21.4106580
29.8902130	-9.7361609
30.3635080	-3.5531565
13.4123340	-19.7950110
30.9298660	-21.7821430
14.8744960	-10.1999830
24.7427120	9.3741607
9.7376398	-3.1798280
28.9974970	-14.5416000
45.7237250	15.2216540
25.1805340	-2.7098715
23.6143850	4.1968143
31.4692680	20.8198970
28.5051680	-18.6302350
23.8324190	22.0899710
39.8407770	-16.1210940
15.2099550	-7.5351393
45.4274920	7.8955593
9.7292872	17.0850180
38.8486430	5.0107563
31.6105980	-11.1047780
5.9930680	22.7570230
2.9040987	-1.5475780
12.8691480	-15.4486950
25.6117260	12.2874170
35.4236770	17.6318120
2.6103388	-1.9545704
11.8784950	-7.5376282
10.8210280	21.1427620
23.4511770	-9.1430675
11.8329170	7.3658456
25.3087280	15.5182240
24.2053110	14.0090380
20.3850420	-14.2349250
4.4709349	-23.0402940
37.3599950	-0.2494248
1.5460689	7.0715869
36.2316180	-18.3740590
9.1894162	-5.4588469
5.4474422	-8.6455493
20.7709380	7.3552421
26.2727620	-21.0094250
44.1144160	-16.5104730
23.3168140	13.9482280
0.9066490	-4.7689039
8.9893488	-0.1896112
11.9765610	5.6217234
15.0219050	2.4402267
0.7882767	21.0152210
20.6694170	-7.8888747
30.4865810	-15.2370410
14.9860540	3.1096544
9.6547613	21.1815040
15.3177270	2.6236749
6.9405533	22.2173940
29.0094160	16.3719910
44.1500330	-18.5384500
34.3504660	14.4972050
15.9517200	8.0631821
22.1738840	22.2951200
17.0817070	21.0392650
19.9849840	-5.1539878
33.0002910	-6.7465937
0.0110160	-11.1413560
34.4159670	-16.6049410
8.6926108	-13.5153080
20.3873010	-10.0446640
36.4068150	23.3287950
22.4509800	19.3694040
34.0242480	-15.0462870
10.6358580	-12.8309700
20.5839090	-0.0526349
17.8608340	-22.6711330
25.9213500	-7.8828520
30.0247210	8.5536290
38.7208380	21.6108340
4.7115091	-22.2749420
32.2512030	-5.0892844
29.6689830	2.4368978
11.6253420	-6.1328628
10.9184090	-18.1248670
30.1606030	3.8770097
9.6402209	7.5057603
31.4907140	-10.1747240
35.6685950	5.6030096
25.0186000	-14.7170860
32.5748640	-19.0890340
9.6705329	8.9811615
30.3445360	-5.2088467
-3.6745117	-20.1514200
31.4972790	-20.1942420
41.3179960	19.5757280
9.4240002	-5.4622436
6.0113199	-0.3926692
2.2081504	7.2870747
9.8904107	3.6383553
-1.8526140	-4.1111956
20.7801150	-7.9854525
31.4891990	10.0203240
39.1337800	-15.9128490
26.9412500	9.8381798
3.4531096	11.0355410
37.6283170	0.2318387
20.0264430	-23.2155910
37.8305950	-21.2775460
-4.5952575	-14.4886080
-2.8827898	-11.4883850
23.6989760	19.4402500
18.8429640	-23.4852250
6.8133222	6.8771207
5.7656626	-4.0143635
31.8911390	9.6377597
-4.6863353	14.9654160
37.3693390	19.3066220
34.6597560	-19.5456500
14.0806140	7.0845997
35.3162560	6.6882219
9.3473449	-0.1760935
21.0802450	22.8005580
25.9307020	-1.9238652
6.1869365	-13.0442980
30.0858390	-11.6696300
12.5514850	6.6873493
-1.3355702	19.4703860
36.0735480	-17.7817540
16.2413900	-16.5535670
6.7063282	21.3520430
21.1426400	-4.3674849
36.7175140	3.9900416
16.1376300	4.9502242
17.2276840	2.0528671
37.9430770	13.9526180
6.4644552	19.3940180
-0.7862640	7.9073645
6.8106715	14.4851530
9.6197223	17.9336280
10.7857690	-10.9773330
18.8886100	-12.1776070
34.6584160	2.4578078
1.8163294	-5.5116057
32.5300410	-17.7656790
7.4596278	-16.2219530
1.2955148	14.9091140
-7.0914331	20.7100760
32.2735720	10.1643620
1.0207304	-23.2570420
8.4091472	-8.2829736
1.6348222	-1.6227443
9.9187302	-7.1895479
15.5445950	4.3150323
36.9522730	18.0417130
13.8518580	-12.7972350
-2.4400524	-15.5328930
11.7054120	-4.2403999
35.6870210	10.2900000
1.0339514	5.2596496
24.8950260	13.3634620
27.3107420	-16.8835060
11.9521070	-15.0852240
13.8165850	20.7945060
2.1251358	-20.2123030
19.8532890	-0.8445757
18.4050670	10.1723470
20.3670390	-5.6634036
6.0031619	8.4538217
-5.2652770	-16.2958740
-7.6346290	21.9757340
-6.6445702	11.8843400
9.4887699	-9.7166086
22.9688160	22.7287610
22.3187360	22.5406390
23.1963710	-3.9465875
-5.7236102	-9.1266611
2.0017373	13.7708640
22.8366380	21.6473750
-2.1118215	-6.8530359
32.7941850	6.0448898
-4.7796656	6.8185628
-7.4096315	11.7884310
8.9698799	2.1811073
18.0975840	-11.3130040
22.0208000	-2.2130309
-10.4626740	1.4426215
32.7461910	-14.0157780
21.0466470	22.3160960
-10.1197860	-0.8664348
19.8723930	-11.2834450
5.2131522	16.1478010
4.7016500	9.1142133
-8.5234131	-9.7818252
15.3925730	8.7744922
16.0343690	-21.9819910
13.3841870	19.8912600
24.9783290	-0.5984531
15.4764530	-4.4053570
27.8394350	-1.0890978
25.5376380	2.8368841
28.0005780	-20.5185950
9.1934360	-19.2787130
17.4698530	10.2059180
19.8495990	11.6464520
18.4406860	-5.0673348
-5.8966970	-6.2802045
-5.3500144	-1.9194441
19.7101480	11.3026090
13.1143630	-18.4084430
1.0874513	-22.0483060
7.2888648	-0.5367740
6.3490276	-2.2924029
24.7519410	-4.5533425
-6.4877984	21.1781130
8.3018248	-13.1945860
-10.3555860	-17.4183970
-5.8499140	11.1488290
27.2457960	7.9943215
23.9231900	-9.7031009
3.2338749	21.6691500
29.9815670	-11.5036050
31.7012100	-11.2766660
17.9794990	-13.5423020
7.9865950	-17.9531130
0.1830761	11.2029770
-9.1130659	-8.1477809
10.0380850	3.3578269
10.2943910	-13.3897790
10.4292160	-4.8444058
2.0863035	-4.0765523
-10.5105730	17.0058790
8.0160212	-1.8816952
24.8058020	4.8370788
29.4461930	1.4214912
1.5094740	-23.3930330
24.9485330	23.5101980
5.9581247	10.3565910
10.3735970	-19.3891150
-9.0459168	21.7834450
4.6094949	23.2324790
-2.8583824	16.2696180
7.9653771	14.9420490
-6.7002899	17.2733080
8.1854588	16.8656140
27.1056410	3.2468207
-9.1744699	9.5353866
5.0199748	5.3534615
30.0748020	-9.8083461
0.8517706	1.1245532
5.0626180	-2.9770316
27.4256120	19.3057710
1.7837624	4.6350284
20.7036810	9.1055323
30.5230570	-11.6247780
18.2005700	23.1094540
8.3429592	-4.8076101
2.3717573	19.4210550
-0.9739390	-15.4080930
30.1479200	9.9237708
-2.7474876	17.4723210
-14.0493630	-13.8409650
9.0258759	-16.4251820
21.7280880	18.0443240
-9.8322636	-18.3725250
-12.5200670	11.3145810
24.9503400	-14.7642600
10.7996780	-14.7674260
1.9297870	5.9706724
23.1123390	-18.7398860
10.1519660	15.8781020
15.9812070	-13.1637100
30.7692500	-9.9267828
8.4161972	-19.4832260
17.5949740	3.9432358
1.4118247	-19.5969980
16.1340860	2.3301056
29.7602090	4.2193178
-9.9411744	-16.8226420
7.3689935	-15.7747750
9.4174147	-6.4672758
25.1014930	14.7708040
13.0194140	9.0825133
-2.1004148	-0.8494987
17.9941170	-5.9855437
-6.2772733	-20.6258700
4.2072009	-18.5967300
-2.3094672	23.4195440
-7.5368950	-22.1941540
18.3864370	23.3170330
-12.4744470	-21.3775420
6.1535867	15.9568470
-1.4133669	8.4193541
11.7737520	3.1542722
26.3715920	2.8094270
0.6361187	18.0570140
30.1514820	8.0518092
2.1446803	-6.8396773
-9.4665968	12.9907590
-0.3427653	4.1065441
19.2692100	2.0217415
24.1933780	15.8820190
28.2965640	9.5223374
13.6999300	-10.0546440
27.1179830	-17.0573330
-5.6046187	-23.0086230
16.9590900	0.1374080
21.1778160	-17.6196840
-5.1500922	22.9770670
-5.8266843	-0.9254018
28.5574470	-21.5942990
18.2604480	-7.8717927
17.1866230	11.8348640
1.7997999	11.6579760
-14.9394810	-8.3830191
7.9035561	14.7180060
25.1345390	-18.0542500
-10.0308570	-5.3539096
19.7959830	-5.6404248
13.2656000	2.7105544
0.0335168	14.2112550
-16.5322340	6.9594379
-11.7378800	-1.9595185
7.2866085	-10.0129660
17.4783630	10.7975680
-7.8054945	20.8875880
12.1565640	-17.3456720
17.0425510	-4.1353265
15.3530570	7.6566802
7.2777334	-21.8232510
-16.0146720	-3.3034991
18.1792760	-23.1425990
-11.6662180	9.6838614
17.3027430	-18.2332160
23.0316960	8.2334715
-2.5878002	-11.7545900
-9.2402760	4.2577309
-14.4639670	22.2154220
-3.2484944	8.3375903
-6.5389880	6.5240288
6.2698122	-19.8488060
-17.2435240	0.0887997
-13.7574650	-7.8557592
0.8038644	-8.0970996
-1.8738642	17.6207050
21.7686570	-2.9641977
16.6259230	11.9758080
0.6364219	-7.6086468
26.1962460	-12.6971280
-4.6482507	20.8980210
-7.2113175	-6.9672471
14.8483810	14.8145390
1.9865144	-10.7201620
-1.3294118	23.0748040
11.3489830	7.7241824
27.4402000	-12.8915580
-14.2698640	18.6817150
22.7061330	1.5680162
1.2791430	-3.3409158
20.7544910	-11.8851580
-17.7083900	-4.9148938
-15.1757490	-22.6908970
24.6346660	-20.9856510
26.2223330	-15.8847220
19.5209940	19.1119090
9.8976856	-23.2055880
27.8082060	-8.5300734
26.7841620	-16.2229250
-6.8845869	-12.0605670
20.0300830	-17.4690170
1.1330755	-1.2204295
11.2280630	10.6213800
26.9536810	18.0868320
25.9768100	-20.6435100
-0.5508123	4.8495315
18.2583850	19.3545440
16.4369140	12.1638100
13.5468250	11.3039490
24.4094340	-11.2905970
12.7891680	-16.8207120
-16.3496330	4.0164297
20.0077610	8.9216978
-14.2953800	19.9992530
14.2563300	12.6785250
-5.8693134	-3.3235808
16.7225880	7.1432539
0.5819022	4.4163069
13.7500890	-8.8160564
10.8152370	17.5352530
19.8798140	-11.9196240
22.8762850	22.7501570
8.3149478	5.2649076
19.9369770	5.9039795
-4.3567981	-11.5231060
-3.0721894	21.4273430
14.5906710	23.1640780
-1.3580327	-19.2926800
26.1835560	-7.4832079
21.4076570	-12.9039920
-4.5045047	-2.1744878
-3.0720086	-0.6939337
-0.6546643	3.3566708
-18.5980540	-7.8441960
23.6613000	-13.7668950
7.8934664	12.5882060
15.5282000	20.5734380
3.9773093	20.5194110
-10.4472620	22.4563600
-12.6424730	-20.9248430
24.0619990	17.5863300
24.3881910	-17.1765730
-2.9849439	-22.9253430
-0.5166295	7.0305559
-5.7917454	-19.7708820
7.5689093	-12.7880570
22.4222260	14.4895610
-9.8765429	9.3619219
15.7092730	-10.8856360
16.0448010	-14.7281270
18.9804840	-15.8409200
-17.6436540	-15.0556300
-11.9613590	4.8856437
21.8029970	-5.1762614
13.4945170	17.3075210
-1.3786192	2.1761511
11.1229510	7.3313910
-0.8657341	11.7320520
-13.2347780	-5.7502281
27.0974500	3.0010722
20.6459380	-20.0633710
4.1841388	11.8721010
25.6382910	11.6060550
-9.1111796	-19.0058040
-8.0611490	-18.0665130
-1.9156628	18.9966040
24.7547510	17.2209800
26.5122180	3.2330359
-2.0627973	-23.4670830
15.1901900	19.5566670
13.5621210	-15.6541790
21.1523330	-14.8160830
23.9157100	21.0050900
11.2706560	-15.5206150
-6.9105518	-22.6751350
26.8261880	-6.6707146
-3.6114650	3.2729344
-16.2244810	-1.4568473
-5.6560190	11.5413320
14.8098720	-0.6989286
11.7368260	-6.8678478
-15.6711680	14.7585250
1.7707823	6.8336609
22.4427340	-16.1976390
26.5879020	3.0809670
7.7123667	-15.0178300
22.7429810	-0.7488377
-1.9442391	11.8792210
14.0758240	-20.3574590
5.6743167	19.6188580
-8.2418661	-7.6512301
