jMRUI Data Textfile

Filename: dataset18_WS.txt

PointsInDataset: 2048      
DatasetsInFile: 1         
SamplingInterval: 2.5E-1    
ZeroOrderPhase: 0E0       
BeginTime: 0E0       
TransmitterFrequency: 1.2322E8  
MagneticField: 2.9E0     
TypeOfNucleus: 0E0       
NameOfPatient: dataset18_WS
DateOfExperiment: 
Spectrometer: 
AdditionalInfo: dataset18_WS
SignalNames: dataset18_WS.txt;


Signal and FFT
sig(real)	sig(imag)	fft(real)	fft(imag)
Signal 1 out of 1 in file
275.2017600	-115.7318800
508.1308300	-219.1855600
362.5286200	-382.8846000
167.0536400	-452.2292800
-36.0526010	-424.6083700
-167.1320800	-307.3420800
-214.4104500	-179.7911600
-196.6297000	-51.1326800
-143.0907700	33.0900300
-46.4401960	50.0060070
14.1790520	19.7336290
26.2685850	-18.4567790
28.0362460	-66.8759500
-2.5107601	-95.7594830
-42.7224030	-94.9490700
-72.9965120	-77.9311160
-88.0275270	-40.0010140
-93.0770550	-11.7208550
-95.9013340	3.6360530
-80.7163880	24.2183910
-83.4580920	44.9641110
-51.7910230	78.4756850
-37.3670440	85.8484640
-6.3662703	84.6469810
31.4920510	76.4824130
51.4826340	47.3282280
66.5151890	7.0005404
48.0401850	-20.6748010
20.3980870	-49.4695640
-13.7521050	-48.8668220
-44.2778230	-28.0013460
-57.9748920	0.0599533
-48.1638560	31.5121670
-28.8349830	67.6886740
-12.2463590	88.4080920
37.3947680	86.7081150
66.8798630	49.1232360
60.4602290	33.2598110
80.0562290	-0.5817809
69.8123190	-7.0681964
56.1330160	-26.7963760
53.2124720	-54.4258200
31.3517890	-57.3946420
3.6797417	-54.5578460
-10.9068770	-54.1707440
-13.1495450	-33.1038220
-18.4683570	-25.1862060
-24.4714290	-10.6811250
-16.0977200	2.8034292
17.8334200	3.5383302
28.5147570	-7.7945253
14.8867550	-23.2688140
-7.7620367	-36.3596100
-28.1227200	-57.6382170
-47.9898150	-40.2883990
-65.9275840	-6.4830425
-74.0268740	29.2403370
-37.2299160	57.1234830
-10.3012730	69.7397110
21.1279230	68.2871520
55.2408420	48.0326080
83.9278300	10.6119210
60.3956980	-31.6708910
39.3200390	-48.4990780
18.3292610	-67.5458160
-22.8792460	-66.2357430
-41.6603860	-40.1664090
-45.3626590	-24.3490820
-30.0438750	-8.2420719
-34.7166650	15.8886690
-32.9810790	21.0635830
-24.5516750	4.5662275
-13.0225570	8.1082915
1.5232857	9.3389731
9.9732321	-0.9528797
2.1828924	5.8582582
-4.7981022	4.0139589
3.1031888	-15.0550110
-6.5824881	-21.2796330
-32.3360940	-17.2791540
-47.0659670	9.2578030
-38.5411030	27.1142080
-25.0234120	36.2854390
-12.4851290	52.4319530
7.5809373	70.5571560
31.4385270	45.8743940
57.2487450	30.6665000
63.5300210	-10.6483680
44.4849940	-35.3030520
23.3473000	-48.6523520
2.4394459	-48.8247810
-26.3401350	-23.8657260
-29.4517920	-2.9606828
-24.5846860	24.2676680
-2.9153552	38.3439160
14.6899740	42.6491750
45.0016950	24.6570770
39.3373510	-7.5403737
46.0598130	-16.7244320
43.9484630	-33.9659100
16.8675070	-46.4936810
-3.2985667	-58.7642240
-17.8329600	-39.3778500
-35.8446280	-42.4438260
-38.9383440	-25.4236260
-50.9001930	-2.6764973
-57.5124760	17.4010560
-41.2463450	33.2051710
-23.1784750	37.0129840
-8.3426101	47.0926510
6.5483534	45.8466760
19.1138340	29.0201070
42.2948730	2.9841121
30.9430050	-4.1488756
23.0156840	-9.5171659
-0.1938770	-9.5595968
-14.6820840	-20.4179120
-11.8354390	-7.3454287
-13.4401660	22.7757540
4.7655674	25.7218530
18.2956730	16.3576410
28.5757720	12.0659000
26.3784330	6.1333900
15.7907980	-19.5034690
12.4795880	-24.7589380
-1.0315964	-34.3186230
-18.4215720	-28.3469220
-18.1890030	-23.6284000
-26.6733010	-13.3844420
-28.5763420	12.5712480
-25.8998690	29.6247080
-17.4543190	31.0521760
-16.9413680	36.9308300
-4.8938835	32.7507440
24.9192920	33.5169200
22.4866310	26.8122370
24.4764610	1.4692642
40.5910490	4.7521059
44.9675060	-14.9201190
16.6229480	-32.4936900
10.7208240	-31.4494370
5.1226241	-24.8626300
-24.9845030	-29.4011890
-13.9037040	-20.8972570
-12.0571380	-15.0285320
-21.6296650	-1.1964229
-5.7299623	11.3877400
-12.2239340	1.0614896
-9.3884185	5.3098722
-6.0029887	-5.7559302
-7.3675244	-8.2550807
-23.5539970	-6.2155386
-15.9943260	-5.9638010
-29.3693110	17.4739060
-17.1558670	20.7603830
-13.1196770	31.0551670
-4.5424768	36.6137720
5.7276932	30.2406110
32.4670010	13.8190430
21.7835610	7.1464260
32.8895700	-12.1071360
24.7470490	-8.8494249
6.3105120	-21.2730840
-5.0777641	-38.6456660
-23.4579090	-34.0850360
-23.8245380	-12.5021630
-27.5582140	-12.2718330
-32.2164400	13.3618100
-44.3995650	24.5186370
-19.0308430	42.8353210
-19.3702330	38.1079020
15.1970440	30.2312870
22.1262540	22.9543090
36.3105940	16.4476270
31.0491830	17.1929320
31.3251550	5.4896859
30.5040000	-6.6806578
28.6073170	5.6491334
20.3393810	-8.1750706
14.7524770	8.4202295
30.8884660	-5.7140838
21.6825350	-12.0629550
29.9718290	-16.1423870
22.8970070	-26.9536340
19.3662410	-19.8856860
12.0413690	-29.6424220
-10.3242840	-37.0773060
-10.4421070	-44.1452790
-13.8546790	-31.8666710
-20.1889920	-12.4811250
-28.6805980	-7.4406541
-25.4069530	0.0792000
-21.7671170	7.2490069
-33.4227400	26.3130220
-12.7424410	16.2587470
-9.4458342	28.5185000
13.3591060	26.0387780
0.9791839	14.9909370
5.8447596	16.3543880
1.3533507	-1.9035042
-1.3533352	0.7323787
-2.2526399	-17.2400880
3.8452525	-9.7122327
-3.0143944	6.0070949
0.9414231	10.1074730
-2.1525380	-1.5789616
-1.6784366	9.6226945
11.4028240	5.7896900
6.4998192	-10.6866820
2.5761668	-14.5989810
-0.3575125	-2.5017910
-3.7207419	-18.5621070
-15.8472420	1.2233111
-22.7593000	-8.8755881
-8.1776255	8.4507881
-21.1973530	17.5940060
-18.0938420	21.6076520
6.7110656	17.6779310
-1.1511893	32.7280350
22.5522410	31.8567330
21.4911390	14.5296000
18.0492500	15.9845870
38.9947110	-10.0665670
31.3191240	-13.7797640
27.3706950	-19.9615770
16.6933760	-30.2468620
0.9614087	-30.9536170
-15.0263690	-18.3757300
-9.6171674	-5.7411364
-12.3413680	-5.4558815
-12.5495860	4.2957646
-1.3116220	9.7341304
-0.6789028	6.9838290
12.0695730	1.2001415
4.4328362	-8.9466140
12.5986920	-1.1779134
1.8262057	-12.9808670
7.8827205	0.7110694
-4.0792975	0.3914159
-1.2276552	-1.3464146
-8.2165808	-6.4053431
1.4733571	-10.6458810
4.0059788	-5.8403881
3.4940674	-2.1857533
-0.6575908	-10.2181380
-3.2048732	2.5514663
-3.2052868	-2.6650204
0.5454336	-13.6986090
-8.7182358	-20.1770520
-17.9083240	-13.4834290
-6.3003322	-2.7163262
-29.0093270	-8.8541188
-17.8646440	11.0208040
-11.9095200	15.0364540
-10.1205630	25.1637480
6.2548214	15.6047560
12.1623100	16.3012400
5.7842510	8.4103752
6.5415817	3.9588710
13.0900240	-8.0772410
1.8561099	-4.5864701
1.3527376	-9.6902859
-4.1534507	-12.6507470
-11.3527700	-1.8992699
-11.6415200	11.9801250
1.3727403	-0.0971132
6.9683869	2.2629998
6.3229370	8.4202641
22.5340490	17.5898120
13.5487940	4.4471403
11.3937580	-11.1014970
14.0217620	-15.5674790
11.0194120	-5.2638522
9.0388684	-24.6867900
-9.7706301	-8.0987539
-9.5284888	-21.4010460
-18.2783130	-9.0470933
-20.1047730	-0.2413538
0.2203152	10.4743560
-6.4963846	10.6160830
7.3253688	14.3138400
9.6954357	-3.1490878
-4.4198288	-5.2248898
15.1516450	-7.8400855
14.0826650	-2.9427095
10.2138610	-5.5005805
-1.6233486	-12.3587300
-4.1488976	-16.6409560
-7.9905822	3.3031342
-16.4696300	1.0314163
-2.4674769	3.5503396
-10.9319600	6.5254734
-8.7528968	21.0616560
5.2581738	11.9576610
4.7771364	7.6416330
10.8086020	-2.8194934
25.4767120	-12.2379820
7.0610865	-1.8382740
8.1509359	-19.4294970
8.7634651	-7.4687143
1.5959326	-11.7517700
-12.2903550	-3.1808180
-15.0728250	-0.5137050
-19.6894790	-4.0188227
-19.5790550	-3.8919869
-6.4079302	-4.5660541
0.1858055	4.6988621
3.1462465	1.4093903
3.1210279	13.4607360
2.2056175	-3.0703266
5.4650100	4.4039329
-5.7210480	-7.1594252
-1.5128223	6.6379847
-1.6798598	-0.5405988
0.6275266	0.8068024
-9.6235809	14.4462490
14.1811270	6.2349181
16.4203910	14.4915220
12.8188190	11.7004960
17.7747170	8.7866405
9.2656689	-5.1239331
15.6221100	-16.3877570
6.8450311	-3.2355472
6.6029916	-9.5355356
-4.0350766	-7.8000410
-6.8380289	-1.5068834
-6.0486242	3.7504673
-11.4747960	2.7463266
-14.3599700	-11.9313720
-6.2522014	-5.5987782
-5.3092762	10.2671380
-2.7731312	-5.6106834
-0.2524506	9.2183851
5.5413859	-9.5677248
7.0539249	5.2183234
-13.2104060	-9.0292874
-11.1794770	7.0235859
-14.7665770	0.7291270
2.3469312	0.5422042
4.8758840	4.2281272
-3.1823357	13.1755380
6.7247002	-6.2647924
1.4274911	9.8467828
12.4503440	-6.3246459
-1.4131683	-10.4543290
-8.2803626	-8.7311896
5.5569039	-10.1818170
-12.7946260	-6.4796644
-17.4951210	3.4077027
-16.4224140	4.4127000
-17.2932240	4.7134970
-10.3156690	9.1656742
-10.1698950	14.2498190
-5.4833648	18.8776950
20.4206430	26.6492320
11.9515030	12.1973470
12.0928750	0.3422006
20.4268150	-4.0888226
19.9074840	0.8515740
7.3648542	-1.8580255
11.8517950	-1.8603311
4.9411568	-21.1807730
-2.2602354	-12.4245640
0.4930664	-21.5331620
-1.4538019	-3.4461999
-4.5970567	-8.5411368
-2.3321276	-16.3160160
-6.7702370	-16.6277960
5.4576512	-12.7070840
-7.5142079	-11.2438220
-5.4192708	3.3100997
-16.4573100	3.1051940
-4.2883409	-9.8139876
-10.9334680	-6.4874981
-12.1221640	18.8197290
-20.8473350	15.2010290
-6.0613830	9.6721066
-8.2645726	25.6205560
10.0212850	20.2742280
14.2215110	18.7308330
12.2719790	9.9794435
10.3547400	-2.8840486
9.0239419	-12.8425960
5.3781401	2.6057106
7.1306772	-2.7658554
1.8846741	-12.4138110
3.7018864	-22.2775800
2.2591817	-2.1780508
-2.0587108	-3.2521924
2.2853010	-11.9854180
-11.8695480	6.6056738
-9.3931470	2.7713353
5.4276779	13.8468100
12.1123650	-2.4644059
-0.6703069	8.3211497
11.7593930	10.7983370
1.0363310	6.5966220
-6.4813295	-8.1123972
6.7411776	-1.5992369
-3.0515919	-14.6790820
-16.5690210	-4.4845122
-16.0372540	3.4779253
3.1713488	-3.9745994
-6.9579534	1.5756425
11.6720130	-1.9377710
1.8284959	12.8280830
12.7790000	2.9821354
0.2500458	-6.7112818
-0.9391719	-10.9359080
8.2347742	-8.8307104
-9.2057280	-12.1018940
-3.5007165	-15.1907330
-11.2177610	6.0213570
-16.9699760	-4.7592739
1.5244129	7.3663733
-7.1831141	16.1472520
2.1165127	10.6710140
-5.0074743	12.6701020
-1.1114276	10.6219740
9.9903944	-1.7330092
3.3835803	-10.1380120
0.6612651	-6.9507980
12.7504760	-8.9802517
3.8479632	4.5977439
10.6936250	-2.5285730
1.4213214	0.9628424
-12.9956060	6.0481730
-13.0030050	4.0967282
-3.7652509	-6.0673801
6.6775816	-3.1052197
-1.1041434	-8.6226526
-8.4304281	-9.3341792
-3.9954103	-4.1664898
-10.0672060	11.5892180
-9.5422891	9.0949841
-5.3212171	14.3298400
-15.3757690	11.3331020
4.3731728	-1.6221009
9.4946172	-0.3522785
12.4742490	8.1504862
3.8661353	-2.8369997
-1.9107611	6.2770456
3.5367320	2.3615094
9.2792476	-0.7993992
4.4576893	6.3568971
12.1091350	-14.5881870
-2.4057680	-13.1247570
3.1590636	-8.9603710
-1.7850603	-8.2094931
8.7937397	1.2909199
3.3653140	4.2329316
8.8706808	12.6667770
10.6401760	-2.3560873
-5.2364307	10.5354200
0.0817858	-1.3169445
12.7242340	-3.7911025
-5.9443261	-10.6957760
-9.8061680	-4.6408617
-5.9143226	-11.6661520
1.4890099	-3.0015501
-5.3830393	-11.4542230
-12.9772520	3.9559092
-10.7330110	-5.7485322
-4.0319483	2.3625091
-8.8560240	15.8760760
9.0621412	-2.3901461
9.3312356	5.4290466
2.8846868	13.3642920
2.8992862	-4.5342999
1.7232805	2.5458253
6.0547217	-2.3262126
-8.5756022	0.3636854
6.4921450	0.0364787
6.5964515	13.0234440
-6.0877928	11.0342480
7.4319815	-4.5472751
10.8617790	0.8070152
6.7852092	-1.1971703
9.2167843	-2.6601179
-1.8356511	-8.4186972
17.9250840	-2.2050499
-1.9541783	2.6425352
4.8598180	-2.5754348
0.0340773	-13.1270800
-7.2440464	-11.4694890
0.0770984	3.0994251
2.8994502	-1.1967543
-16.5933780	-5.8746743
-8.7504636	6.6056957
-13.3855730	8.6410233
-2.1022957	1.3640396
10.5394660	7.1018284
10.2156070	4.7750790
-2.3914636	-7.9731387
-3.9912397	5.1749008
6.6930979	-2.8043508
-2.2415318	0.7965394
11.4747900	8.8555439
-10.9447350	4.7745513
9.7155997	-9.2421168
1.9818724	4.6562864
2.8732957	8.0526279
11.6666060	-2.3814327
6.8938401	-5.3089859
-0.3237182	6.2827645
-0.7932252	-11.2791270
-8.4886337	1.9666963
6.2073064	-12.3699580
-0.6094198	-12.2889630
-6.1829790	-4.0403574
-8.9266414	5.7106619
-0.6936293	0.3612417
-9.0578409	14.1144730
4.2147534	-1.0687721
-0.0053964	9.2093029
11.8922870	-6.1935195
-3.5830844	8.0903995
10.1419340	9.4385803
3.4639397	-4.8923659
4.0303337	-3.2653046
4.4718426	-0.1951454
-2.7061930	-8.4370704
1.6492726	-0.6217988
-1.6914512	-1.3337691
-0.6003961	2.9119136
-1.9733960	-4.0557606
5.7318720	-6.6968964
2.3589526	-12.9907390
0.3662781	-3.1835017
-7.7454721	1.7800773
-6.8394471	-11.2537820
-14.9489300	10.2743100
-3.0851398	-4.8126153
-10.9783940	12.6269360
-4.8731110	2.6957086
-7.8198319	0.6323159
3.0274262	4.0014996
6.1205749	12.6860060
14.0338160	14.2962330
11.7254750	-3.9238109
14.9548090	-11.3791530
10.7282630	-4.6895544
1.3369053	-9.9410680
-7.0085468	-0.4790478
-8.1031994	-12.4662680
7.4338017	-14.1527140
-1.1152614	-4.4474715
-11.7993150	-2.1066722
-10.3886880	-2.9232054
-14.3138250	10.2077150
-5.8242156	-6.8423758
6.8991308	-7.8269932
1.3818361	-8.2644437
2.6434420	3.0284987
-0.8415512	-2.6944351
4.8579522	-1.7587633
-7.0839566	1.0171541
6.7172342	-3.3496189
2.7711694	9.7543969
-2.5199663	9.8567651
6.8607823	-0.1812191
-8.0302780	8.7083720
5.0412963	12.3222080
10.6395410	-1.2348083
-0.1388388	3.1343333
6.6472609	0.1497480
0.3591820	-1.2548426
-8.1676891	-8.7485682
-10.0406840	4.3552327
-11.0182430	-4.8191888
-10.8277140	7.1655475
3.1205081	4.4335976
-2.8130626	2.3887256
3.4215241	3.6612790
8.4774477	8.9851899
3.4674340	-1.9460193
7.6472667	10.8728530
-0.3639875	3.0600526
7.0806068	5.6107494
-5.6581845	-12.1881860
-3.5274216	6.8361752
-7.1949847	-12.0555790
-0.1604444	-4.3758538
-0.8957581	-10.7167170
-9.8806118	-3.4162634
-10.4513280	2.2869749
-10.6089440	-6.0492349
-2.0333175	-0.3892134
-3.2398645	6.4089819
1.8867688	-2.7310916
2.9624529	-1.4050300
-3.3815105	-6.1171143
-2.9497238	-4.8298234
1.4353646	6.4128340
-3.3525044	-4.5434414
-8.7406928	5.9546161
-11.1910680	-7.9706825
4.3402857	-5.3993687
-13.4624250	3.7769700
-11.1603150	9.2701431
-1.0127619	-5.4488954
1.8320245	9.6417146
-7.0628381	11.3976090
-1.4903693	-4.4304429
-3.2305451	7.1554176
6.4331632	-4.2349052
-1.9294217	6.7395216
-4.1645709	-5.6967896
-9.0734559	-3.3992621
-0.9550484	3.2852386
-7.2800681	8.6233398
8.1001415	-1.9967578
-0.0696402	7.4895838
2.0412753	7.3067627
3.5372524	-2.2118991
11.1173710	9.0399524
10.9348190	0.8113220
11.0354060	0.5641985
4.1195669	6.6898720
8.5111284	-3.6082200
-4.4115908	-3.5139468
5.0064236	4.6124964
5.0116613	4.0534733
6.4395712	2.8694114
-6.2642399	-8.8573508
-2.3542713	-5.8823762
-3.4948391	-8.2174200
-2.5216999	-7.7015785
2.2738300	-11.9212080
1.9409915	0.7011605
2.0540705	2.4999841
1.4276057	-4.2761665
6.0360711	-8.5378081
-4.6264826	-6.5622874
0.0608003	-1.8066124
1.3440908	6.4264677
4.8167559	3.9462484
8.4663415	-2.5097600
12.6055680	4.6624204
7.3329368	6.6647919
-3.7100341	-3.8487050
7.3705021	-5.2975213
7.7901668	-10.8794630
-3.7863945	-10.3055640
-3.3760441	10.3023900
5.3759483	-7.1860458
-1.2890259	5.6459121
-8.5146250	0.3462624
-7.3288185	-7.4638284
-0.0375438	-4.8468625
11.8419660	9.0327139
11.3963620	-5.0343435
8.4100401	-1.5595786
1.4696964	-6.8386777
-4.4386141	4.1666057
8.1859118	-1.0666269
-3.3012211	-2.9149409
5.3181232	-9.0352400
-1.4708961	1.5620559
10.2054090	9.2411628
-4.0260541	-1.3989480
0.4045922	-6.0098050
2.9307977	0.2090415
3.6653970	1.5095978
0.0725474	-3.9588597
-1.2926342	-0.1106241
7.1805779	5.6053189
-0.0426596	-0.7800190
-3.0992348	3.7144294
5.4679448	-2.0719905
5.2554569	7.4330091
-8.5446651	6.5105928
-8.1020216	1.0462743
-0.7012031	6.8362553
13.9117270	-3.0526308
-3.7357366	-2.4289611
-2.3055347	11.8111640
14.2203440	-2.9560466
12.7728950	-6.8492132
-3.7591131	-6.5870612
7.8651704	-10.4366530
7.9694062	4.5307864
-11.6092720	-6.3899067
-1.4308303	-9.4213973
6.6931356	-7.5305202
9.0404148	-7.5915261
-9.1692131	-3.3197966
5.7313250	-11.0740070
3.8195613	-9.0436602
0.1260750	-9.5414397
7.2273698	-10.9653050
0.7528994	9.2890313
6.5082316	-5.6270736
6.8575548	-8.2819542
-11.7639860	-4.4906748
-7.1554017	8.6336048
-8.3227808	-2.0899817
12.0575280	-3.6630372
0.3029109	-6.4114615
3.1581654	6.4209557
-7.0245491	-10.3196780
13.8071120	-10.0921370
-4.4345900	-1.6445770
6.3431330	1.1457065
-4.9576908	-9.8741656
-8.1614037	-8.4804777
-8.2791226	-1.5863282
-14.1678580	-7.7320006
-0.8677152	-2.2734693
-2.4869769	11.7549600
5.7242990	-2.9320002
8.5433426	4.6390405
4.4220704	6.0070013
8.2220493	-3.7177965
11.1747390	-0.8870494
4.7108382	5.3672748
-4.8515054	-10.6455250
-5.0926792	3.1226369
8.7372929	-5.0036597
6.5368388	5.9519639
-3.7038895	8.9040226
8.4638600	-1.1652802
11.7255240	9.2630379
5.0428801	-3.5983363
4.3098393	-1.6151685
7.7896165	4.4370354
-7.4088032	6.5355399
0.0951783	-5.4575553
4.4899263	0.4718270
-9.9918440	-3.8732497
-9.7910369	-2.0033327
1.8670565	-10.1456950
-14.6074940	2.1584273
6.3611971	1.1938622
3.7605491	-4.1274857
-5.8397404	7.5330030
0.4985678	-7.0352910
5.2990919	-3.3039208
-2.6805724	10.8209380
-8.1821382	-2.9394170
0.9716608	-8.8054579
-2.4732543	-3.9314178
-6.1368903	-2.6301466
-7.6715777	4.1042620
-8.1024497	1.7865238
-4.5079149	1.9780442
-1.8073968	11.1658890
3.0042427	8.5581075
-8.5724536	-9.6206060
10.7747080	9.9259085
-0.6445218	-10.2714950
7.4054190	-10.7282920
-7.1726211	-1.8887856
2.3326155	0.1078359
-7.1019087	-5.2579039
-3.7819066	-9.7276057
3.3999249	1.7699028
-3.4696078	-0.2161478
-9.5820428	4.8362500
5.2884659	5.7512809
4.9948326	12.5625570
-0.4784395	-3.9523443
3.3338531	2.0073806
12.8322420	-7.6975133
6.4773758	-2.4350857
-4.8113360	-1.7848951
2.3382709	-5.1119154
8.3913617	-4.2571938
9.2315133	4.4414035
-1.9642372	-3.6294850
0.8994020	2.3942597
5.6404825	8.0933663
-10.3778840	3.1949904
10.6354060	2.3874118
-9.9124145	7.5557603
-1.9276771	-7.7552986
7.9394760	7.4431638
9.1966426	1.9278402
2.5738499	-0.3273954
-6.1251682	10.5651000
1.9987589	10.9169220
0.2085531	10.5677310
-5.2746844	3.7243409
1.5456530	-4.4583056
-8.0212189	0.5752345
5.4068458	4.0233543
0.8699234	-2.7273478
11.3956660	-5.8700337
-6.2645738	-12.0422090
3.8868296	-8.9366033
-5.0636284	0.2683192
6.5646679	5.7485564
1.7575731	5.8657219
-1.6454455	7.1671930
7.7811541	2.4314380
0.0775090	8.1889586
6.4053590	8.3569439
9.5404753	1.9218580
-0.3695651	6.6582893
11.4942160	6.7878343
-4.8587685	7.9908430
4.4670467	-8.9281702
-2.1366928	-1.2948035
4.8684082	-2.3041939
-11.6242530	5.7702620
-3.0197038	-3.4555788
-9.8951892	11.6109520
-6.3590584	7.9445289
-9.5485596	1.6113589
-6.0342477	-5.5990793
6.8384756	-1.5432533
-1.1776673	-1.7109203
2.9191634	-10.6402880
2.2447120	-1.4028537
8.2967905	6.4977977
5.0828924	-4.2919113
3.2955457	3.5903214
1.4149876	-6.8751590
-4.4396969	8.9111191
-5.4835637	2.7136751
-6.0292971	-6.8611665
-6.8758290	3.8868888
5.8681834	7.8331551
-6.9997337	6.6561775
10.0899650	-3.1460551
9.6718470	-8.3100214
1.5635619	0.9429485
-7.9337921	-5.2781686
-1.7982578	9.5609891
-6.5317101	5.5253148
-2.1378283	3.4081014
1.9173224	-1.0894878
-1.7461554	-5.2675031
10.0356290	5.0370789
4.0317958	11.6522060
-5.2075336	3.9851768
11.8723350	-1.8495157
6.1992118	1.5501488
-5.3042345	7.3815702
-8.6367102	-11.9013360
6.7218860	-1.9991420
6.0013206	-4.3367946
-1.0486928	-9.0989919
-0.5872578	-3.1992053
-11.4435970	-5.9019051
-2.5413310	-10.1781310
10.5056330	-3.7224530
10.4450920	0.4658940
-1.9170309	2.2688897
5.3596458	0.5089080
5.0822432	0.3994470
-10.7502690	6.8630453
9.0629521	-0.6804101
-9.6133569	-9.7171930
5.7072851	4.9185136
-8.0816902	1.8324694
3.1799501	6.3623689
-4.9125883	-2.2855558
8.7205891	-4.9257295
-4.4085730	-3.7337481
11.3983780	0.4481546
-8.6853621	8.2020278
5.9675685	0.3263394
9.7840293	-11.9053780
-2.1367050	2.2342117
-5.4296659	3.8832147
7.7585802	-6.6231146
3.1540548	-2.8477859
0.3443670	9.1837826
6.6654507	-3.9187234
-9.9757428	11.5824740
-0.3447427	10.7716760
-8.6735741	9.9638853
1.4752452	-8.6175337
11.3474270	-4.7992417
7.1128505	2.5999180
-7.1596791	5.7378268
6.0886154	-9.6967562
9.6488022	-1.4569003
-10.3272910	1.5627815
-3.8688700	2.6175000
4.8760826	-5.6215275
11.1270510	7.7669657
-6.1330424	7.1345085
8.7761144	0.8749984
0.2225174	8.6642119
10.3114200	5.8195062
8.7060409	5.8716872
-8.2614980	-8.2336815
0.1635621	-8.1363930
1.2189812	10.8193880
4.0212245	-2.5467546
-3.7165331	-0.8350598
-1.8439439	-4.1971508
8.6932642	8.5137739
11.6989950	2.7216230
1.2269283	10.2995650
5.7005993	11.3401220
3.2142340	10.2394390
-1.6945906	9.1486413
-3.5561281	5.4876116
0.8717105	-7.0381504
3.7346035	-0.5533380
-1.0421152	-10.4326300
-10.9343750	-5.0882847
9.5118168	-1.8818317
-0.5509249	5.7206304
0.0765610	-5.3863920
7.8411610	4.3774541
-9.3163142	-6.0465133
-1.6358079	-8.0777989
-6.7110476	0.5951425
7.7813564	-7.8181178
-2.7240656	8.5248304
-7.4397049	1.6603696
-0.3718258	10.5377040
-2.7882892	4.5476412
9.9721696	7.6568695
0.5422988	-2.1670152
-0.1533959	-7.8918750
-3.0997565	-7.4570957
-4.5532296	-0.0295862
12.3696790	3.2350768
11.3533840	3.8979059
-6.8460390	0.3678693
-1.6364492	-8.0013077
6.3662566	8.3120387
8.9641668	9.7352167
-6.2113136	-8.8461854
4.4962244	8.4766627
-7.6064970	-0.8658810
9.1062667	5.0399160
9.6932479	0.7028435
4.6144131	-5.1956817
4.3498094	-0.5158203
-1.5796546	-2.4739323
-3.2274362	-9.1518439
9.0365637	8.7378021
0.9889664	1.5526999
3.3028209	-7.7002791
3.7288109	7.1375218
5.8201189	-5.8365751
2.7943299	3.0565155
-6.0058806	9.5646664
-1.7582454	10.4061160
-1.1418206	11.0159640
-0.3754282	6.3840879
-7.5217355	-11.3487950
-1.3950405	6.9613357
-1.4149963	-2.1571797
-3.3548746	-2.3092989
-0.7809326	-7.3682391
5.3026806	-4.0510265
-3.1981017	-8.6215439
8.1741052	-5.3253640
9.9104826	-7.9685734
2.3575071	2.8649852
-7.8692283	-3.5342176
-5.9022970	-6.3728349
-4.8839426	4.1904882
10.2684230	-2.2041151
-2.1794649	6.0901201
-0.8783259	1.5645930
8.1945243	4.3516003
-10.5690770	-8.3892275
4.9455928	-4.5269345
-9.8888005	6.0510932
-3.1391128	7.7767946
9.6128480	1.6890755
4.4556382	7.4856810
9.3957781	4.3427824
3.6379284	-3.6228230
-9.1739580	-1.1132671
-4.7977687	-2.4301038
8.4162620	-1.5923891
5.5347246	-2.1850762
8.8264092	-5.7433226
-10.9095600	-10.2526110
2.2802727	2.3830168
-10.9969950	-8.6281215
8.9841021	-2.7048244
-3.2074410	-8.1513915
1.1618990	4.7826369
0.0587862	-9.4122419
0.8735679	-4.1820200
-9.7458275	9.6818866
0.3342816	-1.3613290
1.3991224	-6.1254908
-8.2344966	0.8853732
3.1641115	-3.9828653
-10.7121900	2.9969754
-10.1307070	-10.3534820
-4.2214243	7.4482194
-1.5558257	3.5644392
-2.3736216	6.1810898
-8.6897697	-3.0056386
-8.8470800	4.5648138
6.8461925	0.9892986
-7.2505792	-6.8407930
6.2129400	3.9751741
2.1416643	-0.8704018
-6.6761730	-3.5820915
7.4880508	-8.0195574
9.3792686	10.1371100
-3.2082830	9.1574028
-5.4829084	1.4276148
-6.0311980	3.6084329
-1.8823990	9.7003275
3.1053679	-7.5489086
9.3165095	6.9605775
-8.8253697	6.3741328
-5.0293437	6.9875747
1.8176793	-9.4680858
2.1713676	6.6430586
-3.6447648	4.2993958
5.2515134	7.2837079
-0.1393068	0.0279325
-8.2218176	-9.0747806
-6.7388998	5.2914568
-0.0234262	5.2169485
0.0172848	9.0456708
-3.2559154	-4.5622930
8.1261945	-5.9804529
-1.2316902	8.1302031
9.9427769	-3.9058795
9.1155437	-1.0511953
6.2731222	6.8463538
8.6935591	-2.1918627
-8.6575340	-7.8726032
-2.2360376	1.2227256
-2.7556162	-0.5137542
5.1493322	8.9396190
-9.3056539	5.4036140
0.0489633	6.7747195
-3.2518688	8.2852777
5.8919967	6.8539559
-3.5035621	-4.2284485
-6.1842558	7.8689926
-3.4114464	-3.9878416
0.4004866	9.0601495
2.2691494	-1.0212416
10.1522830	9.1158269
-2.3255704	-1.2772055
8.0624498	5.7327208
10.5917880	10.6862940
9.7905622	-4.7391191
-6.0682017	-6.5120129
-5.7716337	1.9892727
-0.8348120	-0.4679625
-11.4072340	7.9631095
-2.7075503	-6.5380257
-7.5461575	1.0001701
-8.9443750	-9.2622958
-4.2493506	-2.6095994
-10.3358550	-9.8375971
0.5610015	3.8524983
10.3326640	-5.3443346
-9.9938010	-4.8316399
5.3934374	-9.3996356
-5.6621377	7.8225689
9.4501490	-5.6333219
0.1898113	-2.0949473
5.0228205	0.2422929
5.3789887	6.3407466
-8.1077324	-7.9676226
0.6927341	-6.5108619
2.5189571	6.4470073
4.4106121	-6.9377521
-3.2957918	-0.9136816
-8.7687177	9.8234941
-4.5265396	-7.6234663
-3.9158592	-6.0854957
8.1885340	-9.0442857
5.4848074	-0.5376652
0.7515883	-3.0956345
-6.4888495	7.6507515
8.1433326	7.5655642
8.5816424	5.6353390
-5.2503688	11.5138010
-7.0813489	-9.8056383
-7.3882417	-5.2998527
-4.6150148	-6.6411677
10.2731990	-5.6982209
-7.1376686	2.5763099
9.2033579	-4.9388497
4.5951345	9.2407425
1.5742861	9.9294415
8.8982752	8.0410027
-2.2728596	9.7992466
4.3752584	0.8038664
-8.9007037	-8.2440113
3.3969466	9.8196017
2.4249072	-7.3289886
1.0275883	0.4332208
-2.5387666	-2.7803864
-7.4815028	-4.9327929
5.6011037	2.8434809
1.1918601	7.6146443
-2.7482809	7.5877362
10.9155770	4.0546267
10.1757450	1.1712275
-6.9040793	4.1276175
6.9908009	-1.0237318
5.1218101	4.1766909
-6.5590742	9.6554132
-8.2728818	-3.9165438
7.9082215	8.1832170
9.2275400	1.3283268
-9.4195946	3.7852251
-10.5784780	-5.8390170
-0.5698698	-4.5252601
-5.9750117	6.9955189
-6.1541307	0.4044520
-3.8276516	1.2813300
-7.6544871	4.2291002
-7.1055907	-9.6297209
5.3164224	-9.3835875
-4.9801179	-1.1504123
11.1228220	-3.5964875
10.8675680	8.5651080
-1.3849204	5.3113386
9.9660378	-3.7056707
-7.2161246	-8.7939870
-6.5826054	5.2344472
7.2185230	-0.9701756
-6.6225955	9.2108149
5.9578975	-6.7010967
-0.3709602	-1.7551396
-7.5347469	10.9286560
-9.8549832	10.3873340
-3.9623000	7.5782226
-8.6131445	-9.6032369
5.0500517	7.3108442
0.0696282	4.2794680
9.1764211	-2.5814164
2.3180417	-8.3612138
1.2159691	9.1473969
0.4484982	10.8725960
-10.7220160	-6.7090163
7.0879473	-1.6764326
11.2817190	-10.0654570
10.9866100	2.5930455
0.1367102	2.1183700
-8.9726007	-7.3943330
-2.2396896	-8.0967966
4.6884828	4.6060569
5.5274406	0.0879302
3.6970261	3.5031050
0.1301619	-6.9797460
6.0323638	8.5458752
-10.2238600	4.8576981
0.3731031	-10.3635240
9.1086817	-3.8748122
4.9136430	2.0013904
5.1673265	-8.8825129
-7.7709470	-8.8359495
-0.1441520	-6.1504775
0.3100326	1.0933535
-8.1691218	2.9854583
-5.5861014	-1.0563097
9.8212736	9.9300309
-10.9804480	-6.2064344
7.4748607	-8.5040669
7.5066017	-10.5121980
6.2681447	-8.6732788
-6.2776177	7.7030042
-0.9067589	-9.5485289
0.6509403	5.7162675
7.7891304	-10.8994120
-4.3822184	8.9464791
-2.7320789	-4.5313980
1.9792815	-5.8622448
-7.1294657	-8.3006039
-2.5722998	7.9322203
10.4272940	-6.7357885
5.9257865	9.2438315
9.1461889	1.3706894
-1.5950754	-7.4482879
-1.2871879	8.7497261
-3.9437846	4.4714132
-3.6701982	-4.7990062
-7.0099728	-7.9611878
-1.2628116	-7.0562656
-1.2723628	-8.0543034
-7.9839808	-0.3398488
-7.3708964	-0.8668944
-1.6074570	-10.3683810
2.0609732	5.4093635
6.6198818	-8.9659518
-1.1350604	-8.9311484
4.0016455	4.1672004
-5.4845291	9.0004177
2.8152777	-4.8085087
-8.0748892	-9.4903512
-4.4990873	5.9897131
-9.1598506	10.1312150
-2.6735017	6.7508742
-4.6608211	8.8826976
0.6185113	1.5840554
0.3454533	6.5643002
-8.6047149	8.2392562
10.7612950	-7.9687873
-1.7568502	-6.2210933
-2.1968867	-1.0054187
1.1904896	-5.2008059
-2.0866801	-1.5471115
3.8880776	5.9237641
-9.5811337	-10.7490570
-6.6868147	-10.3267160
4.3324027	6.8873635
7.7448534	9.2422214
-2.8121399	-4.7503077
2.4432914	-8.7839614
-8.7331609	-0.6539887
10.6322820	1.8696307
-10.0278760	-4.2468599
-2.8164608	-2.5018381
-6.0628646	-5.5023772
6.8394422	-2.4189144
2.4886571	-6.2284996
3.8323420	-3.5922007
-5.9519829	-10.5350510
0.0519510	-1.1322992
-8.7734809	-6.4723143
9.8879331	-10.2949730
-6.2114702	-8.5139280
9.9907044	-1.7992544
-6.8321121	-3.9930637
6.7425882	-4.0969513
5.5749354	6.6533391
-1.9194286	5.7535540
-7.0702260	7.4457558
4.3056611	4.5757180
0.6758391	10.7095410
-10.8715200	5.6817727
-7.2860727	5.9685553
-4.6038299	-10.2215680
9.3050323	-0.1619476
-4.5649136	-9.1052306
5.5742566	0.5633460
7.1169497	-9.9254212
5.8941533	5.2994290
0.3579127	-7.9409909
-7.7567249	-9.1532442
8.9555250	-1.5976882
-11.1456760	-1.7813714
-2.1170072	4.7094603
6.6844314	-9.0064389
3.3197184	-4.3265656
-1.9339872	-4.5114327
-1.4585107	-9.2313608
10.1864190	-4.0541599
8.5572838	9.8895732
8.2907269	-9.9492780
5.1828258	-9.0186548
-8.8128102	-6.5750208
4.6756404	2.7820496
2.7718849	1.3496054
0.8779807	-9.6820114
-4.8187315	-5.1237393
-7.3348677	-9.7646009
3.1485550	-2.6841423
8.1493851	5.7290821
7.9466493	8.6634914
-0.8042704	-9.9739774
-1.4535869	-6.8621496
-7.6213007	-6.1881237
10.1853930	1.2545444
10.4614230	6.9441119
0.7652500	-0.3634274
-10.0437580	3.5390456
6.5900933	5.0943723
1.5976648	3.3583096
-2.1697445	-9.8982950
-1.1555092	7.5298086
4.2658283	0.9152910
6.8621054	-9.7581215
1.8085098	-7.5326031
0.1748535	6.3497443
-6.1896104	-7.0442553
-8.9403692	-6.1229664
-8.7695961	-1.6223584
-5.2247335	1.8151272
0.0338030	-3.9598662
-9.1229541	-5.1875385
0.0419629	10.1174930
2.7974645	-8.3004226
-5.7176071	8.4299539
6.1829360	-8.2225149
1.4986712	-9.0461808
6.4610761	-8.8047759
-5.2885977	-4.8982466
-9.3061069	-3.6617385
5.3346722	-2.6984649
-0.9816395	2.0532679
-10.5378670	-8.9526775
2.9667106	-9.8166163
-6.2103385	-2.1605870
10.3263220	9.5184782
10.4644630	-7.8743781
-8.7057268	5.9621099
6.6382078	1.0443393
0.4163612	-2.7674650
10.8927200	4.5262547
8.0871274	-3.5814634
0.1847518	6.1000747
9.8657010	7.4915309
0.8813180	3.4292264
1.9746323	8.5399914
0.3938627	9.9621858
8.5938203	-5.3617432
1.0469168	8.4216678
3.8998216	-4.8892965
4.0101543	4.0030682
7.6357743	-8.5815899
2.4751935	-6.9771956
5.8663189	-8.4475734
-3.3326320	-2.7596546
4.8576085	5.9359304
5.0733165	-9.3029517
-1.4621245	-9.6030845
-6.8551485	-3.0325324
-6.6267389	-0.5898942
-1.0431922	5.7650712
6.9479025	-7.3419209
-9.9526767	-6.2278971
-6.9108927	-3.1713437
-0.5489759	7.0204507
-10.8778810	-10.7451420
7.5340200	-3.2768355
-9.0350960	-9.9404132
3.2670040	6.4758789
4.3344557	2.2285589
1.3736495	-7.9716926
3.3345792	7.4675483
-9.7184714	-5.9651436
-10.7346480	3.2403634
-0.2300103	-9.4273146
1.6621290	2.2789345
1.8294002	-1.9540068
6.6776895	1.8892038
-9.3990991	-2.9993503
4.8898705	-2.1723883
5.6159490	-0.2749619
7.0289063	-10.7626350
1.6416787	1.4080723
-2.4018497	-10.7144580
2.2185989	6.5048445
0.4396465	5.1877500
1.5025123	0.6904293
-5.6310542	7.4100321
7.0301313	3.8951312
10.7221970	-9.8368177
2.6114455	-7.0265474
-7.8000985	-4.9259308
6.2923144	8.9978264
-9.2853941	-5.9432807
-9.8295984	4.2426335
-2.4334297	-5.7134716
6.6879741	-0.9366557
8.5615037	7.8119858
3.4427548	5.8634712
-3.1683190	-6.1167240
4.0457232	3.8186484
-3.7844203	-2.8656348
10.0192530	2.3084179
-5.8763156	-3.1530782
4.3127963	1.0688415
4.6329040	1.7344732
-7.5577007	9.4437022
10.1290710	1.5038091
-6.1682736	8.8155951
-9.7597163	-3.2871401
-5.7715839	6.1070709
-7.8089970	-8.6221866
10.1850230	1.0970041
-9.8742603	-10.3508410
6.2289955	4.5566982
-3.1145222	2.1983125
2.5905544	-1.2006460
1.1407086	3.4833596
2.1064697	5.0622760
1.2705602	5.1525792
7.4606839	-9.6925375
-1.0365932	2.4731349
-10.9512900	-0.1205482
-0.8455423	8.5662858
2.6796474	-10.3154430
-10.1068990	-5.0877902
7.1146825	-6.3462683
-7.2710582	-5.6051114
9.0643662	7.1752781
-1.1690656	6.6732902
8.7103605	-0.3706061
2.6279977	5.9915879
4.6409264	4.6240738
-10.7590040	4.7322411
6.0295409	7.3340087
-5.8876360	-0.6221762
1.1210095	-7.9875258
9.6301960	8.4913981
6.5397070	0.7135935
3.8844747	8.9910244
1.1441956	-2.0190442
-3.6297293	-5.1874983
-9.7680053	7.8594780
5.2326921	-2.9457575
7.4342874	-5.4527036
5.5592382	-7.6607797
0.7940249	-6.3031465
-4.7157472	-3.1536786
-9.5006190	2.0106608
9.6799394	-1.5693480
-10.4781550	3.1540312
7.8366423	-2.9327039
-0.2094568	0.5223971
10.6377330	-8.7466058
0.1352946	-4.2139201
3.9138929	5.5929441
5.7903023	-3.1807301
1.0698112	-0.9581359
1.3334317	-2.5057074
5.3137966	-3.5060709
-5.1763916	-2.5083581
0.8043432	0.5169598
-1.1808373	-0.5148921
-7.5635287	-8.8887842
-9.2231389	8.7477195
0.2172836	-1.6547979
5.3555524	-10.9097140
10.0434520	-8.7205288
-9.1937998	-9.2383214
3.6044530	-5.3760331
8.9354729	9.7349549
10.2159070	4.0427137
2.3398535	10.3807230
-2.9234560	-5.6228073
1.4871944	10.1010960
9.4706490	10.2720120
-3.8855019	0.1299897
3.6122049	-4.8035404
2.7843340	4.0378227
6.3970438	-10.3208660
-1.4777217	3.3033765
-1.4241660	9.1001220
-6.8249923	2.1249685
-6.1912774	5.6438335
7.8863050	-6.2092703
2.3236599	-4.7158275
-3.1745975	-9.3010536
-4.6281294	-7.7058438
1.0500091	8.0878117
1.9071661	8.8175076
0.0937894	-2.0391799
9.5331501	7.1926842
-5.6863742	-8.8050852
9.5465972	0.9770199
-4.1521435	-2.7234687
3.5494777	-9.7698566
-3.2988487	0.6362091
6.1467854	-4.4366248
-7.8827276	8.0312728
-6.0777383	4.7903581
-0.8509483	9.3608387
6.4464780	-6.5955969
-1.9815185	7.2114037
-5.9500289	0.4127587
0.1707747	7.7819853
0.3996930	6.1070305
10.5416850	5.0626904
1.7021009	3.0290708
-0.2009571	-2.0253176
3.9099084	9.6809810
1.9929386	-2.7120753
2.1488682	6.9486578
-4.3021530	-5.9270941
-6.0046814	-0.6721342
7.8704780	7.6717166
-7.0369163	-5.9740402
-8.7938346	8.4492988
-6.4639739	-0.8436006
0.4368737	9.5321480
10.6863710	0.9222476
0.0411569	10.3509950
8.1584175	6.4342285
8.6149248	6.6997620
5.9668045	5.0415067
-6.7692260	-4.5299840
-1.8132948	-1.0299433
1.8619920	-8.0034521
-4.3661123	-5.9708827
-3.0344397	-4.4949090
6.0069787	-3.4774499
3.2488806	-9.1005817
-2.2804395	3.0485006
10.8684950	8.0658321
-9.6916002	0.4883064
-4.2529400	9.7602952
5.8122607	0.6675800
-6.7202328	2.4381736
9.8296029	-8.1204807
7.2434083	-7.0791720
1.5836037	-9.4969763
9.0547070	-2.4908932
8.6288880	-9.5548969
5.1163899	-3.8130365
8.4595000	7.2501645
0.8232728	0.2746658
5.0102959	-4.3144249
-1.3780000	-1.1835376
7.7914218	7.3282899
3.3980959	-3.3510636
-11.0428170	-11.0172650
-1.4374455	7.6844672
7.0018449	6.5864538
-10.4436840	3.4689445
7.6073302	-2.3466790
-3.9952717	-7.9032792
-6.7155797	-2.5052806
0.4213076	7.0685172
-6.5932270	-3.6913116
-10.6019490	1.6371169
-10.6747300	10.4711760
0.3854388	1.8747877
1.4803490	-1.6990158
-6.7499931	5.3438940
-4.5363200	4.2832505
2.4797054	2.3057066
5.7261050	-2.6341533
8.7838635	5.8442602
-0.4358800	-4.2701540
-9.5520092	2.9576342
-6.0833677	9.1353254
-8.7518563	-9.1092922
10.6661710	-1.9264758
4.5198073	10.0925140
0.1499961	7.7922165
5.9766341	-3.4908588
-5.1942219	3.7559892
2.2727495	2.0762326
-6.4034502	-10.0981660
6.2540220	-7.8667094
10.6495880	-5.7657171
-8.6236195	5.3114744
7.3853693	4.6845218
9.7765412	-7.3679548
4.7838995	0.7006127
5.5162209	5.9219093
-2.3031473	3.5907503
7.4007416	-3.5571994
-10.2557420	-10.5900490
-2.3352420	-6.6367658
10.3978300	-8.2712062
-9.9114513	-8.2365291
-0.6038579	-8.7251669
10.0782190	-2.4825455
-4.2198381	3.5100806
-10.5366400	-0.8021522
7.2280073	6.2988384
3.6096105	-4.7699374
10.0729800	7.8341011
-0.3866577	-7.3198245
3.8830352	0.1121054
-1.4097455	8.4503988
-9.9586784	-0.5016624
7.2302225	-2.7873345
1.6614623	-9.9315250
4.1030431	-8.8114611
-4.5062810	-7.2394240
10.9270550	6.0953164
-1.5397959	-0.8628415
9.3226017	7.0961420
-4.5700880	-10.7298160
7.4065201	7.8559852
-2.9879193	-6.4718001
1.3888224	-5.5639595
7.5789363	9.7636963
-7.8037064	-1.5191239
8.7265995	10.2143180
10.7349160	9.7532883
-2.0270519	7.8760444
4.2136147	3.4759507
4.3846181	8.1074584
5.1136870	-10.8349240
2.3350672	10.7945450
-5.0897420	-3.7132146
-3.5660990	9.9077437
-7.7480575	4.3854384
6.7220504	-3.9799401
-10.9603200	-1.3690681
-10.2747160	0.5803460
-7.8480336	3.9015481
4.3689737	-9.3712258
-2.0888546	1.3559947
7.3434091	-7.2652227
4.6223904	-8.4889174
-4.0846946	2.4250688
-6.6938703	9.1189834
-6.9320642	-5.0535185
8.3038967	-8.4457202
-9.6060025	7.7707879
4.6544819	9.7804406
2.5086047	-0.1288629
-9.6769974	8.6178904
7.6515425	6.0648025
-6.6099576	-10.5853190
-9.9095133	-4.9297635
0.3849610	-9.5481497
-4.2060866	9.3758474
1.9422834	4.8684204
-6.9210284	9.6901614
-7.1661327	2.8670827
-0.5828810	-2.0728112
-1.6379338	-6.8761838
7.9686080	3.0177360
7.3299682	3.4797923
6.8208171	-4.3552998
-9.7664008	7.9229176
2.1026278	4.1401499
-5.3547752	-5.6075213
8.4809925	-3.8979269
-1.1928654	-6.3126374
-9.5265393	-1.0651356
-9.5673748	0.0787820
1.6196827	9.0683066
6.0127274	-8.7039867
2.3240445	6.7457271
1.5247869	6.9085212
10.3161400	8.1860949
-7.4364367	2.9163194
-9.7041639	8.2941568
-0.5547062	-7.7021819
2.1384142	-9.1931581
-4.9439146	-0.3662180
-0.0494938	-1.0801929
-0.9277557	9.4914532
-8.9558957	2.1989928
-1.5258768	-1.6046126
-7.6618100	9.1784570
7.2321857	-8.7190729
-8.2798049	6.9073622
-10.7062140	-1.3489007
4.3967749	-0.1130670
-8.2390597	4.8242297
4.1953131	3.9670092
5.5789879	7.4106306
-1.9193082	2.2661643
-10.1599400	3.2836335
6.7997703	-1.8728630
-5.7629961	-9.5906996
1.6664041	-4.3819703
6.1588545	-2.2493452
-9.5612910	6.9524843
-5.7596686	-2.8253107
4.1610263	-0.1153583
-5.4682723	7.0820802
1.1105243	9.0774438
-5.7228697	1.3048914
-5.9298536	3.5630904
-4.7319461	-10.4477830
-7.0678092	6.0581392
0.5285704	-6.0806328
10.9105290	7.5099433
9.6017778	-6.1190867
0.6288228	4.2012799
-8.5447065	-3.7225989
-1.4019522	-3.8149239
-4.9937365	2.6886802
-0.8321362	-5.8470074
-0.5398374	-5.9015824
-9.8229174	2.1795845
-6.5881435	1.0462074
5.1300338	5.3138448
-3.0975858	3.5408163
-8.0832143	3.3313356
-5.0835372	-3.2233018
-3.4066432	4.6109320
10.7614160	6.9309520
-3.7684928	8.6695455
-0.5458805	-4.7404513
-7.1896302	5.4795071
8.7064733	2.2403782
3.3922602	-2.0857984
1.4580112	0.4439506
-0.0678960	9.8583463
8.6722366	-3.0767767
9.2023228	8.0413099
-7.9474631	9.8377841
-7.3887068	3.3772271
-9.9114307	-7.4026408
0.8490431	7.2417504
6.8981936	3.7132739
-6.3800837	6.3388362
5.4543695	-1.5323453
-4.6339214	-7.6708377
-7.5757624	-5.4821798
-9.0827923	-0.7989551
-9.0795770	-0.9177007
5.4154521	-3.4167999
-2.2137933	-8.3831389
-8.8707806	-8.4277799
6.6405430	5.4739593
8.7797296	6.3658690
-2.0738230	-0.0902145
-4.9568669	-6.7694330
-6.7530889	9.5175850
1.8838995	10.7330640
-10.0802750	9.3291535
0.5673614	-9.4521327
-8.7093170	6.3538488
-0.6791494	-3.1383991
2.4544572	-2.9383911
7.3712083	3.5087211
-4.7078247	3.8562360
8.9495237	3.7836502
-6.1715564	2.1666547
-1.9258704	1.6556047
7.0433789	-6.1427405
-1.3528965	4.5245596
-9.2364821	-5.7491958
-4.0762423	-5.7652057
8.1402104	-3.1841972
-0.1829949	-4.6814017
6.5172194	-6.7715209
-5.5631515	9.0856985
-3.2864761	-0.3959527
-1.0320320	-8.2291531
8.2726922	-1.9652553
3.8770757	-0.2673365
4.7651915	-2.5675589
0.7445414	2.0603650
-9.8335787	-3.5762287
-10.8367140	4.7279234
-8.7120460	9.0287651
6.3804614	-8.6729057
4.7929365	-7.5999622
7.0386300	-3.8231968
-2.1245553	-7.1608855
0.2893641	9.4214893
-4.1977845	-6.0252266
8.5871922	8.7464737
-6.1665830	2.7572351
-1.6245034	1.7172451
-7.5340671	-6.6251899
-9.1554973	-0.7168737
-4.4980646	-5.0404811
7.8993784	8.0956720
3.6765434	-10.6034700
8.7489580	-10.1407110
-10.1345600	6.8620071
6.1216452	-2.8848718
-1.5499168	-10.8710750
-6.8583804	-9.8802750
-8.2754165	-1.0639597
-2.9793325	-7.6367886
-10.6308530	8.8737046
-6.9367854	-2.0203446
-3.2668018	-7.5850208
5.1529444	3.1631435
2.6159265	7.6202135
-8.2108883	-9.8774428
9.3302022	-5.4708976
-9.5344319	4.2589629
-3.7621375	-10.4653940
4.7465424	-8.0846013
-5.9326205	-2.2418229
6.5604544	-6.7138567
-8.3877183	-5.4627570
-1.7840360	6.5497857
-8.9929182	-9.6079164
-8.9222967	3.3195136
6.6175576	-4.5639302
8.9342595	7.1320493
7.7601197	8.0110378
-7.8886406	-3.0709758
1.2370697	3.8120700
2.1078546	-8.6554472
-10.0453390	5.6790068
9.7741408	1.6845840
-8.4705393	3.5362907
-2.3558111	8.5359093
-0.0241006	5.4211640
-9.0998647	5.0292897
8.8263293	2.6093920
-7.7288556	6.0379028
-1.1652257	6.8571900
4.5083316	7.3157752
-0.7099711	-4.6356193
-9.8650151	-1.1949915
1.9572371	1.2505274
8.6503295	7.8042338
-3.3790304	-4.1882844
-0.9960216	9.9355418
-7.4232317	-5.0127113
-10.8987810	-9.1245908
7.4685291	5.1284631
-8.0810800	-10.7048100
4.6115497	-10.0595390
-4.6654783	6.0969813
-1.5504961	-8.8670637
1.3992770	-2.6885745
-9.5233896	-1.4560145
3.5573033	1.7225958
5.9827291	-4.5639042
5.4577354	-10.6454530
-3.7075130	6.1938815
-8.2316804	3.5785766
-10.7354410	6.9267642
4.3338294	-0.8175190
8.9686773	7.5201675
-5.4358955	10.7093570
-0.7133402	5.7090473
7.5183352	6.1972069
-10.7426090	-5.9966055
5.9018903	-3.1627966
2.1224731	0.5370734
9.7887588	6.8068224
2.2920549	5.7619222
1.3276763	-2.7075952
6.6936223	-3.6270677
-0.1685529	9.0644329
2.9514550	-0.1257353
-2.0735523	-2.1781291
8.7153407	1.0195157
-3.2394799	1.5913618
4.4319020	-7.2216943
-7.0821163	3.0559955
10.3779530	-8.6516935
5.5934968	6.9642194
-0.1649902	-4.5064676
6.1798895	8.4436247
-0.9054255	2.7402570
3.8212119	1.1546452
-2.2838075	-0.5579511
10.0303190	-0.7432415
-1.5505305	7.2350387
3.1792914	1.6597067
-7.9211128	1.8834042
1.9369335	-7.0826685
6.9251242	8.3202488
-0.5630440	-8.8436689
4.8197998	-8.9825568
-4.4427085	-3.1157538
-2.5618012	-5.8006089
-4.6547071	-4.7481759
-0.8609420	-9.4451869
8.5625491	8.1809545
7.9489350	5.0397125
-1.3656159	-4.1092657
8.5648887	2.4310055
2.2858588	10.7881920
2.0383671	-6.1376853
3.5271797	1.6742037
9.5565890	10.0219390
-5.2946827	-4.1805556
-9.9155089	0.1261743
8.8929882	-4.2410358
9.2608668	1.7512946
-9.5685155	5.3829062
6.5653445	-6.7295516
1.8814253	2.6766192
4.9334240	4.5401790
-5.7935169	-4.9556994
-3.5919391	10.7411820
-6.4335519	3.4358588
1.2525462	-5.0231950
-2.7859816	5.2273505
-10.8734830	9.8561450
2.3685172	5.6810940
2.2108083	1.3967350
4.0463849	0.8911480
1.3323239	7.5733652
5.0190144	-7.3253343
-3.5644671	3.2476390
7.0722333	-5.6555495
-1.8109700	-0.1528959
2.3638988	2.3144171
-6.6589603	3.0539901
6.8055422	-6.8513068
4.0396418	5.4691079
-1.1235742	-0.2347734
-2.4051819	-9.2306680
-2.2199181	-10.3319730
-4.4807560	-9.0927326
6.4619009	-10.7486350
-5.1344814	10.9032250
1.6569300	-2.0170542
-3.3020033	-3.4243410
6.3864486	7.7493868
3.9120293	-6.9346464
6.5530914	-8.8687626
-6.8208345	1.8102219
9.1630234	-10.7943030
-1.3172126	-10.0353550
6.8334496	-6.5964932
-6.9833232	-3.7630010
7.4365038	10.1835780
3.8655785	2.0598058
0.0676081	5.7264825
7.7310215	-6.5254075
8.7980185	-4.0056324
2.1549654	-0.4269123
4.0207040	9.2133978
-2.4295360	-4.1086692
4.5442345	-7.8825848
2.0396070	0.8016638
-5.1855146	-5.0587913
-7.4500375	-10.2338140
8.1978991	2.8620515
1.3801708	7.0507499
9.3779828	-8.7451345
-6.8455610	-6.1091059
-8.2051815	-1.6418767
3.2722223	7.5194841
5.5636500	5.8928595
-5.8390320	-9.0165143
7.8598095	10.2985390
4.5319184	1.3016428
-7.8456377	4.0352716
-4.3487718	1.1591971
-0.0473804	-0.3454377
-9.9083338	10.9094270
-8.6016446	-7.1117343
6.0342890	-5.9180076
-9.1359375	-8.9258807
-4.7383454	-10.7204780
-8.6880426	9.1501169
-3.7845631	3.2261713
1.8133137	-9.0363783
1.4780082	5.0889794
-6.7343405	-10.5071720
-0.4703459	6.9788106
-4.7355033	3.1521005
0.8778242	6.7665586
-4.9792221	-8.4223466
1.4511329	-9.9153461
5.0725640	10.2403550
-9.1260906	0.6782993
-3.4318026	2.1567562
1.1566606	8.9473183
-4.2737633	1.8406760
0.3754380	9.9342203
-6.2083859	5.4969828
6.6314201	-7.6447022
2.2611296	1.1437845
-8.2096613	-5.7278227
0.5818725	5.4238952
2.0614947	-1.5034771
10.4721140	-0.0550357
-3.7970551	-6.7128456
0.6295597	-4.9808910
9.2081107	-9.3973436
-9.0543911	-8.9012933
-2.6442224	-7.3673102
9.6785717	0.4788514
1.5779519	6.0349914
6.7365755	7.2285020
-10.1111740	4.1757114
0.1627695	-5.9055716
2.8055018	8.9486666
7.1900027	-5.4350612
6.6758840	-8.6981311
2.9919208	-6.7751407
3.9942302	6.7590989
9.3748113	-4.1721200
-0.6214023	0.3302485
-0.3043666	-1.9828258
6.0213858	-7.7913484
-6.8758010	-10.0776840
-5.4090858	8.8937174
5.5294778	-6.5379984
4.5151031	-8.8923692
2.7815119	-10.3298450
-4.2918464	10.7744920
8.0631962	0.3047691
0.6187377	1.9554793
2.3433028	5.1437952
6.9623286	-2.5911886
-3.7918698	-9.0590695
6.5032647	1.7978325
6.9057445	5.3830179
8.6986274	2.5899999
-6.1648764	-4.5896762
1.9598901	4.7270046
10.7653060	10.7801000
9.4362073	-5.4124959
4.9705481	-4.4124949
5.6253076	-7.4249540
-2.9524558	-2.0379313
6.1190268	4.6547129
-9.4565363	-8.3880271
0.1417332	7.4477503
1.1049680	-3.4713147
-5.2764912	6.9952052
-8.7752153	0.1405359
-5.4515651	3.9891396
10.4437360	-0.5081571
10.7662410	5.9367509
-4.2930728	-0.4255713
-4.8345292	7.5077531
-0.8676012	3.0445543
-6.5622051	-10.2637010
2.6790969	7.1642777
10.7464400	3.6003392
-8.4676811	-10.4052680
-3.9816904	2.7086223
0.1832409	6.5790395
-3.1201986	5.8127691
-10.4662730	-3.3842374
9.5876395	-7.2063276
-3.1254821	-3.0185061
4.8589174	11.0008970
-2.2511059	5.4381483
-2.3165139	10.1432140
-3.2518777	-4.5665990
-6.4975136	10.1554360
6.5134173	-1.8243828
-3.6308583	-7.7178421
10.8346290	-5.4135761
6.6484565	3.9615738
-1.0127348	-10.0065140
4.9796051	-4.1035661
-9.2308776	10.2408170
4.1790239	-7.3501475
-0.6584306	6.7203928
9.7702346	-6.1389434
3.1657603	-10.3664910
4.9623629	-2.2274893
3.1413644	-6.8137591
-1.1899541	2.1239670
6.1526107	10.8206980
-9.8815155	-3.5774210
0.5948819	0.9364427
-6.6240674	-8.1177027
8.0288949	-2.6855136
-1.0174786	-4.0244398
-10.9790180	2.1544428
7.6290883	2.6126118
3.5185277	-6.2994727
3.1060350	-2.7197066
8.8912186	8.5340434
4.2868832	6.6971974
5.0011597	9.0212876
1.4243934	0.1432062
-0.0929941	7.5787803
4.6716996	0.3233337
7.9936195	-8.9997615
-5.5173200	10.5576720
