jMRUI Data Textfile

Filename: dataset11_nWS.txt

PointsInDataset: 2048      
DatasetsInFile: 1         
SamplingInterval: 2.5E-1    
ZeroOrderPhase: 0E0       
BeginTime: 0E0       
TransmitterFrequency: 1.2322E8  
MagneticField: 2.9E0     
TypeOfNucleus: 0E0       
NameOfPatient: dataset11_nWS
DateOfExperiment: 
Spectrometer: 
AdditionalInfo: dataset11_nWS
SignalNames: dataset11_nWS.txt;


Signal and FFT
sig(real)	sig(imag)	fft(real)	fft(imag)
Signal 1 out of 1 in file
48756.4190000	-3.1041859
48512.9640000	4.5580322
48287.5650000	-1.6066359
48065.5110000	-8.9433250
47823.6070000	16.2390240
47592.1320000	8.7071598
47374.3710000	-11.0822470
47150.5500000	13.5719570
46933.0680000	-11.0317830
46703.1340000	-16.6936490
46507.9210000	-8.3815344
46277.9480000	-13.3629210
46070.8880000	1.3711208
45862.2260000	1.1901942
45616.5840000	3.8377846
45407.4740000	0.4074632
45205.4200000	4.0048548
45000.5550000	13.6744880
44784.8090000	-3.5828614
44579.2950000	-10.4918330
44344.6150000	-16.1760380
44153.0920000	12.2791730
43946.7280000	5.1682484
43745.1590000	12.1186380
43524.2550000	-9.1800692
43336.1310000	-15.0057740
43133.7460000	-14.3939740
42902.1550000	-14.2706200
42725.9540000	-10.8742350
42520.6230000	6.0988866
42309.2280000	15.2557930
42109.3480000	8.3679546
41906.1500000	11.2990390
41731.6620000	-5.3676203
41543.0510000	3.1085617
41329.1340000	-10.5143070
41133.2040000	-10.6973210
40940.5620000	0.6647570
40740.3870000	11.0377430
40566.7680000	12.0294360
40371.4860000	8.5010595
40188.4740000	0.1707559
39988.0390000	16.9791620
39798.8620000	6.2649626
39615.5190000	14.9534450
39433.4390000	14.3877100
39241.3610000	10.0994160
39051.3050000	-14.0763170
38889.3760000	8.3473038
38693.4090000	-9.2153180
38518.3900000	-2.7511282
38315.3720000	-16.3404490
38136.3160000	-14.1591850
37979.9000000	-3.2579902
37776.6370000	3.5001629
37627.3970000	-4.8533904
37450.2020000	-8.1224259
37277.8950000	9.8927058
37075.2820000	16.9187110
36911.5900000	0.2451914
36731.1030000	9.6848250
36568.7060000	-11.9605050
36403.6250000	5.7366001
36224.1780000	16.2475650
36049.0390000	3.2659926
35892.7530000	3.7667266
35710.3700000	3.1829321
35554.6910000	1.1486691
35370.1380000	-16.9302790
35217.8370000	-7.4582391
35049.1960000	-5.6594092
34882.1600000	-6.7753000
34722.7760000	12.1941730
34558.8950000	11.5271910
34403.7810000	-5.8853356
34230.1490000	-15.2187380
34055.1760000	-11.9688980
33921.0950000	14.3784320
33740.6020000	-15.2881770
33582.6570000	12.8355450
33420.0220000	-14.4541140
33283.4840000	6.9478167
33121.8280000	-16.2715470
32974.9560000	1.3135445
32803.9290000	-12.0066470
32641.9010000	9.4218364
32491.3710000	15.1841820
32340.0300000	-17.0996150
32208.4200000	-3.2428883
32046.3320000	9.3083367
31880.8290000	13.9394790
31752.8130000	-2.2981730
31581.7260000	-3.7011676
31435.2080000	-2.2621469
31300.8340000	-5.4112413
31138.7980000	6.1847911
30988.5670000	3.2335012
30871.7920000	0.6416974
30729.3260000	-9.0423454
30559.7980000	-12.4702570
30441.7610000	-4.7695450
30280.4100000	6.3896884
30126.2570000	-2.9113822
29994.2940000	-0.3086881
29848.1470000	13.2221020
29733.3950000	-3.6698572
29587.3100000	-16.2755380
29424.2870000	-15.4607230
29315.3850000	15.1381480
29149.6710000	9.8492816
29029.1850000	15.5348530
28896.3310000	11.9362020
28757.7890000	7.3303419
28604.0920000	11.2023030
28496.5260000	-12.4135310
28344.0160000	1.4626859
28210.1230000	4.9022170
28090.8040000	-0.0749882
27959.1840000	-0.7692073
27822.1710000	15.6713660
27677.3810000	13.9097960
27549.8040000	3.1540421
27426.8420000	-16.2047340
27316.1920000	-4.1569519
27163.3520000	-14.4502150
27052.6850000	12.8940070
26929.9500000	-1.4906998
26787.4900000	13.7649370
26648.7980000	-15.4803260
26545.0120000	-0.0966511
26406.2380000	-17.0982590
26274.7670000	-9.3126617
26175.2520000	-8.2610456
26044.4560000	-3.8723333
25924.5280000	5.1098130
25815.6580000	-10.0009500
25667.2250000	-6.1576244
25573.8760000	2.2652678
25445.7220000	-6.5925467
25315.1150000	-16.5645210
25192.4970000	-2.0241346
25095.0170000	-11.5155500
24966.3870000	-11.4799190
24837.7180000	9.5003115
24722.0400000	11.6413790
24616.5910000	-12.0307040
24505.3070000	-11.2067210
24387.8980000	-3.6509589
24273.4410000	-2.5322904
24138.4220000	-15.7424260
24022.5650000	4.2013865
23938.5650000	-5.4674234
23818.7640000	9.9522994
23689.2290000	11.9366300
23584.0550000	2.8715742
23489.7830000	16.6638920
23367.1640000	14.4169140
23249.1110000	-14.5316260
23136.0970000	-6.8371558
23046.6740000	4.3299962
22926.9220000	5.0393719
22815.3160000	5.1412080
22702.8740000	-2.5812692
22602.8770000	15.7833070
22513.6490000	13.3943520
22398.5530000	-13.5601520
22284.4410000	8.5471040
22195.7380000	1.1254941
22097.6220000	-2.8767501
21983.1270000	-14.5412850
21894.1330000	-2.7723610
21787.9230000	8.9580680
21663.2780000	11.8794460
21557.1500000	-11.3443350
21477.9300000	6.2200723
21368.1300000	3.6722275
21280.2260000	0.4599212
21182.8630000	-7.3450235
21069.7190000	-1.1143612
20962.5520000	5.1521938
20876.5860000	-6.2039376
20788.1360000	-4.5129449
20681.9170000	-15.5028700
20583.7070000	1.1209999
20470.3100000	-6.0523743
20386.7490000	-9.7505567
20277.7660000	6.8063889
20208.8660000	10.7271000
20083.5190000	11.3975170
20009.9610000	7.2832386
19920.2250000	-3.6366774
19828.6650000	-3.2045249
19711.0980000	11.2604130
19615.5610000	4.2123922
19530.4570000	-3.3772417
19462.7640000	4.2716291
19357.1540000	-7.4744973
19256.6990000	-12.9431920
19184.2220000	6.0400795
19099.6370000	-1.9692043
19000.8440000	-15.9940870
18908.2390000	-15.6698760
18809.5120000	-13.0291780
18710.0070000	14.2185220
18624.6400000	-1.6763362
18557.9540000	-12.1836550
18471.6520000	3.1038846
18381.7120000	3.5411219
18294.6400000	12.7572020
18210.7480000	12.6372950
18131.9070000	-10.7157300
18018.6610000	-14.6439830
17954.4150000	-14.1501300
17872.0960000	-2.2825507
17775.5550000	-3.8702139
17698.2590000	-6.3763912
17596.6560000	-11.1490780
17542.8410000	10.1702640
17464.0190000	-15.0153830
17352.8910000	-12.0883640
17283.9770000	8.8014077
17208.7760000	12.8533410
17115.3810000	5.8880329
17042.3430000	-14.7983540
16951.6540000	8.2050173
16870.3510000	13.0163400
16813.7560000	12.6170550
16731.2630000	-14.9065160
16641.9420000	16.5633830
16575.6950000	0.7147181
16502.7600000	-3.6123657
16416.9160000	1.5127565
16322.5180000	-13.1197060
16268.7010000	12.1444770
16174.2510000	0.2761541
16101.7340000	4.0935327
16017.3260000	-13.4052090
15942.4670000	-12.5101380
15882.3650000	12.5548810
15810.6620000	-1.2445880
15727.3910000	-5.9636058
15657.6320000	3.5507221
15566.5400000	-1.4668513
15517.3550000	14.6576420
15438.4980000	6.5377355
15352.0370000	8.0270065
15286.9310000	2.2529208
15225.8490000	-6.5722840
15154.6890000	16.0844290
15086.5720000	4.0123031
14996.0060000	-16.9628510
14928.2920000	16.4881470
14857.9230000	5.3750488
14797.8990000	-13.4632140
14732.5480000	10.2943270
14662.6370000	-10.2498490
14601.6830000	10.1574880
14518.6210000	14.5824530
14451.6490000	-16.3463020
14377.0990000	1.2562942
14301.9560000	-15.1337610
14260.9760000	-8.5481138
14190.6080000	4.4552347
14110.1970000	8.4902800
14036.7240000	-13.0281240
13981.3720000	-11.1684000
13915.5400000	-1.1137250
13834.1870000	0.5800271
13775.6770000	4.6590378
13722.4850000	7.3923722
13663.2560000	-0.2592905
13591.9900000	-8.8553651
13537.0840000	-10.1762760
13450.6270000	7.2107371
13417.4240000	-3.9742024
13341.9710000	7.6261288
13271.9960000	-15.4970340
13199.0080000	-14.9832190
13147.4980000	5.3657958
13085.6130000	-6.3462054
13042.8030000	-6.2224130
12963.9390000	-15.1935490
12908.3500000	-0.3973628
12838.2660000	-0.1955538
12770.7060000	8.3751783
12735.8410000	11.5386940
12673.0930000	11.7753350
12605.0780000	8.7511519
12529.8950000	7.3199517
12471.5800000	-0.6503826
12422.7910000	0.8254335
12376.0860000	-11.8839120
12297.1750000	15.3527760
12264.6170000	-3.5205676
12211.9960000	2.7753506
12146.8270000	-14.5124550
12092.3760000	-2.2194787
12015.9400000	-2.1027952
11977.1690000	16.5808240
11918.6300000	-7.4380483
11843.0920000	-12.2186990
11784.3400000	7.4602866
11749.7040000	15.9841840
11683.8490000	-9.0624576
11643.5120000	-2.9952639
11587.0780000	-7.9848780
11519.9860000	-2.2748992
11473.6820000	-0.0400607
11416.3480000	2.3922884
11361.6870000	3.2260802
11319.1020000	-13.6796790
11272.0550000	-12.3132910
11196.7180000	14.2448150
11149.3020000	-5.2646052
11103.4430000	-6.8738926
11034.7950000	-11.7210220
10983.5490000	6.1380417
10959.1930000	-12.2130300
10895.9390000	5.5226308
10854.9400000	-7.5253723
10793.1400000	-9.6886672
10750.8580000	10.6694570
10673.8370000	7.1895412
10625.5950000	-4.5124263
10578.0520000	10.2950220
10544.7400000	11.2951970
10490.5420000	-7.7277636
10444.0080000	7.2472828
10386.7870000	-4.5416696
10336.6040000	-4.2796562
10295.4160000	-2.3671382
10241.9870000	-16.4435420
10202.5150000	13.2572250
10140.9420000	16.9991500
10107.5590000	12.0699970
10067.5970000	13.5984050
9991.5521000	7.4544932
9963.7689000	4.8641247
9914.3909000	4.3948364
9850.5460000	3.8315357
9814.6281000	-7.9595020
9759.0366000	-0.9326638
9742.6505000	10.0053680
9674.9339000	-6.6192654
9640.5790000	10.5595150
9585.7757000	-12.8974430
9551.5012000	-13.0855030
9489.2819000	-13.7332810
9462.6798000	-7.9303421
9405.3549000	5.4433575
9367.8607000	-4.4378544
9331.8702000	10.8112390
9279.7102000	-4.7560905
9242.8088000	-3.4977534
9199.8829000	6.2312996
9145.1530000	14.5706130
9092.6969000	-7.5262431
9054.1126000	14.1664480
9022.3263000	7.2184845
8968.6065000	-10.4475630
8921.8989000	-2.3208450
8904.4425000	9.6739607
8860.4982000	-10.1280770
8805.7492000	-13.4756910
8775.1940000	5.9148594
8726.8074000	-11.8605370
8686.1843000	-13.5153630
8631.2966000	14.4615250
8592.2753000	5.8295159
8572.3518000	15.4884340
8539.0096000	13.8475810
8499.3561000	11.1627330
8436.3664000	0.4613179
8416.0470000	10.0407400
8365.5267000	16.3522400
8323.9286000	10.9949820
8301.7914000	-15.5189710
8261.9257000	4.0172633
8209.3996000	-16.2323670
8158.2166000	-11.2836020
8128.6428000	-3.7771776
8089.1062000	-15.6743370
8047.9506000	-10.5170110
8002.3125000	13.6645140
7982.6485000	5.3978789
7942.8357000	5.9520048
7917.7738000	0.4832819
7876.9779000	-7.7944189
7840.0283000	6.2141049
7792.7582000	-0.8825945
7766.3913000	9.4422786
7717.8346000	14.2710440
7689.9486000	0.8074644
7633.2051000	9.0383703
7627.6345000	-12.1836730
7583.8145000	8.8630977
7538.8731000	10.8744830
7498.9101000	11.6638880
7458.7282000	-14.9458390
7424.1968000	3.2595550
7390.1037000	-10.6893830
7366.9551000	-3.7910309
7319.7308000	-2.9593758
7299.8030000	1.1895729
7271.0126000	-13.5783940
7240.6010000	5.6643657
7195.0773000	-15.0283490
7147.2266000	-7.5207164
7130.9191000	-11.7398100
7085.6483000	-5.0997707
7074.8109000	-1.1120632
7040.4046000	-6.9733158
6978.5037000	13.7601630
6965.4810000	-7.2371468
6940.6650000	14.3374840
6881.3486000	-5.1031697
6879.9640000	-12.1289290
6819.7940000	-9.5279492
6791.3012000	-11.4921200
6779.2795000	-11.8091120
6723.5917000	13.7701250
6708.2254000	-4.4851418
6678.6391000	-7.4930927
6629.3409000	-2.5309732
6594.0947000	-15.6275600
6573.0074000	-7.9114987
6555.8132000	-14.3626520
6510.7914000	-7.9510198
6480.7352000	-12.4584000
6461.3320000	12.3728190
6426.9808000	-8.4220001
6390.5537000	-13.5019730
6352.8717000	9.1536186
6322.2389000	-2.4303622
6319.0713000	0.1195418
6288.8469000	4.9076687
6231.7674000	10.1213920
6210.5982000	-13.2658160
6203.4520000	13.3978850
6159.1598000	-15.8918930
6123.2770000	-8.3929261
6116.6416000	-1.0988360
6058.6735000	6.1928800
6053.3979000	4.2937827
6025.0465000	11.8738340
5987.5165000	13.5242740
5971.2122000	-5.1909237
5925.4810000	16.9173230
5910.1715000	-3.1207932
5858.8176000	16.6891490
5835.3162000	10.1668390
5820.9504000	-1.6754529
5791.9804000	-0.0290994
5775.5901000	7.7004998
5751.2248000	2.2179913
5702.4841000	14.0952990
5667.9625000	-16.1419040
5661.5899000	7.9536577
5641.1247000	2.0026191
5616.0733000	-6.6198821
5574.2013000	16.5906470
5541.6233000	6.2248706
5538.2821000	-9.7041894
5500.1109000	-8.2995943
5456.8599000	-6.3933215
5453.7814000	9.6066566
5414.9660000	11.6971290
5406.6231000	-5.2238092
5380.2255000	16.8448380
5351.2587000	4.2081035
5308.4904000	6.0102316
5284.0351000	-7.1470502
5268.1485000	-13.6444930
5259.5654000	8.6542429
5229.0930000	-10.8343180
5193.4760000	7.2057886
5163.6933000	1.9746743
5152.8747000	13.3862440
5120.2246000	-7.2325510
5114.2659000	-0.3144545
5077.3399000	6.6049539
5038.9319000	0.6661942
5013.4629000	8.7705309
4997.1351000	15.5579540
4966.2742000	0.6152125
4952.0519000	-1.9443644
4921.2369000	0.5774849
4915.2398000	2.4589521
4892.9999000	-10.7626660
4864.2578000	3.7492037
4842.1861000	8.6040295
4814.7830000	3.5145107
4797.7422000	14.8031680
4782.4855000	11.0263030
4745.1401000	-16.2083110
4731.7958000	-12.5062800
4699.9217000	-4.2338078
4682.2762000	7.6284026
4665.0311000	-12.2877120
4658.6624000	-14.3493400
4606.0177000	-16.3528600
4614.4612000	-1.4168754
4569.3252000	7.3022008
4555.8675000	-15.3974790
4542.5908000	8.5579076
4524.6115000	2.3751159
4504.2479000	0.9383660
4484.1644000	10.5316970
4460.4859000	15.6352690
4429.8829000	1.7323071
4406.3748000	-1.2148689
4403.1101000	-2.1863095
4356.6333000	-1.0911422
4358.0671000	-5.6315495
4312.0654000	1.6118017
4320.2059000	14.8500780
4273.5796000	5.5153374
4266.7105000	-1.8571082
4259.5318000	0.2328278
4209.1685000	-3.2576711
4217.2657000	-9.8765543
4170.3363000	11.6705660
4166.7540000	-8.6161280
4131.1774000	-16.1067100
4129.3375000	-5.4334271
4097.3016000	-6.1195855
4070.5428000	-2.8997940
4080.6048000	-3.8470191
4052.1405000	-14.2670150
4030.5764000	12.8786300
3993.7722000	-6.3784919
3983.9424000	14.2050300
3964.4293000	9.4021515
3964.4680000	14.9642130
3943.2026000	7.8610412
3911.3874000	11.9078300
3898.3496000	14.3312050
3870.1524000	-11.7087760
3870.7230000	13.6862590
3833.6363000	-1.4108838
3830.7799000	2.8206625
3799.5025000	7.3908144
3790.1658000	-3.6112683
3758.7923000	9.7852871
3749.5750000	-8.8802509
3736.7885000	-3.0431651
3724.9476000	-12.9902440
3690.0284000	14.1248240
3699.2135000	-16.7919820
3650.4390000	16.2355570
3633.6693000	-11.6866910
3646.3529000	-2.6767144
3625.2856000	1.0230671
3589.6388000	-15.8539460
3564.9284000	-10.4637130
3562.9002000	7.0031996
3541.8529000	14.2324760
3531.0878000	-8.6166462
3513.6205000	1.9202004
3506.9952000	10.9319430
3472.3461000	-1.0793432
3451.6380000	16.0273910
3439.3740000	2.1909084
3416.5722000	-1.0465727
3421.3939000	9.1664820
3388.1234000	1.1470286
3377.3351000	-13.8954640
3353.6650000	15.5509910
3356.2135000	-12.3850950
3349.3017000	7.5123355
3311.9868000	-2.5090088
3292.9796000	4.8254845
3279.4947000	-15.8496440
3278.2844000	-2.1742178
3252.5769000	-3.8618541
3257.7724000	3.3817882
3215.0244000	9.9061874
3223.1813000	2.3965982
3191.4898000	5.1550251
3172.5387000	-5.0695878
3183.3630000	5.8758009
3149.2779000	-10.1307480
3153.5588000	6.4117240
3119.0810000	-5.0550942
3094.2232000	-12.5014370
3084.1654000	6.8274669
3064.3751000	15.3925430
3056.3810000	16.5039600
3046.6241000	15.8700990
3047.2554000	7.4287920
3016.2130000	1.8490714
3003.8886000	10.8634220
3011.4568000	12.8809000
2991.4256000	-1.1111002
2961.8701000	-6.3415111
2949.8663000	13.9293490
2935.7754000	1.1684663
2933.5716000	8.5656228
2905.6802000	-12.5474140
2902.0536000	10.0088820
2877.8683000	-7.9537795
2860.0177000	14.0145120
2870.1360000	-5.3254874
2847.4482000	6.5206175
2840.7345000	14.0761260
2825.4773000	4.8922159
2800.4980000	-16.0512790
2790.6028000	0.6892471
2760.4975000	-12.8699830
2761.8110000	-7.4873354
2760.1888000	11.6675100
2752.1501000	-9.7842970
2738.6347000	-0.1780043
2727.1084000	14.1239410
2707.1798000	4.7294010
2679.2085000	-0.6249162
2664.1541000	-7.5916032
2673.3456000	1.4748827
2635.6732000	-3.2759435
2633.1930000	10.0207900
2622.1794000	0.0500249
2624.5230000	4.8233226
2614.4511000	13.6896600
2573.6077000	2.9232180
2573.1559000	-10.7190360
2578.3084000	16.1891510
2552.6720000	14.7016900
2532.9532000	13.0303850
2538.5531000	-9.8464250
2509.7978000	7.2053222
2493.7771000	17.0317540
2487.3965000	-6.6657527
2480.7722000	-10.2308320
2457.6012000	7.4038111
2461.8623000	7.4777167
2461.8138000	-11.3551740
2447.8531000	2.4470582
2412.4733000	-13.8303640
2405.7536000	-14.5212690
2395.6846000	6.6265433
2380.8459000	4.6513278
2386.0908000	2.6058679
2371.3805000	-11.0624690
2370.4357000	-0.7315622
2355.6647000	10.8139210
2342.9470000	10.4327570
2310.5709000	10.4696730
2303.0882000	-6.0442735
2317.0613000	9.8295902
2290.4814000	10.7458500
2284.8694000	13.4935080
2281.7815000	10.5482750
2251.6059000	-15.0042590
2248.0616000	-15.0798800
2231.4642000	-7.2035414
2236.9431000	6.8977635
2213.1447000	-1.2262788
2190.3381000	-5.9788867
2201.4917000	16.4316220
2197.8288000	13.3799850
2180.8030000	5.9779079
2158.9393000	1.5840907
2138.7833000	3.2942385
2138.2640000	-0.8424248
2125.4767000	-10.7209480
2124.9567000	1.4622363
2128.7376000	-11.4553880
2097.4135000	-4.0572563
2105.3683000	14.7165070
2068.3881000	3.6129377
2088.2280000	-7.4861348
2060.5265000	1.6839176
2055.7182000	-1.7318427
2040.8843000	15.4098130
2039.2012000	-7.0780931
2023.6611000	3.1714597
2015.5996000	10.6925850
2020.3265000	13.4534530
2011.0243000	11.4104010
1980.4943000	-1.1711555
1969.7964000	14.6871110
1968.4580000	1.9490065
1956.3006000	-3.5130155
1945.7690000	-15.8829160
1941.2574000	-0.8308454
1942.8709000	8.8419708
1909.7554000	3.8877116
1923.4636000	-15.9135940
1892.5033000	-2.7223339
1886.0032000	6.0714993
1893.2535000	-0.6948323
1886.3863000	3.7340546
1867.1910000	-10.8290790
1859.3627000	10.8131750
1850.0183000	12.0668700
1827.1499000	0.8421727
1822.3199000	11.1234400
1839.3358000	-10.1232130
1825.6997000	3.2126940
1816.5870000	-4.9292559
1800.0123000	-8.1742611
1799.5846000	3.0262392
1797.7574000	5.3213594
1790.3940000	2.4681743
1763.9000000	8.5375249
1763.7835000	-11.0625110
1752.4597000	-4.5769881
1750.2644000	-14.0163590
1744.5207000	13.8924510
1736.2373000	-12.0140750
1710.4542000	-14.4305060
1720.2721000	-12.8378920
1712.7978000	8.4602268
1683.2627000	1.6535959
1675.9699000	13.2023720
1669.8714000	-3.4749048
1677.5703000	0.6426187
1653.4052000	-9.0217701
1660.0188000	-6.9920151
1637.8632000	-4.6395344
1626.1951000	12.7583300
1633.0951000	16.0206310
1610.6641000	-7.6005418
1620.0748000	12.5795490
1594.2575000	-9.6588893
1607.5747000	6.2573450
1599.1550000	14.7226300
1584.2012000	15.7842130
1590.4449000	-11.3834100
1568.8921000	7.3192854
1574.9825000	-10.1687510
1572.4522000	9.4248023
1550.3235000	5.7280696
1551.8841000	-16.9097140
1518.8682000	-7.0551520
1533.8387000	-11.6650040
1518.8595000	9.2626203
1526.9404000	-14.8875600
1501.4376000	-16.1900260
1493.1263000	12.9959830
1483.5338000	13.0356530
1500.8094000	-11.4596770
1470.8479000	3.9374868
1463.9468000	-4.2366737
1446.1775000	12.4582190
1464.8455000	9.5430089
1435.0691000	-7.5243550
1453.6727000	-13.4113880
1450.7036000	-5.0960662
1426.0212000	-8.8042866
1414.7825000	-10.8843420
1416.7919000	-11.5572140
1416.8991000	-1.5485729
1390.6750000	-5.5487673
1386.0918000	-7.6664128
1398.9305000	-12.4401150
1379.0427000	13.3167260
1375.9814000	-8.7593203
1354.0178000	14.2121110
1347.0257000	0.1026796
1346.7051000	3.2045827
1337.8312000	-13.6560360
1345.7676000	12.2730160
1328.4214000	6.5225414
1338.6882000	-11.1773990
1314.7778000	-14.3535100
1320.3707000	11.6778470
1311.3351000	9.5576921
1313.0238000	9.1108180
1295.8976000	-8.5679555
1287.1903000	-11.3734380
1296.9601000	3.3636034
1276.5795000	-0.6388028
1281.2373000	-6.9943386
1258.9727000	0.6406970
1259.7468000	-13.7174140
1258.2292000	-4.6067485
1235.8565000	-14.9850200
1248.7920000	-9.1100304
1249.0101000	3.0198547
1227.4435000	-12.3983880
1232.8565000	-9.4813892
1227.7642000	-17.1118280
1224.9569000	9.3467711
1218.3162000	-9.3785623
1199.4401000	12.9007090
1195.8771000	-6.7244444
1211.5165000	12.7276920
1205.8851000	12.2740660
1187.7738000	3.0690602
1164.5933000	6.9039595
1165.6087000	-11.2282110
1176.4408000	0.0744089
1144.2840000	15.3589220
1152.9372000	-5.7843140
1152.3311000	4.8703852
1153.7541000	10.3604200
1137.7887000	-9.5585602
1149.4751000	4.6077852
1135.6744000	0.7598367
1109.5404000	8.9786360
1106.4096000	-8.3945877
1122.0522000	10.6153750
1091.0599000	-5.4668288
1098.9253000	10.1274310
1097.8196000	14.1870490
1096.2300000	-8.8793085
1071.2383000	-6.0408434
1079.2499000	15.6972340
1063.1095000	-6.8334320
1062.4124000	2.8498283
1076.7680000	2.2276373
1061.2163000	-6.9210477
1044.7981000	2.6921875
1062.1431000	-2.8759790
1043.4849000	-12.1175150
1055.2757000	-3.8399471
1036.1229000	3.5166698
1027.4888000	-2.9849380
1031.4910000	-17.0654450
1026.3051000	15.9649140
1014.8688000	8.8839898
1015.9763000	-12.2339460
1011.4900000	1.7845989
1011.5497000	-3.2752964
990.0240600	1.8020425
1003.3956000	4.2197179
981.9477900	-7.0473710
987.8924400	-14.5042140
989.7249600	14.8531860
987.0855300	7.2573116
980.4884200	2.4743387
970.3932700	6.2880863
949.8887200	0.9578925
943.4941000	14.5261120
962.0771600	0.8169941
960.1681100	-5.8430308
944.3972200	6.2973088
947.1471100	11.8593650
931.9280800	-6.1618736
928.3152700	-4.2121983
910.2558400	6.8857785
916.3766400	11.9448100
911.3601900	12.0067470
923.8974200	-11.1586990
902.2553700	-5.9585686
918.5610600	9.5880101
901.4397700	-2.2584523
884.7023200	-14.3745340
894.3802300	15.0789770
896.5872000	13.4854670
897.0770200	10.9165740
891.8277800	8.2286753
885.0202900	-10.2944310
873.0896500	10.3270520
880.7938300	10.2794750
861.1790500	11.2996160
871.0151600	1.0834994
840.4857400	-7.8811208
849.1021000	10.7031300
841.3806200	0.6099919
842.3500500	-3.5751657
824.7041400	4.6085105
833.0952800	-3.5415386
839.9205600	2.8628469
824.4243300	0.5275889
831.7784400	-13.0730450
822.1342000	7.6981192
820.0896800	-15.2880800
807.6252700	-7.7410214
809.8160000	-5.1655713
809.3836000	-12.9122330
812.7650400	-12.3928620
783.6976900	-7.1698854
807.8648700	-16.9386140
794.4752300	11.3634780
773.3436500	-2.2991423
783.6472700	0.6760566
761.6402400	-16.0103960
782.9703800	-11.2073850
768.8304300	9.0777349
782.7809400	-13.0390790
768.2438200	-13.1026530
756.2312700	4.6632401
740.3761900	5.7598678
750.0635900	-4.4435690
734.8840500	-1.0616128
747.2654400	3.7534749
753.5584700	-4.4395723
741.0613800	-9.1674247
747.6172100	-5.9326134
739.5789300	-2.8700908
738.7057700	1.6712778
727.9818400	9.8974737
737.0284600	5.7589033
705.0893700	9.2963653
700.4885500	16.4439650
698.0543400	-15.1710700
701.6549100	8.0092299
691.9035500	1.4156702
686.3299800	-1.9907756
708.6196900	-13.2660250
705.7751200	-9.5794501
694.0307000	14.3232770
686.6573900	15.0548970
699.9039200	-9.7123201
675.3478400	-10.2263970
661.9338700	-8.4343240
674.0153200	-9.5978256
678.7572000	-9.9984804
673.8892700	-10.9412210
677.0333200	-16.7298610
668.3882400	-10.7507420
666.2817800	4.3821440
641.2749800	-3.6257005
668.4032100	-9.2654373
651.0933500	-4.3041893
642.2169800	5.7372151
627.9417400	16.6871690
627.6664700	4.3986507
629.9414800	-11.0693020
621.6765100	0.8944698
638.9057500	15.3652060
616.2783800	-11.1791950
613.2752000	11.3677190
636.3672200	-3.6578480
613.3708200	12.1483130
605.5524400	-16.2203770
605.4552400	-10.1900060
596.7387000	8.7249791
614.4810200	-3.9416298
608.5974200	5.0196391
613.0754800	15.8468490
603.3471300	2.9027776
589.6569700	-15.1684910
605.8386100	7.8705255
600.9106600	-7.8373502
582.2937300	13.9971750
589.9887600	10.1874010
570.0243400	-0.1400964
573.6019200	-1.3064275
577.3438600	4.8553043
591.8825600	-11.1379260
573.0902500	-0.3610397
564.1043600	-8.2474643
550.5842300	16.4244110
553.1617700	-3.4485646
558.1216100	-4.0650897
554.7752300	9.4673834
570.4718200	-9.9391309
554.1947500	3.1951741
550.4480900	9.4297111
554.3216000	-13.0796070
529.5302000	-0.8814455
553.5540300	-9.1127806
544.4057200	3.9058854
530.9024400	-6.2165786
537.4533600	11.1475070
548.3919800	-9.0331150
517.8471400	-4.4450734
544.4797900	-8.4897184
516.7127800	17.0024980
528.5992400	16.8934460
510.3758800	-1.4491246
521.2170800	14.8565620
512.1383700	1.7626700
511.1796000	7.6375081
507.4640600	-5.5356200
520.4599600	-12.4483670
512.8392200	-8.9303861
514.6969500	4.5395273
493.0525800	-0.3601373
502.1282000	-6.8617080
492.0909700	-15.3565370
510.3485600	-11.6041900
494.4453900	-5.8083384
501.5360000	-15.3170560
479.0795800	-0.8016286
481.9009400	5.4706480
487.8259700	-5.5628895
493.7873300	5.9755813
486.0147600	-10.9945420
477.0760900	-12.5313430
477.9912800	5.3180066
473.8369500	6.6794132
455.2263700	-0.2880535
460.0943800	12.2826010
479.7364900	-16.2093940
456.2890100	8.8018762
446.2270700	10.6898820
442.8408300	14.8153070
463.9565000	-7.9869591
448.0972100	10.7452370
447.0337900	7.0393530
433.4107900	-10.9923670
455.7539000	9.4896818
445.1178900	8.4381997
428.4983200	1.0671758
435.8481300	-1.2873971
449.8414400	-12.6180080
445.8765000	10.3484310
447.6536400	-8.1742066
436.9785100	-1.1987409
446.7946700	9.2481312
428.4280800	12.4642010
415.6349800	11.7050910
434.0626500	-2.9937977
416.5821600	-2.6199421
430.7275500	13.6347310
419.6087900	-7.6672779
420.6684400	-3.8073817
398.9109300	-3.7535473
429.1429200	0.1707472
414.6318500	-12.2027970
401.3061800	7.8696662
401.3687300	6.8198215
411.9830900	9.4288112
406.1034500	3.5032660
385.2001800	-6.6968612
409.7126000	-2.7296756
388.5723300	10.0317560
411.2168800	-12.0465260
406.2838000	15.6706590
404.5123500	13.7015250
394.9133400	-8.0389730
394.3636700	-7.6837472
404.2110500	9.3361194
382.6333100	14.3273500
397.4991000	-5.8120353
366.3990300	9.0803850
369.7657000	11.4935480
379.7755200	11.4807200
364.2552300	2.0533033
373.7557300	13.6574580
390.1258700	-12.0785850
382.7052500	-10.8552340
364.4930700	10.0719850
370.9973100	7.0213131
351.7798200	-9.5033398
353.9980100	16.0012770
379.5782400	1.8574051
344.0330200	-14.1446960
357.6437700	-8.9226065
349.5307200	-11.7146310
369.9546800	-12.6288910
360.7676100	-13.0197720
344.1481400	12.7250330
334.0749600	3.5349714
343.0354500	-7.8735322
331.9847000	-15.4537990
347.5522000	-6.8399044
341.0041400	4.8288596
350.4894000	-2.3917821
329.8812600	15.7638640
335.3922600	3.6459616
352.9541700	5.9976834
332.0807500	-5.1356344
324.8121400	0.5246032
325.0749100	-9.4222413
335.8680200	-5.3513531
316.9412400	5.8125930
334.1642800	6.4814061
311.9431900	16.7097410
327.9294000	8.6803010
321.1849300	3.9848076
312.2496700	1.4007223
316.4782600	-12.8106090
330.7143400	7.2735584
310.2972600	-15.3190940
304.5024400	13.4915140
305.1177200	14.1095920
312.8546500	-5.6250000
306.2754500	7.0126091
297.3573300	4.8128517
304.9971500	-2.3211162
296.4337100	-0.7325341
315.9484600	12.8030760
292.1899700	6.2751980
299.6866800	-8.4522260
316.7225200	5.0299047
289.5538800	-3.5831827
285.0734700	0.0013491
292.2177500	6.5945508
310.2520000	12.8356610
300.2091600	-9.9819836
292.0531300	-13.3956790
280.6220700	13.6833150
289.9042300	-3.0645027
303.1431700	10.5266270
290.5709500	8.0315811
292.2739500	-17.1000500
276.6246100	-1.0513963
282.2677200	-4.9462079
298.0427300	-10.1566000
275.4632000	-1.0715274
281.1207000	12.5994560
278.0076800	-1.5796466
283.6439200	3.9882343
276.2027700	6.7873570
271.8735100	-3.1258133
288.4737600	-16.4984940
271.8678000	-9.6303823
267.1347700	2.2609266
269.9944500	-16.8781030
264.9973300	-16.0055300
251.5392100	9.8658220
281.7677300	11.2975250
252.2727200	-14.7198220
261.7892700	-10.3282210
251.2010500	-3.7496854
253.1669600	8.1778087
260.3959800	4.9906980
264.4685600	13.8909180
263.3585800	-1.5103424
238.9888900	-15.5151720
258.8396300	5.5485675
241.5127800	14.0186050
268.1046500	0.4398928
246.9886700	11.4768690
232.8985100	14.0614620
264.4282800	-11.0358030
258.4421300	9.2016758
249.8995300	5.9841744
228.8327500	-3.1114471
228.4791300	-0.3817238
243.2555200	-8.7808044
258.5444300	-15.7046390
254.0817300	5.0178130
246.0481100	1.9271190
238.7819100	11.7654850
222.7881100	14.8888060
222.4360800	5.9638399
240.8249700	9.6133837
233.8279900	-11.9711440
229.3902200	-2.5141334
230.4428200	13.3217810
218.9296800	13.3407380
244.1662000	10.0778700
234.1439700	-16.8398220
240.0670100	12.4903970
218.2324700	-7.3192477
230.9213700	12.3323080
227.0035200	-15.1734670
239.7566200	-3.0419161
225.8521900	15.3764550
235.1447800	4.5852474
221.3988000	7.1910240
223.5271800	-12.1629030
217.2379500	9.2754626
217.2345300	-3.7181666
222.2648300	-0.9745926
214.5742100	9.8315389
212.2358500	15.5900740
204.7000700	13.0441890
214.1184400	0.9275439
205.8900500	5.4096229
226.5998000	16.2295630
207.1282600	-12.1925600
191.9730900	6.3180114
205.1721600	-0.6520472
221.7056900	2.8134985
199.3398200	5.6898573
199.2339200	12.7257750
189.1979900	-5.8337344
216.3595300	-9.0315339
216.3897800	8.4718490
204.7658600	7.6028008
196.8661700	-0.4371177
196.7960600	-4.6584476
209.8426900	7.4410526
187.9152600	15.3048590
192.6701300	15.7404750
187.8302700	2.0339265
183.7244600	-3.4745908
192.8176400	16.6819940
205.3209700	-12.4811300
177.4762300	10.8740610
186.5884500	7.9481825
206.2778600	-15.7416840
196.8162100	-1.8733964
182.4699500	1.0395179
196.1164200	9.2663861
194.9023600	15.2809970
172.6249200	14.2661520
191.0765900	-12.0487960
193.2156600	-14.9866760
183.6713400	2.4919831
192.8327300	0.7214737
194.2813000	-0.0116971
168.6379700	-4.1540024
165.3304400	13.4045580
188.6223200	8.6205919
174.5480800	8.3586894
170.7580000	-14.1651280
188.7107800	-4.0744548
177.6562300	-5.9009439
173.7456900	-8.8897568
186.8172400	3.5562024
156.3761900	-13.5710950
166.6671700	2.4752500
173.9390900	10.2492550
181.9405200	-9.0200787
166.1320800	-11.4990650
183.4513300	0.6165902
176.7301700	14.6220840
157.9344000	-1.3662059
164.5021500	10.2283450
174.3076900	13.2649750
153.4350100	-14.4390300
148.0720600	-5.2427923
149.6047300	-11.0934360
144.9965800	15.1874970
169.3144200	-15.8473930
163.2234000	2.0658811
156.9461900	9.8910738
174.3095100	-2.4329869
160.8490600	14.2605550
158.4342700	-1.5891641
171.5830500	7.4694581
139.3499000	3.3786977
146.5039600	-9.2820379
147.8389700	-14.9721800
161.7295500	-11.7630130
149.4732200	10.8541780
143.7839400	2.5275974
142.5842600	2.5070134
137.6094700	13.5072760
153.7868400	3.0878117
138.2975500	-2.8556969
150.3096900	-10.5943150
133.5623100	13.9559200
152.5533300	8.5998767
157.6139900	-11.2377040
148.1472800	-1.6207307
141.4982400	10.8175000
145.6807400	-0.4551375
136.3775400	-10.0314970
138.1368500	-2.1847867
131.9030700	9.5786160
145.6080000	0.9212242
146.8544400	1.2195807
125.8311000	-16.7582380
149.3653300	-16.2019870
134.5775900	-13.8187360
128.2695200	-11.7916480
131.3942300	-15.8379350
126.0970500	-7.1054072
152.0677600	8.1741120
132.3610200	-5.9248604
151.9909100	-7.4036010
122.0031600	14.0411360
144.1408700	-8.0112851
132.1616400	6.9851858
136.1327900	-0.3942280
144.1455000	9.6940971
127.6349800	-14.3621390
116.0809100	-0.3824483
120.4987800	1.3041325
114.1694600	11.0214420
118.4296900	-11.2901840
118.2866300	7.2975267
134.7835100	-15.5584200
132.2105700	-16.1357500
121.1143100	-14.5718760
138.5884800	2.1830135
111.3684800	-8.7691006
136.7463700	4.7093734
139.4392300	9.3395370
124.6015000	-2.0755931
120.3555800	-11.2277250
108.4713800	-12.4752270
120.6665700	16.4395310
116.5486200	-0.5117401
119.9731900	-5.3401952
127.3234100	-12.3912150
107.7163100	-14.7593030
106.5940000	3.2899125
106.5018000	2.8837295
129.0616200	15.3003250
107.0980700	11.6353250
100.7405300	2.6398221
130.6854800	-2.5283208
114.5494600	6.4835468
110.4447800	-16.6053920
111.6972000	13.9225780
117.1282900	-13.8576940
99.3917960	-4.5518463
107.1099600	14.2142910
112.1889700	-16.1364310
111.8325300	8.3196906
101.0608600	-2.7417106
96.4754760	10.1279980
94.4679900	10.3636330
116.1642100	11.2977840
118.6580400	10.4415260
117.7597900	10.7596130
108.4098600	5.3166209
102.6583700	-14.0738770
95.0336380	-2.5704285
100.4338700	-12.3203900
98.1553020	-16.5814090
103.4510500	0.4989648
105.3884400	3.5438658
111.3727200	5.9932446
102.1363000	14.5014290
120.6228300	-15.9269250
93.2774720	-11.7341850
102.8923500	-4.0763007
114.1106100	3.4404407
90.7022250	7.4416576
108.2480100	15.8223310
105.7266700	4.0610130
111.5790500	17.0205200
85.3882420	2.3052463
104.2295600	4.1916643
87.1553000	-3.2771914
98.4717750	13.8020080
94.8325510	-6.1304864
105.6929500	8.7027972
102.0385000	16.7902000
107.6197300	1.7601513
90.2019910	-14.6630590
106.5087200	-10.2141210
108.4347600	13.5394130
93.3430140	-2.2776377
93.2430000	-14.2889120
89.6486210	-5.6211410
99.5933120	14.6200730
107.4932300	11.1239680
102.6379900	-0.0075857
108.5067100	-13.0979670
82.0270890	2.1701616
89.9086230	-8.5979910
89.6943080	-2.7232408
80.0967080	5.3023307
85.7831050	-4.3278809
96.3277350	16.2525780
96.5440640	5.1190308
82.2015480	-2.3275663
78.6208730	-12.1740700
96.9968220	-1.6307351
78.6809130	-12.3150000
97.2791120	-1.0544839
94.9318170	11.5761860
86.6010790	4.3952551
101.3621000	-16.9501630
92.7767680	6.3212736
85.8655340	10.7262180
98.0084530	10.3882680
98.5893620	-6.5163929
83.5458960	-9.4085060
93.5934990	-12.8146250
69.3292100	15.2615440
93.4286810	5.0278714
75.1145150	-5.3077995
68.7403840	7.1230493
84.1367360	-13.5508750
95.4043980	-0.0894514
78.2146450	-11.8077350
91.9431990	-5.5099681
75.4267980	-11.7162050
81.0685090	15.1705880
88.6162510	14.6448600
62.9427730	-13.4753700
75.3133460	-10.4877190
70.0167090	5.2825748
69.0098520	-7.2895148
92.4616170	-15.9597670
72.1506410	-11.1916240
93.5970100	-11.5443780
80.4365750	11.4001470
63.5403170	-5.2084072
67.0735390	-16.7854970
83.6778650	-2.7712050
88.8656640	-0.8153120
66.0537160	-2.9799466
64.4532380	8.5473609
83.3392630	-14.5713120
60.5252890	-14.3907010
86.7768210	-7.4622233
63.8642570	-0.9116644
78.8751070	-9.5214163
60.6137000	10.0897420
61.2000480	-13.5127880
63.7585040	1.0883602
84.9030320	-4.0548084
77.7627700	-9.6494150
56.6957880	2.9088186
82.3986180	14.9638920
58.0982460	5.9526224
65.0791100	11.3027790
83.2448440	-1.2174990
67.4801440	-13.4202350
74.9375440	3.7327996
70.7208130	-4.5891234
72.3803910	-11.6914950
69.8408640	11.5095700
80.8363500	-16.0949250
62.4511590	9.1924672
73.4459830	-9.4539343
82.8506440	15.1212860
62.4542290	-11.6525940
58.1778850	-1.9883535
53.3570200	9.2203544
50.6269470	-2.3305571
73.1270870	-0.6995514
64.8381000	1.3950776
47.4093530	4.1487757
49.8307040	13.3229560
61.7010110	-1.3873344
76.0048730	-9.1553948
55.8613330	-4.5013734
50.7879400	-0.7904084
68.5502060	-17.0895180
59.8554260	13.7211790
48.4966280	-4.5613166
51.6335340	8.3712734
71.0386150	-5.5406675
47.0414760	2.3768412
67.4159690	-13.5945550
67.0658460	-0.7939750
45.6065120	-15.5271670
49.1863090	-4.1441837
69.8328550	2.8904910
51.9156410	11.3373550
54.3880020	-15.0249980
66.9127420	0.0735886
70.4523520	-13.9650800
60.7334310	10.7561210
57.2932600	6.3972737
45.3795560	15.6790730
67.5028590	-14.8641600
44.6797800	-11.5234650
51.8030420	-9.2658927
40.3160060	3.8905204
40.8491570	0.7561733
62.5308360	-2.1871040
47.2171760	11.0750340
39.9163170	3.8152060
53.6757220	6.6746688
39.3699100	3.5943255
42.5066240	-15.0290000
52.5432650	-4.7231012
59.4537010	-5.1755117
58.0769360	-8.3111761
62.6312690	12.5136080
50.3409300	-5.9419886
36.4299520	10.2214890
69.3495570	-9.5020531
53.9375250	1.0292911
46.3977120	17.0679530
55.6109400	-8.4072750
51.5917740	4.0431026
40.4636620	5.4766451
61.3493270	4.6120417
59.1499660	8.2216630
56.2927950	4.2812334
56.2145420	-3.1414578
37.8463810	-1.9848812
65.6414050	11.2733140
66.7050220	1.0867152
45.2907280	12.9815820
42.3249930	8.1193462
36.6453880	2.7161905
34.7130440	6.6245410
58.5182430	3.8340937
54.3642570	-4.2076213
44.2208940	-2.0623639
36.0942170	8.1471189
51.9804010	4.1014910
42.8934950	-5.2386117
57.9576150	0.9519134
35.3923680	8.8203729
38.3157590	-0.6153464
34.0737720	-9.8766316
53.0788670	-10.7061850
33.1616770	4.2054114
51.4733590	-2.5962726
39.8846760	2.9851612
39.7401330	14.6860400
35.8763520	9.3101947
33.5828690	-4.1083793
54.0891530	-10.9638000
43.9974560	-7.3388907
28.3044540	9.1851394
55.5176670	-1.4232710
30.9517730	-9.4265380
36.7973910	-15.0445470
59.6304770	15.9319340
60.2988720	5.8422559
59.3727010	-4.5640061
36.5262310	-16.0157910
57.8637030	12.7085600
29.8051520	-16.2191360
54.5782320	2.3498256
26.0560690	-15.7901460
26.2171900	-4.3767517
38.6311940	-5.7380654
58.6030560	-7.4538480
51.0991360	-12.7514930
38.2862990	-7.4575219
43.9641580	-13.4045240
50.7897420	12.6237100
37.6684580	-2.9123470
43.4622370	-0.4081277
36.9528970	-6.2121529
42.7529370	10.1427980
54.1679570	5.2038872
26.7437140	12.2310120
23.5294560	16.0595180
35.9931900	-13.9304550
46.0292220	-14.7740870
27.1773630	-6.9047820
39.3535590	0.3852666
22.4914590	-11.9476070
54.7550180	6.4307602
26.4226050	-6.1688637
51.9178810	7.7724981
34.4688070	-11.9339330
34.6719700	5.5394173
21.4163510	-4.5967618
49.9758300	5.6042561
30.6720230	12.5912250
31.9308480	12.5918530
23.3511350	-2.1631898
32.5579000	0.3073061
46.0946660	7.7980514
32.4506930	-6.9881580
41.0703090	3.0438927
51.8011630	-11.7665720
24.9430560	15.6616490
44.9473800	5.3759972
51.6394260	15.9893360
41.8000330	11.5024750
49.9966420	15.2014220
19.4054200	-1.2905834
49.5301240	-5.9750816
19.2877450	-7.9327691
38.3475940	-7.1160000
37.7820370	-5.9519631
43.1533370	-11.4748160
22.5477430	-11.5622590
37.3007970	-8.5034647
29.3958360	1.7650638
28.9625160	11.1534990
28.5015730	12.5982540
28.6284490	6.9387124
40.9384330	-9.3585024
45.4732370	14.4055570
31.4943100	-2.6457343
47.0961550	-14.6697980
25.3405920	0.4492658
44.2454690	-7.4569078
30.6085940	-13.4294870
34.0634130	-0.0379116
22.8063600	5.5199893
44.4641890	-8.6788662
35.5433190	-11.1543650
46.9855400	-9.4632715
22.8417910	17.1150770
28.6784040	-4.7029526
26.7499100	-13.2924760
22.4724140	-14.1592400
46.7801970	-11.9013730
37.7948070	-13.5707510
14.1630460	4.9095028
31.3376180	-11.9620230
16.4942300	3.4037082
21.9668230	-6.6483199
39.5130740	-11.0456830
37.8962380	-7.3527433
44.7823020	-1.9447002
17.9844640	-9.2948839
30.6832840	2.4700276
22.1961810	-8.7424787
15.4416780	2.9210348
22.1081150	-12.2343760
23.5868690	4.1571575
42.1159940	-7.2427495
25.1044540	-4.3941365
42.8095170	4.8413266
30.1298160	-1.5125440
39.9815480	7.0421243
36.4722410	-6.6029085
32.1981890	-16.9739190
16.5994400	-10.9354280
39.3078630	-3.2273306
18.4531750	14.7046440
33.0238060	17.0328930
12.7289740	-7.5473759
11.6023470	-12.9268420
11.7701740	6.2176020
27.5180460	15.5839520
14.6311570	-6.8660645
14.2225390	15.0655160
26.7138020	4.6668638
24.4931350	2.7211969
26.8871950	-5.1740093
19.9255110	0.6845685
29.5099570	-13.7224590
41.0990930	-9.0168703
27.0124100	-9.3486489
27.9618610	-6.5580199
24.5517320	5.5133437
24.5959450	3.1567107
18.6361970	1.9960911
26.2696220	14.5489830
32.5727070	-6.9046772
11.8832430	2.1211601
8.4842465	14.5056490
18.4686470	15.3704570
12.7597260	1.5944615
16.3620000	3.2701140
20.5930520	5.3182531
20.0027610	-11.7356400
31.6440920	-8.7060677
21.9337880	8.9831589
27.3274750	15.6287310
22.0192440	3.9764886
21.9714170	6.5399828
30.4245000	14.0268080
30.4584590	10.5562790
14.3660190	-14.8849430
16.2343770	8.8280589
36.7093000	-8.1747486
19.0638050	3.8730921
19.9395670	-14.2081480
7.4848193	9.6614891
13.6051850	3.3831882
22.7734210	-6.9180372
36.6074740	-1.5824781
12.4815800	5.7923205
37.5353720	-12.8820230
20.7253210	-7.9891482
19.5787110	14.5101870
26.7956270	10.4157640
18.9503520	-2.2392634
21.4165480	-10.3802700
22.6609750	7.8299245
9.1895713	16.9017020
15.8461820	2.9873978
31.7229960	2.8677322
8.6757219	-5.4327443
22.4341460	8.6295916
12.9248850	4.0442963
26.2629400	-5.7927920
25.6298960	-14.1298830
12.6721320	-6.5411999
6.6750394	-3.8317996
6.2837371	-4.6196282
36.1960420	9.2337863
23.9862130	-13.1761090
17.7721430	-13.2908800
34.9736740	6.7453829
13.2986910	-13.3008210
13.5548060	16.5436460
12.9344970	-7.2501330
14.8539190	3.6395380
30.1667990	-12.3185840
19.9265590	-8.8171635
35.5292210	12.9508550
16.8464110	11.7459480
2.4911472	3.2648845
5.8787470	-6.6527041
13.6470890	12.9599160
26.8306750	-15.6356650
32.3588890	7.9311125
4.8161900	3.8485259
29.8689070	-16.5713750
15.9990910	13.8568470
29.2469970	9.8337726
7.9278148	15.3071130
22.2060340	13.4920150
9.9821704	-9.2885947
19.6233760	-1.4466903
30.8798480	-15.9775570
14.9064750	0.8699705
16.1924580	6.7742259
27.0869340	5.4385983
1.1362038	-10.3920200
14.3666950	-13.9197360
18.0163100	-0.5719783
27.9168940	3.0470071
12.3792640	13.4345280
17.8970600	3.1997451
13.4284430	14.2162990
19.4614960	-12.7709640
28.3934710	12.0072420
3.5718577	-14.4090090
30.5662730	-9.6803387
-0.0404172	-14.2980890
17.2258320	-14.0373080
19.9039720	6.0183079
23.6091590	6.6831327
11.3572420	-2.4238150
6.1719055	3.5921091
8.8474814	14.5229540
24.9782970	-13.8551610
5.6529773	1.1510147
19.8889560	-12.6577080
10.1289500	2.9836152
3.3510680	-1.0429638
30.6451880	-11.5670700
30.6277880	-6.1908662
8.9752269	-11.0864510
4.8530276	10.9409670
9.1693637	0.3810797
13.5887250	-12.7978350
29.2558690	9.6425057
25.4192300	-10.1600720
-1.4069718	-3.3426692
16.8835140	0.8217676
29.1375970	3.1004232
26.9408800	-8.4815326
7.2651648	-16.1937130
23.8343190	-11.8374770
12.7214910	4.7550883
5.2637460	-12.6535340
9.0264410	-10.4522420
8.1634096	-8.7650591
4.7885966	14.8675230
29.9765540	10.9538780
6.9792858	-6.7504849
17.6069320	15.0785810
8.4611094	6.0507642
7.2851258	-3.7326646
18.7450940	-3.3554217
17.9648150	-3.5897228
23.0603800	10.2393720
31.1992650	-10.4396200
16.5843780	2.9954075
8.0467852	-2.1267751
0.3590155	-3.8185347
4.0303067	8.1494346
18.6044050	-0.7676419
26.5500820	9.1224193
4.3547697	-10.5515080
0.1313743	9.6081868
3.0427470	10.9264020
-1.6304807	-1.0782886
-2.4376427	-3.3869437
15.7512300	-8.4533560
5.2408467	8.0558504
29.4727980	-2.8873035
14.3424200	-12.8638360
-3.1290664	-12.1284210
18.8341110	-9.4800418
5.8928967	-1.5813650
24.0153900	9.1821323
15.2436850	13.8028720
4.5600446	17.0300140
17.9589200	-16.6629770
13.4632840	15.0312610
13.9981750	-9.1673874
-4.0607148	5.5814508
0.0693510	-8.4567519
26.6365990	6.2125494
17.6429190	-14.7405000
6.2573520	7.1164665
20.3130280	-5.9256077
-1.2206588	-12.3692270
-1.7103814	13.6777360
10.2210970	15.0945720
28.9453950	11.0786250
1.2493543	0.7472451
3.2192221	-14.3860040
11.2894720	15.0043210
-3.5104404	-13.3509610
28.7567410	11.1057030
21.8121030	13.8021240
14.1863320	9.7515301
26.9492090	1.1296582
2.3885713	-11.8057530
14.3863840	-2.0246201
25.0835870	-12.6736730
-1.9085959	6.1091747
-5.7756371	6.6300122
11.5726040	2.0748053
4.7384054	5.6600167
21.1904380	3.5187791
15.5374640	-16.2566010
-5.5941388	3.2676378
16.1333540	9.7405023
-0.9624366	6.4416401
16.1512740	3.4112677
26.9873300	15.4655210
9.3756198	-14.3378160
1.7969705	9.3450603
15.3279000	8.0631534
-2.6132107	3.7179949
6.3620646	7.4001425
12.6337070	12.0716950
22.3888210	-16.3120880
25.7535650	-14.8143820
27.3132610	-13.6055060
10.7080740	-3.3638775
23.6935820	14.7897730
-1.6210048	-9.0157615
12.8075090	-10.6474750
4.7440807	6.2257079
8.6314837	-3.8737157
17.3598420	3.5687083
-4.4246750	12.6211350
6.8337955	5.5644004
-5.9299555	-6.5733512
1.8018068	2.3552882
10.5515490	14.6884380
14.0968710	2.8275219
25.7308970	1.9408707
0.6399077	-14.7257700
3.0566032	-10.8948550
10.0396220	-15.7067130
24.4773450	7.9794639
-1.8863899	15.2863780
23.6144220	-7.6486406
24.9126970	-9.0608182
2.0875509	-2.3047200
1.2352054	14.0942410
0.8902939	2.2438887
13.6446290	-9.6496784
-3.8891328	9.2450839
18.8760410	-13.3646120
18.5177540	12.1307990
6.1017646	-10.4994270
11.0958920	6.3429103
9.5092710	-6.7240973
16.2378490	-2.2353094
11.3056600	11.0639770
0.3439052	-0.0984472
-4.2461062	2.5625880
0.9589103	-4.5106081
16.3812320	-8.0102855
-0.0705704	-12.4885770
14.1531140	-6.9243750
19.2836060	14.0125490
8.0751835	15.2988270
-4.0278286	-10.2452330
16.4261130	-7.9330545
14.7854610	8.5576238
15.4921330	-12.4946810
-3.0990998	6.5860055
-5.5569773	-8.4535083
12.8173720	-2.0418843
22.6639810	-15.0437560
1.6390058	6.1370435
14.5814790	-11.6842200
13.4552330	12.3546490
-3.6910405	12.6443030
8.3624044	13.3332980
14.0545130	-5.4160870
2.1306871	2.8477240
-1.2097264	-5.6346999
12.5403650	-15.8269800
12.7643100	-14.1110100
-1.6875183	-3.0833298
-3.8301937	-9.0991098
-0.7591436	-9.9639733
12.0823980	14.5396790
-4.6289558	2.0561071
-6.2120860	6.4778583
16.6386660	-12.5964570
4.0603650	-12.9079840
3.2736793	-16.6900700
19.1640650	-7.5570784
10.4708550	14.5269440
0.3827074	0.5644191
5.0357127	-14.2398140
16.6827280	-10.7069860
2.9308271	-6.2267094
10.8840060	-2.0171738
22.0940590	-17.0057460
4.2463867	13.1814690
0.4230894	11.3679890
0.5544597	9.3307855
16.1535960	14.5375490
9.1188957	-3.4370840
13.2933130	-0.7480233
19.4469580	-14.8388720
18.3478890	9.8405817
20.1743070	10.0740070
-4.9490957	2.3626927
-4.8763046	-8.1777763
-3.4565728	10.3528940
13.0986690	11.8793800
8.4001591	-14.5035590
-1.3069883	-13.2155110
-8.9213456	14.9870730
-5.3489597	-11.9441040
-1.7448907	-16.3495240
-1.8331895	-12.1480040
5.5519990	1.5125515
-7.5520275	2.8074938
15.5599550	-1.3765339
22.9060710	6.4945308
1.7226866	-9.1508308
18.7277200	-13.0809240
14.8831660	-16.3214530
11.1956580	0.7048196
18.8901480	15.6092630
-9.2975520	-9.1962217
-5.5003275	-11.1996020
5.0647787	6.9875539
14.3535400	0.5655364
16.9803940	2.4969558
19.0457650	-2.4404848
-10.1196440	0.7862380
14.4809140	11.9698710
8.2049523	9.4590451
14.3645340	9.6943878
17.5798150	-8.9465835
11.1087720	-3.6397402
18.6094980	6.6432422
-9.6402633	9.0630829
8.5896598	-16.8910830
2.3170403	11.8716160
2.2895247	-2.2597197
3.4166908	13.2494960
-3.9642031	-10.8324240
-3.8901285	15.4386730
-9.6488568	-4.5575733
15.0658900	14.8464520
10.0403810	3.1634614
6.6642084	11.6489340
19.9508280	-1.5497940
2.4563191	5.8088318
22.0468140	-8.2726058
-7.8627416	-10.5596190
0.9662616	-2.6353357
0.4179850	0.4219945
-8.0547224	15.8033040
-2.4856886	-15.5888470
-9.9718882	0.2703859
3.0355528	-2.2506705
-4.5497874	9.8301525
20.6500600	8.5665829
2.9171656	-10.2677850
21.7248260	-5.3368692
-4.8382743	-12.8163580
2.0448326	11.1122760
10.5849300	15.8267850
-9.3259817	-8.9703802
4.0227792	13.5938380
3.0745747	13.5956590
2.0173855	-16.0593410
9.2429924	5.5092962
0.0421729	-7.6203504
5.9345867	7.4348635
10.7504900	9.4682804
-2.5094923	4.0955403
13.6989610	-10.9448870
-7.5831190	11.6391410
12.6644680	-11.8163620
-6.7763019	2.2595802
-6.3239943	-16.9974110
5.3188948	-9.6185535
-0.4749771	5.3775838
-3.5621953	-9.5360783
8.6702584	16.7912100
-6.0416999	4.7291870
21.5643210	3.2224760
18.2356350	9.0176163
21.7977540	-4.5321635
-11.2044860	11.4082100
4.2378584	-2.2255027
8.9050600	9.9775373
-11.1609940	2.9592957
-0.8245053	-14.0629580
-7.6976264	1.6741253
0.1731076	-4.0569358
-3.3157009	10.9663180
3.6622466	5.6215767
12.3239950	7.1099406
17.2291390	-12.7124860
5.0828621	-13.5389320
2.0237395	-12.5441310
21.0523530	-16.3340850
14.4878990	11.1875080
-7.6424816	-7.0727518
21.3560320	-3.0393016
6.7731051	-4.1889951
17.1184290	-11.9610700
18.9315330	-3.2138260
8.9405453	-1.1346796
5.9236560	-3.3838003
14.8640250	-13.6077400
-3.2402295	-15.2022310
9.2073076	-13.8701570
-0.4787383	-5.7044732
-2.6549754	2.8208035
0.2270791	-9.3775838
-6.1604476	-6.6794146
-7.3566302	4.0424672
2.3294516	0.7236928
3.3614830	-14.6275880
-3.9852684	5.2157712
17.8509260	-2.6258927
-6.8556115	-16.1457490
-1.8851586	15.7664300
-8.7769358	7.0531433
-0.4077987	-10.4941010
-3.8309451	-8.8927151
-3.2499486	-3.4107242
-3.0729966	-0.8845441
11.4257160	0.7871237
-4.1693130	14.1695560
-0.7670500	-10.8863280
12.9460500	-0.4981415
4.7510696	-8.0085373
3.7415695	2.1351773
18.7456560	-12.8135220
-5.9203413	13.5140680
9.0845052	-11.0581970
-11.6194310	9.3220454
6.5694945	9.6452264
13.0440480	3.4207692
-9.6483023	-15.4920980
2.0366274	-5.4557486
-7.2624364	-14.9012820
12.1077090	8.9977375
12.7535590	9.3166763
-6.7093610	3.8331079
-12.5142000	-10.3322330
13.4826520	-13.4297850
1.3711718	8.4292927
9.1889787	3.4508864
14.8089350	2.1528927
5.8643195	-4.9288718
3.5708443	-0.1110784
12.8555560	-12.6533700
-8.8380151	11.2237500
-8.5430338	13.1296650
-11.0093850	-4.8408212
12.2025000	-10.3640290
-12.7122420	16.5205690
5.2634073	3.4378429
2.5491135	15.2381100
0.8994111	7.3587721
-10.4530720	9.2831232
8.2885849	1.9317505
15.2255360	-16.9669520
-1.2509904	2.1226575
-4.9408978	16.0349060
-4.4253371	12.9048980
-12.3293850	11.2376050
19.5333290	-1.1584548
-12.7036200	-7.1348023
-7.1768031	-15.7439250
11.0528590	-3.8818464
