jMRUI Data Textfile

Filename: dataset3_WS.txt

PointsInDataset: 2048      
DatasetsInFile: 1         
SamplingInterval: 2.5E-1    
ZeroOrderPhase: 0E0       
BeginTime: 0E0       
TransmitterFrequency: 1.2322E8  
MagneticField: 2.9E0     
TypeOfNucleus: 0E0       
NameOfPatient: dataset3_WS
DateOfExperiment: 
Spectrometer: 
AdditionalInfo: dataset3_WS
SignalNames: dataset3_WS.txt;


Signal and FFT
sig(real)	sig(imag)	fft(real)	fft(imag)
Signal 1 out of 1 in file
262.6362500	-102.9239000
468.7762600	-216.7753300
323.5172000	-364.9211500
127.7549600	-415.3817600
-45.0459400	-383.3762500
-172.5617700	-275.1202700
-210.5773900	-138.9282100
-191.2315200	-17.9132500
-123.1586000	48.3721750
-42.3184170	73.5231800
21.1756450	41.3604300
46.8331840	0.0695903
40.6559060	-45.0670210
15.0856040	-74.9421300
-18.6515870	-79.9620680
-48.7628100	-68.9436660
-68.6493940	-51.8655750
-81.6322400	-23.1524540
-77.5341100	-8.5747175
-72.2273580	11.3674590
-66.8701830	30.9472520
-56.6392650	54.1165500
-31.4595760	60.3735950
-3.0295979	67.6258100
18.7820490	59.4633390
41.7955650	37.2683330
48.3731970	9.6636380
31.1826600	-19.2216560
10.2448360	-34.4802830
-19.8405140	-37.2411570
-39.1124460	-15.8804150
-53.2556890	7.6098707
-48.3037650	42.5491210
-26.3151810	63.9526930
2.7738057	71.0309870
29.6647950	62.7056580
50.8721870	43.3796520
64.4365750	25.4622170
62.3482380	2.0822506
59.5473650	-18.3769240
49.6122050	-27.3817180
30.9930060	-38.9954010
18.9786920	-44.2410750
7.2411779	-40.0940680
-13.0989260	-36.7361840
-20.5287720	-22.3001160
-19.6891330	-11.7415480
-17.2489200	2.9177397
-2.6261250	6.2623236
3.8263168	5.9878500
14.8583230	-8.1262048
11.8695410	-24.2089690
1.9478123	-34.0407520
-13.3642920	-35.6794670
-31.3092100	-28.8176530
-42.8337500	-9.8511548
-42.0468230	12.9425510
-31.3274820	39.3209140
-8.5031473	43.2222760
16.4978290	44.9599600
37.9740550	28.2762240
44.9995090	-1.1533716
41.3009580	-23.7410150
24.5410120	-43.0483250
3.9679863	-45.1683750
-13.9891330	-39.9344340
-35.2327650	-24.9443930
-37.5610700	-9.2414372
-37.5002540	2.4959467
-26.9637830	16.0953630
-17.6769960	18.2254080
-9.6544477	16.3031950
-0.1899330	20.0668770
2.3575151	16.5852290
7.3851920	10.5113450
11.7415070	10.8392720
6.4805045	-0.0346733
9.3527736	-5.1009504
-3.6005995	-7.1966471
-13.3368530	-7.3177877
-19.9072770	0.8514204
-17.0635780	5.6976824
-13.2562400	20.5177020
-6.5914052	26.7774730
11.1594300	25.8274900
26.0910000	19.7791020
32.6212630	4.0946027
29.4339560	-12.1148470
21.3641540	-24.0503210
4.0210475	-26.8522320
-9.4266225	-26.3531640
-21.9693260	-9.7285454
-27.3203100	0.9016238
-15.7836850	17.2788160
-8.9709162	24.8724800
6.4904834	23.4922160
20.2342020	19.4157330
28.8550500	6.2116444
26.2612320	-4.0717075
24.1493260	-16.0230680
19.8036040	-23.0630380
5.3540774	-30.5852650
-5.0489043	-31.1355530
-14.0656470	-24.6834020
-23.6564050	-20.8730930
-27.0551440	-10.0616340
-26.7719200	-0.3173993
-21.9890130	11.0867430
-17.9038980	22.0682330
-6.2518030	20.9323810
2.5019277	20.5692610
10.0726750	9.4500742
16.2823980	3.7030203
14.1423150	-3.4605260
4.1949949	-8.3564409
-0.5301187	-9.2797411
-11.6968220	-4.6312795
-11.9091630	2.5281124
-12.0523140	13.8120120
-1.9173545	16.9211490
6.2701802	13.1331850
13.8123250	10.8156000
14.0824290	0.1418100
14.1855160	-4.8332580
8.0873225	-11.3620910
4.9966889	-16.9474220
-5.2924615	-14.0019110
-9.7413511	-15.3959170
-19.4942920	-9.5122751
-16.5145890	2.2449693
-12.4422350	11.5220900
-9.8423128	15.5627530
-7.6325912	13.8821930
-1.3748986	18.8376750
8.0052865	15.0719330
9.6599610	14.7516390
13.9822350	3.0003213
16.8159770	-4.0604294
11.6429430	-10.1437330
7.1733206	-14.8744690
5.7635580	-14.2392670
-1.6931441	-12.5193470
-3.0342887	-8.4720962
-10.9113080	-5.8092524
-5.1905081	-0.6591598
-2.6242186	-0.4367649
-1.5924707	2.6512194
5.4378149	1.0625009
4.0451566	-3.9885517
-3.1872594	-8.3894063
-3.2506221	-9.6915860
-8.6661464	-6.0489313
-15.4733050	-0.7719800
-16.2088150	4.2900787
-12.9594430	6.9744740
-6.6350558	11.8954430
-5.3768352	16.2740330
7.1703782	16.8037460
7.0096989	9.0503964
13.3048730	1.8179202
15.4950770	-1.2034416
7.4704189	-9.3611942
5.1964981	-12.4346720
0.0377205	-13.2821540
-3.5952278	-13.9762520
-7.0505325	-4.4342598
-11.9192950	-4.2354667
-14.0505410	5.4518674
-11.3867880	13.4457230
-7.7286830	12.4075160
-0.8239652	14.7778190
0.6876878	12.9514120
8.5176498	12.7936360
13.2274930	9.8957360
10.8289560	1.1626927
12.1726020	0.7539388
9.0652900	-0.7668391
7.2296160	2.9657368
1.8244083	0.9979529
2.3058600	-2.3380620
4.7979070	1.2461859
6.0484211	-2.4516578
7.8120801	0.3034815
9.7372401	-8.5488875
9.9549507	-8.7722804
6.3845522	-11.3733010
2.6763369	-14.3695280
1.0475905	-10.0118390
-6.3464488	-14.1481230
-11.1839440	-4.2980850
-10.2220010	-3.4123694
-8.2303684	0.3073340
-12.0124570	6.0785517
-10.7042170	6.9100461
-4.0822715	7.4560162
-1.5532532	4.7031720
1.9088336	6.9504378
3.4005600	5.3296719
6.9709444	-3.8775781
4.3301634	-1.3555973
-1.2066375	-4.5866651
-2.2345728	-3.3764109
-5.7558204	-1.2960720
-3.3172839	1.0832180
-6.8494800	2.8777257
2.0663456	3.2655703
-2.8834200	7.8561384
-0.4603390	2.8230452
0.1136409	-2.5566706
0.2048970	-4.7014642
-1.9001729	0.1299734
1.7818948	-1.3212912
-1.2220666	0.4405048
-2.7614132	-5.1195986
-3.3596870	4.2227037
-7.4427646	5.2467438
-6.9665788	3.8572457
2.8699467	4.1049702
2.3089860	10.2972310
8.0722652	8.5376472
6.5505193	0.6130022
9.2975318	-1.0132788
11.5412250	-2.0402936
8.6082460	-5.7537458
7.2835143	-6.9901107
0.2968972	-5.9934935
-3.4612116	-8.7393283
-6.2673851	-9.4538612
-1.6889950	-5.6940825
-4.5452915	-0.5797018
-1.2377072	1.0013456
-1.3572056	2.6563012
-0.9953893	1.9905207
-0.5924772	3.0137077
-0.8592878	1.6194597
5.0339104	-0.4595495
4.3773552	-5.8552131
2.4074895	-4.6504168
1.3829623	-6.5058218
2.1179774	0.6488568
-2.0939741	-3.1026432
-3.3404232	2.6131013
-2.4600420	-3.4136219
1.9065555	0.1335073
3.8925578	-2.2342886
0.7628255	0.5139441
-2.8436170	-2.9029191
-1.3769042	-4.5229943
-5.3497690	-5.8631369
-3.1873485	-5.4592962
-8.0252777	0.9555634
-5.5318906	0.3815830
-2.5329056	5.2484595
-6.6421693	6.8478816
1.0575519	3.9101772
-3.0793762	7.1542761
-1.8054493	6.0883632
0.1839975	3.7119356
6.0324357	5.1428265
7.5092366	-3.7117439
6.1949652	-3.5936253
3.6839193	-5.7644770
-3.6099124	-4.9457736
-0.3779296	-1.2015306
-4.1585449	-1.8587521
1.1791312	-0.7767192
-2.9566420	0.2248183
-1.4787063	5.5912244
4.5297773	-1.9778547
4.5913488	-1.9754986
0.8178110	1.2604103
-0.6543717	-2.7158476
-0.0887313	-2.2927769
0.0169136	-4.2854023
-1.8314315	-1.0052307
-3.3864767	-2.2984519
-4.5679326	-4.4841960
-4.7892264	-0.0387949
-3.8938120	2.4587929
-0.8429591	3.2571954
0.0327909	0.6878111
-0.3571339	4.0532291
-0.3276334	-0.9021970
1.3889427	-5.6316137
-1.3981352	-3.0285620
-0.1092990	-5.5767696
-3.5826256	-3.1076911
-4.5101724	-6.3678090
-2.2393857	0.9642410
-8.0236083	3.7215760
-5.0521412	6.1304935
-1.1130173	2.9349427
-0.8711163	6.9426252
1.0056292	5.9270880
6.0869389	-0.7695131
0.1407446	4.0297697
4.4447268	3.3490926
-1.0059049	-2.4717248
5.3008061	-0.8063540
-2.8024425	-1.6754528
1.0404911	-2.0683773
-3.0255503	1.3223645
-0.5883979	-3.8904074
-5.3470577	3.0510212
-0.8920303	2.8621727
-3.2774382	4.6177253
-2.9654365	-1.3739703
1.3469322	0.1105935
-0.8505604	-3.8380338
2.3604159	1.3650910
-0.8252650	-3.3194892
-0.4769129	-1.3755720
-2.8192256	3.1100279
-5.3956121	1.6168144
1.6992850	1.7685677
2.9376322	2.6936647
4.1130407	4.1356710
-0.7000348	3.8706958
-0.3348212	3.7175412
3.0660991	0.4891562
0.8235184	-0.0916324
3.4171985	-2.0475608
4.6911895	-2.5385394
-0.1615640	-0.6069368
3.3415465	-4.0104484
-4.7644185	1.5161117
0.2702555	-3.8145326
-4.7257085	-1.0989230
-3.4854957	3.6227947
1.2283253	-1.6047588
-0.2096803	-2.0808224
3.1698080	-2.5266858
1.4066673	-1.3725661
3.2358081	0.7352158
-1.4548132	-1.4533280
-1.9352012	-0.6153780
0.5169993	2.7935838
-5.1464394	-3.4795341
2.3357321	0.1404932
-3.0811884	-1.9929891
-0.2473581	3.1209850
2.5202997	-2.0469041
4.1375451	-2.3604298
0.0237147	-0.1174662
2.9837525	-1.7949317
1.0444650	0.9212257
0.8223350	-1.2348896
-2.8589537	0.1348936
1.7026076	-3.2626253
-5.2473222	3.3862832
-3.4701405	3.1796709
0.7740407	4.8278576
2.8004126	5.2090778
-0.4259839	-0.9603780
3.5769060	3.2270216
3.2695427	-0.5205599
2.7887891	3.2593614
6.8649132	2.1126322
0.2929551	-3.2654207
0.3934323	-3.7073387
-2.3682615	1.5058381
-1.4482726	-4.9777510
1.5152009	-3.0408829
3.0614754	2.0220888
-2.2748612	-3.2620893
-1.1200707	-1.5230980
-1.9047052	-3.5020564
2.5513056	2.9397377
3.6384839	-3.6613511
-2.5447100	-0.6842061
-2.5324223	-0.5777444
-2.9363625	-0.8701122
-0.5176369	1.6460511
-3.6399636	2.2827109
0.7617496	3.3648040
0.3186388	4.0103932
-3.6097340	1.3867214
0.4164353	0.8096032
0.1023682	0.9209938
2.7934560	1.1708632
2.8502034	-1.7828602
4.0914668	4.0961823
-0.5608085	-2.1234313
-2.2095815	-4.2924318
-2.2174828	0.2358383
-2.8548706	-5.0585201
-3.7462450	0.1407409
-0.3616351	0.2557771
-3.8142808	0.4442239
-4.6926572	-2.1698045
1.5407229	2.8104569
-4.2951116	1.7125163
-0.4145902	4.0774360
3.3187968	-2.1552654
1.7526383	-2.8167930
1.0592923	0.6789403
4.5667313	0.3956781
1.7771953	-1.9638430
1.1247339	-0.6946981
0.7367154	0.6418025
0.8891352	-0.8373430
3.0990449	-0.3482208
-3.3083028	-2.0269444
-0.8528180	2.4023122
-1.9221249	0.5636416
3.2481341	2.7662288
2.4183910	-1.0394583
-2.9444223	-0.4561269
-0.1654673	-3.3053332
-0.2868587	-0.1534618
-2.5145539	-3.7650511
-0.6372153	-2.7526180
-4.1142541	3.0157715
-1.3450524	0.9478777
-1.6969297	1.8657402
0.7755083	2.4983814
2.8509726	4.7426453
4.1782648	-1.3378767
-0.1263395	1.5196890
2.6419252	0.3436108
-1.2291712	2.0699991
-0.3107580	-1.8607204
-2.7863417	1.6825752
0.5950598	-1.6176977
-3.9221386	-3.8830218
-1.7895650	-2.7617164
-1.3185001	-0.9837238
0.9102091	1.8166478
-2.2915819	-1.9557203
-2.5055396	0.9175672
-0.2341535	-1.3121791
1.2920054	-1.6343157
-2.3326588	-3.1277630
0.7309851	0.7724477
-4.5214049	0.8414894
-4.1098207	3.4669613
-2.0832010	-2.1597538
-2.5831103	1.5796904
2.8106251	1.5357621
0.1587601	-1.8095390
3.7242888	-2.1442515
1.3696096	4.1349035
3.2542711	0.4985039
1.5890202	-3.4809050
-1.5601332	-0.1212438
0.5109783	-1.3896242
0.1899514	1.1981626
0.2298768	-0.5236938
2.9818460	-1.2319103
2.8046858	-0.4531412
-1.9630695	1.3923687
2.8406644	-2.2859573
-2.5298014	-1.9647293
2.8043804	3.9629657
-2.4435861	2.3968371
3.6239250	2.7225945
-0.4773005	2.5222937
3.4220895	-4.5981023
3.5471066	-4.7462998
1.8392357	0.3272887
-1.9818509	3.1795464
2.9423966	1.7808114
-2.9918839	0.9136117
3.4657240	-1.3191068
3.5958700	3.8832795
-3.2004338	0.5459066
-1.8279865	3.4400616
0.9561876	2.7258797
-3.0758893	3.7555573
-0.7312509	-3.3069638
2.8766571	3.7073035
-2.2294811	0.3254267
-3.8780203	0.0441344
-2.1421271	-2.8869314
3.1228466	-3.0362578
3.2290858	3.6119417
3.3615922	3.3190126
1.4187713	4.3275531
3.8058464	-2.0547447
2.9386294	2.5774054
0.1085985	0.7709826
-2.5160904	-2.4768746
-3.1033505	-0.4923234
-2.5954146	1.6475672
-0.5583161	0.0453831
1.8964707	1.4549679
-2.2970865	3.4141463
0.1017318	-0.6166280
-0.6597696	2.2236376
-3.3304621	4.1081178
1.8502033	3.8518294
0.9558693	-3.4841734
0.8543002	3.1217919
-3.6236077	1.7988163
-1.5854525	1.9744138
-2.9447272	3.7246567
-2.0638316	-2.4162200
-0.9188104	-1.8390165
3.5617545	3.9172347
3.4620687	3.3669087
0.6229311	2.9883412
-0.7079960	-2.6290640
2.7880261	-1.2138074
4.2801078	-3.5577572
-2.0743409	-0.3441015
-3.2913486	3.3834977
1.9603071	1.6240029
-3.5592964	3.1129745
1.5422362	0.8039273
-1.5311235	0.8139300
-2.6429357	-2.5405019
-4.4848953	-3.4963326
3.2160503	3.3515261
-3.9817390	2.2611128
-3.6639277	3.0653494
2.8184500	-2.6051838
-1.8364150	-2.5966721
-1.2745967	0.7343066
4.0977624	0.3616437
3.7652766	1.9003495
0.3229466	1.0520049
-3.3235818	-2.0774793
-1.9245425	-3.6362224
-0.6998620	-2.9835245
-2.5724920	0.7583997
-1.6175372	-3.4097286
3.4963623	0.5033257
2.9453447	2.0974314
-1.5160398	-3.3977134
-1.0293938	-2.3884491
-3.8691105	3.0465339
-3.4342307	-3.9687497
-0.6252551	0.5179464
-3.1761869	2.8313976
-0.7173355	4.3939598
2.3574217	-0.6764953
0.0920731	-1.5338709
-3.5361990	1.4687405
-1.4416253	0.0240749
4.4278890	2.8009899
-1.8657012	3.4506467
0.6839635	3.5148196
4.0809739	-0.8848334
-1.9300230	2.0175239
2.7383459	2.6687111
-0.5000526	2.5091683
-3.6436912	0.5403753
0.5272170	2.0595776
2.7914231	1.6792557
-0.8551344	4.0053791
-3.7737271	-0.2144510
-1.8253648	-2.4340605
0.5030337	-1.4564875
-2.0880134	-0.7086849
-2.7671346	3.7616514
0.1649522	0.5183393
0.1329403	-2.6560451
-0.4428474	-2.1480516
3.5424680	-3.1525755
3.6905178	-1.7692268
3.2371164	3.2700515
2.9524557	3.5466069
-0.9517604	-1.0232680
-2.1902001	-2.3945180
3.2898107	-2.5752582
2.1238967	3.5902789
-2.1600203	1.6797244
2.6817924	-4.1939648
3.8128627	-0.5890058
-1.5930081	-2.8270270
-1.9787889	-1.8607110
2.2128442	2.9485168
1.8233164	-0.4696476
-0.8944737	3.3416354
-1.7557940	-2.8780545
-0.7868618	2.0056900
1.0989107	3.7460127
-1.3045648	2.2692975
-3.3503773	-2.2955085
-3.2459244	-3.4168070
2.7409105	0.0683401
-3.1514589	-0.9365945
-0.7570552	-2.4511320
0.2575747	3.6303030
1.4369889	0.3203853
-3.9865363	1.0446509
-0.9215375	1.0063276
3.5300732	1.4721101
-1.3781609	-1.1654359
-2.4703229	2.1562792
1.5685714	1.5892857
1.6537640	-1.4257650
-2.1091836	-3.6420171
1.5858486	-1.8386065
-2.6200445	3.4324929
-0.9287385	-3.9490489
2.1012479	-0.4317486
-0.9955299	1.3384095
1.5384124	-3.4689950
1.1966302	-0.3708748
0.3674448	2.0468886
2.7982176	0.5780551
2.2233021	0.1899792
0.4071294	0.1147580
-3.4613132	-3.1625116
2.1359169	-0.9149122
0.7494678	-3.5894967
3.5697884	2.6739013
-0.2537692	1.9811808
-2.7007769	1.4504830
2.1402298	0.7784764
-3.8280779	4.0643588
-3.5920918	-1.7547411
-3.6714557	0.8016085
-1.9282088	2.1426463
3.7688160	-1.6533507
-0.7549070	-0.2134331
-0.1138664	-0.6340385
2.2720907	1.7885083
-1.5067008	-0.3043936
2.1074968	0.7730653
2.6973051	2.4264503
3.3980362	-3.7498625
3.0940577	-3.5058706
1.2482818	0.4473568
1.8883250	3.3587494
3.1786737	2.8688141
2.8132223	3.3495624
2.9532126	-1.0081962
1.5842348	2.7195074
1.7907005	-2.7568921
0.4418876	-2.4289757
0.6986860	1.6526260
-0.2884679	-0.5201292
-1.2543783	0.3454904
1.0480079	-1.0651585
3.8321163	-3.6715990
0.1322779	-0.6874919
0.3272634	4.0723806
-0.3936936	-3.5918584
-3.1850860	-0.2602423
-2.0656127	1.5767306
-3.2269903	-2.0418519
-1.2437676	0.5225623
2.7615369	1.6461336
1.5774328	3.3676315
-1.7377675	0.8556819
3.6524732	0.6866413
-2.4528951	-3.7575369
-2.4936662	-2.3047410
-2.4701024	2.2915359
3.2077212	-1.0302088
-1.6544893	-0.1355408
-2.7697444	3.3994203
0.1481483	2.5713846
-2.4808985	-0.4060475
-2.7376643	1.0266776
2.5075627	3.3880337
2.2256500	-0.9217059
-0.8311290	-0.0838786
0.4901264	-2.4141678
-0.8899442	-0.9377640
-2.6551013	3.5888576
-0.3985479	1.2697162
-3.8650857	-2.5458432
-2.4240607	2.1056013
-1.3329783	2.4917462
-0.5990073	1.7487966
-2.4163214	-0.2745372
-0.3305317	0.8181908
-2.1516512	1.1601720
1.4077867	-2.1301605
3.5109759	0.3420202
-1.4507135	0.1792222
3.8057564	0.9694792
-2.2964720	0.0553802
1.2907651	0.1286443
-3.3702576	1.1685195
-2.5029239	2.1520587
0.6678285	3.0100708
-1.7489059	1.6448616
-2.6676868	1.6053910
3.9158053	1.1884481
-2.7674685	0.9069223
2.8397405	2.4811372
3.4590130	0.5578430
0.6940873	-1.3491645
-1.9788658	2.2754914
-2.2054801	3.9400952
-2.8746120	1.8034788
2.0539245	-1.0986559
-2.5254845	1.1176239
-3.6212546	-1.6688321
-3.3628905	0.5246165
-3.3507602	-0.4895939
3.5638675	-1.1182926
1.9629762	0.8549928
-2.5606178	2.7994580
2.6304424	2.0559421
1.1835000	0.5892101
-0.4380842	1.0535232
-3.7798004	-1.3585998
-0.4052784	-4.0034588
1.2133449	0.2505591
-2.3128711	-0.9901081
-0.0065493	2.7162208
-2.2345318	-3.2915510
-3.3707225	-2.0616978
1.8334350	-2.4463841
0.6851071	-0.5695116
-2.3411204	2.1167852
2.6198604	-1.2433892
-2.0506581	0.2192040
3.5870175	-1.7491287
3.1330074	-2.8034894
1.3004637	-0.7778720
3.2799166	3.3766479
3.1653214	1.4548598
-2.2801395	0.6059641
-3.2466148	2.6394541
1.7908763	0.2332774
-1.8274921	0.6899957
1.7436400	1.9769680
-3.8300760	1.4118235
-3.6078346	-2.5786566
-2.2391334	0.9122919
1.5200333	3.2588564
-0.7302038	-1.6329836
-3.1732396	3.9214219
2.9876487	3.8489131
-1.7322785	-3.9745485
-3.3970453	1.0475883
0.4165043	1.6166058
3.7789640	-0.0493279
-3.5823792	2.9169970
2.7186766	-0.9016535
3.1332106	-0.1655323
1.9524446	1.5086221
0.4681657	2.5678807
0.8273315	-3.0019413
-1.7833124	1.3504521
2.1731442	-0.0808804
3.9145122	-1.7867937
3.1711494	-1.1351050
1.4084144	-1.0231489
-1.0016050	3.4104527
3.6443565	-1.1916709
0.7097049	0.1854343
1.7833453	-1.3831661
-0.8353648	0.8527763
-3.4256696	-0.5713307
-0.6148205	-2.4876120
-3.2200986	-1.7496213
2.3906066	-2.8450458
-0.6179393	2.6596854
-3.9936646	1.9721432
-1.6503105	-0.6611002
-4.0153786	-3.7823640
-2.8908948	0.3355363
-2.8422646	0.6720696
2.8369534	-2.4191980
-3.2213583	-0.5561989
-0.3120522	0.3843336
3.1836572	-0.9227996
3.7661617	-2.4358574
-0.4921666	3.0517334
-3.7452597	-0.8119066
1.0912045	1.4511611
3.0998167	-1.1427550
0.7330823	3.7727939
1.5598165	-3.6819576
1.9554468	-3.8032222
-3.5077083	3.2257812
-3.5982932	2.2960828
2.7835679	-2.5437043
1.8244086	0.9166993
2.7406002	3.4096560
-1.9780827	-1.0996880
3.2056758	2.8100331
-1.2390880	1.6211539
2.9771826	2.1479430
1.3787802	1.6356499
-2.3937651	-0.0931507
-3.7572093	-1.2615757
0.3905360	2.7084896
4.0036572	1.1846582
1.2048540	3.3745227
0.3712693	-2.9106586
0.9135152	2.6065578
2.8537265	-3.7538232
-2.8733707	-3.3345328
1.9876202	1.5782148
1.0673693	-1.2615125
2.8725128	-3.1905341
-3.0057438	1.6841625
-2.5271001	-0.8084470
0.4149063	3.9136681
3.2632750	-1.1846669
1.5576525	1.6008290
-0.5166942	3.1076721
-0.3420703	-0.7035803
-0.6560106	-0.6762428
-3.5160390	-2.0899307
0.9675969	-0.9066366
2.9502206	-0.7002282
3.0609636	-2.4291660
2.8521177	-1.0750280
2.8057659	1.9738472
-2.6980813	-1.5486791
-0.5300375	-3.6550147
1.6012788	-1.7118192
1.9550522	-1.5804808
-3.8732038	-3.3531171
-2.6785600	-2.9494718
0.0096460	-0.6490481
-3.0956057	2.1025379
-3.4757850	1.8954633
3.8215678	0.1759137
3.8288195	0.0408422
-1.1751145	-3.3744871
-0.2980430	1.7166198
3.7957144	-1.5738846
1.8178905	0.5669733
-0.0363340	-2.9947744
-2.5535831	3.5559995
2.2036305	0.3609165
-1.1317252	-0.8671373
0.8412154	-2.7164224
1.0228437	-3.3251457
-2.1022110	0.4304891
0.1875396	-2.6703073
-2.1392314	-1.3743813
3.8849270	2.6273112
2.7268471	3.7209729
-1.9144341	1.7982635
2.6312264	-3.1394116
3.5589810	-1.4141949
0.8829767	2.4270052
-0.7530697	3.7891597
-3.6552225	-2.9234188
-2.8955599	-3.0925250
0.2418349	1.5728137
3.9790460	-0.9636223
1.8316539	-2.5001008
-0.5889300	0.3338603
0.9865807	1.7233050
-3.7958350	-0.0407601
-3.2614830	-0.0152343
2.4562380	-0.1965481
0.6645870	-1.6630228
-3.0970083	-3.1166719
-0.7428839	-3.5875472
1.0385581	0.6537524
3.7685096	3.6669194
-3.2938097	2.9259484
-1.3522698	-2.6748738
-2.4766168	-1.3537803
1.1193838	2.3994041
3.0026663	3.9146300
-0.5216028	3.4089199
-2.8675607	-2.8800325
1.5891577	-2.4401302
3.7544435	3.1794255
-1.2905584	-1.9452151
2.4565668	2.7864158
0.9153581	-1.5893700
-2.2434691	-3.9003575
1.2622498	-0.1040022
1.1119773	-0.6914037
2.6723509	1.7890788
-0.9664159	-2.1788682
-3.0776933	-1.4783530
-2.4405071	2.1187285
2.2305477	-3.0922863
-1.8085054	3.8038607
3.3326956	-0.1931398
3.0144738	2.3211762
-2.7259891	-0.3885476
-0.2813910	3.8727636
-0.6447229	-3.3082473
3.5635581	-1.3594317
-3.0967959	-3.8806690
-0.3183379	-2.8473892
4.0046814	-1.2850554
3.0304138	0.5228325
-1.3833290	2.4898431
-3.6807703	1.1338772
-2.1915639	1.5901984
1.9225775	-2.1669557
2.1195483	3.8113240
-1.1118604	-1.0363688
-0.4376937	3.3060496
-0.1706674	3.0237121
-3.6527024	0.8389067
-3.4926829	-0.5362149
-3.7627794	1.7671198
-3.0802110	2.0796594
-2.3012838	1.8604917
3.9531543	-1.4037856
-0.6194750	-1.9851929
-2.7463746	2.4049780
-2.7495888	-0.5002604
-2.7123266	3.4442080
1.3497264	-2.0135466
3.7021475	-0.0850724
-0.4005133	-3.7002496
-3.7162073	-0.7800904
0.0103699	-2.2853778
1.6214425	-3.3303296
-1.2092480	-0.8733299
-3.8217542	-0.8185585
2.8136234	-1.8554223
-2.9768794	-0.6973025
-2.5277411	-2.9326711
-3.4528629	2.2502029
3.3188702	-2.2877198
2.3706051	-2.3974396
3.3104156	-3.1516771
3.3741459	3.2863095
-2.8013564	3.5168578
-0.5576552	-0.3775732
3.7345365	0.0635915
0.3743602	-2.1163854
-3.3369051	-3.0447566
-2.0328673	-3.6614547
1.7848646	0.4986713
-1.7259637	-0.8424545
3.6480967	-1.7059900
-2.6164974	1.6295791
-3.7003970	-1.5625161
2.4824035	1.3188283
0.8464341	1.5188308
2.4611586	-2.8885894
1.0302557	1.0708099
1.9763809	3.3815542
2.8027690	2.4859997
-1.1079787	-0.0887634
1.9241815	1.3736892
-1.8315868	3.0876066
-2.8810312	1.2390516
-3.0803033	3.1215079
-2.6106042	0.4319476
-1.1099384	-2.0693942
0.7296452	-2.9326959
1.7470076	2.6614960
-0.5370326	-2.9163660
0.6796962	-3.3168816
2.4061380	-2.4466462
0.6145599	0.1219955
1.3047045	2.5890843
-0.6867159	-3.5266026
-0.8724543	-2.2438469
1.4918868	-3.2421470
-2.8160844	1.7597186
-1.0660334	0.5491015
-0.5105770	-0.5052103
0.3745032	-2.1322085
-0.3499052	0.0349600
3.8917868	-3.4606006
0.9155998	-0.8335693
2.9126482	0.7655569
-3.6028158	0.8333683
-3.7944295	-1.1750462
-2.6878386	1.1660685
-2.2130788	0.5730899
3.2520439	3.7275097
-0.0530801	-1.4498708
-3.2557721	2.3994651
0.4923532	-1.8942943
-0.5187921	-0.9914981
3.7776884	2.8613640
3.4414206	-3.1404414
-3.1550698	-2.7776058
-1.6990548	1.5390266
0.5568433	1.0089932
-0.4885616	-3.3564288
-0.3644791	-1.2731062
-2.4295988	1.1844320
-0.2869655	2.8733507
-0.0151290	2.6520935
-0.0981599	-2.5411659
1.4720527	1.2113898
-3.0985428	1.4588821
-0.4377154	-2.7047588
-2.0639134	2.8181178
3.5475458	-2.0109502
-2.9516293	-2.4889039
1.6339075	-2.4326535
0.7560740	-0.6741588
-0.2974566	0.7206146
-3.3191993	1.8324798
2.2415046	3.7043304
1.1633726	0.1715736
-2.5913335	0.0178166
-3.8082618	-1.5887882
2.8080185	3.7658287
1.9192754	3.1628802
0.7958624	3.4040027
2.2864672	0.5419084
-1.0684246	-2.6754268
3.0744319	0.5818076
-3.2301199	0.1231731
-2.9556941	-3.6237067
1.5791999	-1.0419194
-1.6027778	-3.8435370
-1.0731258	-0.1369592
1.1307286	-3.3185677
2.7517173	-3.4285397
0.1005226	3.6225266
-3.0149533	0.8901630
-3.5137014	-1.4395571
-1.4713714	0.8475894
-1.3908757	3.2204044
3.5058153	-0.3966174
-1.5179525	-0.5695726
2.1842496	-1.1389028
-2.3222588	3.3917669
3.2100172	-2.9606195
-0.9384053	-1.1367329
-1.6402136	-3.3763015
-1.0834033	-0.8121742
2.4632315	3.9617123
3.2327069	2.0111164
0.2991498	-1.4962359
-1.7359507	-3.8078318
0.1252082	0.4054809
0.8618844	3.8937281
0.0881593	1.3429044
1.0210364	-2.3736257
0.7705788	-0.9457836
-0.8201483	2.6989202
1.2855924	2.0774650
-0.2957820	3.3228222
-2.4538670	-0.2671023
-1.4199013	3.3617629
2.9108630	3.5124596
1.4896132	3.4140973
-1.0348245	3.0710202
-2.8112439	-0.1733909
-3.7123478	2.8533138
3.4890315	0.5148999
0.5234119	1.4107114
0.3374245	-0.1077454
-1.9842725	-2.3189888
-1.5485714	1.5618133
1.6128437	-2.0849831
-1.7845458	2.7705848
2.7491963	-1.1376112
-3.9081501	-1.9508808
2.0420243	1.4890505
-2.6982805	3.6982090
-0.9637147	2.8482646
3.0816441	0.2273393
0.1750514	-3.1576927
-1.6228435	1.2217697
-3.3641563	2.9310036
0.4979125	-0.1778168
0.9223054	-1.9359839
3.9940840	3.9417709
-1.8986427	-1.7272373
0.3660833	2.7154621
3.3135079	0.7482114
0.0680272	-0.5409436
-0.8960313	0.4749356
2.2758378	2.7556370
-3.1740464	2.0204211
3.6062270	0.3969168
1.8948695	-1.3227907
-1.2946279	1.1198274
-3.6816593	0.2549997
-2.6345615	2.9757881
-3.8385739	-2.6468054
0.6588764	3.5163739
-1.8057929	3.0859085
-0.7011589	1.2969214
0.5383498	2.1395869
0.1977748	-1.6614158
-1.9288177	-3.2271135
2.2488012	-2.5998570
2.4352066	2.1757770
0.5711376	0.1474526
-3.0859023	-2.8577184
2.8554754	3.5795194
1.3730429	3.7116625
1.9004320	0.1704124
-2.2165884	1.1130477
-0.1198208	1.8711669
-1.4494159	3.6887509
2.3169178	1.4794782
2.1774360	3.9036954
-3.3631959	1.0870082
-3.0336647	1.3634115
-1.7632991	0.9933671
-2.0027144	2.8712845
1.3073376	-0.3931988
2.9466113	1.0757246
-1.8931788	-1.8360432
-3.3042021	-0.4811404
1.1593470	-2.8527072
-3.9380392	-2.3429379
-1.6943341	0.2283989
0.2410680	-2.8176023
0.6524171	1.2278036
2.0164825	0.7335629
-1.2749163	1.2490547
3.8334857	1.2487570
3.7213681	-3.0048514
2.4988412	3.0783212
-2.5459530	-3.3117257
-1.0562121	1.1567499
-0.5951792	-2.7609146
-0.9539570	1.9050820
-2.4862055	3.9823855
-1.3028889	1.3962752
1.1977805	2.9717232
-0.8496408	0.3512311
2.5335719	3.8332903
0.2418955	-0.9223299
3.7007403	2.9505766
0.4723334	-0.3843903
-0.6797163	-0.8871594
-3.1768170	1.4552010
1.9310502	0.5858175
3.1966915	-0.6346519
-3.0890122	-0.5022569
-0.6575757	3.3958377
2.1468896	-0.0288175
-1.6257195	1.3808828
0.5725463	2.3393058
0.7097097	1.8726778
1.1234550	-3.6713398
1.2094021	1.6575519
-0.6880709	0.4118378
-0.6598346	1.8571825
-3.6845173	3.6615016
-1.2241549	-2.8774793
0.8529223	1.7958198
-0.0593363	-3.0184282
-1.7450422	-1.0505516
0.7599756	-1.3027533
-1.7303337	1.6084736
-0.3927568	1.7338291
-0.3848102	1.7460770
-0.1151668	2.2498524
1.5296750	0.3214171
-2.6037387	-0.4500105
1.4453607	-0.0522699
-1.4681302	-2.3563735
-3.2659090	1.0501867
3.4547087	0.6501798
1.0904838	2.9046209
1.2613462	3.5149093
-1.6948173	3.8077347
0.1289555	3.1469357
2.1867568	-3.2907655
2.0521693	-1.7283074
2.3011568	-2.7488174
1.1776934	-3.3049654
-0.4526687	-1.4618574
-1.7457739	0.9350705
1.5470776	2.7911320
1.3216408	0.9713512
-2.6601961	-1.7500782
2.9003300	-0.8428622
-0.8518678	1.7158164
-1.4886357	-1.4966484
2.8989577	-3.5269466
3.2498685	-0.6653966
1.9957253	-1.6465155
-1.7340595	-3.3889640
-2.9132956	-0.4291614
0.7829541	-2.7809945
0.1312522	-0.2771896
-1.0645665	-3.9260270
-2.3903991	-2.3974136
2.3596966	-1.0453459
-2.2585874	-2.1363668
-0.5160621	1.9950953
-3.3811385	-1.4834657
1.3827229	0.0828985
-1.6642172	-1.4556318
1.6556722	-0.5243866
3.1130183	2.5188810
-2.3618964	3.1393469
2.0291943	-2.4641474
3.0882230	-3.5929676
-2.2486633	-3.7069021
-0.1518919	0.3459572
-2.5376879	1.8249603
-2.7007012	3.9046586
0.5401799	2.1449243
-3.5005747	-2.5343468
0.1005938	0.8926951
-2.2186970	-1.2983107
-1.2074898	-2.2557718
2.1973851	-3.9307595
0.8085836	3.3415712
-0.8963360	2.5867904
1.8028758	0.1080417
1.3140767	-3.2893868
-3.1627408	-0.7492071
3.7443133	-3.9649376
2.4700668	1.9903841
-1.5266690	-1.4472003
3.7970170	-0.2883087
1.6916352	-1.6570655
-0.2418511	-0.7741389
2.9460659	3.0726301
3.3625411	2.8255886
2.3735866	-3.0934929
3.3744842	-3.0321051
0.4885987	1.6706366
3.1162959	-2.4920345
1.6591874	-0.1662660
-3.5076927	-2.3993243
2.3737757	-3.2224322
-3.0330335	3.3837389
2.5585849	-2.2639493
-2.4754669	1.1402680
-2.4835692	3.5133875
3.9935293	2.7935170
-2.7884776	-1.3419865
-0.8036408	0.5730525
0.0677657	-3.3553178
0.0433463	3.9769528
-1.4944861	2.0101579
-0.7209423	-1.7367055
-3.4838035	-0.9396753
1.5993375	0.9814811
1.7907014	-2.9039694
3.3533703	2.5171150
-3.9186673	-3.6008372
-2.4696496	0.7700605
2.7511580	1.2050937
-1.2024926	2.0298299
3.1714478	-3.1518946
-2.8255450	-0.1622636
-2.5507741	3.9750971
3.9299952	-0.6528324
-2.3078937	-3.5321277
-1.3245115	-1.5216623
-2.9824609	-3.2536892
-1.4348044	3.3865557
-2.4787031	-1.9969545
-1.1906081	1.5768227
-3.2421438	-3.1396255
-1.3008199	-2.9422542
-0.0734344	-0.4669709
0.2335907	2.6050696
-3.6360191	0.8415564
2.3483702	-0.3241056
-2.3054128	-3.7634895
1.8912321	2.0222596
-3.5065191	-1.9262618
0.0192763	-3.9011455
1.5227695	-2.6351123
-2.2604837	2.8450630
-3.3302442	-1.7423468
2.0215078	-3.8690095
-3.5938086	1.9958258
-0.1405844	-0.1117884
-0.5097858	-3.9684235
-3.2785874	-3.8018373
-3.3985957	1.6890828
2.1227308	1.1008453
0.5898684	0.6237268
-2.0430573	3.1217183
-0.3173980	2.4094611
0.4055730	-3.4375592
3.7761835	-1.8401242
-3.0889341	-3.0332627
-0.7903855	-1.1062610
-3.3681916	2.0835191
2.9201297	-3.5721754
0.0054443	-0.6951015
-1.2089004	-1.7767034
-1.5752783	0.0846878
1.5505012	-1.3679085
-0.3588746	2.1796923
1.5636807	-1.4825354
-0.5851810	-2.3350721
-3.1266894	1.8083769
-0.2320123	-0.8254867
1.6941240	2.2262601
-1.8786033	-0.7022852
3.4092662	-2.1093900
1.2545839	-1.3014290
2.3072946	1.0258873
2.1349556	2.0051449
3.5908196	-1.4939641
2.1672084	-1.7046466
0.4087560	-3.8937608
0.7613852	-1.8480510
-2.5148484	-3.3946676
0.4801191	-3.6271308
-2.0839350	-2.5815813
-1.8562313	-1.4393651
2.0449268	0.2142283
1.8261284	-0.8828089
-0.5724709	-2.2063458
0.8991266	2.4030979
2.7867606	-3.5546374
-2.1461720	-3.2920465
0.7966353	-1.3062570
-2.7785047	3.5077542
3.4036512	-1.9693827
3.9181645	3.6793348
-3.2544879	2.0543276
-2.3990894	-3.8196560
2.9043118	-2.8451990
2.1642506	-2.0226243
0.9136454	-2.0636100
-1.3568455	-3.0479407
-3.6453881	0.6505589
-1.4287565	0.9248153
0.8153848	1.4279512
1.2157368	1.1730933
3.7395359	-3.9013355
-0.7439080	-1.4189143
3.0266174	0.8704824
3.2380750	-1.4064548
1.9771779	2.8595676
-2.4316081	-3.1925310
0.4983771	2.8832448
-1.1154315	0.0361085
0.7281468	2.7937682
-2.3974589	1.3967039
2.2471145	0.5277564
-0.0779251	3.9074813
-2.5096642	-2.0914101
-1.6434097	-1.0714435
2.6853152	-2.2270624
0.4758080	1.1141211
-2.3730663	-3.9464413
-2.3853343	-1.7408306
-3.8087893	0.5968875
-1.7302626	-2.9928950
1.4798923	3.9013084
1.8858394	-0.4427402
0.3639454	-2.2003459
2.5544193	-3.8934760
2.9941788	0.2329938
0.1823685	-1.7826452
-3.2819787	1.0323808
3.3360428	-2.4649695
-1.2328086	-0.8583039
2.7785673	-2.0157335
0.9562286	0.0730754
-3.1210475	-2.0627993
2.5556627	-3.0689001
-3.4943487	3.4872069
-1.9635905	1.0231678
1.4919901	-0.5953896
1.7332665	-1.0923259
0.7955828	-1.1185800
-1.2429186	0.2132493
0.8844448	0.6916543
-0.7479439	-3.0530969
-2.4746405	3.3830787
0.5571582	2.2092633
-1.6575662	0.4575272
-3.5690648	1.2414916
-1.5762476	0.2495904
2.4047821	-0.9550111
1.4511980	0.5309905
-0.0367097	2.7150074
0.3389746	-1.6365760
-0.4771454	-0.6972954
3.6182887	-3.9218758
3.2462013	2.8473435
1.4901721	-0.5536996
3.2221223	2.3902147
-1.2242398	-3.9352192
2.4548490	1.9787938
3.8356534	-3.3489349
-2.0280538	3.4475433
0.5727102	-0.1094240
0.2766973	0.9887728
0.5178836	-3.4202880
2.4780607	2.8497610
-2.2435440	1.3623860
1.7755935	0.0094309
-3.7133438	-2.6822773
-2.7282811	0.0598271
-3.1103985	-3.6114305
3.3641536	-3.5984442
3.3632484	2.7946739
1.8166241	0.6868084
-0.4979739	1.9032490
-3.1078515	1.1605186
-2.6082202	-1.3813339
-1.2944453	-2.3065454
2.8451421	-0.4985229
-3.6654249	1.6035282
-1.6176707	-3.1616798
-3.3773946	-3.7387185
-0.9568956	0.5109839
0.9083920	-1.8840513
-2.6072888	-2.5045019
3.3372381	1.9506149
-3.4838312	1.4508590
1.7986981	-0.4651351
-3.4423487	2.2945304
1.8089741	1.7310312
-3.2341532	-2.6384438
3.0307551	-0.1105930
1.9025659	0.5789165
-0.8570884	1.3978489
3.6939213	-1.9637469
2.8981580	1.0845063
1.2952126	0.1394608
1.4922856	2.1393088
3.1470011	0.0382699
2.7409698	-3.5725144
3.4698497	3.9138419
2.7302097	-1.0858915
0.7075514	0.9071121
-1.2719396	-1.9400766
-0.5767531	-2.3381589
1.0070130	3.8217713
2.1236848	0.1625353
2.2942666	-3.1110498
-1.6255976	-1.6418118
-2.8809419	3.4460247
3.4005900	-2.6279360
-1.6252136	-0.9050409
-0.0210420	-0.5089042
-0.6823392	-2.1448687
1.2757237	2.1766436
-0.4340251	1.9275349
2.8240943	1.9744793
-2.0500564	-0.7089090
-1.0208965	2.4561263
-0.6532005	1.0237695
-3.5794946	0.4692612
-0.4113834	-1.9899779
-3.2968718	-3.2640826
-1.1386679	-0.9227698
2.5492728	0.5398472
-2.2814108	-3.8854205
1.8709298	3.0972103
-0.5452922	3.2762387
2.5073536	-0.0249451
-2.3471149	3.7061906
1.2531514	0.9672866
1.9316799	1.1861561
-1.0952133	-1.9513830
0.8893374	-1.4748446
-0.9084874	3.1396517
1.1452066	-2.5508980
-0.9355896	-0.9974338
-2.0254183	2.9623235
-3.2379009	-1.5801833
-0.0924765	-0.3743965
-3.6006664	1.2407032
0.6561342	-2.2635613
-3.9506670	-2.6302669
-1.7146252	3.7000851
-1.5024489	0.8799048
2.4825106	0.4031952
-0.2854920	1.2704106
-3.6762721	-0.3276526
2.9086857	-1.3548313
3.7576091	-0.8371730
1.6849163	-3.5489779
2.7858668	1.8057919
-2.2255471	1.9188594
1.0785112	-0.5657581
3.6222633	1.4275081
-1.7136810	3.0712222
2.5280858	-1.2407240
1.2706402	3.9135979
0.4925205	1.6639173
0.2807160	0.6277008
-0.9835029	3.2356336
-2.7556191	0.3480573
-0.2357861	-2.3075298
-2.3998326	-2.5110467
-2.4236026	-1.4376934
2.3929696	3.3973242
-3.8349896	2.9069232
1.2095932	2.7792984
-3.3514500	0.1695194
1.0307159	-3.4491190
1.0299803	2.8570018
2.2849499	2.3380599
2.6629660	3.5405084
2.2710189	0.9737888
-3.8126618	-1.2706501
3.1770641	3.3832643
1.3661921	1.3321936
1.9494786	-2.7082241
3.7508553	0.7113104
-3.6157535	1.9305294
1.2406609	-2.0231713
-3.2066000	2.0703482
3.3269676	-1.9202698
3.0349903	-0.1465315
1.7006864	-2.4271046
1.8420085	3.8343018
0.1834726	3.0434152
-3.8242524	-0.2366737
-3.5651202	2.7514287
0.4745127	-3.3911668
3.2780636	2.0104397
-2.6877591	-3.7525068
-3.4039010	-0.5100474
-3.0829647	1.1187089
0.1323428	2.6559205
0.4371707	-1.9329285
1.7474415	1.9963638
-2.4580245	3.8033798
-1.5365356	1.5785547
-0.2745202	3.4658284
-1.1008994	-0.3848866
-1.2919497	0.4578724
3.3576976	-0.1347848
0.2556423	1.0382566
3.7833989	2.4541740
3.5666861	2.3878144
-0.0555458	0.2748572
-0.3604096	-1.9343548
-1.9112192	-3.6776982
3.5877126	-3.6843103
-3.1967429	0.2651052
-2.5647904	-1.4060220
0.7478901	-1.8618781
-3.4870196	0.5204323
-1.3149927	2.9644083
1.3651592	0.3569250
3.6576306	1.3186561
-1.8314792	-2.0681339
0.3837028	-2.7114784
0.4973938	-1.6213963
-1.9297380	-3.5694643
-3.3897021	-2.0038197
-1.3516765	3.8308280
1.5470455	-1.7294627
3.4574372	0.7968958
1.8216066	-0.7974542
-1.5933628	2.8589909
2.3054382	-2.4144882
-1.9650063	-3.3062541
1.8717357	-1.2441810
3.2095113	1.6884522
-2.8892800	0.7795255
1.5346341	-0.7114614
-1.2118840	1.9916168
-1.9759437	-3.5459291
2.6861973	0.1444167
-3.4615192	0.5732010
1.0517040	-2.1313804
1.6569665	3.6124872
-1.5512152	-0.2709934
-3.6892425	1.3834725
-3.8920299	-1.0084824
-3.5657073	-0.9157771
-2.6381204	3.4117001
-2.4731889	-1.9057209
-3.7795509	1.2257565
-2.6177240	0.1533102
3.9630032	1.9332068
3.7450356	-3.6485918
-1.5700766	-3.3067242
1.7618474	-3.9987671
-0.3750318	3.5323055
-3.6863699	-2.3054474
3.5676978	3.1016247
-2.1643923	-2.8542061
-3.8729455	-3.1238612
-1.6699869	1.7742119
-2.7817403	3.9948133
3.3829053	-3.9441765
1.4171226	3.2956192
2.8491110	0.0721224
-0.0753647	0.6503090
1.2787314	-1.0782687
-3.6188379	0.9646712
3.9811061	-1.0480535
-3.3459729	-3.6170516
-1.3629921	-0.7363679
3.8012978	-0.7273261
-2.2002226	2.0011813
0.8299329	-1.2395794
2.4710620	-0.3457120
0.6034955	3.9806502
3.3934832	0.0249997
1.3674164	1.0386959
-0.0665340	-1.6889922
0.3003295	-2.3015589
3.3190773	-3.6548317
-3.4385387	2.4110940
-3.8446599	3.9654672
-1.8954652	1.7178585
3.0201875	3.3390935
-0.3068460	-3.7983664
0.2997341	-3.6796694
3.8827296	-0.8697510
0.1145204	-1.5278069
-2.1361045	2.9510662
0.0869799	-3.5893914
2.9185414	-2.5970584
0.0929038	1.5319457
-3.0277430	-1.2215214
-0.2544296	-2.5516224
3.4118978	2.3840225
-3.6292104	1.5342356
3.1435589	3.9480944
-1.3446898	-0.0374088
1.6341171	-0.6413967
-2.0858864	3.0849046
-2.9200627	-3.2398717
-3.2309494	0.3786458
1.3782376	-0.0563560
-3.6051337	2.0042513
-1.7429172	3.8438901
-3.3942737	-0.4363053
-2.4688087	2.8070898
-3.7851642	-3.4748050
-1.8980029	-3.8365041
0.5313621	0.8956402
-3.8033561	-1.9293104
-3.3631237	-1.9419047
0.3871214	-2.7867612
1.0790191	-2.3261845
-2.0910594	-1.0903549
-2.9992498	0.7337417
-3.2561855	3.3789520
-3.5230955	1.2388473
0.4603153	1.8289063
0.8523815	2.9600113
1.0273106	-0.0856029
-0.8220059	-1.2426662
-1.9811917	3.2574076
-0.8984339	2.6215841
0.5502166	-3.8092004
-3.7288954	1.9244052
-1.7359123	3.0625867
-3.1520760	3.1833135
-0.8980599	-1.4800943
2.2527157	-2.4874463
1.2461157	-2.7194535
-3.4181862	-1.2782935
-0.6720101	-3.5314869
2.8275419	-0.1873913
2.0078564	0.1380940
-3.3128592	1.9182247
3.2134282	-0.2251612
2.0148406	-2.1682757
2.2400790	-1.9844660
2.2082652	-3.4719317
2.9501009	2.2159847
-1.5756487	0.5971152
-0.9265556	-0.3941241
0.4831376	3.7385841
1.3492763	-1.5896315
3.6344890	2.0315032
0.2741681	2.6295901
-1.5685236	0.7657981
-2.5846002	3.3254133
-1.4165889	2.0656977
-3.5348041	0.6843158
-3.2137545	1.6869453
-0.0440376	0.0081904
3.3756680	0.3788678
1.2505356	-3.7030027
-1.5616959	0.4420497
1.8394234	1.8545311
3.8851216	-2.8100756
-2.6865221	2.1852716
3.3430616	3.1123218
-0.2206216	-0.9945590
-1.3671253	2.7148735
1.1554912	-3.1403839
3.5653836	-0.1542659
1.3880727	-3.3718141
-1.0707780	1.8349991
-2.0552304	-2.4918986
3.9726739	0.2591467
3.1826326	0.9512629
3.8493403	-2.8388632
1.3379115	0.0512241
1.5763980	-0.9729509
1.9036442	2.7273966
-3.3665139	-2.2358680
-2.1896933	3.4608266
1.0572840	-3.5814102
-0.8756554	3.8282060
-2.4289624	2.0019077
2.8765397	-0.6612022
-0.6945172	3.7294554
-3.7608426	2.4780749
-1.6943328	0.4313635
2.1033183	1.5926144
-3.4558265	-2.9406484
-1.3544042	1.5161025
-0.7368408	0.1594223
0.8404990	2.4083413
-1.4784985	-2.7118377
3.2658379	0.1125784
3.0280758	0.3724066
1.4645527	-0.2369887
0.8799736	0.6239007
-3.8694000	-1.5877154
2.7058085	-1.5397834
-0.7507945	-0.7150126
0.8610871	-2.6899224
-1.9269800	3.0027894
3.7164605	-2.3005365
-0.9354881	-1.3455268
-0.2666828	3.3180266
1.0264170	-2.1959045
-2.0246657	3.0654689
-2.5898282	-0.2707645
2.7338312	1.7041943
0.7828438	1.5933667
-2.2746100	3.7130432
1.9382160	-0.8783174
-3.6005860	-3.6601076
-0.6153873	2.7724384
-2.5932306	1.6112621
0.7913617	1.3930710
-3.9228590	1.9772366
-1.1420440	0.9841231
-0.0781338	-0.2991297
0.2964963	0.5981566
3.8938967	-2.2653304
-3.4939478	-0.3686585
-0.3821919	3.3145771
3.3629122	1.2549700
-0.8203691	1.9017712
-0.0212244	2.8296605
2.0509579	-0.4146367
2.4083463	-0.8419162
2.1114370	1.9264896
-0.9996926	-0.6407825
-1.9523609	-1.9040938
-0.5336701	-2.8222519
0.5552504	-0.2721738
3.9639911	-1.9886617
0.4422175	-0.0207350
0.5631499	-1.9991147
0.6102646	-2.9992012
1.5722710	-1.6064862
-0.2025375	2.8737769
-0.2828214	2.4297539
1.9306012	3.1567529
2.8697756	0.9517514
0.9022536	-0.0081855
1.3167538	-2.1377647
-0.5008177	-0.4454902
-3.9200443	1.3506802
0.8093830	-0.3283493
0.5771872	-1.4637405
2.0421767	-1.8171730
-2.1471243	-3.2347565
-2.6683910	2.3268418
-2.3499680	-1.6315251
-3.0939846	-1.3087290
0.5532523	-0.4274839
-3.4444114	1.1580137
0.2366917	-1.5846550
-3.0871757	0.7328061
-1.7594522	2.0780239
3.7738641	-3.1850470
1.8199031	1.7920816
2.9287139	-2.6709167
-0.0948986	1.0993015
-3.5365970	-2.4987514
0.0984894	-1.7476501
3.0538436	1.8001346
-1.1208096	-0.4627987
-1.9812006	-1.2961133
-1.4491728	2.1100926
0.4657724	-2.7024550
-3.0549074	-2.9677267
-3.2977686	-3.0364782
-3.4148223	-0.8129703
-2.1102507	-1.3923962
-2.4082418	0.2680627
2.3322462	3.3452675
-1.9354734	-0.7657103
2.4077570	1.9992142
-1.6256561	-0.2707185
0.9421845	-1.1513614
1.0515650	3.7559841
0.4329099	-1.0704205
-2.5763022	3.8637703
0.8271311	0.5058384
-1.1233745	1.8430747
-3.0006902	-1.6597394
0.4062421	-0.9529516
2.1142264	3.9522527
-0.4879240	-3.2689805
1.4017378	3.8992331
-2.6844360	-0.9306178
-1.3758940	2.8956761
1.2562452	3.7694694
-0.1444301	-2.4489992
1.3851699	-3.1521633
-0.6129989	0.4038470
-0.3402975	-2.3732691
0.3601493	-2.3576848
-1.2019729	-0.0240176
2.8847260	1.5737924
-0.4402275	1.3967468
3.8291713	-3.3082960
-0.1339107	-2.1683603
3.3281065	-2.1138712
2.7023470	2.1216712
0.1103376	2.4909646
-3.8835755	-3.3659028
0.7791296	-2.5792720
0.3578543	-2.0404111
-1.0184201	2.0515842
2.1802490	2.6139452
-2.0140825	-2.0697184
0.1423721	-1.7608787
2.5963493	-0.8964392
1.3727260	-3.4715920
-2.1736489	-1.2252150
2.3611229	-2.1719318
1.9575460	3.6544073
-0.9870195	3.5048610
-0.2545210	-3.9202070
-3.0825723	-2.9778388
-3.9844320	-3.2668902
-3.4426872	1.5604319
-2.4513202	1.2490054
-0.6175892	-3.5530910
-1.5484939	3.6096854
-1.2320744	-2.4130166
0.9070898	-3.4546264
-0.1513829	-1.5107482
2.4654614	3.2441760
2.6573089	-1.4055758
3.4848404	-1.8057212
1.9973626	0.8973185
-1.3940223	-0.5787260
0.8432581	2.3220284
-3.1110320	0.5890227
-1.3201838	2.2701605
2.0032464	-3.5053716
-0.1944719	-0.7431341
0.9515609	2.9487992
-0.3344459	-0.3500264
-0.2772253	-3.2557017
3.1776634	-2.0866828
3.4746275	3.5368221
-0.0692489	-0.6085116
-0.6638396	-0.9139009
-3.5147049	3.0371285
3.8127403	-2.0189153
-2.9421428	1.5849668
3.8308977	-3.7091120
0.2361061	2.2088716
-0.8709199	2.7644974
-0.7508731	-2.8507114
-0.9598112	-0.3478342
-2.8623243	-3.7509371
-0.4518004	0.7740873
-1.6189574	-1.8790589
2.7688487	1.1660447
2.4153172	1.6020473
0.4105971	0.5157232
1.1402317	3.1540758
-1.8757269	2.8659288
-1.2925201	1.4272165
2.7616168	-0.4020807
-2.4655075	0.5713529
3.5579066	-0.0882308
1.6618484	-2.5808372
-2.8265800	0.6021890
3.0180774	-2.4453026
0.9552398	-3.7625165
3.1880032	-2.0319417
-0.9797149	2.3686589
-3.3309547	-2.2310713
2.6812279	3.0496126
-1.7022249	3.2147246
3.1701176	-0.4212920
1.5712800	1.4058368
1.2289657	3.4681047
-3.8885980	-3.3754369
-0.4176605	-3.9374845
3.2258046	-1.3374072
-3.3291170	-1.1058472
-1.3309336	0.6540649
-3.9425610	-1.0089242
-0.2119138	0.8864023
-1.9071543	-0.2838339
-3.4300066	2.3931780
-0.9286623	-0.3495253
2.6743579	-2.7091971
-0.7580574	0.9161150
-1.9567295	-3.6161314
-0.1900627	-1.7243804
1.1649896	1.7530663
-2.6057587	0.3380020
3.4717866	-0.3304179
-0.7153258	1.1352548
2.1065188	-2.7652356
-1.6534068	-2.8287136
-1.3845769	-1.9573253
3.3897361	-0.1585041
1.9756290	0.6807526
1.8653283	2.1807740
-0.4665886	-2.5380999
-0.6794647	3.0222443
-3.6137974	-1.0491326
-0.4505721	2.9935618
0.5682234	-2.7949233
-1.2727336	3.2468830
1.4824147	-3.6743031
-2.0420457	1.1716440
-3.1461084	-3.7115334
0.9561871	1.4295435
-3.2414519	-2.2557716
3.0505735	-0.2320161
1.8363402	2.2981956
3.1609314	-3.4931585
-0.5962233	1.8139708
-1.7338080	-0.6708702
2.8259980	-3.1192192
3.6583431	-1.6996576
-0.2913001	1.7431541
-0.2985297	-2.4074451
1.1192426	0.2320563
3.1835777	-1.8217896
-3.4139526	3.5251568
-3.7084629	-1.0444395
-1.0870308	2.4801852
0.2668553	1.5534022
-1.0648947	-3.2392303
-1.2557636	0.8232557
-1.3464114	-2.5565306
1.9892171	2.2621503
0.4850799	3.9183330
-2.5454779	-1.3801522
-0.7224282	-1.3231867
2.0937962	-2.7486125
0.4363245	-2.3866857
-1.3084401	-1.0656005
1.3189038	2.3962014
-3.6023739	-0.0915591
-1.0009798	-3.1426339
-0.3052941	-3.9834648
2.9109866	2.9095258
-2.0118401	3.7765564
-0.3279976	0.0787707
3.3357318	2.2599753
1.4795354	1.1585163
-2.4272067	-3.2742133
0.0755162	0.6307856
0.8725502	0.1413362
-3.5641760	3.3683835
-0.1399099	3.8640211
3.7529589	2.1602997
1.6931059	-1.0452232
-0.7883572	0.1264854
0.3297219	-0.8337418
-2.1068937	3.7040179
2.5364908	-3.6560403
2.7040805	0.5059778
0.0307593	-1.3021129
3.2767020	-0.8774528
-3.1646634	-0.2197891
-0.5703173	-2.4740982
-2.4718653	3.6980387
3.0987046	2.8408880
2.7822685	-3.8615067
3.4653445	-3.1362611
-0.6740964	0.7442778
-3.0609803	2.3485686
1.1267745	2.5457460
3.4341904	-2.5071415
-2.1065642	2.4791095
-2.7598809	3.7663091
-0.6616389	0.0523147
-0.4109209	0.3245510
3.6690376	3.1406743
0.4595805	-1.4763888
3.3362979	-2.4207693
2.9990100	3.2959043
1.4919165	0.7755605
1.9725903	-3.2028476
2.9351264	0.5745160
0.4536031	-3.7921891
-1.4486779	-0.5728585
-1.8423160	-0.3804443
-3.6525313	-0.9335866
-3.7041430	-2.7082262
3.0895987	-3.7425565
0.8362579	-0.4793867
3.3729526	-3.0446102
-3.1679734	-2.3941917
0.0865185	2.7408849
0.6228470	2.5625764
-0.3158644	3.3628499
-1.2051566	3.5062913
-3.6179868	2.6152155
0.1753044	1.2263949
-2.6646691	-3.9920188
-1.6723983	3.4737741
0.6386437	2.8794845
1.6775297	-3.4567669
3.5805984	-0.5250261
-3.6232737	2.9610761
-0.4555708	-2.1863277
0.4647160	0.7993150
-2.8217723	-2.9665260
-0.9279430	2.8625180
-2.7361650	-3.3066163
2.6433680	1.6372355
-0.3211859	-2.8433662
0.6884946	2.1945930
0.9415924	-0.5179903
-2.1484767	3.4860503
0.1888739	-0.1837268
-3.6396078	1.9707663
-2.0477571	0.7279223
-0.9508661	-1.3939951
-0.3568963	-3.6569248
0.8137444	-0.8817434
-3.2026074	2.6546049
-2.7135427	-3.1893269
-0.3061212	-2.0166004
-1.8723896	1.6732509
2.6225372	1.1520625
-3.3505975	1.1525979
-3.6111833	-2.5650208
3.7723250	-0.4081902
0.1147285	0.0656822
3.0597173	-3.6956424
3.2496921	2.3397191
-2.7776420	-2.1290423
3.0151899	-1.7110683
-2.6193439	3.5140076
-3.9821563	1.8267143
2.0380042	-2.8034066
-2.4017818	1.2283857
3.8348011	0.2894920
-1.2415490	-0.4466357
1.0185598	-0.3643958
1.1853858	3.4720344
2.7672187	2.8295176
3.3855468	3.0420429
0.2975046	-1.9083363
