jMRUI Data Textfile

Filename: dataset17_nWS.txt

PointsInDataset: 2048      
DatasetsInFile: 1         
SamplingInterval: 2.5E-1    
ZeroOrderPhase: 0E0       
BeginTime: 0E0       
TransmitterFrequency: 1.2322E8  
MagneticField: 2.9E0     
TypeOfNucleus: 0E0       
NameOfPatient: dataset17_nWS
DateOfExperiment: 
Spectrometer: 
AdditionalInfo: dataset17_nWS
SignalNames: dataset17_nWS.txt;


Signal and FFT
sig(real)	sig(imag)	fft(real)	fft(imag)
Signal 1 out of 1 in file
49936.3160000	5.7928163
49705.8180000	-5.2542226
49506.9460000	11.1929070
49176.9170000	44.5546300
48990.2740000	-54.6533200
48733.3300000	10.7755090
48556.4840000	-23.2421860
48318.6310000	54.6340840
48104.6570000	25.4252250
47884.8840000	-60.3563500
47616.7860000	-7.3175684
47418.0240000	5.8157056
47242.0580000	-24.0446240
47001.2390000	-39.1869900
46754.3600000	23.4461860
46581.9050000	32.6327910
46330.9200000	-24.3630220
46137.5450000	-4.1838914
45808.2680000	-31.1061580
45679.2580000	22.3686340
45501.3330000	-59.0372870
45280.1890000	57.0985720
45076.1550000	22.7050440
44814.4120000	-11.2665120
44558.0440000	29.5089100
44437.0200000	30.7975000
44232.2780000	-16.0653580
43989.7030000	2.9866948
43724.9550000	-20.6398440
43558.7720000	48.9043650
43311.2750000	-49.8796560
43135.5980000	29.8923600
42894.7990000	33.4073140
42730.0290000	-52.0560560
42590.0210000	16.0503310
42290.2860000	59.2099500
42167.6800000	34.1816060
41929.6540000	-31.3577360
41709.8100000	22.0722970
41608.3380000	0.5001276
41356.6470000	60.8195600
41098.9360000	31.1256450
40933.2190000	58.2207610
40817.0780000	-57.0031920
40634.6380000	-58.0048930
40443.4570000	-23.5972320
40232.0020000	-40.8868070
39970.3320000	13.7572960
39759.5860000	-14.2378510
39682.7330000	28.9022290
39496.2370000	14.3643350
39265.0300000	-43.5333490
39034.1870000	-27.5419620
38942.6400000	-53.3692940
38680.4110000	6.3915017
38572.2490000	-30.4851600
38356.6600000	-11.3248020
38192.3650000	-17.9243210
37975.5970000	11.2339610
37779.4100000	-64.0970980
37603.0070000	-1.1878753
37494.8720000	1.7069360
37284.9480000	-63.5182320
37084.6230000	-9.5042549
36876.8510000	1.1416079
36723.1290000	45.7497420
36527.7990000	-36.0930260
36447.4570000	-47.6235070
36304.1140000	40.3536460
36064.0390000	-35.9618120
35846.2460000	-17.3404690
35728.5140000	-48.9824670
35552.8550000	45.5087030
35400.4920000	-28.3370130
35177.1830000	-59.5914140
35009.4400000	-42.9759080
34951.1640000	-19.3609690
34732.5260000	-52.8321260
34516.0670000	-35.6415540
34452.4070000	10.3904860
34204.9190000	-47.6412400
34079.7750000	50.7066370
33917.2410000	-55.2433700
33732.3650000	37.9736960
33599.2060000	-36.2343250
33504.3890000	12.9188760
33293.0130000	41.7821040
33199.8380000	14.6811540
33016.3490000	43.3791830
32872.9410000	40.6860460
32689.1790000	-44.7931680
32523.0180000	19.4821490
32346.3700000	43.9273590
32152.8320000	42.9117010
32023.1120000	-40.0807710
31873.7900000	2.6199866
31804.7420000	-37.4033190
31647.4780000	55.1499340
31400.6290000	10.0380260
31335.6210000	44.5255640
31232.5430000	-20.5065360
31061.5160000	0.1944467
30925.5910000	-62.2525790
30751.9400000	17.6663450
30548.6360000	37.0029690
30396.8520000	31.3736110
30363.4820000	22.9292290
30186.3340000	55.5598130
29968.3430000	-3.1519525
29923.8370000	3.7181222
29686.6860000	21.7864020
29609.0780000	-30.3503470
29456.5140000	-10.8925510
29350.9160000	25.8686700
29182.8690000	-41.0931160
29002.7060000	-52.2906130
28933.9170000	-7.3137528
28770.3890000	57.9147800
28622.0080000	3.1038349
28551.8680000	50.3586690
28372.1420000	51.1592920
28194.1500000	-26.2597960
28087.9520000	-24.6602190
27999.4910000	-47.4285970
27771.5230000	-63.6098150
27685.9290000	29.1826820
27593.6530000	47.0583440
27386.6910000	-4.7873421
27301.8130000	24.3517220
27143.5680000	48.0108730
27076.6350000	-55.0466510
26884.4170000	23.4938870
26829.2180000	27.0287960
26616.6150000	-8.1063965
26615.9790000	-61.4737480
26464.4160000	-32.1688590
26293.1230000	-2.1431764
26156.7040000	-37.4872350
26092.8950000	26.6474710
25999.5980000	4.5337933
25876.2600000	31.9798730
25720.6110000	-36.5766620
25525.7560000	-60.5167180
25411.4190000	55.7876160
25336.2440000	-16.8967390
25228.2240000	-23.8537440
25098.3300000	-51.2577290
24973.0570000	-56.6518680
24879.5420000	-34.4925900
24782.6700000	-35.8524390
24565.9950000	50.7868280
24512.7080000	-52.3454340
24406.9050000	-41.3176450
24266.8450000	25.3469530
24145.5450000	2.7738464
23989.6880000	11.5701280
23901.1910000	-23.3019200
23872.3460000	-55.7798100
23711.4000000	-9.3541463
23628.3850000	-3.2589264
23509.1460000	-40.4948920
23400.1810000	61.7426030
23233.3690000	26.0050720
23117.7070000	-2.9782586
23072.6480000	-47.0811700
22984.5900000	-3.1735843
22809.8160000	-11.7393060
22720.8280000	8.2965544
22571.6290000	-44.8250910
22510.8610000	-33.3222750
22422.5990000	-19.7161230
22272.8930000	22.9383160
22250.6510000	-31.0693480
22096.1580000	-54.8109780
21931.8290000	45.7463810
21849.4100000	-55.1189100
21786.0090000	-30.1818340
21622.3100000	-17.4829800
21607.2450000	25.6544700
21495.5520000	54.9380750
21381.0300000	-34.3015300
21290.0890000	-8.0609849
21224.2740000	36.7339440
21093.8010000	53.3137660
20997.4690000	-21.8150820
20838.5090000	-5.6596437
20785.7870000	40.0272500
20659.2460000	-37.6392770
20550.4150000	-35.1619420
20448.9580000	63.7882450
20364.0020000	-27.1888890
20357.5310000	46.6029790
20180.7900000	-15.6906880
20057.1840000	-44.4304920
19965.0580000	-23.7184800
19870.7780000	-31.1434990
19790.9880000	-11.0041110
19690.3100000	3.3253989
19648.6790000	-56.3967170
19552.7180000	-17.9062970
19489.5520000	25.6828320
19425.6230000	-52.9016610
19232.9880000	-4.8693073
19198.3990000	-25.9108560
19146.7390000	-51.5369570
18980.1030000	56.7045740
18880.5630000	-24.8929810
18808.7800000	4.6968108
18764.8390000	-60.2068130
18687.4650000	22.7410920
18582.0170000	-23.9391470
18522.5440000	33.4639670
18401.0990000	2.2458775
18268.1550000	-49.6108540
18221.8590000	61.6430340
18064.9900000	57.8025260
18057.7340000	-6.1616822
17916.0070000	-18.0493070
17864.5370000	-15.4290110
17793.8430000	-28.1742150
17661.2310000	-57.9012010
17594.5760000	53.5905080
17532.0540000	-13.6387720
17462.6800000	-9.3422708
17375.8230000	50.4108620
17239.6680000	-52.8845280
17245.5330000	10.5964800
17098.9540000	41.7977380
17070.8410000	-15.6595130
16995.9460000	-55.4026640
16882.2400000	-61.8104980
16750.5300000	-50.0188020
16790.0890000	12.7140610
16689.4800000	49.9857260
16581.5130000	-42.0287280
16525.8620000	-59.0102960
16405.9380000	-19.9195460
16366.6490000	18.2500690
16222.0590000	-10.2409570
16224.3220000	44.8347270
16066.8180000	1.5216613
16020.4840000	-12.4361250
15928.2840000	15.8834310
15902.0030000	30.1454980
15821.2660000	44.1806500
15735.1450000	41.0761810
15614.3370000	55.6809240
15549.9470000	-51.4745260
15479.6200000	-31.1903110
15457.4030000	8.7856024
15310.5080000	-49.2294910
15282.4560000	25.8548510
15227.3570000	-47.9012890
15147.4450000	-62.9436710
15125.1800000	-34.6886530
14977.3950000	-5.3955709
14990.0050000	62.9078510
14879.4840000	18.4217600
14781.4870000	18.1584320
14725.9710000	-18.7255560
14693.2630000	2.1118260
14568.5780000	-55.6610200
14556.6770000	-6.5280977
14517.9770000	42.3917600
14400.0790000	-14.2184340
14304.6680000	31.0633050
14228.0380000	42.3114830
14193.1180000	-62.8621660
14111.8750000	52.5384960
13992.1580000	18.2380380
14034.7970000	-28.0258220
13975.8910000	-18.8419040
13897.9590000	58.6670970
13814.2900000	-57.3512690
13713.5760000	6.6980593
13712.3720000	-11.0619850
13614.3620000	-46.8675630
13571.4270000	28.5770460
13418.4540000	14.5632660
13420.4090000	9.5440139
13389.0320000	-54.5075680
13325.2260000	-27.9179840
13185.3960000	-46.3264590
13164.0720000	-18.6729560
13071.9650000	37.8529340
13079.9670000	23.8599380
13005.2770000	-14.3447920
12923.9370000	-45.9968000
12898.9990000	3.8298760
12804.0080000	-21.2487050
12773.6410000	-8.5099242
12646.7190000	22.6359900
12551.1730000	5.8327036
12527.7670000	59.5426300
12450.4400000	40.4839640
12481.8800000	-40.2344730
12353.3670000	-30.5147170
12291.6770000	63.5585750
12207.7630000	24.3916750
12245.8710000	-0.4132768
12184.3340000	-58.4787320
12144.2600000	59.8585930
11972.2860000	11.7600960
11965.9890000	-42.9183970
11896.7340000	5.8123432
11892.0090000	12.2676000
11863.0010000	52.6588620
11698.0010000	-5.1046191
11643.4360000	56.8805920
11643.0700000	16.1646400
11594.9920000	-50.5601430
11562.2930000	-40.5577720
11537.4090000	52.4039200
11466.1630000	60.6713980
11400.3870000	-6.1359266
11337.7870000	7.1162233
11289.3460000	-5.7002230
11185.0540000	-55.2143160
11136.3330000	29.0199600
11144.3940000	2.0092363
11031.4960000	-23.8934020
11015.6890000	17.3580370
10960.7170000	-5.2577072
10840.7160000	46.6957480
10867.7270000	-48.1972650
10780.5760000	43.0878050
10735.7010000	7.7927969
10662.3800000	-34.4634100
10697.4340000	40.7850130
10582.1380000	5.3003905
10530.3080000	22.1275050
10493.3510000	37.1671150
10503.7730000	-28.2422440
10397.4050000	-1.3812600
10284.1180000	45.1346960
10251.8110000	60.9960150
10240.8950000	-46.8695720
10154.4160000	20.1142990
10111.1050000	-24.0341610
10051.1360000	-8.6408691
10014.0650000	-41.4252780
9957.0627000	-36.4307210
9916.9552000	34.2230250
9910.1224000	-58.2985130
9875.1622000	-11.0693880
9810.7525000	-26.4245060
9809.4832000	58.4720100
9727.3220000	6.6226079
9677.3518000	-28.3188660
9594.1538000	8.1590319
9624.1873000	63.1303380
9541.8737000	33.4000180
9475.1232000	-39.9335630
9498.1678000	0.4576098
9476.4099000	-11.0279830
9353.2689000	57.9611100
9298.7396000	-15.4643580
9278.7286000	-61.8117160
9266.6808000	29.0737270
9166.0719000	29.3964540
9144.5723000	13.6241930
9142.6177000	13.4533310
9130.5183000	-55.9138050
9053.2703000	31.4766280
8954.5155000	-27.8299300
8937.4676000	41.5549350
8936.8654000	-22.8992960
8889.7422000	-16.7802540
8751.2228000	36.1442020
8741.5364000	-38.3056050
8775.6979000	-21.4541900
8704.9388000	47.1276820
8620.0522000	-22.0568200
8655.3738000	-35.1967020
8605.4281000	31.5829090
8476.8604000	24.5510000
8446.9292000	-59.1622120
8393.9722000	-52.5890720
8349.3723000	-23.7997050
8358.8194000	9.1305569
8347.3111000	-1.7050043
8293.6274000	23.2178980
8192.0477000	-15.3623840
8248.4021000	42.5872660
8219.3221000	-36.4864670
8146.9660000	-47.1752770
8156.6355000	-31.9912650
8041.8614000	48.3618190
7997.7029000	-27.5673090
7945.7311000	-27.9827310
7992.8150000	-21.1707030
7888.7615000	-17.1995670
7916.4685000	6.3033680
7835.7173000	-6.1693168
7779.0006000	9.3907078
7745.0759000	-45.0626230
7722.3363000	-41.7379460
7666.3582000	42.2156800
7707.3276000	29.1873430
7640.3845000	-28.6437080
7536.3972000	43.4841730
7574.7327000	-27.5650410
7529.6833000	24.3571060
7472.7049000	61.9031930
7449.0275000	2.8745830
7427.0797000	-56.8183970
7430.9907000	15.0215210
7355.1855000	42.7324520
7316.6038000	21.6117000
7250.3593000	31.9568940
7208.7241000	-7.1225075
7156.0527000	-32.2674090
7181.6734000	6.3554109
7171.7405000	63.6135790
7104.5045000	-4.3084391
7032.9656000	2.8056584
7073.8095000	-6.6186758
7020.8253000	-4.1565293
6973.2728000	-5.6893761
6944.4215000	-58.5062680
6860.8692000	7.0090996
6825.3356000	53.8536240
6821.0094000	49.3434740
6799.2308000	28.6878940
6831.7038000	-28.1597220
6788.6362000	-63.5152190
6728.4386000	-47.1866660
6719.9234000	-22.6486870
6698.1175000	-3.1774077
6558.9362000	48.6296190
6552.6699000	39.0617880
6523.3288000	-47.5738530
6538.0141000	37.5827120
6445.0997000	-5.9633149
6433.9256000	64.1165100
6469.9276000	-60.9638470
6370.7780000	47.7465260
6406.0016000	-50.9013970
6378.0122000	-5.4583989
6360.3633000	44.6104230
6302.2777000	-41.1660320
6199.7070000	-52.9932770
6249.1154000	6.9250476
6205.4631000	-12.4110670
6166.4671000	-57.7352180
6146.5604000	-1.0510337
6044.3288000	21.7596410
6084.2709000	-35.5451480
5999.8422000	38.5763100
5986.3395000	1.1098588
6021.5569000	-36.7306610
5964.1522000	-42.7090430
5917.7136000	16.1616990
5961.7523000	63.8628450
5843.1340000	29.5926310
5840.4007000	15.4093950
5785.8759000	33.2165810
5747.2094000	-0.3605125
5813.6971000	17.3397110
5803.8422000	-7.0014399
5722.1936000	31.7407290
5649.9405000	5.7298211
5718.0866000	11.0622970
5574.3781000	-46.5886340
5644.6298000	45.5249860
5569.9771000	-58.6804470
5498.2225000	-47.4275570
5514.3171000	23.4294260
5460.8392000	58.1018430
5454.8132000	-53.8082090
5391.7717000	-25.3818920
5448.8361000	-38.2926870
5388.2764000	47.9170850
5347.5293000	62.3335860
5411.1618000	4.4475100
5372.1832000	52.6782100
5242.8611000	56.4060690
5222.3342000	-58.0943350
5299.8106000	10.9040740
5187.5690000	10.4659360
5214.8293000	41.7396270
5233.5398000	-28.5237860
5100.7847000	32.3029000
5156.2223000	-55.5332440
5103.4445000	49.8800020
5026.6644000	39.1898830
5035.0038000	11.4068260
5058.6440000	19.6451670
5050.1826000	22.3336650
4996.9281000	51.5135420
4918.8952000	-24.9079920
4995.3786000	33.7634900
4907.0282000	-12.2777310
4900.7959000	-32.2088830
4897.8242000	-47.9528830
4826.2480000	-11.5307360
4828.0152000	-57.5789060
4817.4702000	-39.3168950
4841.0920000	53.3869440
4739.1318000	25.8049890
4678.9561000	42.5343560
4704.7948000	45.6589670
4705.6024000	-59.1660780
4686.6248000	-18.9377700
4597.5163000	46.9277350
4600.9093000	-51.1303430
4632.8744000	-46.3130240
4533.3757000	43.1054130
4498.6885000	-30.3997090
4552.6188000	-29.8829300
4519.2157000	24.3869540
4537.9664000	22.8420060
4498.6163000	11.5034540
4511.2526000	-56.7859180
4465.0896000	-55.1711870
4384.9194000	12.2466920
4429.8348000	49.7865350
4305.8300000	-24.8349900
4350.7222000	-19.6985970
4343.3819000	-9.0530925
4309.6984000	-10.1849060
4235.1157000	-31.0583060
4275.3128000	-1.4127357
4273.2771000	-53.7202890
4206.7827000	50.8899510
4253.9249000	-64.0176500
4149.0304000	4.2683330
4208.9403000	-1.8141299
4199.5666000	45.7559490
4106.4785000	-23.6857770
4079.5119000	37.6328770
4126.4875000	47.6251920
4057.7871000	46.0751770
4080.6375000	-12.0864140
4052.9590000	-25.1668230
4053.0845000	-57.1935460
3946.7165000	-32.2942160
3966.4659000	-24.1332300
3912.9155000	-61.0153570
3990.9313000	-3.1009908
3974.2971000	-8.8855576
3944.3147000	36.3954170
3918.9738000	-54.2334940
3821.0118000	-48.9669230
3783.9146000	-30.9889650
3790.9769000	-46.8536560
3759.7129000	-6.6055907
3842.3536000	-44.9441450
3825.5723000	-13.4405170
3795.5061000	34.9500180
3706.2841000	-22.7587420
3668.9632000	-23.2290810
3688.7840000	59.3333220
3674.2569000	24.2847200
3680.9035000	14.9203040
3611.1162000	53.5340940
3693.1117000	-2.4415123
3625.7567000	6.4366680
3646.4316000	-48.8202540
3628.8574000	37.4292300
3573.8310000	-25.0667040
3543.2710000	4.5331219
3578.9232000	-35.4324460
3472.2102000	9.9105213
3487.5681000	-9.2580594
3482.5117000	-11.4486450
3456.7580000	38.9948550
3507.9155000	32.3775040
3383.3625000	-49.9361280
3405.8602000	-34.4637620
3380.0203000	10.7323610
3364.6583000	-15.6325560
3380.7335000	-46.6176190
3413.4691000	54.3666380
3401.4773000	57.7723800
3367.4938000	6.4644010
3258.4278000	16.3379080
3302.9560000	22.4457500
3222.1561000	-41.6004730
3311.6852000	-0.7874032
3251.4532000	31.1184390
3290.1984000	-20.6409070
3202.1888000	-11.8800140
3210.0293000	-28.3053690
3232.9483000	-17.9938470
3108.6744000	62.8441290
3093.6936000	-1.8550967
3165.6675000	23.4169460
3084.9320000	8.4887137
3058.6309000	-3.5029847
3076.8716000	-51.9607700
3087.7431000	-46.1974950
3091.5964000	22.6635830
3044.7865000	7.6526013
3040.6349000	58.7037430
2962.8722000	-14.4861690
3038.7792000	60.6978160
2963.5506000	0.7049162
3012.4330000	-48.9327430
3017.6731000	-58.2739710
2945.1562000	-63.4163090
2929.3789000	11.6137070
2878.2986000	26.0563450
2974.8432000	-15.7716500
2937.8367000	19.3415290
2909.9262000	9.2895607
2932.2042000	-2.6282891
2809.1936000	-20.2163010
2827.3479000	13.6569760
2801.9540000	-19.7057160
2843.8396000	16.7433340
2834.2751000	18.1057830
2847.4056000	-32.4608770
2818.7226000	53.7804980
2769.1835000	-4.9820317
2724.6453000	-55.4879470
2722.4575000	51.4366780
2753.5630000	-34.0312150
2753.4505000	21.4723190
2763.0001000	-29.3378400
2640.4437000	-48.3724250
2647.0351000	-26.8487590
2699.6777000	53.6329520
2682.5433000	-31.6166510
2601.7653000	17.5387550
2667.1806000	48.7761180
2565.1006000	-50.7311000
2663.8734000	54.4832090
2559.4975000	41.8524000
2636.1918000	25.9956860
2524.4220000	0.6499160
2535.6478000	-47.7676610
2603.0921000	0.6277664
2500.6034000	-27.0531000
2464.2400000	-55.0012910
2529.2693000	45.1261610
2486.1381000	13.8601300
2486.5508000	-21.0262020
2533.7028000	21.1579690
2482.9341000	-50.0035780
2435.6578000	-62.5898900
2385.6236000	5.8681853
2419.0953000	4.4879915
2404.3998000	-16.1371990
2428.5414000	-32.4865330
2378.2036000	63.0333120
2413.0403000	3.9399555
2321.7468000	-40.3493580
2309.3843000	6.4595970
2382.9913000	-50.4834740
2366.4172000	-6.2509939
2310.1102000	-53.2468470
2273.7406000	-13.5786440
2288.9541000	-11.4946240
2314.9693000	43.3968610
2235.6370000	-57.0258730
2283.8412000	-39.1471180
2274.0296000	9.6550675
2292.4449000	53.2419210
2295.5798000	-62.3476390
2279.9398000	19.0976500
2225.3531000	57.7841610
2151.6026000	-35.8966900
2151.1623000	3.8791220
2189.6124000	-4.3068255
2190.1552000	5.8124090
2133.4255000	-7.1825588
2197.1574000	-41.4200700
2146.6832000	-13.6791470
2097.0896000	-1.9000688
2099.9485000	-26.0878850
2133.3756000	-17.5140900
2117.8032000	45.8724040
2079.9664000	-50.4543220
2104.7206000	-2.5156399
2020.5584000	-37.6797100
2003.7706000	-43.6875020
2076.4021000	-38.2200510
2022.1087000	13.6625140
2001.2448000	56.2014750
2080.6784000	-29.5690860
1999.5365000	13.8767290
1983.2339000	-10.6856940
2011.0256000	62.2517760
1950.0982000	-56.6670560
2016.0223000	24.6354760
2007.4225000	-21.2184070
1937.4593000	-29.3046840
1981.4196000	26.8170310
1959.5102000	-2.6786720
1958.8498000	-23.9238840
1863.5851000	-53.9970810
1972.9170000	33.6737090
1849.0083000	-25.3803900
1942.9082000	52.3388030
1889.8838000	61.0848850
1924.1313000	23.3297890
1878.6922000	14.4246820
1815.4008000	-12.1224020
1815.5798000	11.2558370
1802.5138000	45.2118210
1853.5362000	-8.7015361
1849.5628000	-0.5470542
1786.3258000	24.4146670
1765.4995000	4.8883871
1841.1907000	-1.4909952
1779.3700000	31.7937960
1789.4413000	-11.9804870
1753.5161000	-7.4969459
1811.0054000	-12.2141870
1715.4089000	-62.4278990
1687.0505000	-30.0496790
1756.2661000	-47.0331190
1786.2591000	20.6055220
1754.5407000	27.5112450
1712.7452000	6.5862785
1730.1681000	-23.0178860
1666.3719000	-62.9622260
1686.2831000	32.5795760
1745.4319000	42.1896660
1663.9796000	-11.0014850
1608.1290000	39.5303780
1652.2760000	-52.5506050
1680.9299000	22.3555210
1676.4875000	48.3158890
1607.5631000	-25.3419170
1628.2916000	63.6144900
1617.9549000	-45.8729070
1602.6115000	24.6490450
1591.4226000	-41.8912420
1600.8668000	29.4233570
1567.1326000	36.1235540
1600.3994000	0.8568178
1605.6326000	27.2012960
1611.0628000	-41.7387310
1567.1841000	-3.9917975
1521.9714000	63.3979800
1607.7215000	-33.7310950
1484.5465000	-12.6047500
1491.8876000	-17.5862720
1540.8798000	-56.9409420
1460.3357000	3.2352884
1522.6082000	30.2632030
1538.1033000	-56.5312650
1461.5914000	-41.7676590
1468.3778000	29.8944530
1442.5599000	-30.2361150
1446.6397000	23.8064340
1504.3094000	-29.0159580
1511.1480000	-38.0053260
1436.1367000	21.3861030
1409.1445000	26.4050050
1496.1097000	-49.9011160
1403.6958000	-61.0721830
1373.6891000	20.8549330
1374.4683000	-25.5123150
1399.8859000	59.8455620
1441.7435000	7.9189481
1387.7429000	52.1577100
1454.8092000	-32.4001440
1419.1646000	-35.0850290
1368.3593000	11.1592140
1412.8613000	6.0065579
1372.9121000	56.9843210
1308.0356000	-11.6892290
1375.9794000	-25.1767230
1406.5501000	63.3406330
1352.5911000	-20.2602220
1350.6938000	64.0719330
1304.2508000	-56.0077010
1350.6520000	40.7754170
1383.1972000	-8.3409570
1280.1804000	39.9769270
1366.1871000	-54.1652800
1351.7110000	-1.6976594
1241.4013000	9.3588650
1345.5014000	-15.8145140
1305.3009000	15.3886410
1257.3605000	37.9740530
1232.7268000	45.0739240
1257.1515000	49.8623760
1249.1717000	0.9926102
1215.9362000	41.2382870
1276.6467000	-55.3496210
1269.3573000	-26.8775230
1260.9048000	-45.2386590
1239.3385000	-10.8641770
1254.9031000	11.7524130
1183.1948000	4.9411953
1239.5774000	-51.5112690
1143.5426000	17.8350790
1201.0759000	-62.9407850
1228.3878000	-14.6480870
1191.9891000	-61.8109330
1209.6634000	24.3596130
1194.6505000	-36.7021930
1130.5113000	21.3874540
1129.9255000	9.0415526
1142.2867000	39.8929750
1121.0630000	15.6076040
1171.7785000	24.2954090
1190.7117000	42.4713940
1136.7963000	-62.6270830
1092.6157000	-16.1784330
1149.7363000	-3.7045994
1125.3879000	-53.8679300
1112.9108000	-17.3738410
1104.9457000	-17.8531750
1117.3568000	-37.5381790
1106.8071000	-21.6835210
1136.8121000	-59.9030220
1111.8965000	63.3272680
1038.1420000	32.7329320
1023.7244000	27.6794300
1061.5609000	35.9884090
1012.3985000	20.1314810
1063.0691000	60.6814360
1035.4809000	21.0782100
1110.9410000	4.9402261
1042.4027000	-58.1479220
1031.0689000	44.2068550
1053.8715000	-39.6152150
1072.2521000	29.8682330
1083.7140000	-25.5220960
982.7500100	-36.5995640
1047.1136000	27.3366090
1033.6752000	8.4363371
1072.0297000	1.1460361
1032.6077000	-34.0293080
1061.8026000	-49.6417400
992.8825600	-62.7299630
1043.2174000	-0.8463953
932.8984100	-29.7796390
999.3601500	22.9588850
990.0899400	1.3101052
990.8586400	-39.1613980
985.0506500	-11.9893450
970.1494700	-5.0196095
942.2363300	55.0442720
956.8419300	5.2585766
1002.0522000	-56.0971940
973.4870500	64.0062300
983.5786400	-47.3529020
899.0132600	-39.5455560
967.5522800	-36.5827430
935.3687500	-44.7341310
954.4245900	9.7578334
917.2292600	41.1325920
914.6453800	37.3369460
941.0443800	12.8025660
970.0454200	-43.1169480
902.5026400	-7.5166286
840.5056000	46.2428850
863.8036100	28.3934710
838.9401300	44.7735780
904.3211400	23.9121290
854.9196600	-24.2821440
902.7409100	39.9015280
893.7404000	-23.6079190
858.8625900	42.2666280
931.3114100	8.4282560
885.7485500	49.6061510
879.9009700	26.8992100
908.8039000	-29.6096220
915.2834100	60.5347920
832.1147100	47.1757570
822.5056200	-51.6611520
784.9263900	36.6820830
796.5485100	57.7698380
783.7437100	25.4352980
828.3915000	-19.7608550
798.8767300	45.3609500
832.4674300	37.4582830
779.7970400	-60.9681080
860.0281700	-40.8802420
858.4910400	43.2663310
862.3623800	-57.3753500
742.2944300	-37.0733480
782.4178600	26.0259330
790.4467800	-50.0862440
776.0783500	-10.9021780
770.0363000	1.8126419
751.6242300	-14.1829100
812.2550000	12.2351870
764.1879900	11.5041880
718.8730700	1.8958194
769.2231500	39.6445820
779.2884600	15.7947640
761.3793900	45.0734100
767.7277300	43.6936230
705.7165400	48.7521560
791.2223900	42.3768250
721.6554200	41.9777400
778.0232100	16.1911930
696.1357700	3.9876093
746.6295200	10.5347360
768.7439600	29.4613610
750.8657700	-61.9973010
759.1416000	61.8803470
697.3459500	50.2548450
659.5759200	-2.3831661
742.3423900	-55.9073510
775.2469300	15.7574770
727.7900300	31.2500610
738.1415000	-31.5864210
757.7881900	-64.0157610
650.8745000	-57.5669290
725.7466900	37.2224380
671.2333100	20.1143260
685.4748000	53.5713790
636.0594200	19.2165430
663.8959500	-47.4216690
652.9279600	44.8977340
689.3162300	25.5367920
701.5858300	18.4563760
629.1401500	-54.2511130
674.9195700	55.8928180
714.5714200	48.5484170
626.3652300	-62.5499740
653.7362100	7.6427446
711.7833100	29.2711290
710.1271200	53.3154610
692.1736600	0.0028700
607.6099500	-27.6978680
610.6186300	16.1767530
618.0197900	14.7544090
694.0269000	0.0011557
662.5030100	-51.5691760
648.9232900	22.3444100
605.4659400	22.3813170
679.5939400	-41.2840050
634.2078100	17.2914710
614.2329600	-22.4760300
664.8473700	-8.9592305
575.0172100	3.8557995
621.1762300	-45.4083390
630.6403100	57.4872520
540.0534000	1.6190634
631.7970400	17.5354340
660.2729000	-5.9409993
579.3615600	7.8942421
580.6291300	57.6399070
595.9532700	-54.8620790
608.9896800	-58.3442790
640.0141300	52.0455030
576.3301800	-45.2590050
566.2361400	14.9900090
620.2467200	49.5973020
510.3519300	-2.8995170
509.3437400	38.2493570
534.2311100	-50.8222320
574.1578400	29.7863090
621.0743600	0.6907276
516.8683200	26.2403850
573.0706300	34.3594570
597.6177500	9.9943000
611.3204800	-8.5655031
523.6759800	-61.7049120
535.5303300	-3.0990019
573.8724000	-12.4626850
530.7223800	59.3882060
549.8663100	39.9382990
544.4962900	27.6631390
562.5224200	-56.8116990
570.5047900	-61.8902810
514.4155600	14.3722690
545.1569400	63.8966430
487.1873400	-52.7427510
562.4620800	-57.2911600
568.1808500	-44.1325280
539.5957200	59.2422300
522.3786400	46.3060230
509.2416900	54.4728350
573.1960200	55.7293060
571.1718100	-26.7853630
561.9578400	-63.7788960
563.2889600	8.0621151
492.5184800	34.1894580
451.2592400	43.4824410
528.5446800	60.9965700
504.3382300	-33.0731300
550.6528600	-14.9448930
507.5515900	28.4601900
538.1604800	-22.3873210
494.7230600	17.4077810
471.5532900	-3.2337668
496.2797800	-29.0740640
472.3152000	21.0773910
471.6081500	16.3529570
464.1818500	19.8325700
444.3542600	22.9476500
416.8215500	46.8932070
432.0607700	43.5101620
460.4279200	48.1839770
436.7121700	-54.3779530
434.5324200	-47.8677150
430.7197500	42.4053950
428.6364300	-22.3854410
437.8670300	-9.6413277
449.0604800	3.3356049
406.5750500	36.5223960
470.0624600	-23.6924460
505.7225300	-60.6709660
433.6333800	-49.2165610
413.6112000	9.9223391
413.7607000	55.8207680
464.7106600	55.6628150
387.0115000	25.3612890
413.9765700	-19.8836950
377.3668900	55.8750160
438.3378800	-23.4781630
457.4280500	53.4281770
469.9176100	-1.2155836
481.2496000	-27.8555640
468.6012400	-35.4513240
427.2470800	23.0618870
470.3094900	3.7731329
458.7774300	-63.4813710
451.4849800	11.0252940
467.7381800	-7.5250220
410.1611200	2.5722383
413.0621000	5.8055346
468.3660700	22.9030400
457.0252700	-10.2557780
414.0615000	39.9213500
445.6330100	-15.6679260
414.7246800	-11.2168920
354.5846300	13.3826570
430.0550300	-42.0083290
366.7430300	52.0472450
450.8664900	36.9831880
445.7638600	13.9409470
418.5051100	-38.9166600
428.3828300	-13.8226460
318.5316700	61.4972020
350.5274000	-55.7705540
348.8145900	16.6520210
381.0952500	-7.9113227
342.7504600	26.9479910
435.8843300	-59.4268780
384.3620400	50.1762050
425.8450900	-52.6936660
367.1891700	-59.3408240
384.6886900	29.1301610
417.0390900	-46.1286920
389.0613200	-25.1855270
400.4251800	-51.0247860
324.3438500	12.9866010
304.5208300	-51.4724420
394.6924200	-30.4433220
353.6558000	49.3510180
314.8138900	32.5809750
359.7835000	21.3251730
351.9311200	24.0232500
293.5694000	0.3045847
404.0895500	53.4831230
361.3974100	-38.0876960
361.5003900	22.1380160
370.4924800	12.4302720
314.7858600	-2.2530997
358.3027000	58.3025950
295.8208600	29.7481100
292.6177600	51.7858690
300.8350800	-59.1068770
354.7693100	35.0241970
294.5936900	-58.9578060
293.5982200	58.0293430
264.8835800	54.7240290
374.3015200	34.2181640
260.2407400	36.2874790
310.2558400	-1.5041582
356.4845200	28.8346750
322.6709300	34.8715320
321.8917100	-48.8453160
336.4334200	-53.2412960
272.6038900	-25.6853170
370.3490400	-9.4226823
327.0322800	25.6595690
291.6742200	-57.3892200
249.6821700	-44.9910860
348.3901300	-56.6056060
278.2008900	-40.2651720
258.7621500	-15.6007840
247.5055000	-38.4556010
302.3926900	44.2745800
251.9103600	52.6952000
262.8049100	-33.5988030
256.7903700	-28.5599160
349.3645600	-61.4124930
245.1566500	33.5232640
244.0306200	-57.7586810
257.1570900	20.3350430
331.2143900	-55.5615020
267.7238500	62.4751560
227.6914400	-17.1941070
254.7571600	-60.7315350
310.6470400	-53.7649600
344.6201500	51.2205970
257.7542900	-7.6005928
217.7209400	-37.5315510
226.1121500	60.5172710
215.9682900	-27.1024700
222.6565100	-52.8345450
332.7653600	12.3256030
216.9015200	-53.3028580
260.2969800	-41.4587890
209.0180700	-18.3591360
318.0006800	-1.8863416
333.4521600	60.9657430
310.5510900	1.9297162
281.5979500	35.8020190
318.0775500	-15.0001060
218.0420100	-54.8711200
306.2869100	-57.6468970
233.8989200	36.7899970
302.4532800	10.2790520
251.9146700	33.8768940
240.4572700	53.2046200
218.9358100	40.6276100
300.3890400	-63.3378340
241.3813100	-10.9668320
233.8226700	-54.2727030
206.0162400	-6.9597946
240.1446300	-16.0233480
203.7903100	-5.3047528
275.3558300	-49.8385790
259.7043900	-27.4928050
276.2442500	63.6193130
276.5876700	52.2555530
305.7082500	-6.1332873
238.1888100	7.9030313
269.7885600	57.6271640
193.8151100	-44.1091130
201.7777300	13.7322490
251.5217100	4.7261720
202.9441400	25.6639380
177.9755900	-41.1840710
198.9239100	-18.2841060
198.6685000	-48.4316940
275.2142100	-11.4179820
171.6747200	21.3651490
284.1517200	-41.3959860
279.5378100	-47.8947810
228.9104900	7.8456336
164.1554400	25.5299820
193.0253700	-22.6459560
217.2270800	-10.3744970
226.2343500	-50.4589660
265.8859800	42.2289710
256.7967000	55.2271790
174.3598500	27.8589630
279.6841700	21.6042680
182.4929500	-6.9774567
196.4432400	-16.7586090
238.4278300	43.1680070
194.3261700	-1.8102196
175.5907600	54.6809150
152.1783400	46.4229430
226.3307800	-31.0374120
248.9942500	33.9532420
146.8557600	-10.3352320
227.1981600	-49.5859580
191.4519600	-25.6686930
244.2328400	-3.5928390
244.5476800	34.6549170
171.6082700	-25.1957200
151.3120700	19.0656360
160.9371200	-8.8531356
207.6335200	41.2482560
256.0657900	25.4714670
245.1404700	37.2755000
215.5313300	54.2942180
219.0869600	53.5382630
168.1160200	-28.4872920
232.6961500	-24.1671630
208.6718000	-7.7750110
205.2816100	0.0305694
141.5184700	19.7229910
181.9222800	-45.5490940
136.5800900	59.4204200
158.9977400	35.6723270
214.8560200	-19.6256890
170.7600800	-15.5326400
180.2792700	39.9543300
124.4719900	-25.4884660
165.7787300	-57.5495480
195.3800500	-19.2118330
161.6274600	-15.0143520
206.0091700	51.7496380
227.3404000	-30.2547800
164.2061900	-4.1149518
241.4973600	57.1704800
226.2445600	-32.6893260
117.4283100	60.3374740
130.7107300	-57.2563900
213.1730100	53.0774660
198.9203600	-35.6746700
218.0733000	0.0013219
116.1789800	2.9725141
201.7718000	-7.0938888
172.4677400	6.0930454
141.9665600	30.2246490
181.8405600	52.6468250
202.4985800	39.3416480
165.3620400	1.3218108
154.8798500	-38.0456850
185.4215100	30.7710900
157.6418800	12.6078150
172.0351100	6.1172539
157.0080400	-4.3370886
172.7221100	0.5299218
215.7050900	-37.6197500
213.1762100	-27.7120290
109.6837900	51.9330280
138.5182600	7.5622262
221.6539700	49.1580520
145.4876700	-34.9490390
98.0912190	63.6839650
96.9551050	-11.4594690
215.1403900	55.1342090
178.8092100	16.7200350
185.4092000	58.5266270
197.8019800	14.6663950
142.3123000	-59.2695140
200.6915800	-51.9425150
190.3975500	8.6552469
92.5882830	3.6086044
140.3810300	-4.5360731
180.4225800	-8.9185495
183.3507000	-10.2506690
128.1792900	-48.7940050
125.7821400	1.2630321
131.3141000	25.1727940
114.0487500	36.9938670
95.9596770	35.0497810
126.0159300	51.0076970
171.3997600	56.3784340
144.1740400	-23.6959910
90.6338720	13.9285460
116.5134100	17.9825450
101.2913600	-32.8275980
168.9614400	17.4755950
148.0222500	61.3098850
134.2737700	-15.0881840
181.6558700	-13.6404200
205.0796900	4.2558054
132.8284400	55.8116470
172.2579600	17.5294630
89.0640150	-62.3943770
88.1473840	-33.9016780
99.9115900	7.2646699
129.7074900	49.6584070
75.3979910	34.0309100
165.9655700	14.5128770
148.6260300	51.6164450
184.1184300	6.9442083
111.9759100	28.3326470
100.7121100	51.1160920
173.2670500	-18.4194500
106.5416600	44.0330390
113.1126500	28.9323880
101.6933100	32.6421380
120.2426400	33.1318650
124.7715500	24.2450770
120.8673700	-23.4048890
83.3675250	20.8821820
147.7638500	-1.8017517
174.7267700	52.7454930
166.9348200	37.3420370
156.9525900	35.9150000
160.8072800	32.4581800
84.2398840	-58.3068500
98.2756700	-53.1736820
67.6607980	53.4653770
164.8917800	-37.9531400
98.4896940	-0.4105991
123.0619700	-29.0419510
127.9606000	-48.3633170
80.5448240	-30.6101720
164.8941900	-51.0347110
155.0123100	-46.7872450
112.5012700	46.0013320
113.3057700	-29.3486620
180.2299100	13.3773130
146.8307700	49.4286400
100.1530000	-26.3376590
87.9859410	-1.2474016
56.7507520	-14.9742430
97.7811930	26.6735830
139.3417800	50.7589140
71.0967240	41.8866270
156.7761700	-21.2293400
80.5084210	-10.7633350
59.8504810	-10.9694990
140.9922100	52.0483880
113.4270000	-19.1160740
54.9652110	31.7606180
128.9970500	-53.2629020
94.6731850	47.9765590
85.7654990	54.1160320
124.9152100	25.6764170
81.1250910	-41.9235250
59.7696980	-41.2177010
124.9718200	-10.9899830
55.4652970	54.5266970
71.7940800	-47.7352020
137.1301000	47.7360560
142.3396300	-46.2188460
77.0557470	-58.2122550
62.4535500	42.5943100
70.5219300	3.0011422
59.9255020	-51.0505970
127.9775400	34.7010260
157.3001000	-14.2954130
116.9674300	30.4444670
83.2496350	-7.1241436
148.7493100	43.3151950
84.9107370	-39.2130060
139.3622700	55.7948200
145.3069800	43.2773580
124.0199900	60.0884830
96.1123070	17.3488820
103.4790000	43.5146580
142.0015800	27.7249900
75.5780100	54.4398470
65.6247510	44.7469960
145.2262200	21.6546330
99.0868670	-58.6513110
102.6512400	30.9093920
132.6007600	-20.0894360
96.9452000	56.7948600
88.2149110	10.4291840
126.5472900	62.2615740
115.4852600	-37.0611190
105.6894400	17.5664590
93.4127440	-1.7768371
98.5832550	33.5040650
71.6980060	-33.2884230
133.6098200	-5.3333008
126.4912800	-44.6501940
114.6394800	-57.9106150
68.3179220	-12.6578620
132.2308200	40.4699880
85.3605930	35.8445640
118.9081300	11.6692210
33.5121030	-60.5975810
49.0307880	-39.1017290
124.0952000	-53.3361800
57.2730340	27.0855980
130.1206800	60.8692190
97.0691110	-63.7599090
64.4091620	-35.4168690
80.1408930	42.5365280
22.4712530	63.6336490
27.9047660	-30.2537320
60.0990890	-0.7572995
145.1878300	-9.7647165
94.7833980	-5.5487423
63.3875120	4.4182655
20.9424750	-22.4855130
29.4484740	2.0357427
128.2166800	30.6557970
35.9546000	20.5566050
141.6269100	51.0695220
111.5313700	3.7578464
121.4228700	5.9484078
34.9247970	-42.3302420
42.4865850	-13.6100340
38.2992680	-60.7758320
126.1244300	50.3728150
51.1003760	-43.9771150
124.0524200	-15.0840090
115.5393600	-8.2784668
40.2917450	-30.6153580
87.5818210	-59.5733880
61.9332840	-44.2272730
31.0717570	15.9740560
118.7792500	-38.3731410
18.7276720	-47.1296510
88.7899420	-15.9704700
17.0643130	54.8314070
49.8804920	64.0071750
71.1964930	-31.2765640
78.6069200	-47.6454830
83.7802750	21.0323670
80.7548510	39.8256870
22.4679380	-44.5525820
113.9225700	52.6320670
50.0079210	-36.8905700
44.1889410	42.5646450
16.2988400	-15.3479200
135.1389300	30.6889100
75.8828950	53.0543860
17.4092520	-15.5970480
71.9598930	18.7202560
22.1668660	-51.5293780
90.5677780	-2.4529406
95.4172360	-15.5586670
87.9485760	42.0365870
94.7984220	61.8204770
93.5521640	-20.1251970
45.2251200	-58.3328110
33.5923270	44.5234600
105.9257500	-2.5585004
8.1177232	-36.8195250
66.4421970	30.0165710
123.9465400	-63.5910350
123.3627600	-6.9607577
83.4109200	-36.4892780
5.3638329	-39.7482480
11.3364770	-42.5663710
46.9363290	-26.6962360
75.2621390	22.7593270
22.4058360	55.7497630
118.3128400	-12.1871670
110.0132200	-18.3638490
99.0441710	-20.7940570
96.5013310	-9.5189219
70.8342710	24.8985470
63.4455960	-46.2239760
29.8586360	-18.4746430
113.7170900	-50.4761760
86.5053520	1.7580111
-0.1661868	-9.1413809
30.2026140	-60.2821330
102.4308000	9.6670739
100.1953300	20.1884840
17.9516590	-9.9772862
13.1020820	-63.8526050
7.2856455	24.3290720
91.8549260	46.1856730
12.4908090	-30.5426390
78.8645020	21.6841540
-3.6081766	-39.5578720
90.0320250	28.8891980
105.4590700	-37.1007080
31.7964570	-14.2122230
52.0498760	-56.8060000
18.2568620	-12.3227320
52.5178950	-24.9491680
82.3903330	20.5644410
69.2508310	-18.7763640
74.0009040	0.7093190
13.9995170	-51.4863530
-6.8850870	-48.8253780
41.8705220	55.7897780
106.6025900	59.4768190
73.7642010	49.2296750
101.1125900	21.2436380
8.7056424	44.9503150
41.8410620	18.3224260
17.9354310	-0.5739405
92.5892120	-62.4813160
35.0814530	-25.8794900
90.7397850	23.1964600
41.6634120	-50.3698610
-0.6502497	59.7694150
15.9136950	-42.4004830
72.7032420	-63.2144370
-11.6698270	52.1065250
53.1736000	25.7980250
68.6576790	15.4333380
87.1104470	-61.1359010
30.2451880	32.9435280
50.0243710	-57.3369140
17.9230220	-18.1216830
98.7066320	-38.3550880
-7.4406786	31.5313290
20.5703850	-9.8733308
49.0807600	-61.0000980
24.6344590	63.9226310
-7.7343759	-32.8708600
112.0429400	-61.6167210
76.4494990	-41.6923970
44.9677420	-3.7154442
27.7875850	49.6303630
54.8192590	-4.1773539
75.0394590	36.3961860
83.4111820	10.1890560
46.6298520	59.9860940
40.9802600	-4.4081399
0.3580355	-31.3825900
12.1145840	56.3105960
80.2487150	42.7103580
52.4160820	-46.6671190
-14.6605480	14.5194330
74.1262950	-7.3878222
93.7026510	8.1719747
64.0488280	12.1096230
79.1626050	-26.8351680
32.5878050	-58.2311790
107.8225800	21.3710400
46.8347570	5.1768299
103.9439400	-37.2443130
-19.0077380	-32.4490020
0.4656161	-10.8110190
63.5665690	37.6419870
-12.5403120	-8.9307523
89.6244860	-2.8222726
0.6743517	-35.2743060
23.1357180	52.7977140
5.5668267	-51.3562400
89.0042700	38.8760470
66.9166610	14.2814120
28.9807740	-19.5681180
19.4373620	3.7912487
-8.3549202	60.4192660
78.8217350	12.1870380
-16.3732980	-34.5582260
-20.3955790	-4.7063049
-2.5712999	64.0175850
102.0675700	9.6609798
89.9857230	45.9897290
76.3715060	10.6807440
76.6450910	27.9686520
82.1716620	-17.7464610
82.8019950	38.7953370
2.4373097	50.2969620
-7.7516096	41.0919090
57.6082090	58.2694150
23.4447430	30.6242890
86.7232970	63.4123550
-15.2494110	-23.7943710
-1.6640099	7.4054779
32.8535220	17.8359240
100.0479400	-30.9099210
37.4029290	53.2007570
69.1651250	-17.2141860
84.5330010	63.7196350
-10.4173380	-55.3414250
-23.2148480	10.9772690
33.6423290	-45.2673890
74.1766520	-7.9315775
-14.4174760	-26.4723750
60.2228380	-4.5135622
4.9233736	53.9977670
-14.0660470	49.4444280
54.7468620	-28.6919120
66.8655420	-62.8678530
-11.6704700	-1.1449947
-18.6987400	-21.1790780
97.8308160	-40.2763730
72.0338680	-1.7208652
59.4735670	-29.9572830
-4.4104288	-48.9910670
37.2724290	0.7823499
-13.4292580	-25.2863150
-26.7992990	-51.2519060
52.4141120	-53.9900280
52.6104640	52.9082200
0.5622284	-59.3230640
94.7566020	36.1537760
94.2910630	1.1870254
-23.3848090	60.2196150
72.3766500	-53.0307060
83.4833870	10.8855070
82.4962100	63.1195920
13.2188590	-63.5339110
61.8462990	42.6759270
77.5120130	63.9422810
-8.1200936	-43.7915220
58.8736280	50.4407850
43.6315890	17.6580540
-14.5775400	5.0025412
57.6957500	-47.2605100
52.3496490	-22.1331770
3.4253816	45.0263930
48.5540320	35.5722900
84.4736460	63.5960190
30.7593830	22.3246730
48.6033740	-56.3746700
23.8161690	37.6452340
37.8770260	52.0006020
7.7177984	-63.0656680
60.8172640	1.3083612
80.0810770	60.1258270
-6.3181353	-55.4970000
-29.8789470	-9.1982571
31.1655720	-26.9433420
9.9951006	-19.6621110
48.9044810	-40.5710740
6.6160715	24.6769200
53.1836390	40.2912740
-17.0041890	-21.6894340
70.9326190	13.4520810
50.6558100	-16.5041360
1.5911845	-46.3716290
60.5224140	12.1402870
-8.1114287	40.5298210
-27.2859730	-58.0889100
28.7944500	54.7384520
8.4263468	39.1458010
77.9870510	-19.4786580
68.4348180	22.1620410
-7.5979612	-53.8676600
46.6608100	-50.7394430
19.0759890	-9.4463398
52.5519010	62.4814790
53.8233040	19.8916670
-2.9226586	24.7107820
-20.7760460	-55.6342780
-26.2034570	-8.9700020
-14.0603520	-10.8016920
9.2176827	14.3094420
81.6403810	-24.9065900
74.5055040	-20.9005150
-35.9556430	-58.7704420
-17.3724290	-8.7673956
52.2538530	-63.9650080
40.8276860	-2.1349342
49.6297690	24.7441500
-12.8344930	19.6268370
82.9578440	-9.6624844
42.4692640	2.9454794
76.0202830	61.7862570
85.1823550	32.4035910
82.2702200	-57.0081380
45.8705490	-62.3142860
-7.3522513	22.1316230
1.7910895	-2.1240943
24.1166980	60.9137430
83.5950500	-39.6213670
70.9129310	-29.0521910
-13.4373710	36.6104950
66.5720620	46.1484420
47.8375350	8.4520567
13.9980210	-14.1104530
-3.3165347	15.6992430
52.5701080	-51.3906080
-6.8279805	-51.1176410
45.8796430	-0.7587922
62.3249970	52.6768530
-35.2979890	0.4361862
70.6339810	21.3905780
-15.2495990	-56.0980090
-3.5781897	-4.6274012
69.3508370	-38.7080710
21.2502240	23.1843410
14.9642300	-5.2580892
58.2942140	-55.1832500
-24.9019230	-12.3513870
66.8896740	-52.6172680
19.5342330	52.9545760
8.7233829	58.0219240
3.4723540	2.2539776
24.7396600	-31.8119270
-20.9716160	-1.0294727
-31.2038600	-9.2530349
57.2736750	-48.8244430
-15.6111980	43.9230890
49.0137160	-52.0107660
31.8250480	-27.3945130
60.0141130	-45.6578480
-5.4964275	-50.3363370
-13.8255820	-29.0788610
64.5905200	38.7237780
82.5621110	-34.9146540
83.4544010	45.6692670
63.3770450	-38.3247160
-13.5315950	-23.3961570
68.2040870	45.2824910
-15.6185270	3.8112446
-33.9863730	-29.5897630
54.0480070	46.5397810
9.6568255	3.6508948
81.3457310	28.2445760
36.7778370	58.6857840
52.5142960	41.6312390
-21.3645100	35.6734500
59.6864180	8.7298451
47.0616510	22.6314740
82.6572140	53.8769280
46.8943730	-42.6509900
-14.2973640	59.5661580
75.9628090	23.8832150
-17.0215520	-26.6194490
-32.2799940	-39.0868780
-2.1878754	33.1162090
-6.0733192	49.2502130
67.4911860	-60.1575240
21.0391860	-14.2187250
16.4031670	-13.5361350
-4.9443760	-29.0950730
8.5613242	12.0310460
55.0711290	9.8267829
2.8624066	11.6214770
52.3465950	19.2067930
11.6290000	-47.2601110
63.1742740	28.2798080
-19.0139530	-38.3624970
-37.1039270	63.1501440
-12.1752230	-11.4650990
-19.9890390	-63.7280310
-4.5862114	25.3191060
19.2120360	51.6389390
24.9279850	26.5242370
77.7086720	55.6016800
59.2249160	-62.9907610
43.8922900	-56.0358270
37.2001730	38.3113350
6.1064431	60.5670780
3.7039761	35.8625500
80.1137470	-48.5446110
73.9230370	14.6418460
61.1295210	-59.5910270
-7.7470035	10.2424040
-11.7030050	32.6684730
46.5137290	-5.5261347
-10.2570670	-44.5155620
5.8962528	-11.5106440
19.6597570	6.9402282
2.7262597	-48.4316280
-24.9785980	-6.1144176
58.0549980	21.6821910
1.9120218	-52.5609040
18.6370160	-51.1459010
-29.8628510	7.9106996
-20.2670390	33.9499540
53.0444050	-27.0320330
-0.5142497	-18.3199440
-47.4457380	-8.7414234
63.7998150	13.7622440
5.3580583	-13.1116030
27.0714920	-60.0273510
31.4236790	62.6002060
46.0164720	-18.0783700
-46.3377820	62.3367330
46.2822630	-57.3983970
58.2924870	51.3408680
18.1031440	42.6852850
-17.7517970	-56.4623210
7.4960729	-28.9799450
68.9380660	24.0852560
7.3575097	38.9270380
-46.3010130	-44.1780890
-49.7397480	49.3491170
3.0795547	5.2192962
8.4494208	-32.1993610
23.6720390	54.2896700
7.4522241	56.8253850
66.5849120	-52.7518220
39.1534600	32.0953010
-1.4233156	18.8878230
-27.6866170	-13.0537280
-22.9657240	-21.1881000
31.7631820	36.6405570
-6.7742473	35.7081620
42.6602550	25.0211780
28.0382500	-56.9744480
-1.6285608	-13.0107570
-9.4639685	38.1761170
25.8223050	56.0616790
16.8029180	36.1486680
40.4030000	-51.4852950
-7.4448539	-2.0241775
35.3927200	-43.8465440
-1.1567400	16.5621200
-6.2082525	-63.1104170
17.5226200	50.3655890
-22.5659860	-26.4455240
-5.5572605	27.0376080
26.7248800	10.1123270
17.6591450	-12.7670000
49.5711430	26.8404860
52.8913710	60.4550970
-43.4378070	56.6114560
8.4463910	-12.2817690
54.4779970	6.7992475
8.4838420	-55.0844660
25.4103170	-33.9624640
1.3208376	4.8756375
63.3838470	24.3332560
12.3460680	4.3897289
1.9483511	55.8241270
-10.1576040	-57.0780420
-43.7950490	-41.3304350
2.7470066	21.9993800
39.9648080	-33.6758240
19.0119100	-28.7243090
-7.1082556	25.0194120
-22.8283110	-55.6606800
11.9382710	-42.3367250
-4.3517805	45.0391530
-9.2201037	-56.5953310
52.0452400	59.4217710
62.0243120	0.4201336
-50.1886320	29.2179420
21.7571650	-17.5447250
32.2598000	-28.6737860
-4.6069872	-7.8753964
70.0307000	49.8961100
-16.8572330	41.3268520
-21.3019020	-58.4483160
-25.5838550	-3.6360874
4.0412147	-2.4826990
28.5335750	-2.2750779
3.6285681	-15.3121120
-37.6180910	-7.3745597
30.7547510	47.5665380
-23.3251240	25.4820750
73.6605520	26.3681710
-8.5639368	6.8119585
-53.0511270	29.6032970
18.5389240	51.1999040
33.7315360	57.6702940
-8.5155114	21.9862950
-22.9362580	26.2608210
24.9495860	-20.1163310
22.0166640	-43.2406950
-40.1783870	-42.7521170
59.7076440	-62.2068390
46.5397810	22.8355560
34.7418800	51.8744940
-4.3186263	51.8273430
71.9461570	-15.3728150
-31.1540220	-33.6518460
-50.5099350	27.7134770
36.1845420	-36.6441760
-33.7792910	20.6687260
-23.6814530	-36.3320610
-44.7495880	-7.9841612
-46.8484160	-6.1007048
16.8959990	-1.4775158
20.3146350	-62.9677660
24.6136910	48.6203980
-43.7638050	49.8801670
6.6673329	13.4115160
-52.5868670	13.1106320
-15.9166610	-3.0705553
18.8551110	37.5816770
-46.2843910	10.9524530
-6.6648484	-5.4965758
72.6381780	-23.3205050
30.4904320	25.5931100
-20.8135240	-54.5339680
57.6655520	-39.0585190
29.5878710	62.2709190
48.1351820	-33.8948320
-36.4973420	53.0595060
33.8921720	-35.9065020
-47.2240170	62.5420830
39.2775640	-39.5729160
52.8476010	10.9744340
-3.7089030	-31.0558150
27.2576090	31.4789210
-45.7670800	43.9797780
7.6850741	-34.8385930
-21.5015410	-6.6168462
66.0470170	0.8884255
26.1352510	23.3286750
-43.9542660	-33.4033740
-1.0867005	9.8677374
54.2692070	-22.3549120
-32.9709310	57.7273570
0.3510251	-14.0639920
32.2017480	36.1480430
-16.0556140	48.1253600
57.5568110	-50.7456360
39.7391590	-62.5578110
53.1204600	11.7394190
-14.3140030	7.3399746
-15.9731300	-49.2286400
55.9461790	-7.5277035
10.8714390	-51.0490640
33.8662450	41.2414540
6.4868533	-52.1858530
-46.2980600	9.7294083
43.1129630	-24.7949620
-40.4501880	50.4635520
18.5066390	45.3293190
42.3565570	30.1727430
-48.6071020	-56.2929180
47.8287130	-47.9570430
71.1103540	33.9942990
61.1005480	-61.9157300
-14.6441720	-53.6072060
-10.2190620	44.4165610
23.5753810	-4.4930987
-45.6836400	37.8876760
40.3582950	26.9763300
-18.3412230	-20.3724270
-30.7130200	54.1523760
-32.8576920	-41.8383960
40.6717030	49.1697830
-52.6865110	47.1724490
1.9335198	-23.8313250
4.8423075	-47.4906380
-42.1263120	17.2120360
19.7776940	28.3976470
57.2297350	-54.9309860
64.0043770	39.4180640
53.5600380	-42.8415730
-53.8611450	-25.5935080
11.5357650	-10.1635380
48.7087990	-51.4146110
3.5296871	-2.7843239
-9.4892561	0.8744798
62.5126130	45.2111650
-14.9236030	-40.8408160
-14.5777280	52.6535970
-30.5932830	-12.8355500
-36.4215710	-20.8123460
25.8919070	-19.2373450
-30.7039670	-13.4663930
49.4798340	-0.9667088
-3.1173135	-18.3603330
-15.5142240	-39.3228800
-4.9466785	20.7673240
-29.9430160	18.4962750
48.2353480	4.1773570
-56.9215560	1.3460122
-55.2093000	-35.3109430
29.8287420	27.3291570
36.7819670	-0.5798860
-10.5684860	-42.6330820
-14.2248800	-59.8350180
25.8026970	31.6036870
33.9805490	21.0527230
16.7287730	9.0129484
38.8524840	37.2453890
15.9909850	-51.2567870
31.1769480	9.7522770
60.0164690	-59.9783410
-33.7242440	57.0997160
16.6665640	37.7485310
-8.0983665	20.5221590
-35.2860370	-43.0099560
69.0788690	-33.4813360
-20.5974720	-45.5827160
10.1318910	-28.0257710
20.7762480	29.9680170
-20.7006230	34.5802050
-24.7573730	-5.2525084
10.0909620	-16.3043740
-23.3362740	-1.6257016
10.2560060	39.0858210
0.4789958	-54.9112460
-44.4150400	35.0185860
-27.1194570	-48.0021900
0.7430549	-32.7428180
3.1613058	-12.1046310
-55.4655940	38.8582560
36.7653710	-41.2940550
28.3405020	7.1965668
67.2780620	15.3919500
-41.4291730	-34.1190810
-20.5105250	58.4730310
52.9482890	-40.0059500
17.9334210	49.0418280
5.0558008	-5.4872725
23.8545270	51.0578410
-51.6124010	54.2411150
19.1685340	7.6342528
28.1998890	18.7133560
36.6061780	52.9770080
49.8436550	-23.5474190
7.2104787	53.1584190
4.9704742	-54.8405940
-56.1471800	10.5969660
-10.2253850	-17.2409020
5.0165148	52.1653440
25.0073340	54.0511810
-2.2889472	-21.5668990
44.9441750	50.4581440
11.6256640	-43.4033180
-32.8860850	30.4443860
-49.4820700	-19.3378780
0.5373149	45.2716330
42.5693900	-37.5342210
23.6649580	22.4086270
-30.9255100	49.7706560
25.6973990	58.3466370
-7.5774930	50.5571580
20.1691660	-58.9725160
44.7418300	-4.5795416
35.4112900	4.8299222
2.7997813	56.1201260
-47.7931080	23.2969000
-7.2236085	-25.0952150
-33.2929880	48.3748200
58.1715950	42.4199690
24.2204170	-16.9437810
-46.0219160	21.5451740
-41.6041860	57.5004640
17.8170320	-31.2458130
-11.4656190	11.6947780
32.8372260	53.2876940
10.2923900	-26.3520090
49.8569370	2.7263364
59.0802170	59.9234190
11.4854670	36.3228820
2.7928022	-52.3121460
-41.1066490	17.7464510
-12.1886130	-49.5853430
51.8439930	-46.6298440
3.0561715	-58.7325240
-20.6235060	17.6740260
-54.8390760	-19.2739630
43.6648540	-52.6839680
-38.4700110	22.8220880
55.1286680	-7.4555638
32.6864150	-27.2580700
-42.9158360	10.6294660
6.4687050	-23.6993960
-3.3142992	3.3045756
-39.2018890	-19.5591110
8.7926270	12.6092960
28.6665320	-16.7094280
-2.8674043	19.9521090
-46.1844010	-14.1011130
54.3962430	-43.4022420
-39.6229260	-21.0621010
34.9991960	-48.3818350
-47.7536570	38.9906890
-30.9780940	40.3367120
6.1878120	5.5094500
28.9885390	11.1480080
39.7096020	25.7687360
18.6722040	47.0010030
66.3651630	-55.6102620
32.9580720	4.3572296
-2.6658137	52.8772690
-35.6332970	-19.3467590
-29.5773420	33.4143880
-34.9877960	48.5527420
9.9029474	-42.5727820
50.9226910	42.2240890
9.9288448	-14.0330260
-2.2117948	-24.2334110
55.3569930	42.2931690
-46.6968640	53.9784470
-48.0707790	-29.8871550
34.4637530	25.3097820
-10.0770610	52.1052270
32.7224580	30.2792560
4.3478948	46.0136130
-6.3838875	51.1185990
-14.7079180	-27.5374820
58.9473060	18.7166460
3.2677654	-19.0818620
17.0087350	-64.1773210
-17.3794730	-20.7322220
58.0418870	-35.4503670
-8.3198912	25.9841870
46.4842860	32.2038660
10.6233000	61.3501740
60.3938560	8.3086695
-5.9972669	31.2216650
