jMRUI Data Textfile

Filename: dataset5_WS.txt

PointsInDataset: 2048      
DatasetsInFile: 1         
SamplingInterval: 2.5E-1    
ZeroOrderPhase: 0E0       
BeginTime: 0E0       
TransmitterFrequency: 1.2322E8  
MagneticField: 2.9E0     
TypeOfNucleus: 0E0       
NameOfPatient: dataset5_WS
DateOfExperiment: 
Spectrometer: 
AdditionalInfo: dataset5_WS
SignalNames: dataset5_WS.txt;


Signal and FFT
sig(real)	sig(imag)	fft(real)	fft(imag)
Signal 1 out of 1 in file
263.4551200	-108.9555100
469.0497100	-214.1433800
323.3008700	-362.0136100
131.6694400	-422.9785800
-53.9121780	-395.5077600
-172.9161800	-277.8755300
-228.5584400	-145.6555300
-198.4246800	-23.9520720
-120.2145200	51.1759210
-42.5831210	72.6255460
24.6373410	42.8949310
46.3201990	-2.3678933
48.8257700	-55.3203730
10.2861150	-81.7163280
-21.8284310	-89.7711500
-51.3978480	-82.7691240
-77.5818410	-56.9467660
-83.7206500	-34.7370490
-94.9114360	-8.9749460
-84.5993830	21.5824080
-79.0578130	44.5921750
-65.9475860	61.6271770
-37.4433490	69.9563670
-5.2505166	77.4076220
21.3698670	63.5841800
44.8777490	45.3441030
55.3271840	5.3723210
37.6921920	-19.8884980
14.5410540	-41.7224320
-18.1951440	-42.5252220
-50.6587400	-15.8854360
-58.5791860	14.5368950
-57.1154810	42.6506830
-31.1877710	81.0304410
2.8757664	83.7886390
41.4751920	80.4901380
68.9812930	56.5973960
76.3258630	27.4109610
84.8848140	-1.0500639
80.9172890	-20.3948760
62.1959390	-38.9841150
50.2496250	-50.1430990
22.6431500	-59.7166320
2.9383815	-57.7992650
-13.1589190	-49.0203670
-21.9410750	-29.6313950
-23.2437690	-14.9521860
-27.4375840	-0.4659483
-12.0970470	2.9777438
4.9535778	4.1059745
24.8829620	-3.8727790
17.9161170	-31.1017690
4.5717794	-47.4035410
-18.1706130	-55.0048920
-46.5404470	-34.6913860
-63.5708870	-9.7224285
-63.6966020	27.5736380
-39.3975060	51.2507200
-6.8795528	72.1258840
27.7558500	59.5409730
63.1044310	43.7332140
74.5031690	0.3253224
64.7229150	-36.0696050
37.5794460	-56.4337790
8.1923643	-76.9534900
-27.1578260	-65.2529840
-51.0879690	-46.9759460
-57.8147210	-14.4191550
-58.0402570	-1.5422273
-47.7694110	16.2133250
-29.5540650	29.8989990
-22.0647150	35.6137620
-10.8223410	33.8023790
8.0426131	25.8402790
6.2137850	18.8170240
11.9588120	9.8408010
19.9436180	-0.4109980
13.8871940	-9.0382576
-2.7728650	-21.3884320
-22.2337520	-19.4224110
-26.8391530	-5.4988875
-32.1812960	18.7659200
-30.5638150	34.4856280
-10.2275860	45.0591760
21.6025160	45.0529530
41.5955380	41.4625260
52.0740950	19.1591370
55.0899340	-13.4581490
41.8805980	-34.2048250
5.0830480	-49.4658610
-16.0963840	-38.9357620
-34.5114340	-19.4081920
-42.4820690	-1.7782526
-29.9151420	28.6567180
-11.8853810	45.9613010
17.3186970	42.6055430
32.9354260	32.6569700
49.3706000	18.1303840
59.7918800	-15.1928300
41.2636500	-33.9756480
25.5774490	-47.9726420
9.2384807	-51.1841600
-8.8375584	-60.6969480
-30.2671110	-41.8255810
-44.9763990	-32.6927880
-46.4894140	-21.5573250
-53.8004060	7.3625174
-38.1092980	19.6367080
-32.2251080	38.4827160
-6.3387683	39.1037330
7.6271592	38.2653140
24.1381230	25.2371430
25.3408700	7.3467009
17.3093720	-5.0259522
14.4000130	-14.1366910
-3.0617293	-15.6805100
-16.5735880	-11.1878790
-22.3458180	2.1199230
-18.1061040	24.3751580
-1.6817709	27.4834790
12.0113080	27.7202620
29.5797440	17.3043110
39.4282310	10.3378490
39.0329140	-8.7879075
25.0031150	-25.6371540
7.0566066	-33.1150010
-6.1781996	-37.5867440
-29.1233110	-21.8468370
-32.3177830	-10.2257360
-37.5310250	-0.4556796
-30.1867640	16.5990250
-28.0268750	27.8217180
-6.3560694	35.6555560
2.8029248	41.2111870
17.9306800	29.2257490
27.9577680	28.0908570
35.7034060	11.0213760
32.9340690	3.3690629
35.0420010	-14.2886210
24.0452070	-23.2308610
12.9547850	-33.9637680
-3.9898121	-28.2931890
-9.0969230	-23.6854230
-14.8777710	-13.1698960
-12.9738380	-6.0602193
-7.9802672	5.4383737
-0.5515301	7.7901114
2.0527761	0.1985267
1.1872962	-12.4318440
3.9333870	-16.5489350
-12.8118280	-15.4654920
-22.3909970	-11.5466320
-32.8221150	-6.6514063
-36.4345930	1.8366127
-26.0085660	24.0728660
-18.6022780	29.7781460
-8.6857136	37.5098690
11.9620080	36.9371910
18.0201300	21.7933610
32.9891190	14.4133200
38.2716050	-0.3632332
21.7597900	-11.4934660
21.3568270	-33.2945980
2.5796641	-33.6940830
-9.9328932	-35.6916670
-25.1355130	-24.8432130
-38.3335400	-5.4223530
-43.2390430	4.3512459
-35.3015000	29.6148050
-24.3174990	41.9761330
-6.2549152	38.3785300
4.9760004	42.6501060
22.5722650	34.7486830
27.4842490	16.8755800
29.6434240	13.6706370
20.8257990	6.3935809
14.4379990	-1.8861009
19.3261700	-0.9277337
15.9075180	-1.5940715
14.0987530	2.1634664
21.0664610	3.8990258
24.4300660	-3.2923536
30.5456150	-11.8172240
22.8707810	-13.9632270
22.5226230	-20.4576790
18.4312400	-29.2355400
5.2413419	-30.1037690
-11.9271050	-41.6955270
-20.8181250	-33.1283990
-27.7115730	-24.0460660
-30.6208100	-16.5612310
-30.9968540	-3.4349075
-28.5520300	12.1946120
-17.0964320	20.0014740
-5.5566262	29.1097060
-4.2486011	26.5655920
12.1850990	13.1791610
10.1730600	9.5475831
14.9578010	4.0600453
14.9051500	-3.3220968
2.8283397	-16.9314410
-3.6872423	-9.4057881
-7.2748800	-10.0712270
-11.6913270	-4.2749452
-6.1840967	13.4069820
-10.9544100	8.8007684
2.5780363	8.6778870
6.4986957	12.1348590
16.3460100	-0.8915565
5.9329722	-2.0603824
0.6831204	-9.3414568
1.5743411	-10.9990540
-10.4517100	-4.8386543
-13.6614450	-7.2619260
-13.9640800	5.9572845
-12.6856680	7.9600435
-13.2601120	20.5696080
-2.4156822	19.7359510
5.8496388	24.5675040
20.9769790	20.4523980
26.8661970	9.5918323
30.8632030	-0.8441629
35.5255780	-5.5551886
26.9004440	-20.0137590
22.3085930	-20.9240930
11.1036390	-22.5270980
-4.5943637	-23.6684620
-14.9748320	-17.1987260
-15.4878960	-4.7973547
-15.2960690	-3.6466016
-11.7879900	3.5651152
-11.1569510	8.1888046
-1.2452817	13.9607190
8.8917303	7.1108558
14.2155090	2.6495194
9.9707031	-4.4394259
5.9601615	-9.0056484
-0.7144822	-8.1587366
-5.8744922	-12.4708380
-2.4864004	-10.7605730
-0.7811184	-10.7799800
-4.3111013	-3.5958544
-3.2154471	-2.0738135
2.7881130	3.5823789
3.9166307	-1.0016786
4.4995039	1.5524685
-1.2865693	-3.5136985
-1.2573384	-5.5058644
-13.7356220	-14.6881910
-17.6263320	-12.4987190
-22.8054980	0.4941548
-18.1736640	0.8491507
-19.9538870	9.1498226
-18.0040770	16.6686100
-11.2503080	18.3726890
3.8298218	29.8363700
5.0654126	21.3976240
19.3035490	18.4366800
20.2812770	15.2398810
20.1816680	-2.6225520
18.6062540	-3.3070730
5.3081162	-6.7216459
6.6331788	-8.6035194
-7.7835417	-2.2546160
-4.5476334	-5.4586128
-8.7998981	0.3332823
-1.0731238	14.5509160
7.9846261	13.0639670
5.9929357	10.3121180
7.9462405	6.7685291
9.6471953	1.8348738
15.7661920	-9.8551056
5.8780248	-13.5462240
0.4310122	-13.9147000
-5.3498806	-7.5675597
-12.8044920	-13.9924340
-5.9266820	-9.2992210
-7.1547036	-2.2273981
-9.2599673	8.5969514
-6.3089570	4.2972031
6.5530073	4.9564928
14.0099780	0.1987801
9.6894961	-5.0636233
8.5251713	-10.0227670
2.2921090	-17.1892930
-3.2675989	-15.5321230
-0.8696705	-20.5513530
-8.6261615	-18.5419040
-20.6567230	-0.7864534
-14.2994430	4.2064838
-13.5014550	7.2224105
-9.7582936	13.9781110
0.2957433	17.9568670
8.1710497	18.0706770
13.7210720	14.8916160
11.9522210	11.3604570
10.9742800	-0.5748265
15.4888420	-6.0194202
5.1705529	-6.9399024
8.9476598	-4.8303935
-3.1298442	-16.0157680
-2.5923914	-3.5959871
-1.5616008	-2.7629743
-4.7001562	-6.0475176
-11.3604630	-3.2373069
-9.7805836	7.8803202
-3.4454285	2.8530857
-3.1131105	-2.9062186
-4.8360364	-1.5280325
3.9913522	-1.5471879
-0.7594884	-8.1683823
-7.7247077	-2.5196189
-10.6181870	0.0120953
-12.5425070	3.3463713
-10.4579500	3.9102700
-3.2912537	8.5897905
7.9557030	10.2879400
7.5437215	13.3469870
12.5133980	8.4100665
21.1511840	9.3123216
18.8872370	-3.9332297
7.2781156	-4.7676417
10.6646450	-12.6527780
3.1040697	-11.3854000
4.3316265	-15.6740640
-2.6579512	-14.3737510
-9.8776268	-0.1372354
-4.4717667	-5.4424441
-9.6282339	1.3613016
-7.0800872	6.4953289
-3.2611855	0.0126900
-0.3159337	0.1520102
-2.0841278	-6.7424323
3.5953483	-5.5081357
-8.1101613	2.6936131
-8.3877637	-2.5036523
-4.2904712	3.8123518
-12.5707910	3.7933811
-5.6336679	-0.3697131
-0.8042566	11.1055320
-3.5541494	3.6865497
-0.9822877	9.2972336
6.4874586	1.3730588
9.3495853	1.9398381
0.6753094	0.7729628
1.1408167	1.3725026
-2.2205542	-6.3131678
-9.8370480	-8.0475671
-10.2373180	3.6986212
-14.3229000	3.8542991
-8.2174009	11.8228400
-7.1857990	6.7046091
1.9690963	18.4420760
7.2372364	20.0961580
13.4043510	13.3753610
7.9887320	14.2290300
16.3374970	6.5608647
14.2097340	-4.9997633
18.3250560	-5.2440750
7.3950951	-10.3141750
0.8731506	-8.1357427
1.3733418	-6.8024497
2.1990739	-14.1284630
-6.6403244	-11.9002060
0.0047794	-3.2672690
-6.4068182	-1.9391378
-1.0528796	-0.6386620
-1.5671684	-6.6782486
-2.0276502	-5.2488638
-3.4693899	1.1670005
-3.4334445	-4.0791482
-9.1261335	-0.8665909
-5.8599344	-6.2899791
-7.0390555	-2.4693769
-8.5122324	1.9378723
-4.4171616	10.8117370
-10.8799190	11.7623820
4.3407949	14.9535460
-2.3456372	8.2642384
12.4817000	14.1319470
5.0687658	11.6564650
10.3240490	2.3258670
12.9732090	-6.2303652
7.9962820	-6.6216626
9.4240619	-5.2904864
1.5605547	-12.3763020
0.9130215	-12.4509970
-4.1303587	-5.1684157
-4.4747368	-3.8230573
-12.8675690	8.0600888
0.5329767	-0.2945659
-7.7396298	1.5728750
5.4759681	2.7878921
4.5430649	10.1632720
2.1747560	7.0561317
4.5241498	-4.0667027
9.2635195	2.5132455
7.6109654	-9.1555639
4.7284576	-4.9613911
-6.6890822	-3.8189532
-5.9463151	-7.1311877
-3.6360354	5.9536282
-0.3751783	-0.4807988
-2.9569153	8.8001192
3.8691373	-2.2318791
2.9542640	1.8209619
2.5366978	1.9132744
-1.0371275	-1.8163494
1.0813208	-5.5703726
-0.5145141	-11.7979480
-4.4088168	-7.4714307
-6.4060795	-6.1353670
-7.7661700	-2.6667198
-8.7593458	-3.1538266
-8.9693531	0.5795103
-0.8028086	9.3151501
5.4003760	0.7114365
-2.5073258	-1.0140653
-0.4665556	-0.0707245
9.1742329	-5.4042488
7.4785400	-6.3446150
4.8251867	0.0058704
0.2771742	2.4353120
-5.1398782	-4.2894105
1.7053884	-2.7498851
-4.5224669	-6.8453177
-2.7266673	1.7447378
-7.5489124	2.3939374
-5.2710292	1.3268972
0.8954050	-5.6123915
1.3936219	-2.5157010
-0.4731563	2.7202693
-6.4633556	-0.8440892
-6.6609603	-4.4389063
-5.8033097	7.4441183
0.2208384	7.4764656
-2.5072649	3.4742397
3.3966344	1.3786471
0.4534012	8.9270867
1.5893090	9.4319541
1.2996320	5.2670569
2.4076086	0.0550682
7.3714817	-0.3733946
0.6156610	-7.5637978
8.7856868	-9.6640046
-1.5563580	-9.4710837
1.9412926	-2.3849864
-5.4534590	0.0231755
-7.4308040	1.5548650
0.6212984	-3.4652873
-5.1480319	-1.2035269
-5.6131931	1.4173551
1.1729840	7.0307302
1.9064495	6.9281277
-1.9239314	-5.1081531
-0.0746194	1.8988659
-2.1684468	-8.8936034
5.6468452	-0.4774709
1.3648449	-9.1008730
-3.6937966	-0.9944127
-0.6603693	-2.1772629
0.3957690	-0.9182448
-5.1998804	-0.6342810
-0.9820414	6.4417364
-6.8624648	2.7503867
-1.9748643	8.6115638
0.5767273	2.6328202
2.9554214	0.1867194
-2.1959328	-5.1532364
3.8965796	-6.3014213
2.3390898	-7.1150374
-2.8214227	-1.3855638
-7.0739149	-0.9981364
0.2314291	7.3033892
0.9133438	2.8551464
4.0968749	0.6246886
-3.5153738	3.1573123
5.4918911	0.3286204
7.8865437	4.0118815
7.2201270	-1.5181317
6.6499127	3.3963311
0.0428681	-8.5262975
5.6377668	-9.1270605
2.8017391	-4.7442318
-2.9153203	-6.4921954
-4.0083157	-5.6748258
-2.8900591	-4.6612918
-2.1344380	6.7520969
-3.7014784	-1.6556397
-1.7124761	7.0093198
0.9638493	5.6256252
-1.1064748	-2.1453664
5.9130158	1.7532299
-1.8833465	-2.4697855
5.3596565	-0.9539278
2.7498403	4.6178012
-5.0291299	4.7917089
-4.8304710	4.5913262
-1.6716049	3.8981806
1.0514557	-2.6911634
-5.3616257	-2.5143651
-1.8385810	6.3212581
5.7964577	3.3982173
6.9920037	-4.2560727
7.4352528	-3.3721410
-0.7178633	-7.4508847
-0.2592148	-1.3542893
-0.3735182	-0.7601225
-1.6745831	-4.5704278
-2.8275086	-5.8670273
-2.2616456	-2.2450973
-7.3249183	-4.9869311
-1.1064423	7.1333851
-4.5989695	1.3364994
-1.2551444	0.0666462
-4.4713049	-1.2672131
-2.2411712	3.3705304
6.8785796	-4.5798735
-0.6502999	1.9370166
4.9700994	-1.6805731
1.5201588	3.6351128
3.0438260	-5.9684298
-1.8967618	3.4067985
2.4754140	-2.3088229
-2.8740083	-1.5525433
-6.1469632	3.4488005
1.9019399	-0.1215981
-1.7855867	-1.4088508
1.9352632	-3.0362369
-3.0721720	3.1505123
1.1797505	2.5632084
-1.0435540	-1.2954568
1.3310762	-4.9144303
0.5217916	1.5085844
1.1270448	-1.7306721
-5.3085452	2.8536450
-2.8548460	0.0900885
2.6876025	-2.7314303
4.5456320	7.5495204
-2.1795239	0.0542104
7.7943782	-5.8068487
4.5347997	-2.4536714
3.2422970	-4.6566681
-4.3866241	-7.4896122
5.6763501	-0.7769153
-0.6484193	-6.5260673
-5.8762914	3.8343951
-3.8478997	0.8002555
1.2157423	-2.0270659
-4.2295010	1.5301776
4.0401633	-0.2050430
2.0098223	-4.4244033
1.4865744	-3.3705187
5.6504323	4.5253678
-4.7930600	-6.2095522
-0.2249286	2.3186563
1.5263564	4.0713508
0.6013419	-4.9472515
-4.7767167	-4.4066602
-6.0165642	3.5710939
2.9880088	-1.1359546
1.8431092	7.3280858
3.9598650	-3.4546181
-4.3408130	-4.8611405
-0.9294676	4.4246366
6.7479265	-3.4506917
3.9967177	-2.2474337
4.9043191	0.6803709
4.5699750	-3.0445507
1.2003587	0.6979202
0.8461190	0.1809635
-2.8834491	0.9337663
-5.6081367	3.9899593
-4.6093455	3.5784316
-6.1960245	6.7461688
2.0918134	-0.6962132
2.2574563	7.5258601
-0.6383207	-1.5004875
6.3561047	-2.1512910
1.9063473	-3.0481725
2.3698663	-5.5810044
3.0619941	4.0765605
-4.9692720	0.5670394
-3.5647685	-0.6668760
-1.4216301	-1.7716786
2.2450711	4.3007428
-2.9674467	-4.0058090
-0.8675144	-4.7165292
-5.4970296	-1.3253462
-4.9917863	-1.9929514
0.5702626	-6.0543092
2.5115146	-3.8121643
-2.0490418	-0.9449985
1.7110819	-5.5612974
-2.1876941	-5.8005654
-0.1149455	-3.1287176
-4.6504317	-2.1352327
-4.6856925	0.4769111
5.3614966	7.3461778
3.3622427	2.6041676
-4.3866293	0.5884895
0.2075925	4.2391890
-4.1592407	-1.1413170
-1.1440514	3.9562231
6.1135680	-5.9672956
3.7657252	-0.8802545
-4.7278959	-1.6950488
-2.2334360	0.9422822
-6.5773502	0.4064555
-6.3324535	2.0429049
2.5284133	-1.4492337
3.7236318	0.1984637
3.5167778	-1.5369316
-2.8882203	-2.1110398
-0.9483171	4.2063840
-0.2799951	4.4425434
6.4476424	2.8466100
2.5388865	1.4188928
4.4824431	0.4734508
-3.5802113	1.2071461
-3.0930344	-4.5882295
-1.6247562	-4.9257777
-0.5630680	0.9191478
1.0056569	3.9611380
4.8223689	1.1581533
0.4947859	-1.9026298
2.9672234	1.3014745
-0.8301464	-4.2846955
0.8038785	2.1797037
2.1915671	0.0777280
1.4881560	3.7155246
2.7492094	-0.8665461
-3.9096795	-4.9855492
-4.1548551	6.3866179
-0.9203627	-5.1467436
0.6565898	-2.5842419
4.3098005	-3.0079419
6.3994957	-3.4726776
0.2377002	-1.2231443
-2.9382608	-2.7775050
3.8607617	1.9543826
-0.7491448	-6.1405050
-3.2302922	1.4917180
5.0286220	-1.7346804
-3.6733344	-0.3422210
-4.5784746	4.6589673
1.6300345	-2.7537629
1.5503481	1.5833121
-4.8019212	-3.7942791
-1.4359795	5.5260270
1.6341587	-1.9817814
-4.1082103	4.3460620
3.1546099	1.2598454
3.4271895	2.2002588
5.0404894	1.3110984
-0.1714215	1.4069128
2.8567477	-5.8287883
-4.0324888	1.3544959
2.4521000	3.5176394
4.5271052	-4.2941908
6.1438753	-2.1078408
-5.1654745	1.1616596
-0.6047060	-0.4501069
6.7535451	-4.6698864
-0.3529071	0.1732120
-3.1318130	2.8376199
-0.4956374	4.2219364
3.4555975	-3.6964416
-4.2837942	2.9748741
-4.1151763	1.0440784
-6.2246746	2.7201802
4.8575782	6.3099658
1.5637530	5.5578411
5.5421151	2.6120420
-4.7545663	-3.7127261
5.7248592	2.7232645
5.7201862	-0.8205479
-4.2614414	2.0049008
-3.3656379	0.4619756
5.7385952	-5.4500550
-2.7176398	3.6795707
-4.7947803	-5.4558538
-3.0296814	-5.6734851
-0.5242520	-1.6648467
4.8398057	-3.2179192
-2.8276694	-4.5703193
3.4889506	5.3105407
-4.8567251	-0.7058425
1.6263316	4.4648320
3.5918653	-2.5301622
2.5393163	1.2873310
3.6808778	1.0335047
1.5211671	5.6212347
3.1206204	-5.4122766
2.1913038	4.2500617
0.0554034	-5.0671641
3.8312003	3.9647103
1.8325610	-3.6301363
-1.9403144	1.8807789
-4.3602204	-1.2335902
-4.6565024	-2.1858420
-2.4999113	2.8404483
-2.2612394	-2.0369211
-1.3527410	-3.4696653
-3.7829942	3.4603704
2.9199053	-2.0645264
1.3266380	-5.4367233
-3.5745980	3.6692307
4.9231864	4.8834853
4.6304322	-0.8094626
3.2487426	2.1945098
-3.2918729	2.2770926
-4.4224753	-4.1861645
1.0291759	2.9154166
-5.4406516	-3.6217329
-2.9370458	-4.7399918
-0.0020063	-0.3280923
-4.6436828	4.1597856
5.2010716	-1.0370531
2.6543853	5.8048669
3.9027326	-2.4881625
5.7276035	-1.8362178
5.4194252	0.4634228
3.2907178	-3.1918077
1.4575528	-2.3024318
-1.3671620	3.5728937
1.7771007	1.5053413
-4.3233202	-5.5102104
2.5141488	-1.9907856
2.3314862	-5.4346237
4.4178743	-2.1836000
1.3216637	-5.8812068
-1.8483896	3.4888083
1.3518140	-3.9663550
-2.0184451	3.0387538
-0.0076858	5.5930719
1.5145821	1.0739333
5.9549488	0.9855638
-2.7506439	-5.0339421
2.1371931	3.8573913
2.0378995	-0.6042166
-0.8859283	5.0174934
-1.5693326	0.6552288
3.5680861	-3.9014201
5.3546024	5.2698174
-3.9488831	1.2163222
4.4647109	-0.4241292
1.6317412	-3.5699710
0.8210457	-4.3713763
4.4318450	-4.9231501
-2.5223418	2.1496427
3.9146827	-1.9552415
-2.0105712	-3.5449616
-4.4230782	-2.6521461
5.2727472	3.5429802
3.9941013	1.7861864
0.1084465	-0.6375002
3.8892611	-1.4696929
-5.5554502	-1.5986654
1.5689082	0.8372046
1.9628758	1.8175750
2.7011256	1.2855611
-1.5466081	-4.6871649
4.1288483	-3.8064949
-4.9273238	-1.8388912
-0.7470082	-5.6607380
-5.3150354	1.3202575
-2.0494752	2.1372618
4.8112598	-5.0262711
4.7633688	0.2834278
1.3069916	-4.4306203
5.2961640	-0.4780741
-2.3612372	-1.6986684
-4.8139879	6.0109185
1.4721868	5.6481234
3.9191369	4.3371347
0.8306065	4.2979565
4.2473241	1.7364129
-1.1640965	5.1689840
-4.1997273	-3.0990239
5.5333660	-0.1978112
-5.0786135	1.4558049
-0.6610323	5.1075070
2.8885388	-0.2364013
2.9216275	0.1072472
5.2014262	0.1493461
5.8575494	5.0731507
0.1980830	-5.3343334
-1.8813724	3.2941884
2.2637162	3.5775480
-3.8744179	1.3786259
-3.0270287	-1.4414707
5.2627876	-4.3696959
-2.3875243	2.5380836
-0.2226587	-5.2547281
0.3842524	6.1116077
3.5766539	5.4574990
4.5434371	2.9186054
-2.5173878	5.5984093
-1.2400320	-1.5532074
-1.4200506	5.2931469
-5.5521620	3.2769914
2.1202366	-2.3068337
4.1575659	-4.1844956
5.1255933	-3.4930429
-2.5205905	2.7448441
3.6779812	-2.3947559
-3.7356900	-2.9081969
3.5128572	4.0543428
1.5437573	-1.4689456
0.1535782	-0.9080124
1.3457142	-2.1541010
-2.5940372	-4.0880428
4.0828021	-1.2282779
-1.8259271	5.2468332
-2.2842770	5.5891907
1.2799995	5.7987091
0.2342324	-2.6043530
4.9664658	-2.9074839
1.5849584	5.5599780
1.3532465	-0.0991086
-1.5358463	-4.5660522
1.2980077	3.8627856
-2.7745642	2.4625532
4.1933617	3.1966442
0.8257431	1.1559181
-1.0527321	1.5480358
-3.4823721	3.6256971
2.5966445	1.2197168
-3.1210727	3.5913724
2.2147196	2.7343617
4.4926299	-4.9947409
-3.5026153	2.6466042
-2.4600140	-2.0971999
4.4693873	3.1414826
-2.0697494	-1.8113805
-2.2105764	1.4336282
-5.5848854	-4.8980617
-0.3355947	-2.0178854
1.9882290	-1.4896988
-4.4360004	1.9550032
1.2751619	-5.8508651
2.4366621	-3.5119428
-1.9337231	2.2216553
3.8166185	-1.8788260
0.3246474	-2.8883192
-3.9103455	0.6206137
-0.8402379	-0.9016995
-3.9846111	-3.9813032
-5.8216956	2.7360050
-3.0873613	2.3459473
-2.2805612	-2.3416496
-5.2575432	-2.4769683
-3.6774243	1.2224314
-4.3496540	1.4152246
3.0828351	-1.3085560
2.4014009	5.3747313
-0.1729854	-3.5491481
3.6267998	0.5277921
-0.5392902	3.7525525
4.1411129	-2.8404354
-1.9582688	-4.7272099
0.8259912	3.1619011
-1.2192440	-5.7494266
0.8833897	5.8129146
-3.8398039	-5.4207337
1.2642390	-1.4409580
-0.7346487	3.2437229
-2.8377930	4.3524506
2.6417371	-0.1355489
-5.3239959	4.5987437
-0.5727768	-1.0201997
0.2258889	5.7923701
-4.7571580	-1.5651980
2.3920831	-0.3936404
2.2818066	-1.5429764
-1.9374394	2.0689993
5.4088077	-1.9111098
2.2015271	1.9312994
1.2360359	-1.7373599
-0.4328910	-4.3549992
1.1158748	-3.4205107
3.3912730	-4.2817016
-3.2545619	-4.4588539
1.9867758	5.7244523
3.7651840	0.5458902
2.0161269	0.1137624
-0.3541348	-4.9224147
4.8359281	1.1419693
-1.8213840	-2.7252687
4.9615647	-4.9102989
1.6168327	-1.1688646
-5.9314470	2.8827523
0.2309017	-4.3313923
0.7011109	-4.6253875
-2.7450402	1.1494425
-0.9289185	0.6776776
-3.6405187	-2.7539872
0.2023336	3.2662048
3.4974702	-5.4226932
1.8192997	5.5674006
-5.2257869	5.9604822
-0.4662378	5.7026107
4.5024937	-1.9763994
-5.6860690	3.9743918
2.3026382	-0.6718643
-0.3950309	3.7349091
-3.7166839	-0.7653553
-5.4618416	-0.8198448
3.2283746	-3.6163120
-5.3933900	-1.0974611
-3.8276082	-4.7948723
0.6033455	-0.4421406
1.0113477	0.6120344
-0.0830275	-3.4325420
2.8084850	1.4087834
-2.7190019	2.7206431
-4.7453918	2.1073071
-5.5250189	3.1492878
-2.3071118	5.6627647
4.5103825	5.1386380
-1.9347757	1.0193863
-3.4076533	-4.3259337
5.4919331	-3.8635214
-2.8691649	5.1972869
-2.8895183	-5.7801739
5.9181320	4.9242222
4.9117432	3.3993847
-0.8963256	-3.2710061
0.7354108	-3.5512190
-2.8952875	-5.6906215
3.0577791	-3.9184366
-4.9605149	-3.0132129
0.0244580	0.0769492
3.0885769	-4.7052506
0.2903432	-1.8407683
1.1786519	0.2952484
-2.8609650	-4.0820264
-1.1458533	1.2837649
4.4019567	-1.7514109
-2.5929580	5.2482749
4.4339846	-5.4137039
-1.8047927	-2.1281911
-4.5967444	4.6927320
-5.6196178	0.4048569
-4.1363827	-1.6674622
3.9674550	-1.8564917
3.8183593	5.9654354
-4.5336100	-5.5579694
-3.1170470	1.4383194
-0.7219857	-3.7089302
-2.4052310	-0.6740977
-0.0022869	-2.8938106
-5.6978934	1.8962379
5.4673688	0.6192980
-5.1186390	1.5018097
-0.3758458	-1.1540870
-1.8750205	3.7219725
4.9472791	-4.2249131
4.8953137	-3.9152128
1.1657575	4.8304355
0.3514853	-0.2743062
3.9506910	3.5544706
-0.9343891	4.5272855
-0.8961490	-1.1191788
-5.9295717	-1.8113319
5.1765937	-4.8120717
-3.6770677	4.9411263
-1.8153740	5.7188265
4.7795371	-2.5560121
-4.3748298	5.0626286
5.7086704	-4.6765558
5.1913716	-5.3120323
-4.9812534	-0.7393788
4.4753112	-5.0089873
0.0182787	0.9790545
-4.2276151	-3.0472051
-3.5548859	-1.5577858
-4.2392460	0.5929657
-5.5983921	3.3619920
-3.7734806	2.4319478
-4.2874619	-1.4504002
0.9682664	-4.2154145
-1.4352460	0.1113829
-5.9683144	3.6666336
2.2001943	5.4437693
4.4592711	-0.8157804
-1.6193080	-3.0773445
-4.0429126	-2.4918390
-5.0991271	-0.1922257
0.3584898	0.5015205
-5.5006841	5.0225295
-1.6058829	-2.6502864
5.8745430	0.7652982
-0.6330065	3.9098200
-5.8808426	3.0381213
-2.9250224	-0.5264602
4.8968288	-0.2342366
4.0969715	-0.1006649
-1.9977638	-1.7578014
4.0590965	0.4276913
3.0418771	-3.6902116
-1.2561677	1.2276572
0.5531148	-3.0687982
-1.9876092	-5.9182533
4.3865383	5.5158221
1.7441300	0.1211335
-0.4274993	-2.8524539
-0.4133961	-5.9425229
-2.3858187	2.0108465
-0.6045800	0.4603079
5.0805897	3.2912842
0.5170323	-5.9046539
2.4392906	4.0108077
-4.6031482	-0.8487830
-1.8893993	-1.9452121
-0.2026166	4.0830974
-3.9467834	0.4689042
5.9940128	-0.9980181
5.7698641	0.7691680
0.8411706	2.6262355
0.4393951	2.9950416
4.0823511	-4.1733123
-5.6416234	-0.0885883
-0.7120484	-0.2430716
-0.1261684	5.7063820
5.2471310	5.3469379
5.5368575	-5.6376211
3.0713696	-1.7858855
-1.6306245	-3.7433091
-5.4942898	-3.6868053
-3.1782199	5.0738249
-2.6959061	1.3560637
1.6233297	1.3815155
0.8848010	5.9875758
-4.6696035	3.4773743
1.0356439	2.5897562
-1.5581809	0.1624536
4.9203017	-0.5797924
-3.6139621	4.6937092
2.7406325	3.2824422
-3.4960610	5.8460111
-4.7136238	4.7174882
5.1069373	0.5330118
5.6815103	2.1693016
-1.0340912	3.8280714
-3.0788944	1.0953181
-1.6190849	-5.5497734
5.4894344	1.9399691
-2.4127802	0.5733069
-2.4605078	-0.8897191
-0.0115165	4.0293731
-1.7924751	-4.6004886
4.3223437	-2.3177851
-3.7518759	2.5540987
0.6141998	1.4892591
-1.4413928	3.0260026
5.9931843	5.4693038
-1.5332979	4.2713858
4.5881718	-4.1457053
-3.0741331	-2.9575686
-0.1965555	-3.7651079
-2.3907301	2.3595355
3.0351194	0.1594446
0.3394404	-4.5131058
2.7764750	3.7045233
2.7348127	-1.9443337
3.1668593	2.6926666
-3.4422930	-3.8777949
-1.3892454	4.3313959
-1.6931418	-3.8698621
1.3817929	2.7502523
-3.2468591	-2.4679291
-0.2638382	-3.8006826
2.8232513	-2.5675202
4.1392386	4.8059047
-5.0635836	-2.4415926
4.3863658	-4.7530745
-1.1155820	-1.6587172
-3.2474689	-3.9905037
2.8166965	3.1992170
4.3741633	3.3928130
-0.6824823	4.8552558
-3.9420273	-3.3017772
0.7446853	-3.2958647
0.2668561	-5.1874993
-3.1483542	-4.7202363
-4.8190309	-4.1640128
-4.1208792	-1.9463553
-5.6587441	0.0087762
-3.3239928	3.6794730
-2.5627944	-0.0734421
5.0160170	4.0785971
-2.3989965	-3.8246892
-0.6149161	4.3542582
4.9896714	0.9906101
0.4007908	4.7250910
5.0659744	2.7355359
-0.6230143	-5.9708985
-2.2994355	-4.8751293
-2.4753701	-1.3212951
-1.7997882	1.8567397
4.8476988	2.0745744
4.2183792	-1.3812823
2.8851360	3.4429474
1.7527640	0.2810910
4.9066771	-0.7890601
1.7022010	-1.3746998
5.4183548	-1.8941687
-5.2046092	0.9580697
-0.8806664	-4.2836213
-0.4343951	-1.3864843
4.8181413	-0.2897288
-5.9963197	-0.5362946
-4.4885673	4.5852766
3.2245190	-4.3777122
-4.4908149	2.4529863
4.9321246	-2.6101033
3.1764300	2.4783656
4.9057446	4.5855762
4.7334029	4.7352498
-4.9544723	1.7447936
4.2512448	2.6937094
-2.6312116	-4.5651143
1.8330394	-5.6876777
3.8863158	4.4169080
-0.2241945	-0.4884592
0.5086491	-5.3822120
-1.5470573	4.4827818
1.7673100	-2.7819626
1.5079190	1.3134600
0.3452852	-1.6443304
2.5857062	5.6300980
-0.5620442	1.6900341
-0.1542128	-3.9432237
-4.7182080	1.9832602
-3.1398200	2.2211006
4.2714669	3.3361681
5.6162541	5.7549406
5.3714827	5.4352828
0.9225448	-4.8440439
0.3168545	0.6568278
5.5684053	1.0905418
-2.3380310	-3.8546439
-5.7178567	2.5816512
-0.0897829	-4.1964455
-1.4580631	-1.9712986
-4.8583749	-1.7621535
-2.8737333	0.4841166
-1.4541466	1.0045309
5.1019793	-5.3492145
5.5901344	1.9308949
-1.0830814	-4.6252688
-0.3086409	-5.8324206
-5.3715744	-5.0893210
-2.3165794	-0.6065832
0.9527315	5.1091927
3.2177365	4.0716732
-3.5219130	1.8110267
2.0434389	-1.8231640
-1.2034362	4.1766827
3.0627650	-2.7101963
0.6163934	-3.6229874
2.3657475	-1.7635609
1.6331033	1.9961856
2.9783864	0.9866318
3.1570522	4.1132012
4.9557131	-3.1324283
-5.7773868	-0.7657513
-0.3826068	0.4021709
-3.8480367	-1.5177880
1.5799863	4.5952500
-4.6707206	3.9568353
5.3723735	5.0931655
4.3548611	3.9969673
5.8813938	-1.8531096
3.6742074	-4.7071857
4.5738488	-5.1117348
3.2932492	1.3143227
5.3141229	-4.9116933
-0.5124709	-4.3223202
2.9087417	-0.8769730
-2.9091969	-3.5667225
-5.6829393	2.0573435
3.4024014	-0.6229527
-4.9617721	0.7073254
3.1308969	2.8120141
4.8069341	-0.0240627
4.0330099	-2.8497350
-5.8833075	-0.1400053
-2.0430968	-4.5658071
5.2143242	2.1075527
4.0795949	-1.1518294
3.3508446	-2.6014515
-2.6004361	5.0734797
-2.7634683	4.6725161
-5.3124240	5.7360305
-3.8666753	3.8804610
4.4749289	4.9619811
3.4310251	3.9356401
-3.3522120	3.8087338
-0.6127225	4.4797537
2.1867926	0.0950290
0.8032807	-2.0911015
2.0278630	2.9732200
-2.5173199	-3.9320296
-4.5039921	-1.2049771
4.6415626	2.6127874
-0.0066579	0.0180683
-1.8540823	-3.2879522
-4.7940224	-3.0807136
-5.7994097	4.7762094
-0.0132586	2.5656018
-1.1528742	-3.6778929
0.3981793	-4.2988881
4.6584512	-2.5635961
3.6776803	3.4440630
1.1882039	-0.8865076
-3.0847169	4.2216784
2.7679478	-3.6455631
4.7600159	2.9763300
5.0528302	-3.4373163
0.2079903	-4.5076584
3.3492046	-1.7800555
3.3278188	-0.3230886
-1.4534452	5.1508567
-5.6008493	-2.0273704
5.5327335	5.4331819
-0.7246809	2.5939808
4.4799620	-0.8729370
4.2800839	1.4292064
-5.9770482	-3.0759109
-5.5813311	2.4241876
-5.1372780	-1.3134833
-1.4066866	-2.4573377
-1.7880532	-2.8949677
2.1160483	-2.6992064
0.8384530	-0.2161852
0.3724764	0.5272237
4.1595765	-0.1346082
-2.9377301	-4.5115022
-3.7384255	-3.5633082
2.7933740	4.1504271
4.7902997	-0.8402510
-2.6432929	4.1429362
3.6149635	-0.2037733
4.3750721	-1.5129294
-3.7485939	-1.6182576
-1.3974514	-3.1782280
4.6888590	1.8506452
-0.9318676	0.7324272
2.6888383	4.3172618
-4.8037618	4.9768420
-4.8530986	-1.4716730
-2.7947000	5.8668231
4.3788961	4.8150080
-0.9986602	-5.5253681
-1.5062750	-5.7481405
-3.1559871	4.3061105
2.6755072	-4.9849871
-2.1143273	5.8304117
-4.6649144	1.4279455
4.0296937	2.1132814
-1.2483381	0.7168284
3.2232010	-3.1386231
-0.6355953	4.4579291
-1.0593724	5.3497410
-1.5975514	1.6704347
3.4117494	-4.9803996
-2.8578571	0.8050061
0.7917014	-0.5718755
2.5003562	-1.5607863
0.9588952	-0.2013273
2.1390546	-1.3097655
1.6134320	-4.6334625
2.7432836	-3.3125378
-2.3402647	0.0770447
2.0528552	-2.4985834
3.8198962	-1.5046828
0.9306802	1.0187809
-1.4440124	3.4855449
4.8099139	-1.8301050
-1.1620847	-0.7488856
1.2925154	0.2420425
-2.0280248	-4.1469593
0.9825511	1.0209990
-4.8713044	5.7754256
-3.5448094	-4.5633339
-5.9012092	-0.8286824
5.0915217	1.3373468
2.9821803	-3.1420874
-2.2543141	-3.1059980
-3.9500135	4.2911675
-1.9775909	-0.7649934
-5.1538463	-3.3459715
-2.1752689	-1.2582849
3.6841051	-3.8323494
-3.1984254	1.2414465
1.1256867	4.5507088
-5.9326246	2.9654209
-0.8202008	4.9621135
-2.6348659	5.5431551
-1.8816951	-3.1507142
2.2568540	-1.5604540
-4.2395010	-4.4947046
-5.1696269	1.0286473
5.9867825	-2.1631999
1.2755039	5.7572921
3.5927957	-2.7060279
3.9693937	1.8703411
-5.3683745	0.6916738
-1.2558982	2.9778424
-4.3365626	1.1212245
-5.3763955	-1.9634078
-0.9796191	3.7075067
4.6863533	-2.7006407
2.0780845	-1.4225169
1.0699022	-4.1195649
-1.0093878	2.6259994
0.7436479	-5.0048126
4.8904332	-2.2071047
4.1562985	-0.4375932
-5.1570092	5.4768021
-4.0641734	-4.6055280
5.8462175	-1.6059655
-5.6011245	-2.5452814
-3.9363603	-4.6322406
-0.6238847	-4.6390315
1.3571831	-1.3380774
5.1389329	-3.9417888
-1.4603445	0.0586364
-3.8932592	-2.9185164
-2.0280587	-3.7102191
-3.7038765	-3.8211837
5.5130041	2.3684071
3.0978830	3.5800752
-1.3013617	3.2012369
1.2879668	0.1169282
-2.1649997	-2.5739518
5.4892018	2.4250742
-1.4712724	5.9343015
0.5351866	2.6224542
-2.5487988	-4.0317864
-4.4486989	-1.7288627
-2.3014848	-1.0819199
3.3898154	4.0417386
5.9891319	-1.5129669
-0.1965280	4.9672843
-4.6908127	0.0290923
1.6622010	3.5584157
-1.0054051	-0.9983370
-5.8226276	1.1587039
1.5974371	-2.8042393
1.2834160	-5.5285194
-3.7469472	-4.5056098
-0.5820816	-2.6470787
-3.9961565	2.7323654
5.3332460	-4.1423912
3.9211960	-4.3411309
-1.1482195	-5.1737692
3.6460111	0.8246263
-5.3624845	3.1578513
1.7401906	0.8485430
-1.2922945	-0.5496229
5.6808789	0.4988378
1.9967432	-5.0991078
-4.7622877	5.1823822
-3.7226757	3.4425918
-0.9497943	-0.7461034
-3.2618039	-3.7403055
0.2261771	4.3759101
-4.7819382	-3.9866812
-4.0320197	-3.2041670
3.3853305	4.5836460
-3.3966518	-3.5400204
2.4874845	5.2039879
4.4100941	1.0210340
-1.0524530	-5.1532830
5.0611255	2.7301101
-1.8215295	5.4887941
0.8659800	1.0948867
4.1687228	-2.8096963
4.6763964	-0.7702735
-4.7345607	-3.9194133
3.8258276	-5.8026609
-1.6621438	1.9557144
2.0546904	-0.8319810
1.9283694	1.2288271
-0.3977205	3.4602217
-0.9548491	2.4263830
3.6738586	4.2384436
3.0084177	-3.5974488
-0.9167570	-2.8974935
-1.6929016	1.3372532
3.9945598	5.3916142
-0.0800541	3.9073165
-0.3994223	2.0241145
2.9594387	-0.1101724
4.1228948	1.5497278
-0.9201491	-5.6870479
3.7455026	5.7804401
3.1651755	4.8871573
2.1510805	4.7805398
-4.7886084	-2.7554312
-3.8773910	1.4676029
2.6952270	3.1234897
-1.3813737	4.1526873
3.6515617	-3.8268907
0.6854335	4.7223512
-4.9121740	-4.7039907
3.3865632	0.7096484
-5.7811839	1.9811508
-5.6604809	-5.8649462
5.0870891	-4.9263726
1.9437615	-4.6989234
-3.8316732	5.9698458
5.5825811	-1.7522525
3.9295756	-5.2120388
-0.6652451	5.4481620
4.9099678	-1.5816767
0.6467199	4.5242958
1.8756707	2.4476554
-0.5163309	-0.5296125
-5.0925075	0.2612050
2.4819253	-2.3043082
-1.5403763	-5.8169499
-4.5080037	-0.0961458
0.1207299	-3.9665409
-3.3421300	5.1229683
5.7144665	-1.5596682
-5.8011065	-3.4607907
0.6003726	-0.4700075
5.9476994	-1.5529814
4.9865471	0.3744976
0.5038849	-2.3534105
-3.3519902	5.0765497
4.6004914	-4.9984274
-3.0612236	-4.2063379
4.9030512	-5.2036147
3.4143093	1.8290404
-0.4151972	4.5778957
-4.0252832	-4.3294528
-1.3496746	-0.7701369
-5.5210300	0.6703874
0.0420882	0.8461271
-0.5420793	0.3289533
-2.1105426	0.6246787
-0.9611431	-2.5692669
-4.6971013	-3.7505259
4.0283990	0.4337652
-5.1427553	5.1566197
4.6610791	2.1536232
-4.1946075	-0.5822981
-5.1313040	3.5414825
1.8215634	1.3409425
2.1621583	2.6136027
-3.4743080	-2.1340273
2.6980177	5.9117939
5.9182726	1.6801300
4.0777628	-5.5067937
-2.4961520	-5.7906783
-5.1489269	-0.9206372
-0.3939873	-1.9497011
-0.9440770	-2.9848626
5.7940071	-1.1315036
1.6831116	-1.2561418
4.6409232	-0.4837986
-4.0067810	-0.6451457
1.7914059	-4.1553900
1.4780525	-0.2498801
-1.3340409	5.4825491
1.3124872	-5.4330805
3.4378844	3.1530943
-2.7724092	-0.2685516
3.4393627	-4.7665595
-0.3434964	-4.7582479
5.1296843	4.0183729
-0.5522157	-3.8985117
4.1808253	-1.8027927
1.1204546	4.9135304
1.9418204	1.8712709
3.4154006	2.2384246
2.1183325	3.1346051
-1.8116149	-2.6108525
3.6727606	-5.3022737
2.9204816	-1.5321566
3.6216220	4.7767426
-2.6465732	-5.7980702
-1.7395529	0.1295007
-2.6497345	1.3488907
5.0656509	-0.9196896
0.6375597	5.3195536
2.2808488	1.0004230
-2.1695063	0.9832604
5.0086928	3.4294923
2.8905594	-1.6378702
1.3682843	-0.9917388
-3.2671796	2.4290598
-5.2677316	-2.7334738
-3.5699580	-1.3555946
1.9567919	-2.2799867
1.1241655	0.1822237
2.5817872	-3.6382553
2.9965188	5.9966781
-2.6436323	-4.1065978
0.4596565	-4.4750727
-0.3543009	-2.5680174
1.5318115	5.1525471
-3.1507149	1.6763232
3.0849389	-4.7581384
-0.3926010	-5.7585228
2.9822894	0.6254905
2.9433205	-3.5481355
-2.3237692	2.9238116
-1.2489323	1.9315625
-2.4293276	3.4106825
2.0559317	-0.7030603
5.7593199	-5.5334648
-2.3947628	-0.6960997
5.2844139	2.0649411
3.1503534	1.1010642
-1.4861068	-4.5025978
3.9667164	-3.2593837
4.7519074	-1.3909433
1.8279660	2.7020899
-3.5273022	-2.6518806
-3.8946449	2.6783274
-1.8273428	4.3752010
-2.0294646	4.8890050
-2.1795677	-5.1058809
-4.6560246	-3.7538111
-2.3452341	2.3812036
-2.5077589	0.4217393
-1.2750327	5.6575845
-3.7033945	-1.6376615
2.7030819	2.3310558
-1.5833385	-4.4101162
2.8797823	0.6943760
0.2715288	-5.7664011
-0.4524995	2.1697459
2.5070898	0.2772056
0.4960721	4.2712077
5.1989569	-5.9955958
-1.8649455	2.5406577
4.6963860	0.5149180
3.6350275	5.4325343
4.0835115	4.8186469
-4.8127477	3.6211830
0.2039263	-3.4799267
-3.7437110	-2.2439296
-5.7104516	4.2232817
3.3776955	1.4414534
-5.2116290	-2.7203110
-2.8381756	0.5401913
0.8302399	-1.4584864
-0.5857824	-2.4329216
0.8295630	-4.4558954
1.1242391	-5.6475022
-0.1011110	-0.1690953
-1.6319768	3.0812395
3.4398131	0.8877631
5.2932050	5.4052257
5.7383313	-0.4320744
-4.5859093	3.2676830
3.5492868	-0.1101243
-5.0008816	-5.3230080
-5.4831520	-4.5485705
-4.8666151	0.5899145
-0.8270418	1.8751984
-5.7379169	-2.5844596
4.7727037	4.7515402
4.4382830	4.2081547
1.6269200	-1.3015883
-2.2318960	-1.7088887
-3.4762232	5.8844097
-0.1395656	5.8481035
2.5109576	-5.5146522
0.1896571	1.1648115
-2.6764783	-2.2473511
0.5440034	-4.7325664
5.3648472	-5.3606068
-2.3688435	5.3397681
-1.5907758	1.9806086
1.9900514	-4.2518623
5.5512265	0.8771883
-2.6942471	5.8801176
5.3940809	1.0539073
-2.7355965	-4.2526932
-0.0202980	-3.9599148
-0.8334913	-2.3964282
-1.6339981	1.8314180
-1.4693578	0.5890100
3.2975423	0.3453037
4.7019165	-4.2692659
3.7307800	5.9632469
-2.8664753	-2.3419546
2.2109020	4.4682444
0.1386470	3.1005186
0.4194208	-3.0145909
4.8545961	-3.3223686
2.3704695	-2.5633564
1.0414246	3.1694263
4.8766587	-3.6525726
4.3307738	-0.0274227
3.5681643	4.7763761
-1.1201908	-5.2288766
5.5985051	-1.1051766
3.7534959	5.9360877
-2.0781519	-5.9069665
0.5901280	-2.5475948
-3.5723404	2.8216815
3.5892281	3.8024411
1.4888856	2.4114719
1.0317848	4.1923112
4.5924656	-1.6039925
-5.3578631	-0.7869336
-3.4609822	-3.4332289
-1.0092337	5.9124781
-0.2359264	-0.5727391
-2.2202342	-4.3325245
-1.0316043	4.2344313
-0.4063376	3.5355914
-2.4053089	1.9941116
-1.1376490	0.2810488
3.0971142	0.1079331
2.2372878	3.0944970
-4.2694341	5.0633004
2.9205604	2.8586857
2.0848449	3.6969801
0.8914045	4.3374917
-3.5297488	-3.0520494
-0.4260649	-4.0119611
2.0023037	2.4707373
2.7551750	-5.5549341
5.7805632	-5.8214550
-0.2463696	-5.2333555
0.5074079	-4.4731288
-1.3279266	-3.7632382
5.3674633	-1.9070485
-0.6538418	-2.0261320
0.2234375	2.9287800
2.7481462	2.3793272
-1.2751155	-0.2603647
-1.5110091	-2.7143511
5.4602527	0.6948441
4.7636940	-2.6987067
-5.2570392	2.4167627
4.3994176	-2.2175753
3.6660607	-1.2466075
-2.0206188	-1.4407310
-5.3748881	-1.3013215
-3.3670945	-4.7774072
1.9761503	0.5639282
-0.9498891	2.4235781
4.1196962	-1.2472328
2.4625245	3.1846430
3.7195983	-4.8542037
4.6403575	-2.0685225
4.6442423	0.7214103
3.5351355	-0.4933128
4.2133271	0.8955148
3.9197147	-1.0457187
-5.2155274	-4.4162652
-4.9653003	-4.9057498
-4.9054351	-3.7788912
-1.2596773	-4.8178025
2.5662531	-2.2423038
-2.5348460	4.9763275
5.4213034	1.2875809
2.9296794	-4.2007590
2.7162583	5.3833423
5.4405685	0.1751313
3.8162255	2.6284517
0.2452099	-0.5058830
-5.8243348	-3.5269040
5.5012968	0.7989048
4.3426813	-4.5349290
-4.4474201	-3.8267963
3.9963640	-4.7122694
-0.6159613	-5.6190854
-0.1972129	-4.3741684
5.5298101	-1.7243142
-3.2888771	4.4490869
3.7290328	-2.4469274
-4.9603611	-5.2532956
3.3431331	-3.2406337
-5.2335427	1.5114476
0.2169353	5.3005372
-5.2051930	3.0606915
-4.1939563	5.8173516
2.9511690	5.6517379
-0.6043779	3.8686516
3.7095623	1.6343074
-2.4925759	2.5650608
-1.4301527	4.7004622
-0.1947847	1.3073537
-4.6408586	-1.1935688
-1.9584993	0.5414161
2.3329624	4.4717612
1.5062154	-4.8178995
-3.5756029	2.4196035
-4.5033816	2.9865128
5.6407950	0.0157709
-3.7258453	-5.3021045
0.3427982	5.3101748
-1.4590577	-1.5200113
0.5878826	-5.6721529
5.6787488	-2.7484977
0.2015214	-1.6799445
-0.0931687	-5.8134987
-4.9847783	-1.3651946
-5.2223086	5.6561762
3.8078854	1.2174235
-5.9404438	-4.4742464
1.8404288	-2.9954240
-1.2044694	-0.7506273
-4.1731530	3.9987243
3.3681842	-0.1042061
-4.0010449	5.1054080
-0.2070201	-5.0795337
5.0071252	-2.5500287
-3.9001025	-5.1156751
-1.5877232	2.3359019
-4.3943265	-4.7968897
-2.6223773	5.8566442
4.4901692	-3.5866201
2.1291673	3.8053206
-1.6678301	-3.7027710
-0.4785736	-5.7355499
-3.6491953	-2.2882762
-5.3208718	-4.0517576
-5.3165786	-5.3593041
3.1335384	0.7516464
1.0066384	4.2727659
1.8555998	-4.7824089
-1.5027813	2.2649590
1.7358389	2.9591270
1.9141134	0.0807716
2.4321218	1.8681070
-3.7935178	-2.6308678
4.7063987	-4.0158400
-4.6397878	4.9762304
4.2979524	0.0964687
1.9929607	-4.1239315
-1.1807200	5.3016452
-5.8483078	0.9169944
1.8018175	-4.2149427
-5.7413587	5.0756025
-0.5721614	1.4522002
0.5496773	-4.7844123
1.7264757	-5.9668958
-3.8938065	2.6011686
5.6113315	4.8601369
5.3518949	0.8255697
3.1148688	-3.8810300
-3.8464846	0.0180057
-4.1731777	2.5394722
4.6474297	-2.0795373
-0.1890262	-5.8386575
1.7827969	-5.4837767
0.8033711	4.4875056
-0.0133782	0.5635444
-5.0905417	-4.8911281
0.7031121	-1.5369726
4.5863555	-1.8051861
-1.2502903	5.3540764
3.3878468	3.5791634
2.7732040	-3.8478574
0.2031394	2.9722187
2.2124321	-3.5750380
4.8126161	1.9396353
-5.4604082	0.6143706
-0.0716038	0.0553350
5.0027130	-4.0278341
-1.6561961	0.4567949
4.3064022	4.9558460
-2.2172149	5.6581658
-1.8526587	-2.0834820
-5.4071262	4.2397901
3.1923588	2.1600980
5.8151981	-3.0583618
5.9740986	1.6983658
4.8663507	-2.6771869
-5.0791691	-4.5047853
-1.5343247	2.1319634
1.6643725	-3.2947032
5.2255862	-2.1529434
3.0713848	-5.0480569
-2.1801189	-0.8679855
1.5096483	-1.4530690
-3.5969878	2.3987597
3.5832789	5.9621106
5.9054817	5.6633831
0.3792976	5.0960383
3.5620494	4.7792555
-4.3055224	1.1968130
2.0488333	-2.7792996
-1.5170854	0.4523868
3.9440643	0.1445584
-5.0869584	2.8254901
5.3080577	-4.5465111
-3.4774109	4.2500275
3.2933069	-1.9882016
-1.8956188	5.9488176
-0.0563790	-3.9137509
5.1368537	-1.3324559
0.3310503	0.9559293
4.5743781	-3.6535948
5.9580417	4.2159594
2.7399163	-4.6082119
1.2967451	0.5467265
-5.6538467	1.7613318
2.2010401	4.4968493
1.1438402	-1.2625299
-0.4993765	0.7150662
2.6465230	2.1245988
-0.9095751	3.2108727
-0.8295510	5.7416971
-0.6325585	2.1645953
-5.7027733	-1.9094720
5.0627437	-1.6827755
-1.8530625	-3.5633763
-4.8379952	-0.9776663
-5.1189510	1.2763582
3.8850112	-4.3824141
3.7961746	2.7586192
-5.5637824	-4.4447418
5.8162308	-5.8373818
3.7943483	2.7102044
5.3136912	5.9682779
-0.0487299	3.5889320
3.1516083	0.7119908
-4.3529952	5.5745154
-2.4433817	-0.1723669
0.2221945	-0.3405948
3.0278099	0.2642929
-3.7888644	3.0073319
-3.4433396	1.9178179
5.1589186	0.6055102
2.8031883	2.8079908
-4.9780468	-1.4450762
2.4379420	-1.2256974
5.1353169	-4.9640437
1.9110000	4.2557461
5.7489491	-0.0891478
0.3842544	-1.1083067
-3.1835115	-5.5134944
-5.4856031	3.1639356
-0.4779817	2.0836821
4.8943389	0.0878636
2.0774887	1.6016280
-3.6444058	0.1342747
3.5719595	5.3551356
-3.8569854	-5.3771009
0.6214768	-3.4577793
-1.8231163	0.0103140
-4.1456087	-3.2247221
5.4094320	4.0932103
-0.1311309	-3.3630503
3.5451174	3.9604501
-4.5047047	5.2964526
-5.4041994	-0.1362331
5.7653619	4.3098225
-4.1357551	1.8200069
-3.3030861	0.7533221
-3.8722276	3.7272710
-4.2553434	5.4658849
3.9226873	2.5918017
-5.0462986	1.0188272
-1.2999306	-1.6183789
-1.5082439	-5.5836481
2.7280844	-5.8185527
-2.8671922	4.9937848
-5.3552809	-5.5140803
-5.5186238	-0.9361617
-2.4159234	-3.1391629
2.6823672	-0.7660423
-1.0438744	-2.5787194
2.7441288	5.1520864
-5.0793069	-0.3332591
3.8640873	-5.2895624
5.9243349	-4.7071509
-1.8495232	-5.5170388
-0.9565156	-1.8776185
-4.6045195	3.4712951
-2.3902202	0.4721985
1.0395492	-3.6881260
2.1874290	-0.3532602
-3.8986007	-0.9911162
-3.9961024	5.3194035
-1.3369906	-3.2178011
-3.2842358	-5.1530751
-5.5508449	2.6923952
3.8063447	-4.0015773
-1.5593008	3.7609713
3.8812482	-0.7965860
-5.0055902	-4.2195324
2.9785883	-0.8123038
-5.4973826	-3.6717434
-2.5026891	-2.4510972
-3.4389405	2.2724464
3.0398037	4.3124650
4.5803316	0.4972663
1.5663087	1.1789057
1.2475101	3.3581872
2.2950738	0.5809953
1.9534758	0.3756821
5.5135006	-4.0931018
1.0477579	-0.1315197
-0.4860025	5.4688119
5.8118631	2.3882837
-0.9562871	3.2350016
-4.2762131	3.9917109
-2.9041704	3.8675684
-2.3053603	3.0902916
2.5381150	-4.9207463
-1.5706134	-4.4886344
4.0378161	-2.3180230
-1.5585007	-4.3724942
3.6707077	-5.9935352
0.4405079	5.2213131
3.7651835	2.4124843
-1.7588017	4.9369194
3.2856734	-3.0850657
1.4124917	-5.7589677
-5.1427599	2.7045482
1.9295129	-4.0855413
-2.7279296	-0.4264519
1.3022220	-3.8219885
-4.4837844	-2.2550213
-1.8467599	-5.8512046
-0.0265695	-3.1126026
-4.7550966	-4.6871338
-0.5300900	-1.2677937
-2.9642189	2.9520862
0.9948829	5.1931693
4.2484505	-4.0957030
1.3731817	-0.8041055
0.0782114	-5.6310328
-2.9692032	5.1999216
1.5482083	5.9381893
5.1152609	5.8522218
4.2941495	1.2462527
1.1086974	-2.6655595
5.3667219	-5.1129967
-0.4590900	-4.8425250
-4.4833133	2.1886843
5.0348266	2.7870176
5.8361286	4.3560200
1.5650063	2.6622361
5.5052956	3.7730731
0.9956229	1.6576128
-3.3232909	1.0868344
-0.4036847	-1.7767699
3.3521876	-3.1937385
2.8235662	-4.0014018
3.2040205	-3.0820968
5.9313424	3.6346980
4.8115774	4.3551271
-1.8916001	4.1708240
0.9597266	4.5910218
-4.3556730	0.2131161
0.5456842	-4.5423706
-4.9124211	-5.2739518
3.3424355	-4.5543404
2.3086732	-2.8938538
-0.0111956	-4.2909078
4.7826361	5.5778972
-5.2103798	4.2260962
0.6335877	4.4224743
-2.4695478	3.4504434
-2.7360316	5.0522357
2.9525242	4.9345942
-1.8647498	-4.7288964
-0.3484132	2.2881846
3.1749236	0.1254607
-1.9600512	-5.2597742
5.0093507	0.4528045
5.9563614	-0.3336695
3.0962205	3.4831378
5.8774685	1.4633736
3.4585322	5.0295236
-3.6271659	-3.4451930
0.1734130	1.6432847
1.7878085	4.1301463
-5.0041198	-5.9945089
-5.3140765	2.0742092
3.6566431	-4.0569808
2.5652586	-5.1646702
1.3521882	3.3549372
-3.4476906	-0.5030287
2.7299615	-5.4303427
0.8621619	0.1135785
-5.0569548	3.0587352
-5.6738880	0.9278768
-5.1673049	-2.1548221
2.8044651	-0.3529540
2.0039815	-2.2816931
0.3240029	0.4060357
-2.9820369	-1.7351388
-3.0927725	0.8274136
-5.8472617	0.9253076
-1.4391907	5.2174996
5.5364161	-5.6195984
-3.2715646	-2.2253342
-0.2662074	-3.2623845
1.0187586	-3.4805957
1.0072948	2.2057078
5.9753319	1.5824755
3.9971228	-2.1286058
-1.3264730	-1.9820119
-4.4529141	-0.8283375
3.0625998	-4.1448578
-5.5316512	-0.0569002
-1.7480900	-3.1912198
2.5494265	2.3852095
0.5460411	4.3701249
2.5316550	0.8946376
3.3948676	-0.0195212
0.5050406	-1.4123030
-3.2799947	-4.6507257
-2.1434495	-0.8974372
0.1523146	-5.6013656
-0.3175698	1.1809450
3.2381839	0.2061096
-5.1354109	2.4385426
5.0459236	-1.3836901
1.7933493	0.6049449
-5.5394806	1.2548791
4.3734978	-1.2428666
5.2437429	3.3660632
4.5969864	5.8116337
2.0894460	5.4055551
-4.8598385	3.3282827
3.0108924	-2.3360219
5.9106164	-4.5474062
-1.2327672	0.3286581
-0.4148448	-5.5711000
-4.0424001	3.7076043
0.0163067	-0.9474010
3.3201261	-3.4652410
2.9748489	-3.7358828
2.1341380	5.2063867
-0.9804922	5.3264174
0.9402557	-5.9135498
-2.5703922	1.2938536
1.8816302	-4.6525681
-5.2804688	-4.8520462
