jMRUI Data Textfile

Filename: dataset21_WS.txt

PointsInDataset: 2048      
DatasetsInFile: 1         
SamplingInterval: 2.5E-1    
ZeroOrderPhase: 0E0       
BeginTime: 0E0       
TransmitterFrequency: 1.2322E8  
MagneticField: 2.9E0     
TypeOfNucleus: 0E0       
NameOfPatient: dataset21_WS
DateOfExperiment: 
Spectrometer: 
AdditionalInfo: dataset21_WS
SignalNames: dataset21_WS.txt;


Signal and FFT
sig(real)	sig(imag)	fft(real)	fft(imag)
Signal 1 out of 1 in file
258.6859200	-101.8926000
469.6633000	-210.2607400
322.1482000	-360.6736200
136.9009200	-417.0081300
-39.7375070	-378.3963000
-164.2983400	-275.1498400
-206.4935800	-143.8997400
-186.4375600	-25.7998060
-115.8158400	44.0690700
-39.7982120	61.3389030
17.2453770	31.3198790
40.3231490	-15.8467570
33.2611740	-56.4107600
2.3779585	-82.1490790
-37.3029320	-84.5869480
-64.8008990	-64.4684400
-80.7039150	-41.2396490
-85.2911190	-17.8530360
-81.1389330	5.2843184
-76.1858520	21.9847460
-68.0093530	39.5143950
-54.8631180	58.5677890
-32.7740360	70.4344920
-2.8772984	73.9989770
23.9699990	63.9603700
44.1332840	39.9005710
51.9856240	6.9757861
40.3793400	-21.7914280
14.0337770	-40.3794910
-15.9272110	-38.5378220
-40.1961510	-24.3099250
-54.2386280	4.7356377
-49.0416850	38.3133590
-27.9776780	61.8130260
2.0805795	68.6195780
30.0333260	68.3639010
50.7699060	50.7231230
65.2929540	28.7057050
65.5770300	7.4058361
61.3140520	-13.4067490
51.9426320	-27.1124460
37.5696370	-41.1034660
26.8615120	-44.6465330
9.6564934	-45.8475270
-7.5376350	-44.2912410
-16.3570740	-32.2364170
-19.2336680	-18.5349470
-17.9228500	-1.9874077
-2.5562984	4.7325471
8.8298079	1.1273580
19.7502770	-11.7616120
17.7024050	-26.7958540
4.0529848	-42.8803300
-17.6816660	-46.0550840
-42.3874170	-39.3600660
-58.5716470	-12.1202180
-60.4827060	19.5174950
-44.9681410	44.7469430
-14.5070150	63.7665590
18.5290090	61.5159880
44.5217210	37.8276010
56.9519000	8.0281968
49.2332870	-19.8952030
31.8467170	-43.0921460
7.2550312	-50.2382120
-13.6806320	-42.5940670
-32.1353090	-27.3354130
-34.8301250	-13.3436480
-33.5808150	4.2548224
-26.5837720	12.4246710
-16.0457290	17.8847750
-9.9990122	19.1392020
-3.4280785	17.8192670
0.9482752	11.5271700
4.0753810	9.4173578
11.3501140	2.9017719
11.0119220	-6.8274703
4.8553160	-12.9193700
-8.8825664	-18.0152730
-21.1187660	-11.8183070
-28.4514330	-1.1645213
-34.6037090	11.2131790
-29.5668760	31.3132680
-14.6330960	46.0585170
11.7828500	49.5907910
32.9763900	38.6745470
44.9703230	22.4246760
47.1530620	-3.6556480
36.2255710	-21.4593170
18.4748370	-35.8047130
-6.2785368	-31.1235050
-19.7349720	-21.0310930
-25.5727950	1.0949741
-16.7434720	15.1597080
-2.9110058	26.9135200
12.9563170	25.9442230
30.2925390	15.4417040
39.7947260	3.0666818
39.2930610	-15.2728610
30.7021690	-27.7713430
17.5882570	-39.5663700
2.1302196	-41.5226280
-13.9836810	-38.6476870
-26.2773080	-30.7923890
-37.2906170	-22.2698010
-42.3310330	-8.8164484
-39.5461120	9.8952667
-33.2277540	20.4790730
-18.6634950	30.6317720
-4.1498156	33.8006640
8.4221844	33.3609370
22.2228990	20.3492450
26.6614600	7.7390741
21.9656670	-7.9708480
14.6233360	-15.2126330
-0.6427233	-18.4215870
-9.6784085	-14.5313520
-13.5345920	-0.8208179
-15.6339600	11.4348910
-3.8373468	14.3505110
4.9259540	18.4683420
17.4151930	9.8915085
22.6041970	-0.4122262
18.5478460	-9.7779492
12.3061480	-19.7205470
1.1275548	-21.8057490
-11.0119270	-21.8172540
-22.2540040	-12.8475730
-25.1022630	-6.1169846
-24.3147010	7.7013351
-20.6279500	19.1476400
-13.1029970	22.5117880
-4.9706383	30.2417580
7.0791729	27.8278540
14.1932790	22.6898130
23.6484050	19.5161450
27.9615430	9.0282521
32.9140000	-2.2438008
25.6657340	-15.1678090
18.7056670	-25.8922470
8.3317769	-28.8400250
-5.3762000	-28.0730630
-11.0334350	-20.3839450
-17.9551330	-12.5850140
-15.0199310	-4.3215465
-11.2397280	2.3887027
-6.1069999	1.9644238
-1.6106667	2.4469827
1.2205351	-2.7865732
-2.0815742	-7.5470819
-9.3968987	-11.3479370
-17.5993030	-8.2167996
-20.4569190	0.6184667
-24.0487720	8.5100455
-17.8923170	14.7856250
-10.2549060	24.4470080
-0.0352107	27.9911730
11.3570730	23.4609930
18.3189790	19.3026050
26.4103460	7.4522002
24.4968600	-3.6725907
20.3972380	-15.3719600
13.7348580	-21.0219340
0.9242975	-26.4517270
-12.1179120	-24.6834620
-19.2410410	-15.8436610
-28.4749150	-5.2753462
-29.8440000	3.8224233
-26.2666640	19.7017640
-18.4079900	25.9179200
-7.7629871	28.8356160
3.1261411	28.6177780
15.5524320	25.7978600
19.1273610	15.9477850
21.2074740	8.0099786
18.4635290	4.2596009
12.8251870	-1.6241772
13.1328170	-2.6586350
8.5013153	0.8288881
11.6450280	3.1237511
15.7859820	0.8987698
18.1317200	-0.4266320
21.6790740	-5.2807342
20.0267310	-12.3825840
14.6238730	-21.2540490
11.5839710	-25.6566620
0.8449384	-26.5768320
-4.0598639	-26.1854200
-15.3360490	-25.3669390
-24.5485510	-18.7190150
-26.4720820	-11.8496190
-26.1107560	-2.7378552
-22.8873460	5.8593326
-18.7480840	12.7904540
-9.7140699	18.7790020
-2.9600810	18.7944060
5.9071147	18.5232970
8.0616424	9.7699761
10.6159960	5.8385629
8.4094583	-3.9465462
3.1562077	-5.9671769
0.4326520	-4.2057964
-4.4780145	-0.7071087
-5.7824494	-1.3152565
-3.7647248	6.1362186
-1.7433440	8.5863887
1.2502908	8.9292317
9.1248996	6.8473032
9.9142010	0.4562247
6.3419054	-5.1238537
3.3677994	-9.4880887
-1.7800825	-10.6867900
-9.4129310	-7.1461112
-13.1046370	-5.4553310
-14.5436280	-0.0223822
-16.6509310	5.2126988
-11.3839700	14.5969980
-7.1252526	17.0181890
2.3981464	20.8179310
8.8237817	20.1628620
15.6692250	15.5972560
23.1750430	7.6952626
23.9271660	-2.8576330
20.4497800	-9.8346964
15.4678180	-14.9125730
5.2899188	-18.1304450
0.6630504	-17.8620050
-6.2645689	-13.2536890
-8.0215166	-11.2661900
-9.9414357	-4.9279881
-9.8744599	0.1069049
-6.4013926	4.1300151
-1.9581892	2.9454154
4.3289114	4.5212822
6.0103903	-1.2900199
5.8140410	-2.3817767
1.2125831	-6.9700641
-2.2789500	-6.6577116
-2.7969151	-6.5890142
-8.2933698	-3.5080718
-8.4492255	-0.0873792
-8.0836380	-0.6901354
-4.0085484	1.2012539
-4.2516945	5.7209812
-1.7590524	0.6471560
4.0479306	-0.7631111
3.1907017	-1.7983736
-0.7819937	-5.7182389
-3.4268916	-5.1205254
-6.4383021	-6.3102093
-12.1085620	-6.5599512
-12.4244930	-0.4448039
-13.0926490	5.3719740
-11.9778060	10.3652900
-8.9193831	13.1848760
-4.4824469	13.2146420
3.9508191	12.3989310
6.9427501	10.1904970
11.2325040	6.2169172
11.4733550	-1.1966348
5.1124145	-5.3180781
1.9743063	-4.7264705
-3.3414706	-4.9131300
-4.8011353	-2.2256866
-6.1809981	5.2360270
-4.6262356	7.4482403
2.1413474	8.3854559
7.4075941	10.0388110
9.2033116	6.1059668
13.9542610	4.8446369
14.8700160	-2.3177666
12.4700620	-4.5056132
6.0452920	-8.9527285
5.2898809	-14.0659300
0.1323942	-12.2278670
-3.8761653	-9.0475207
-6.9638913	-5.6613754
-8.6698176	0.1422374
-6.6438756	-0.3121561
-3.2797517	5.2513699
1.7436318	3.3821291
5.0059880	5.0960682
4.3252375	3.1645277
3.9019359	-1.0909529
1.3367667	-7.9029797
-2.5988558	-9.7779683
-6.2489429	-7.8420894
-8.6678085	-5.2994116
-10.2501240	-0.4926027
-10.7456950	6.0325320
-8.2399505	10.3734520
-7.7753912	15.7648780
0.6430346	13.1256810
8.2059167	12.4144490
8.7305392	10.7858410
14.5118420	5.6000438
15.9994510	-1.5366804
10.2574930	-8.2354638
8.7741481	-9.7420608
1.6157688	-12.7036720
-1.5292704	-11.8562150
-5.6575656	-9.0054653
-8.8373188	-4.8947596
-8.4528975	-3.9850458
-8.2100596	-0.5425566
-7.7043293	1.1249900
-3.7786666	1.8555894
-1.3370348	3.2307984
-3.2727020	4.3144653
-0.0634275	3.1763483
-4.2383179	1.4034481
-1.7798098	3.9657094
-4.6010695	1.6336322
-5.0469915	6.4016977
-5.4152301	8.0141106
-2.5037800	11.8517980
1.4079689	10.8188380
9.5285819	9.1651618
11.1455320	7.8140881
15.2410600	4.0690048
14.2468040	-1.4001853
8.5774338	-6.0452906
5.6823207	-12.4393830
4.6124446	-12.6162290
-2.8335177	-8.6054004
-5.7467409	-6.3870054
-7.5903433	-2.6625232
-6.3178530	-2.0545849
-5.8911031	0.6954404
-3.6666142	0.0506833
-4.0847860	0.0319786
0.3366075	0.2627259
0.1689196	-1.7381368
0.3415773	-3.3080677
-0.3863411	-0.9988732
-3.1590345	-0.4574799
-2.8478154	0.5777783
-5.7372235	-0.1114576
-6.1141664	2.0985691
-2.9683873	6.0194624
0.4473035	5.8956002
-0.7223388	5.7519679
0.8936341	3.5049427
3.2906871	-1.0331252
5.5909693	-3.2532054
0.0548781	-2.3129634
-1.7658634	-6.4897786
-5.6542207	-6.0880930
-7.4365357	-0.2092242
-8.8679321	3.5318433
-12.4423840	8.5954452
-4.8314331	8.8647958
-2.7247413	11.5074240
3.2719424	14.0310960
8.9818878	13.9728560
12.7637110	8.0380188
12.3804730	4.8298169
14.7529240	-2.3142685
12.7772440	-4.7759316
10.9515790	-7.7124973
5.7056468	-9.0671571
3.7743079	-9.8330804
0.0623906	-7.9926029
-1.1383502	-6.8163827
-4.1140514	-4.8398676
-0.0012783	-5.9432728
0.3359352	-1.9736845
-1.3291668	-3.5352924
-3.6079560	-3.4648478
-5.1200867	-2.9984427
-4.8283287	-2.9218973
-6.9056403	-4.2620614
-11.4127730	-5.0673238
-13.4569440	-1.1492057
-10.7069600	3.4880690
-8.8982603	7.3907221
-5.4235987	10.4652560
-1.5420935	14.8100640
4.4372710	15.2355090
7.4605603	13.7001930
10.2996000	7.3013682
13.0059230	1.6629221
14.0528940	-0.3816008
10.6335340	-8.6487378
7.1836871	-7.3789017
0.4557685	-8.9121933
-4.0956060	-9.8992449
-2.9929596	-8.3248134
-8.5062647	-5.0016586
-6.8761952	-1.7015225
-6.1699226	4.5400599
-1.5887290	5.5066686
1.9649607	7.1157734
4.1870379	1.7339434
2.7872564	2.4020902
2.4647832	0.9583920
4.5369964	-4.3340856
2.1229129	-3.7560271
-1.6027511	-1.3318633
-5.6285906	-0.7774750
-2.6778053	-1.4838676
-3.0659383	1.8631262
0.0847785	2.4497294
0.4280098	4.8412850
4.8304455	3.4449791
6.8709140	0.6578136
7.6680068	-1.3075643
4.6117215	-2.8984016
2.5736736	-6.5408191
-0.8392767	-8.7134151
-1.3170329	-7.5485198
-6.2957495	-2.6203163
-3.6249763	-2.0996197
-6.4792056	1.3235329
-1.9253601	4.6621357
-4.3277217	2.5109845
-0.0754259	4.4164120
-1.5514225	1.7688638
-0.5702737	2.4753622
0.6257661	-1.1016201
4.3365463	-0.9063602
0.2895656	-3.3572314
-0.8821208	-0.2743136
0.0280252	-1.6875920
-2.4571949	-2.1645585
-0.0894997	-1.3739988
-0.5999174	-2.1032245
-0.5109248	-1.6384420
-2.5025578	-0.1342363
-3.2798953	0.5704811
0.0446002	1.9602002
-2.3289206	-2.3700869
-4.5927394	-2.4251661
-4.4296900	-0.5776640
-6.4365775	-1.2679964
-5.3157225	4.6428595
-5.3428378	3.9147256
-4.7459300	6.9290386
-0.0434822	6.2631075
2.9580921	7.1180788
3.8579822	6.9682990
3.8535661	5.5350188
6.8293906	3.0450806
5.7361697	-0.3590879
1.9255122	-5.0761541
2.6820120	-2.1129169
-2.1298377	-5.0830255
0.3241582	-3.1341069
-0.2810491	-0.0438313
-0.4223227	2.3418149
-1.4192592	3.3379020
-0.8454034	5.8062857
6.1498736	4.2698567
6.1980136	2.9208210
5.7368257	-2.9676479
7.6796064	-1.8781590
2.3493832	-5.5615669
2.8854582	-5.9759664
-0.8775806	-8.3036334
-5.2982226	-5.1302543
-6.5620907	-4.6049845
-9.7247233	-2.2682799
-7.6161024	2.8776629
-7.1778149	3.6524161
-5.4478145	3.5277584
-1.1028129	4.0613535
2.0668318	6.9855728
1.6344718	1.6576486
0.6036207	2.1366754
-0.2266924	1.1729685
0.8785659	-1.5452037
-0.7071201	1.2414475
-1.4805525	3.3134060
-2.9919883	1.8165680
0.3142176	4.9124653
2.9693959	3.0944538
2.5001996	5.6828318
6.9560885	2.7076310
6.4560513	-0.3110300
5.6967580	-0.2073070
3.7792735	-3.9447351
5.9022397	-6.5150045
2.3205776	-7.8946444
-1.1363413	-5.5485253
-5.9522491	-7.5279434
-7.0307113	-5.9353807
-5.1441239	-0.8478254
-4.8103328	2.6181911
-6.8852387	4.0015500
-3.1790396	6.2547660
0.4119565	6.0647139
1.4165677	6.5340355
4.0656206	3.9103069
3.8837173	2.2819684
3.1204656	-0.8266637
2.1760775	-1.0429739
-0.4753091	-2.6923622
2.2096101	-2.6271813
0.3666513	-0.8065442
1.9596159	-1.2047114
0.0662921	1.3219152
0.5510188	1.8216897
1.9298796	-0.7483846
1.8687829	-0.4987156
2.5388304	-3.1138263
3.9492379	-4.2435444
1.6679478	-3.6369323
1.1266751	-2.7014784
-2.3842867	-6.8047596
-5.3073208	-4.5448160
-4.9424489	-1.9388390
-5.8348330	1.6221152
-3.2415073	0.7723168
-3.3044462	2.7565509
-0.8213420	4.1856191
4.0684255	4.6808280
1.1655396	4.8370601
3.6913963	1.9445736
2.2395323	-0.5312704
2.2285155	-2.7643245
3.3901549	-0.7019921
1.6729378	-1.3292342
-1.2803289	-4.7394484
0.4564280	-0.0571772
-3.0346854	-4.5035354
1.3812112	-2.9279619
-3.1280673	-0.5787199
-3.3320576	-1.6066465
-0.7288293	-2.2080431
-1.9934639	-4.2000281
-2.8324880	-3.6618818
-4.7407149	0.7034288
-2.4648428	3.3099892
-4.5295829	3.3116150
-3.9313741	2.5911180
-1.0133905	8.0307123
2.7411268	5.4382522
2.8407720	6.0240769
6.9769032	2.3778539
8.2150964	0.1219933
5.0831168	1.2720825
6.7880606	-2.6682234
7.1962563	-5.3112026
5.3382773	-4.8401228
-0.0520188	-6.5680144
-2.5430430	-6.3195674
-2.8227428	-2.9501844
-3.8888336	0.1014542
-1.3312847	-2.5063739
-3.7263796	1.4257002
-2.5359081	3.0005626
0.9242569	1.9527001
-1.6130703	1.1177905
0.3709964	-1.4482741
1.7250723	-0.2122905
-0.5153190	1.2841112
0.3609024	0.0396342
-1.7445744	2.3235604
-3.1043970	1.3607724
-3.7111804	0.6563878
-1.7115838	2.0736615
2.7614847	4.6996914
4.8907955	1.5346305
2.6865518	-0.5157778
3.5869295	-0.9975608
4.4637048	-1.4544825
0.6815038	-1.2391566
-1.0324870	-6.7689765
-3.2191724	-3.0998546
-4.3725656	-3.9303764
-2.0988322	-0.9181940
-5.2393476	-2.4375448
-3.5026502	3.3190065
-5.5632157	5.6420715
-0.7547403	3.3309630
0.4157478	2.7819805
1.6819372	2.9720592
1.8906186	4.6037282
3.9958814	0.5792879
4.1576390	-1.4007896
1.4409421	-3.3847665
0.2816781	-1.7436754
1.3630804	-0.5745935
-1.4772433	-2.3202506
1.3084159	-0.5668026
1.4138102	-0.7229050
2.1319025	3.2619457
2.3934716	1.4653301
2.8015946	-1.4500786
0.7575061	-2.2567908
-0.3897402	-3.9043201
0.9395964	-4.1605758
-2.0668818	-2.9289849
-4.7816971	-2.0923768
-4.5921182	-1.5148927
-6.2042634	-3.5730367
-4.3612871	0.8990887
-6.0412953	2.9864856
-4.5071859	2.1372980
1.3501773	1.5091328
-1.4517689	0.9653108
2.1149936	-0.1576647
0.9057121	1.1211252
3.4151294	-0.9311761
0.1657050	-3.3457170
-0.0402295	-3.9608754
-1.9226271	-0.7186419
-4.1261661	1.1841518
-2.6539973	-2.7377717
-2.0395155	-0.9172671
-1.5536729	0.0466443
-0.1714640	4.3875743
2.8532869	1.4264614
0.7949738	4.1494293
3.1209867	2.1232459
2.4573246	1.2472515
-0.8147145	-2.1947727
-0.5614614	-2.3501892
1.7939523	-1.0774518
-1.6874133	-0.8926032
-3.8198665	-0.2414431
0.2120866	-0.5462046
-0.9717280	2.2584787
-0.3952185	2.0259433
0.1237338	1.2318605
2.4901782	0.8376074
3.3347656	0.5369332
-0.9240955	-1.1813378
-1.7699602	-0.1896252
-1.8247560	-2.8550491
-1.1076044	-0.1092833
0.2413399	-3.1810976
-0.5313796	-0.0396685
-1.9295569	-1.3185704
-1.5699391	3.2010378
-1.1348357	3.3069211
0.8013034	-0.0723530
0.5148202	-0.5631433
0.8299997	-0.0168209
-0.3859403	1.3798114
0.2350778	-1.3616223
1.5431714	0.1757379
-2.4707947	-0.2000072
-2.1875123	-1.1293023
-4.6799369	-2.6864486
-4.4802648	0.4850562
-3.5959788	1.8950781
-3.0596771	4.3045374
-1.6594666	4.7007346
1.6177336	0.9613281
0.7263599	1.4032949
3.8256304	2.5957232
0.9045224	1.9725542
2.4086494	-1.8460954
-0.7032824	-3.1328324
2.2063478	-2.6240916
0.1860455	-0.7330827
-0.0060864	-0.7564136
-1.5023577	0.1572603
-0.7382219	3.1079457
3.3748832	0.4076546
0.2198659	3.0335628
4.8888340	-2.3421593
2.8659411	0.9067072
2.7810821	-0.9468125
0.8425367	-4.2760147
-2.4211804	-1.0745192
-2.9316097	-1.6276423
-1.6094846	-3.8412335
-2.8792753	0.9842775
-1.8940465	2.4871992
-3.6370754	1.7791945
-3.0860753	3.1445228
0.3607496	5.5467901
4.0101701	4.7817251
5.0099181	0.4046904
2.9851257	2.1041783
4.3601043	0.3341613
3.6057232	0.3400970
3.7637696	-0.6486931
0.8569765	-1.6912715
-1.7459621	-3.6813573
1.3778581	-1.8489538
-0.9620636	-2.8485529
0.2775235	-3.2843546
-2.2262997	0.1616938
-1.7561595	-2.5496731
1.3194341	0.5923100
1.7128026	0.1945964
-1.9773086	0.3989290
-2.8469443	-2.3709281
-3.7091462	-2.3995159
-1.9256754	1.1447166
-4.0764125	1.4736372
-3.2317221	2.9976738
-1.2408869	1.8417094
-1.0011434	3.9730042
1.1177586	-0.4405962
0.6225181	0.2442778
1.4612601	1.8347984
2.3654963	-1.7894714
2.4705110	-4.0451278
3.5466380	-1.8021417
-0.2923657	-5.3541001
-0.4841920	-3.5226776
-2.5263462	-2.5934150
-3.2826087	-0.8845109
-3.5886912	1.2764724
-1.4674121	-1.4798681
-1.2131855	3.3046515
-1.8238562	2.4017355
-1.3330367	3.5969503
-0.1994477	2.6335469
2.0668413	2.6405681
2.2703310	0.0363069
1.2520499	-0.4955940
1.1573151	-1.4631508
-1.2209994	-2.4715157
1.2846940	-1.3635340
-1.1233129	1.5356067
1.3332144	-0.6677624
1.5018372	1.0409459
3.2789504	1.6681836
-0.3479043	-0.7160760
1.2393171	-1.6277717
-0.2249656	0.5406347
1.6811264	-0.7100843
-0.8650425	-4.3535340
-1.1974663	-2.0353675
-1.8762912	-2.7972510
-2.7689161	-1.5593411
-4.0543670	-1.8498325
-2.8143808	3.2005557
-1.1492107	0.8204144
-2.1595883	4.8496762
1.4950115	0.8010178
-0.7476954	2.6330080
-1.1372549	0.0653030
0.9839055	-1.2159898
2.5418948	1.6149204
2.6178923	-2.5659538
-1.8687986	1.6099623
1.3168902	1.3003978
-0.3414196	-1.0549242
1.4131057	2.0046751
1.8948125	0.7593343
0.9962251	-1.2931804
-1.2350001	2.2179824
-1.0124127	-1.5755816
-1.0791441	-1.1202204
1.2415329	-0.8778292
-0.1802494	-0.0105880
0.1355363	1.0693740
-4.1544930	-1.2505169
-3.0462586	1.2842694
-1.9367652	-1.2484504
-3.1446400	1.3970190
-1.2249163	2.5621882
1.4398421	5.1577661
0.4901168	2.5503943
0.3032192	4.9007032
4.0812189	0.0709149
2.8942121	1.5306049
4.6552554	0.3991079
-0.0093012	-1.3532648
1.0418803	-2.4699889
1.2734614	0.1195419
-0.7947486	-0.5344896
-1.8798261	-1.0302932
0.8228480	-1.7827845
1.0270725	1.8120709
0.6537692	-0.3019096
-1.3627631	2.7572990
1.3499949	2.2376227
-0.5369239	-0.8352838
1.2504025	-0.9271143
0.6307584	-0.8745122
2.3328891	-0.3850057
0.1757731	2.0211634
-2.6968513	-1.4041854
1.3495387	0.1187298
1.4945694	-0.5289024
1.8412256	-0.8935338
-0.1182008	-1.1870604
2.6321572	1.0527912
-0.7206543	-0.3171084
0.8025771	0.7048428
1.4157037	-1.1263141
0.1280173	1.2854689
-0.8689907	-1.6182246
0.5949245	-0.0067174
1.3215446	-0.3112546
-1.4804370	-1.8839603
-2.8367678	-1.2673745
-0.3030858	0.5690721
-1.0231986	2.6026908
2.1360631	3.1794846
0.4876426	0.0541138
1.2310121	-2.6898222
1.0358446	-0.3132497
1.7597342	-3.3703501
1.6890486	-3.5845474
1.6680783	-2.4450810
-1.6372891	1.1993847
-2.6743310	1.0839385
0.9516288	1.1680832
-3.0755343	2.6366478
-0.1892563	2.2140012
-0.2800791	-0.9251519
1.7931487	3.0561326
-0.9726373	-0.6798605
2.4736754	-0.2129215
-0.4457454	0.7749473
0.5110445	-1.3753476
-0.0845978	0.5666162
-0.2267553	-2.0880221
-1.3409333	-2.5594884
1.1185607	1.3338989
-2.9276198	1.2093660
-2.4903870	1.8960668
-0.6303695	-1.1189198
1.0586447	0.4665047
2.7979668	-1.9602342
0.9091625	0.9864419
1.8394660	-1.2894039
2.1236229	-2.8824006
-2.2011539	0.3543188
1.2232802	-1.4627369
-3.4230349	1.0923603
-3.5816949	1.7923806
-0.4106849	1.4437374
1.3283710	0.6551362
1.5323968	-0.3363479
-0.6333048	1.5450129
-0.8943518	1.1684332
-0.1868621	0.1139554
3.5860444	-0.5321598
2.7374672	-1.5834678
-1.1769642	-0.2673684
-0.6525040	-0.8494465
-0.2686185	-2.2196587
-1.4207616	-1.8181834
-1.6096375	0.4779107
-1.7220229	2.0106344
-1.7218387	1.8065126
-1.8344687	-1.6040697
-2.2233132	-0.7638897
-2.4679447	1.0606063
-1.4004907	-2.2709407
0.7586732	-2.8196697
-2.9619192	1.7821365
0.5818504	-2.1409784
-3.3054935	0.6604347
-1.3208747	2.4718101
-0.4904648	2.4786937
-1.0742093	2.2955705
-1.0077401	0.6274046
2.7841418	1.0088511
2.1015630	0.2017007
3.0868578	-1.0608271
1.6408064	0.4760447
2.5021507	-1.7994016
1.6173716	-0.8857525
0.0205402	0.4083335
0.6662949	-1.0141085
0.2824491	1.3306338
1.1656019	0.0397233
-3.5315613	0.8748624
-2.7210311	2.0407452
0.8539351	-0.1298546
2.1408420	3.0305330
1.7104752	3.0256233
2.8347888	0.6083018
-1.3575404	0.5126075
1.6487902	-0.7545531
-0.7573127	-1.2259967
2.3565450	1.8574542
-0.0714548	0.5025425
-0.5049482	-1.2524696
-2.5166228	0.3235824
-0.1031542	2.4370703
-1.5265368	2.4582210
1.3354824	0.4342019
2.9413185	-0.5415376
2.2526089	-1.7753841
1.2320863	-0.6825696
2.3614319	-1.3504169
1.6375933	-1.9425572
-3.2357139	1.1289097
-3.4383737	-1.7636022
0.2441071	-1.6040643
0.1355319	1.7398762
-2.9921350	0.0606571
0.5319851	3.0232106
0.5375066	0.0762791
1.2389846	3.8246662
-0.7540359	3.5735626
-0.0832977	-1.8242964
0.5982197	0.3492380
-0.8092265	-0.7159784
2.2473913	-0.8495396
1.1256459	-1.0297706
-1.3660563	-0.7348665
2.2808737	1.2212708
-0.5213968	-2.2508599
1.2194221	0.9614857
0.6724786	0.5698468
0.1651543	-1.5023522
1.8919223	1.4091952
0.0773249	-1.2748874
0.8720979	1.8148557
-0.9495442	-0.8711720
-0.3044970	1.9640779
-1.6451027	-2.4001984
-1.5265431	-0.6705466
-2.7230250	-0.9294368
1.7918228	1.6068633
-0.7507690	2.1898760
1.2592327	-0.1382803
-1.1194731	0.0059339
2.9960142	0.7743356
1.9735851	-0.2386890
2.8535073	1.4624909
0.3801476	-1.8892533
0.6531417	-1.0841042
-2.2242410	-2.3719350
-0.7056746	-0.9269051
-1.1815185	1.3762320
-2.5838053	1.9155538
-3.2125897	1.3392012
-2.4818041	-1.0134753
-0.2736600	-0.5844251
2.3939085	1.1799936
-1.7281842	1.4387651
1.9819281	-2.5368712
2.3398561	1.6627894
-2.1166355	-0.9230863
-0.5868314	0.2815858
-2.2847076	-1.6568690
-0.0146641	-2.1505298
1.7173232	1.0666083
-0.3275866	-0.1534530
-1.7147242	0.6786887
0.0622485	0.3024800
-0.1765772	2.3938147
2.1343344	0.2205304
-1.2077799	1.1594528
0.9424112	1.0239158
-0.7294869	-0.9931477
-1.9185408	-3.1354282
0.5271275	-1.5305007
-2.2977007	-1.3764781
-1.8723419	0.3455225
-2.0407923	1.1397845
0.5714122	1.6390568
0.6263394	1.9577777
0.1536262	-1.1200149
0.2406417	1.6144737
2.5122490	2.2934245
0.2209806	-1.4192756
-0.7774263	-2.7796023
-1.3684103	1.7706303
0.6173238	-1.8701142
-2.4906356	-1.9661642
-2.8074494	0.3776841
-2.3192083	1.6809149
-0.9068424	2.7434599
-1.8277695	2.6094292
0.0969356	1.8154810
2.4414692	-2.0629341
-1.2658795	-0.7661079
2.9706725	1.1033970
0.1964155	-0.6226198
-1.3744406	-1.4290628
1.6408250	-1.1479053
-2.2731132	-0.4384200
-0.6753173	1.1975839
-1.4219802	-0.6687987
0.0248545	2.2972630
-3.0092420	1.8551705
-0.6209210	2.1848253
0.5519547	0.3292186
1.3295604	-1.9216633
-0.3085306	1.3826397
-1.3754718	-0.9880669
-0.5207148	0.2775942
-1.0832409	1.8966482
1.4735238	2.1491893
-0.7963151	0.5162245
-0.0909544	-0.1083028
-0.2718653	0.2637968
1.3021646	-1.6895258
1.3457640	0.9169469
0.1510638	0.0150155
0.5845434	2.6609064
-1.1288679	-1.1995782
-0.2966966	1.2138304
1.8659719	1.0427746
-1.8277251	0.8932104
0.2300945	-2.8984639
1.4336870	-0.6938474
2.0041752	-1.7005737
0.3002363	1.5667626
-0.1434317	-1.6081972
0.7084593	1.1522008
-0.3971315	1.4601127
0.1052437	2.3314544
-0.7393957	1.8508433
0.1307173	-2.5560300
1.4645546	-1.1017015
-2.1600966	-0.0679418
-0.0497489	1.5530257
1.3392538	-0.8226082
-1.8565397	-1.8075150
-0.9811823	2.6723579
1.5738639	2.9346119
0.1991556	-1.1538497
0.5243728	-0.4485169
1.1116769	1.5651938
-0.2032260	0.6115329
2.3638494	0.6205826
-0.1725508	0.5289512
1.9553240	1.3031498
-0.5455988	-1.6497514
0.5226663	-0.5382483
0.6605394	-2.4777458
-1.1795769	-0.5431373
0.0846465	-1.1391216
-1.3822762	1.2598770
-2.6141537	0.7744620
1.1317228	0.7768923
-1.7336248	0.2686464
1.3609571	0.3446426
1.2266376	-1.6811284
-0.3176361	-2.4560443
0.7471606	-2.4999375
-0.2209811	2.1030187
-1.5176023	-0.1603476
1.0689543	-2.4504356
-1.8301331	1.6868697
-1.7747587	-0.4976716
-1.5063479	1.8707056
2.8151135	-1.6748882
1.0704719	-1.5003549
-0.9532844	1.8600720
-2.0089970	-1.1400624
-0.4575550	0.4554868
0.5946900	1.3571531
0.2448409	0.0507414
0.5727727	-1.6755450
-0.6717646	-1.0073888
-0.9178879	1.5019727
0.8142006	1.4466172
-1.2791450	-1.5264209
0.8342451	0.7158608
1.7162914	-0.1274711
-1.3148005	-2.1591050
3.1251631	0.0915079
2.1090128	-1.1606817
2.0283095	-1.7283439
-0.4336195	-2.5748621
1.2192062	0.9277340
-0.6245905	2.0106823
-1.7415815	1.8762161
-0.7602363	0.1210393
-1.8471104	2.4068756
2.2875703	-1.1416537
-1.2383276	1.5247321
0.5618409	2.0843231
-0.5179644	1.2701047
2.1981667	-2.1210154
0.3094313	-0.3913609
-1.1134144	-2.4775742
-0.4114131	-1.9790657
-2.5776357	1.0388512
-1.6192571	1.4076130
-0.4839608	-1.1638221
-1.2183320	2.0114006
-0.2272664	0.6417471
0.6216111	1.5513495
3.0566023	2.4944445
2.9645475	2.2878753
0.8989255	-2.5216595
-0.7539012	1.3793863
-1.6751877	-2.1975909
1.2226436	-2.4295298
1.9651960	-2.6525806
0.7622790	0.0603133
-2.7383134	-1.6097855
-0.1630363	0.3149579
0.5176375	0.6564302
-0.1477859	2.7709869
-2.0486243	2.3786075
1.6597972	0.9976293
1.9347724	-1.4954628
0.3193998	-1.5398124
0.1869733	-0.3550341
-2.3409730	2.1435999
-0.9703841	1.6186793
-2.5189293	1.0738437
2.3181994	-2.1494250
2.4300432	1.7431646
-0.9987418	-0.4246340
1.2818092	1.7420331
1.1233156	1.6562251
0.3870613	1.7821429
-1.7973409	-2.7482752
-0.8235545	-0.4605596
-0.9841549	-0.0368831
0.2840192	-0.1707648
-0.7646973	-0.7892289
1.6630373	0.3448657
-1.7633714	-1.6802181
-1.7362040	1.8465011
-0.6146802	2.4297295
-0.6482695	1.8429500
-1.9080542	-1.0772980
-0.9762276	-1.4517399
-0.6831909	1.5414146
1.0802480	0.5003844
1.2798773	1.3271590
-0.4308858	-0.0958247
-0.5220179	2.3026558
-0.7143573	2.3952203
1.4791927	-0.7761385
-2.0438426	-1.9980152
-2.0564313	1.2852836
0.5216658	0.3664633
2.0545157	-0.1487841
-2.1417214	0.8196189
0.8603722	-1.4385223
2.3137857	-2.1627833
-0.4327668	-0.0874446
-0.6049161	2.0228402
-0.6492995	-2.7093510
-1.3902296	2.0497261
0.1240925	-0.0643347
-2.5218647	0.9442095
1.0349101	0.0211366
1.3562924	-0.2565466
0.8244954	-1.1813820
1.5796914	-1.7338426
-1.1569709	2.3740987
2.4180623	0.6010528
-2.0413085	1.4040207
1.4295849	1.0926421
1.6147324	1.1980448
-0.7187309	-0.0759582
0.0261777	-0.9332642
1.1952651	-2.0698866
-0.4066555	1.9127543
-1.0831681	-0.3039444
-0.8633179	2.4102299
0.8866411	0.1380371
2.0421470	-1.8192841
-0.5504648	-0.6109307
-1.9661795	-1.7572147
-0.2281189	-0.1411162
-2.1471964	0.7443612
-0.9621635	-2.6404350
1.6548648	-0.3413033
-2.1470831	1.9524452
0.1590022	-0.2109200
1.0002097	0.1222794
-1.7704219	0.1191853
-0.6609263	2.4427913
0.0539752	2.7825006
0.3389510	-1.6593832
-1.3163997	0.8139064
-0.6768500	-2.4840298
-0.6247504	-1.3781188
-1.5738569	-0.1333641
1.7430525	-1.7972023
-2.3997210	-1.3996614
-0.5812001	-0.2761682
-1.5251513	-2.1509306
2.3050648	0.7322638
1.5528770	0.7222049
1.1749728	1.1155972
-0.6965521	2.0660628
-1.1366139	-0.5408763
-0.0226383	0.8762075
0.2170728	-1.5355263
-0.3807093	-1.0458012
-0.3034898	-1.9085059
1.1683048	-1.7317583
-2.6502385	0.7049219
0.2384782	-0.9530089
0.6929951	2.1923266
0.2372055	1.0263817
-2.3651438	0.2665487
0.9067382	-0.1381078
0.3800754	2.0577155
-0.1246418	1.6883900
1.8485011	0.5847443
-0.2758109	-1.5262864
-0.3426429	-1.9458850
0.4318798	-2.4146234
-1.3006159	-1.6741444
-2.0300414	-2.2254706
0.6158800	0.0303152
1.7545026	0.0081848
-1.4056838	1.7316878
-0.3854519	1.0795228
-1.1430001	0.7545404
0.5853708	-2.1119682
0.2318543	-1.6393971
0.6507899	-2.5436301
-2.3578280	1.2218675
-2.5618373	-2.0657661
1.2713302	-0.6834174
1.4202011	-1.4063980
0.1298475	-2.0836991
1.7535078	2.4842813
1.7523011	0.1907998
1.8045222	0.9424994
-0.7468119	-0.7867158
1.2154622	0.1210041
-1.6622273	0.8506907
2.1468782	0.9816233
-1.5178221	-0.4642077
2.3403268	-2.2813505
1.2974397	-2.1790147
1.1641038	2.1100342
-0.0997747	-1.7597798
-0.2446727	1.2144681
0.0823288	-0.1717341
-1.2161554	-0.9898091
-2.3387534	-1.5880865
-0.6282741	-1.4688610
1.7334766	0.7159053
-0.2161417	-2.3670702
2.2166767	-2.0713064
-1.7604737	2.4622764
-2.3256121	1.0213673
-1.2083793	0.4756768
-1.0249000	1.5529387
0.4824734	0.9712271
1.8121396	0.4890264
-0.5280617	1.5844121
1.6050671	1.2409064
1.2008850	-0.6560256
2.4788596	1.8938005
-2.0198777	-0.9991514
1.1197963	-2.1951432
1.7497745	-1.7724284
-2.2808210	-1.9412334
-2.6768132	2.1153066
-1.5957921	0.6672974
1.1134681	-0.1415509
2.2272653	0.7763375
0.1507526	-1.3370568
0.4199718	-1.9711215
-1.3754151	-1.5025246
0.4136056	0.9757185
1.9393379	-2.2428628
2.3051455	-0.8248106
1.4833914	1.9599300
-0.3883858	2.4633399
1.0939910	-2.1110402
-1.8529474	-1.2253424
-0.0209747	-0.4037746
0.8968829	-1.0966850
2.2554178	-0.9511284
-1.4352462	1.4732264
-0.6098005	0.1371261
1.0810212	-1.7692049
2.1987763	2.0535128
2.3362112	-1.5690832
0.1762775	-0.4969220
-1.5424513	-1.1298881
-0.3943393	-2.3283900
2.1281953	0.9795160
1.0729685	-1.6164958
-0.9683466	0.7104271
-0.6213087	-1.7483911
-1.0536824	-0.5280987
0.4426373	2.4923643
-1.1273658	1.7630489
0.2489661	-2.1072053
-1.1388453	1.9270925
1.3202555	-1.5988584
2.0171638	-1.2170721
-0.0091319	-2.1302901
1.5773637	1.0530521
-0.9432429	0.1048487
0.1114788	1.5732144
-0.8155538	1.0383187
2.0471495	-2.3558188
0.1459104	1.8915573
-1.4932234	-2.0810884
1.2565933	-2.5844662
-1.9091148	1.9028690
1.0061806	1.7459276
-2.4602573	-2.3345799
1.4409292	-0.7719312
-0.5616963	0.1310772
1.9797867	-1.8504221
0.6064811	0.7737783
2.0447959	1.8518538
0.9651951	0.1907675
-0.2610281	-2.1967385
2.5562910	1.4344795
0.8593722	-2.0320323
-1.6062686	0.1280189
-0.1273670	2.0694959
-2.4934600	0.1252092
-0.3842966	-0.7001642
0.3131869	1.6431981
1.4577399	-2.0147353
2.1174457	1.1151349
-0.2327009	-0.6842065
-0.7549105	1.6976252
2.5992918	1.4410765
-0.8367590	0.7007569
1.3811278	2.3484656
1.1449006	0.6740567
2.4702832	0.3745348
1.2520525	-0.3777091
-1.2878213	2.1599538
1.1753619	-0.4564732
-0.3683029	-1.7709459
-0.4760448	1.5831818
0.8672029	-1.6235918
-2.1285731	-2.3615840
0.3984537	-1.3487229
1.4133351	-1.1977966
-0.4658162	0.4247909
1.8930309	-1.2049568
-1.7968716	0.5827977
-0.2638443	1.7215427
-0.1376434	0.2891411
1.6798661	-0.1863704
-0.8832303	0.9731350
-0.4786499	0.6485958
-0.2247631	0.8481943
1.7621018	-2.1913258
2.0465030	1.3640450
0.5960345	1.7922638
-0.1579921	1.7603618
-0.3397405	-0.1316223
-0.9733379	-0.4799954
1.7875757	-1.3828147
-1.6544705	-2.1023910
-1.9366434	-2.0158624
-1.4124608	1.0980143
-2.0716663	1.0658473
-2.0500493	-2.1313944
-0.5988963	-2.1524284
-2.4819972	0.7410549
-0.2614392	0.0630342
1.0930138	0.3227188
-1.5337876	-0.9326888
-1.3767273	-0.6637586
-1.5174563	-0.5612360
-1.4570581	0.3701391
0.3960773	-1.1048285
-1.3979379	-0.5674944
-0.0683845	-2.1995867
2.4704818	-2.1214884
-0.5132370	-0.3864106
-1.0679867	1.5352387
1.3782495	-1.9680061
0.1186650	-1.8550940
-1.3968659	0.0052760
2.3824714	-0.9608228
-1.3903177	2.0779733
-0.1120673	0.0656219
-2.0999920	1.1675789
-0.2813177	-0.8869487
-2.1733968	-0.1102733
0.2316084	-2.3453180
1.2724576	0.3892433
0.2842341	0.0712910
0.1275019	0.3164638
-1.7551024	-1.9033313
2.6322050	-1.0870325
-1.5545354	0.0404126
-1.0198267	-0.0563826
-0.3455896	-0.3749442
0.5467249	0.0613750
0.2384152	0.8334442
-0.7884420	-1.4238083
-1.3369418	1.6295209
-1.6661710	-0.0229036
-1.3716328	-2.0483854
-2.3511475	0.2914890
0.4362991	0.2757665
-0.4565847	0.9587437
-0.0306269	2.4641230
2.4576453	-0.9087441
-1.8994072	-0.2854083
0.7334127	1.2810021
-2.2238766	0.9512254
1.7589194	0.1607756
-2.2535143	1.0999032
0.4798537	1.5737109
1.9795974	0.0060870
-1.7453489	-2.1971145
2.4958251	1.2949109
2.5616368	1.9045329
-1.1967098	-1.3020709
-0.4499271	-1.6827784
1.5997827	1.3872835
2.1030665	-2.1911948
-0.9349032	-1.8389960
2.0061009	0.1445155
2.1853695	0.0117193
-1.2971902	-1.8191971
-2.1727949	-1.6537982
1.7978253	-1.1793257
-1.1070323	-0.8457803
1.6203273	-1.4763739
1.1284304	-0.6719974
-1.9355347	1.6370104
-0.7301684	0.5013363
-1.7757779	0.8058886
2.2090242	-1.7313216
2.4390547	-1.9919432
1.0978608	-0.6138648
2.1359913	0.0120730
1.8381205	-0.0663451
2.3084826	-1.6309236
1.7500976	-0.6454704
-0.0743580	2.2312877
-1.3928517	1.4768135
-2.2087094	-2.0612249
-1.6302821	-1.0787456
2.2261970	-0.9358646
1.3970410	0.5852724
2.3088400	-0.6323758
1.5352967	0.1050638
0.5742985	-1.6851721
-0.0937081	-0.0976961
-2.1260126	1.5670411
-1.2887343	1.0975373
-0.0035506	-0.8530588
0.8663392	1.1411545
-0.8813721	-1.2283758
0.4173249	1.0246857
-1.7202603	1.3502237
-0.3656177	-2.5252966
-1.6936325	0.6118941
-0.8964148	-1.4227541
-1.6932173	-0.0383594
-1.6960649	0.4958558
-0.4932897	-1.9305832
1.3108818	1.6062443
1.1737007	-0.8412494
1.8560035	0.9436984
-0.8070723	-2.1550741
1.6877175	1.8404911
1.7390619	-0.3351627
-1.8310244	-2.1642127
-1.8401655	-1.4915613
-2.2993864	-0.5583497
2.0405090	2.2370515
-1.2080786	-1.9213896
1.4167955	1.0208877
0.8459442	1.1504796
0.7319565	-0.7992285
2.3085357	-1.5313310
2.2033370	1.5901514
0.0501488	-2.0169348
1.2162757	0.2669866
-2.1556168	2.3089428
0.1845421	1.8554230
-0.0642600	-0.9849838
-0.8944545	0.1292653
1.5903773	2.2205909
0.6209299	-2.2270855
-1.0196525	-2.1975526
-0.1964461	-1.1113298
-1.1928103	1.5941673
1.8720107	1.3186800
-2.0406283	-2.2298580
0.6031264	0.4103906
0.1429604	0.6940949
-0.7855726	2.4177220
-0.9900181	1.7144240
-2.5697647	0.7360943
-0.0541646	-0.9771343
-0.1544494	1.7366968
-0.5423500	2.3703296
0.9216995	0.7928443
-0.8772224	0.6177546
-1.0397556	-0.9452779
-0.0180894	0.1471710
-0.7129005	2.2658437
0.4009547	1.8529889
-0.2890703	-1.4736237
-0.4432606	2.2338454
-1.8167209	-1.6132953
-1.3448663	-2.3667628
-1.7032201	0.1617042
-0.2692488	-1.8260077
2.2750190	-0.0252404
0.7170095	-1.1350382
-1.1584445	1.5644232
-0.7754182	1.9670599
-0.0020549	1.1245355
-1.5051609	0.2446322
-0.6381030	-2.1177109
-0.8960231	-0.6709259
0.3570877	-2.2338379
0.4871041	0.7738134
0.3046068	-1.3966686
2.0072589	1.4909731
-0.5393402	-2.0554012
0.2575713	0.6568823
-1.2115104	-2.1296954
1.5209961	0.1978190
1.9525048	-1.9371006
0.8751933	0.1727752
-0.4443561	-1.6991545
0.2506030	-2.4773844
-1.3642693	1.4906961
-2.2302704	0.3018979
1.2886609	-0.1141112
-1.4307579	-2.0988540
-1.2529850	-1.0974994
-1.6999896	0.0779162
-0.3462556	-1.7696764
-0.2055886	0.7139686
2.3159325	-0.0762547
1.7632116	0.6945111
-0.9265026	-0.2511927
-2.3641820	-2.4379294
-2.2903146	1.7507794
1.9099634	0.3038291
1.8491417	0.1158619
0.5822019	-0.6585622
1.5334503	0.9884403
2.5014214	1.3982398
1.7232370	-1.7029910
0.2835440	0.0450097
0.2686538	0.0599610
-2.2063050	0.5526919
-1.0276488	2.0468153
-1.5502955	1.8098310
1.7846641	-0.2354389
-0.0541397	1.3979795
1.8265612	-2.1420326
-1.7786314	-1.3058959
-1.4636377	-2.3762196
-0.2527171	-2.0085369
-2.3629534	-0.4740900
-0.4256947	1.0701132
1.1304895	0.2740985
-2.2522290	-1.8272683
-2.2067918	-1.7605710
-0.4377259	1.6485349
-0.7935100	-0.8969654
0.8730846	-0.7653285
-0.6739801	-2.2202096
-0.7492731	0.8705464
-0.0778032	1.6508811
-2.1248667	-0.2090492
0.8898257	-1.6833569
1.6239863	-0.7022349
1.6552599	0.8272370
-1.6277564	0.8354616
-1.9180684	-2.5029567
1.0544736	-0.7298100
-1.9829922	1.5625459
-0.0462879	-0.2250092
-0.9994625	0.9692852
0.8003651	-0.1997409
2.0931704	-0.9102559
1.2693616	1.6036684
1.1170171	2.5042399
-0.9853708	1.2878879
-2.3267145	2.5419139
1.5113553	2.2784790
1.4354513	2.0512877
-2.3864149	0.7951484
0.2949806	-0.5348674
0.3513815	-0.2197204
2.1373056	1.8602903
-0.6124331	0.7622459
-2.4259362	2.1013453
-0.9874827	-2.2296698
-2.3317541	-0.7053238
-2.1044323	1.6414964
-1.5108544	1.3601859
2.0884335	-0.8791206
-1.8152865	0.5608747
-0.9546179	0.6391558
-0.5906041	-0.6949022
-2.1113834	-1.6659633
0.3960893	1.1698359
-0.4122816	-1.2740263
-1.6910512	-1.7402243
0.2416323	-0.1579937
2.3099808	-1.1597009
-0.5369700	2.0435584
1.6968678	2.4544785
0.3344086	0.4225724
-2.0430154	-0.5568116
0.8437168	0.0705558
2.3275509	-2.3980928
0.4051345	-1.2638382
-0.5521520	-2.3619352
-0.9681483	-2.0787600
0.9360763	-2.1580869
2.1472974	-1.3882471
1.7872566	-2.4465560
-0.3062347	-0.9968339
-0.5937305	-2.4416227
-1.4465116	1.6277840
0.6476514	2.0853186
-0.1861446	-1.7025616
2.1094565	-0.7973356
-1.2979110	1.4262727
0.3807962	-1.9674853
2.3155715	-0.3457815
1.7738142	1.8244687
-0.3401362	-2.1633364
0.0019374	-1.9520959
1.3111085	1.7542526
1.0404056	1.1904614
1.7571797	-2.3614882
2.5200914	-2.2773812
2.2789592	2.2895234
2.2542736	-0.3840689
2.1908208	-2.0602593
1.9784621	-1.4611752
1.4372734	-1.0525634
0.7119440	-1.2549882
-0.9674450	0.1658530
1.9228021	0.3498453
-0.6465276	-0.7142998
1.8266540	-1.5866620
-0.7609261	0.7063881
-0.7263005	-2.2731088
1.3705374	-1.8688270
1.8728507	1.7967921
-2.4174185	-0.0000485
-2.1990576	-2.4862235
-1.0297120	0.1787552
0.3904347	-1.1898793
2.2071602	0.2563331
-0.0971128	1.1665376
-2.0138954	2.1147319
1.7763364	2.1364933
-0.0473786	1.6199109
0.2632942	-0.5332106
1.5010544	-0.7537470
1.9021091	-1.8410526
-0.5435623	0.7400965
-0.2854819	1.2947420
-1.8298319	1.5927425
0.5787433	1.6703926
-1.9003450	-1.3848679
-0.2009191	-1.9885646
-1.7923953	1.5967005
-0.8195616	0.2187190
-2.3164934	2.1576674
-0.9855010	-1.6761225
-0.0603455	-0.8865961
1.1294382	0.9276998
0.6298881	-1.2395519
0.2646489	0.5453320
-0.0903010	0.4976639
1.0139733	-1.7137419
2.2266764	1.5620680
-1.6974485	1.1191623
1.9955584	-0.7722656
0.3337923	0.8894960
-0.0871345	1.7692907
-0.4341111	-0.4394098
0.3607126	0.1487096
-1.3535838	-0.9889129
-0.8646638	1.4737864
-1.4099831	1.5080298
-1.6201789	1.0822311
2.3349990	-2.2451766
1.1691943	-0.1815988
-0.0987001	-2.3588834
-0.9872247	-0.3351135
-2.0841836	-0.4825091
2.3926393	-1.8062631
0.8710438	0.9047254
2.3760862	1.7893139
1.3164670	-1.4241480
1.3621927	1.8905335
-2.1324527	0.5603366
-0.7495607	0.8558194
-1.4718950	-1.7732789
-1.5668322	1.0315623
-0.8743926	-1.3034581
0.4658240	-1.0693075
1.1063287	-0.8185287
-0.5078324	-1.0235330
2.0370011	2.0058921
-1.7049848	-0.8874387
0.2814867	2.2438589
0.0132170	1.6745486
1.8470824	-0.6312731
2.1897067	-0.4884689
-2.1294334	-1.8872846
-1.6178181	0.3909482
0.6051441	2.3094117
0.1984868	0.2306540
0.9800755	1.5864955
1.1274015	1.2061791
-1.8343171	1.4369626
-2.2880234	-1.0552252
0.5658719	1.1635407
1.4356936	0.9979423
-1.5212688	0.9798341
1.0585487	-1.4978672
-2.0270903	-0.1368766
2.2315616	0.0876205
-1.5492151	2.4433056
0.8973584	-0.0392712
-0.3139826	1.0966401
-1.1670707	2.0927065
-2.0443539	-0.9639459
-2.2466540	0.3921937
2.0718196	-2.0258302
1.6005892	0.2363182
-0.8681578	-1.7521113
0.7222067	-1.7123028
1.4711383	-1.5064386
1.5298065	0.6082641
-2.2967289	1.7341040
-1.9872912	0.4678949
1.5719492	0.8367336
1.4435218	0.2537233
-1.8096142	-2.3462524
-1.4948269	-0.6042730
-1.7374688	1.2953704
0.3061476	0.7275280
1.7889169	-0.1347051
1.3419391	0.3244537
1.3287965	-0.3453351
1.6775799	0.4011795
-1.8027651	0.2765937
-0.2914140	-0.9945478
-0.4047287	-1.1458630
-1.3115324	0.5063778
-1.9066971	1.8454680
2.0812157	0.6735792
-0.1534877	1.9389131
1.6566428	2.3832675
-0.4810890	1.7328078
-1.2238350	-1.2945436
-2.2707347	0.9200237
1.8082758	-2.4657102
2.2129663	-2.0729938
-1.1457654	0.2347612
0.7025330	1.0183154
-2.4162521	-0.0102145
-1.7871065	2.1171134
1.6561141	-1.4168504
-2.3013191	1.8463335
1.8371774	1.3048420
0.8139300	2.3471825
-2.2339922	1.6622969
-0.2896436	0.9953614
0.7185585	-0.9394516
-0.9894517	-2.0824379
-2.1683246	2.3443758
-0.8851768	0.9807204
-2.3304684	2.2786296
2.1639714	-0.7830471
2.1588622	-2.4675688
-1.2106254	-0.0948172
-1.7922125	1.9610256
1.6021568	-2.1299720
1.8366318	-1.2523283
2.2661294	-0.6777256
-0.9116872	-1.0363768
1.4228790	1.5925460
-2.4545441	-0.2547440
2.3595808	0.1046338
-1.3619929	-0.2432925
-2.0131935	-2.0853087
1.2761336	2.4660966
2.1807459	-2.3315986
0.8081279	1.8656046
-1.3771493	0.2294571
-0.0252171	-0.7066401
-2.4750251	-0.9804579
2.1667571	1.5460626
2.0616463	1.6481388
0.4098752	2.0954741
0.6050825	-1.8757170
1.9136376	2.2903781
-0.5266474	2.0000027
1.6391335	-1.8866934
-1.4962635	2.1961866
1.2068440	-1.3062227
-1.3646844	-1.6878801
-1.2368290	1.9441497
1.8023225	-0.7335235
0.3651415	0.0804834
-1.0031269	0.7740693
-1.2702069	0.1547885
-0.8251637	-0.6699501
-1.8807355	1.5887512
-0.1613536	-1.4970515
-1.5875853	0.5291914
-1.2168264	-1.4155618
1.4094714	-1.9448810
1.5352481	0.0381526
2.3194029	1.3335578
1.8136038	-2.4680544
2.0101392	1.7227312
0.6713961	0.3586073
1.0888498	1.9684195
-1.7348731	2.0757067
1.7113424	0.1166570
-1.8320017	1.0565787
-2.3904632	-0.3574051
-1.2757397	-0.5575835
1.6127705	-2.2363878
2.0259556	-2.3677197
0.1432561	2.4287419
0.1706531	-1.3561433
0.6495005	1.3783691
-0.8357856	-0.1318879
1.7573571	1.9758298
2.3161684	-1.4805034
-2.0940083	2.2984042
-0.3510206	-2.0745671
0.4826801	2.4016184
-1.5211743	-0.9332308
-1.7273180	1.1001675
-1.5881563	0.6402061
1.9534842	0.0216831
0.6319663	0.6186081
-0.7738786	-1.4267549
-1.7592556	0.8287503
-0.8386888	-1.0356398
1.0449475	-0.3863378
-1.4948301	0.2744538
-1.2918412	1.9423162
0.7411695	-1.0900111
1.2418159	1.5539369
-2.0877076	-1.8985739
-2.0464372	0.5290917
1.9081821	2.1067160
-1.0933775	1.4734589
1.3898563	1.1220296
-0.9089546	-0.3890857
0.3137569	-0.1441182
0.8308819	1.3217335
-1.7747293	0.6158750
-1.6147130	-0.4745867
-1.6835797	1.6186880
1.0416114	1.3268110
2.4634392	-1.5258179
-2.1947409	0.8184515
0.9711653	1.2759477
1.8511473	2.3816561
2.4231385	-0.6422246
-0.6430915	-0.5650835
1.4551031	1.1608150
2.2869755	0.3956294
-2.4983161	-0.0077060
0.1196693	0.5287513
1.5807808	0.1152141
0.5111323	-0.8979367
-0.9449808	1.7177581
0.9439567	-1.8544703
2.0148210	2.2501894
1.0840278	0.9744580
-1.7505683	0.3853522
-0.9441966	-2.1899644
1.0925270	1.2262375
-1.9257225	0.7830367
0.0932630	-1.9993924
0.8248527	1.8807519
-0.7283483	-0.9898024
0.0703146	-1.6809451
0.1243257	2.1889397
2.0922203	-2.4706599
0.3413637	-1.3133338
0.4793766	0.5281765
1.0531751	2.4224451
-2.4113450	-1.6911903
1.3856821	1.4664014
2.4279211	0.6246912
-1.8060635	0.5737352
-0.0900982	0.9069880
-1.1485077	-2.0627333
-2.2256874	2.1602719
-1.9489334	-1.3549775
0.6689333	-1.3399968
-0.3182938	1.1439105
-0.7506854	-1.0881926
-0.3256415	-2.2389491
1.3648100	1.8561853
1.7042394	-1.4267387
0.7154886	-1.2859097
0.0150613	-2.1257783
1.7449628	0.3801472
1.4746160	2.0978174
0.8291753	1.2328228
-0.7178980	1.4784021
-1.0605179	2.2910037
1.3041913	-2.3368718
-0.4620197	-0.1138233
2.4307278	-1.4773189
-0.1458481	-1.9163244
-1.5647544	-2.3365107
1.3258545	1.6668233
-1.0094395	1.8075500
2.0692577	2.2998763
-0.3252641	-0.4998186
-2.0341359	0.6185972
1.5127707	-0.4550558
1.1605320	-2.2890587
-2.4061244	1.4959807
0.6287208	1.9232521
1.9515689	-1.2040142
1.8614615	0.1087425
0.4510278	-0.2554971
2.1943985	-0.2476550
-1.6208269	-1.2169346
1.6740410	-0.5881228
-2.0796506	0.3938138
-1.9676052	2.2733878
1.3383625	2.1719789
-0.1689202	-2.2013567
1.1891912	1.0002323
0.0312013	0.4764186
-1.6308881	0.9843327
-0.0306722	-0.1440870
0.6018724	1.9276438
1.0931648	-0.8175775
1.2500888	2.2603017
-2.1056967	-0.6109193
1.4799950	1.9151612
-0.2721886	0.1036720
0.0531698	1.3972589
1.7326076	-0.2670408
0.5643863	0.0537972
2.5168522	-0.7957055
0.6556073	0.7398719
1.9123057	0.7846722
1.8802849	-0.9810555
-0.3748288	1.8355453
1.4675119	-2.2552376
2.4414671	0.3446399
-0.3216337	-1.9462250
0.2496491	-1.4778134
1.5608452	-0.0222571
1.0973011	0.0324079
0.0870907	-1.7571052
0.7232973	-1.5990996
2.2398970	2.4997294
2.1463942	-0.4717175
-0.9269436	1.6997567
0.4598277	0.9988451
-1.5685469	-1.8250339
0.7536744	2.3197295
0.1053264	-0.3253449
1.5288486	-0.0658033
-2.4961686	1.1221048
-2.2727621	2.0615963
0.3087592	1.0776160
1.0017705	0.0011952
-2.1374367	2.2343149
-1.3704940	0.3718850
-1.7765086	-1.0272247
-0.2535428	-2.2029722
-0.1838812	-0.7547726
-0.4122276	-0.2069593
-0.5109381	0.3899175
0.0306859	1.4669732
-2.2934825	0.9154347
-1.4847459	-1.6177101
-2.2604632	2.4356859
2.2273769	1.8357174
0.3799293	-1.7528457
-1.6237693	-0.9527039
-0.1122099	1.2521909
-1.6702182	1.3008086
1.1065777	1.2023305
-0.6390110	2.1756123
-0.0809248	1.3461184
-2.3625519	2.0849759
0.1756203	2.3203466
0.2006738	0.0178403
-0.9201095	-1.1055852
0.4331539	-1.6424736
2.4308603	-0.3166408
-0.4195213	-1.8910512
0.7766239	-1.5328117
-0.0702865	-1.9255143
-1.6635562	2.2986359
-0.2595056	2.2467337
1.2037288	-1.8928285
1.5695569	0.6182979
-2.2571121	0.2522052
-0.1377720	-2.0985186
1.6123118	1.6573989
0.3539452	-1.4591178
2.4166372	-1.8989090
-1.3654767	-1.6405719
-0.0015883	0.0199787
-1.6213128	0.7884918
-0.5888059	-0.3053454
0.4506657	-0.1304545
-0.5886432	-2.4126097
1.1137002	1.7142715
-2.1655983	-1.4474400
-0.4689045	-2.3089124
1.7688440	-0.7374191
0.6504885	-1.5645882
-2.1044767	1.7688610
-1.9458709	1.6042686
0.4421704	1.0938918
0.0483921	-1.7141341
-0.7365738	-1.7541545
1.0078196	-1.2504000
-2.5028363	2.2848184
-1.8038594	0.1302276
-2.0119730	0.3519290
2.4719148	-2.2076812
1.4777999	-0.2749489
1.4405989	-0.7107217
-1.9095720	1.4840197
1.3102214	1.8879048
-0.5167301	2.3404906
0.8201556	2.0058702
0.8106069	1.5302332
0.1097548	-0.3240477
-1.1758632	-2.3409288
-0.0344781	-1.1836520
-2.1035955	-2.0443863
0.5399850	-0.1102597
1.0402334	1.5570313
1.7451181	-1.7406002
1.0195940	2.1384649
-0.0369181	-0.3782242
1.6495826	-1.0459695
2.3460213	-0.5638688
2.4049932	-0.6325855
-0.3772663	0.9642341
0.1265844	-1.5153980
1.0079093	-1.7642264
-1.8303943	-0.7654803
-0.9206232	2.0610295
0.1059152	1.2596935
