jMRUI Data Textfile

Filename: dataset10_WS.txt

PointsInDataset: 2048      
DatasetsInFile: 1         
SamplingInterval: 2.5E-1    
ZeroOrderPhase: 0E0       
BeginTime: 0E0       
TransmitterFrequency: 1.2322E8  
MagneticField: 2.9E0     
TypeOfNucleus: 0E0       
NameOfPatient: dataset10_WS
DateOfExperiment: 
Spectrometer: 
AdditionalInfo: dataset10_WS
SignalNames: dataset10_WS.txt;


Signal and FFT
sig(real)	sig(imag)	fft(real)	fft(imag)
Signal 1 out of 1 in file
266.4672200	-102.1657000
468.8155100	-209.5247600
317.6739800	-363.1707700
124.6134900	-419.0130300
-48.1419580	-387.2213600
-179.5488400	-272.8182700
-222.9312700	-132.6432700
-198.8270500	-11.9313060
-122.7711000	62.9005840
-35.6264510	75.9122370
21.2202910	45.1519600
57.8747990	-5.4065225
42.4343500	-50.4736620
18.1369700	-83.3260980
-27.3410340	-93.4669930
-52.3264960	-71.9607220
-77.8336180	-48.8095720
-89.9035450	-28.1832740
-86.9684770	-8.7737177
-84.6845530	20.4418070
-77.1806020	33.5434240
-60.8065020	61.2665140
-37.4098920	76.8699310
-9.2410264	77.0258800
25.7213230	70.8035600
47.6471310	44.9762040
50.4814270	4.3707113
36.3166190	-27.2865510
14.0859860	-47.2454830
-17.9446040	-43.9963700
-55.0484180	-18.4117150
-66.9826170	5.9113467
-55.5425740	49.3771590
-35.7732340	74.6970930
6.2190350	78.8060440
32.4362000	75.2446580
55.6754400	61.2166730
71.1932330	30.7402580
75.5841050	2.2290326
68.2270470	-22.8952910
60.2604040	-31.2153710
38.0070610	-49.0503160
28.7670290	-54.7079240
4.9532194	-56.8354290
-9.4202196	-50.8589960
-29.5898510	-35.7837650
-33.2969140	-15.1578740
-22.5709370	-0.1470684
-4.4049808	12.0837840
11.1360470	4.4237696
16.3783750	-2.1076721
22.7367160	-27.4081680
10.1714430	-37.3422230
-21.0219670	-51.6711880
-46.2456310	-43.1603190
-58.6243250	-17.4055380
-65.7317140	25.8742800
-42.0568450	51.4881320
-9.0772232	62.0187920
26.6654530	64.6539450
59.8976090	37.3177740
72.0787290	6.1063208
61.0720100	-30.6243850
39.0439070	-61.2150720
7.5246256	-61.5176010
-23.5267910	-54.6052320
-44.6809570	-42.3245010
-53.4089090	-18.5456540
-43.6889340	5.0758472
-38.7529210	22.3991910
-23.2895110	20.8204060
-12.8133540	23.9221220
-4.3137073	24.6026880
5.0861189	18.7435940
8.7330534	17.5306240
17.0499960	12.8095400
18.0415360	7.9005919
8.4080040	-13.1102020
0.5207819	-13.0496950
-10.4100320	-16.4524830
-25.0946720	-9.4797610
-37.6309730	17.0023250
-30.6526650	29.9615890
-4.8952117	45.0882400
17.6633620	49.0341810
41.4955730	40.1919350
53.0821340	17.0946320
46.0570210	-10.1656180
39.0748360	-38.0863790
6.6212648	-48.8304570
-11.3479400	-34.8389140
-31.1653750	-26.8472320
-41.4065820	1.4000134
-33.5619900	22.7516140
-9.9763904	38.4180820
10.7860330	42.1684440
31.5214090	34.5893790
46.4248230	11.3601840
52.3452030	-15.9996490
40.9266940	-34.4643210
24.7745820	-48.7116670
4.4047307	-48.6810920
-7.4110169	-55.0645620
-27.2095050	-47.1775010
-39.8975840	-34.4380830
-40.9134960	-18.7682450
-43.8962350	-2.7971217
-40.6101910	19.7443700
-24.8300080	28.0605840
-9.2972703	38.4763590
11.4251620	32.3939110
15.0415870	20.9715500
24.8737180	8.2175066
20.4781170	-6.4395022
9.5436481	-21.1019000
-6.2812691	-15.3607360
-15.2592090	-7.3297473
-25.9812660	7.3540215
-20.4052620	19.3285600
-8.0241743	26.9201860
11.9238460	33.3074000
29.9696300	18.6118740
36.4793440	0.0069497
31.1400040	-7.2314311
25.4158750	-28.6432310
11.3275880	-30.2287500
-8.3175770	-24.4946810
-19.2514640	-22.4933450
-26.3277290	-14.7092670
-30.8928290	8.3034191
-23.7628700	14.2891040
-18.6158110	20.6928770
-11.0913420	24.5305130
3.4686553	31.8728150
10.5099470	30.0276360
24.8965710	24.2357620
29.9186420	9.8028150
36.8812870	-1.7115669
32.4913640	-9.8709470
22.1002130	-23.8084330
14.8966830	-34.2290700
-6.4161150	-24.6969020
-15.9348620	-20.0719180
-15.6968980	-8.0035006
-12.7795560	-5.3176012
-6.5262970	1.2039829
-5.6777055	6.4647851
4.4803561	-3.2366633
5.5888305	-4.3339585
-3.4902273	-17.8660930
-6.5519171	-17.5386450
-19.0525460	-18.7274900
-23.3742230	-4.9423635
-32.6617390	3.0372601
-28.4159930	20.8977040
-13.2204210	30.9416140
-0.6400272	30.1895990
11.4159480	27.7336950
23.8677740	24.9871310
30.9922230	11.6144710
31.7598340	-1.3607534
20.2530130	-12.3956480
15.8118870	-28.5362950
-2.7096244	-28.4990760
-14.7082030	-29.3303340
-19.9541370	-13.8609790
-28.4507450	-2.3206795
-34.9111060	11.1156090
-28.5397420	23.9142190
-20.2892100	35.0639980
0.5154034	34.8238900
12.8132310	33.1527970
16.9236490	22.6840160
26.9131930	13.3228290
25.6999370	2.1405236
23.8785860	3.8649850
13.9903480	-0.7828605
9.5587785	-9.0530880
4.9119161	-5.6727688
7.9302033	-4.2365251
14.7545380	-0.3629961
16.3661410	-6.9849430
20.5188400	-10.3053300
18.8585290	-13.6830650
16.2954980	-19.9897280
8.8159191	-28.0237200
2.6501557	-31.0966770
-3.5136859	-27.0605570
-13.7749850	-26.1186770
-25.3527840	-16.0494440
-30.3315500	-3.9019784
-31.9932610	5.9860486
-21.0940880	8.6703436
-18.8076930	12.6173580
-12.5550170	25.0483750
-3.6569514	23.0915610
4.3591881	13.3490230
8.4563890	9.5658679
11.1125790	-0.8950924
6.9299955	-8.8545263
8.6836899	-7.5029171
-1.7889930	-8.6881440
-8.8643161	-10.5374810
-7.2706112	-1.3726173
-7.8783826	6.9880154
-4.2592973	10.1205190
5.7653891	14.0363770
1.6117363	7.2024932
4.2643993	1.5363386
4.4046509	-4.7697729
0.7047360	-9.0330221
2.1872060	-6.8170734
-3.8504179	-6.3477973
-9.7862769	-1.8982059
-13.7697550	-1.6764227
-10.6959760	8.6538000
-4.1684783	17.2587150
3.2338436	15.9344310
1.7628303	18.9882700
13.4230810	19.8477680
15.1855510	5.8998825
27.5801820	1.4872108
22.5914560	-4.1712304
23.7851950	-19.0750360
13.3306980	-16.4975170
7.3023208	-25.1209110
-0.5763324	-26.8965450
-17.6792360	-21.7342400
-12.6669520	-9.7152240
-17.6809070	-2.2999869
-14.4872640	7.0861273
-12.2003710	11.7702760
-0.0388927	17.3904500
1.9552953	12.1080980
13.9624200	2.2092303
8.4199204	0.5491604
6.3230028	-7.7647757
-0.0577506	-8.3758344
4.0187196	-13.0644340
0.0298218	-1.9361974
-7.7430243	-7.2450271
-4.0065974	1.7597865
-6.9181365	2.8807211
-4.3113741	1.6751419
-2.0503877	-1.5250860
-0.9114851	-2.5257990
-3.0252451	-11.4260060
-6.7965162	-10.7972580
-6.2834024	-15.2656470
-9.8394373	-10.5965300
-19.8281650	-10.6450920
-16.5494030	-3.2008003
-16.9773360	12.8467750
-18.3519810	16.6460780
-3.9686760	15.4661000
-3.5953774	20.7333020
7.1223864	22.4355040
13.3326620	13.0552490
16.8936310	9.0444155
16.9883120	-4.8033223
13.5913050	-9.3335803
8.8711643	-7.0358909
-3.9194620	-4.3568150
-3.8052553	-9.1341825
-11.1177530	3.1415946
-1.4089112	7.0260645
-1.4936255	12.4814510
9.6138843	13.8987090
13.4699070	6.7267598
10.2667290	2.3955617
7.7300994	-6.9974272
6.1315452	-2.9868142
4.4248037	-9.0731478
0.9009905	-14.4689830
1.9915366	-8.5104118
-4.1835856	-8.1489062
-12.4531030	-0.1047245
-3.8175824	-2.9182204
-5.0207856	9.5870295
2.3994420	9.5824885
-1.8875049	11.5426550
11.9645770	2.9813444
14.8266510	-0.6005631
10.1318840	-6.1574403
11.9598700	-7.8314330
3.1621089	-16.1069900
0.9310020	-11.3936320
-5.7486818	-9.7777277
-14.6659180	-8.2095292
-13.2126460	-3.4488618
-17.9822220	3.0452550
-9.7436882	12.0969960
1.3204674	17.3946970
4.7090547	10.5161880
8.7962983	14.9480060
6.9721979	2.2401517
15.5256010	-3.8632626
13.2649550	-2.5683685
3.4978010	-3.7442789
1.5165575	-12.4137270
-4.5131140	-12.7188730
-9.4135092	-12.0635580
-4.5167769	-5.8755991
-8.4342767	-3.8002518
-4.7515588	-4.9390114
-7.3255687	3.0652159
-8.1682117	5.6892621
0.7210501	6.9223577
4.7424735	1.9062634
-4.2915677	-4.2679954
-3.2040414	-1.7616015
-2.3387561	-2.3343880
-5.6711042	2.4946446
-11.1596310	1.9483153
-4.8145553	4.9810154
-4.7071695	12.4735290
-0.1544880	16.2161210
4.1364707	14.3487800
13.9373640	5.8828759
16.3441840	8.3454557
18.4441310	-5.4598823
7.3839455	-6.0807922
3.2216166	-13.7167210
8.6885082	-16.7591890
-0.3206060	-11.9127770
0.5268438	-3.6213245
-6.8348377	-7.1648569
-10.1821210	-6.1665620
-5.1555126	-4.1825450
1.8703389	-2.3662824
3.1584782	-0.2913652
-3.7335714	1.4992308
-2.0202387	-3.8484004
-4.9589452	-4.4645120
-1.2669771	-7.4392199
-8.1573540	1.9943814
-4.6148209	-2.2957179
-4.5682415	4.9271241
-4.4663865	2.6868526
-7.4648460	9.4440802
-6.1609080	3.4807610
-5.3194940	8.0473837
1.4615850	3.1527445
-0.0389591	2.3068630
8.9522298	2.6510855
2.3925558	1.5331678
3.1415529	-4.3649888
-6.9328696	-8.8944557
-12.4227510	-2.1497936
-7.9102866	0.5582574
-14.5207830	5.7113061
-6.4801562	10.7686190
-2.5320136	9.9062145
7.0653897	15.6762870
13.5619280	8.2342767
8.1662375	7.7280308
10.1054310	1.8555727
10.2702660	3.2905664
9.2032586	-1.2305509
8.9045003	-11.8115320
0.6705768	-10.0689500
7.6217700	-12.5366880
-5.1411089	-6.9808299
-6.2586090	-10.5283430
0.6580354	-0.5065486
1.6135935	-3.9942888
-6.3217553	1.0606566
2.0150396	0.0613712
-2.8729714	-8.5486599
-7.9522174	-3.5530386
-8.9507018	-3.6716298
-8.6679532	-8.6524363
-11.6870930	-4.3935964
-9.5322644	2.8478532
-13.7243590	8.3173343
-4.8461492	14.1898620
-6.3830807	17.0656700
-4.9600265	16.9793880
-1.0962690	18.1584480
14.3267560	14.2224920
10.7373550	7.7880473
8.6296771	-2.9774135
16.7725100	-6.9985801
13.2900450	-4.4116985
-0.3549349	-7.2580568
1.0568962	-5.2511020
0.2742113	-5.1456250
-5.3790749	-8.5491077
-12.1798340	-6.0222876
-7.3107477	2.1379748
-10.3561750	0.1544535
1.8883341	3.2027822
0.9649295	10.1866290
8.5689262	6.3612633
1.9481782	4.5120578
8.5105084	-4.0041588
4.9088267	-2.8107717
2.6706124	-2.5268994
-1.1569379	-10.9861760
-4.5004931	-6.1573363
0.1536514	-7.8148419
-0.3065534	1.5502507
-1.0440234	2.4334281
-4.6868649	6.0555635
4.6558781	2.0089427
7.3116082	1.5579153
10.4718840	-1.0768490
7.4530356	-7.4344240
-0.4113003	-3.1421147
3.4176182	-3.9517410
-8.7472550	-9.8000893
-3.3498779	-5.7688810
-7.8783231	-2.2101556
-4.1658263	3.3277890
-10.0687500	8.4973792
-2.9714048	4.9308966
-4.8266713	5.2219959
0.1081058	6.1146846
9.4294327	3.0522731
-0.1192072	4.5028589
0.8778422	-4.4985201
1.8700597	-3.0639819
2.5028716	0.6494888
-3.5769626	-8.4021096
-3.3267076	-8.0048185
-2.7589317	-8.8782984
-3.6030907	-8.0530325
-5.7374107	-4.1582112
-3.6283427	1.0064775
-7.7023897	1.3765110
0.9012086	1.8556914
-6.0378864	-4.1364911
0.4959450	0.3144775
-6.7810174	-0.2778361
-6.0488425	3.8818749
-10.0715730	4.4218946
-0.0777828	9.0071415
-1.0870382	5.4704287
4.1398307	9.6768047
1.3142998	12.5164040
11.7396430	1.3880199
9.0568823	5.3852805
6.4831606	4.5229159
10.4730310	-7.6496198
0.0051817	-3.8091886
5.4796507	-2.2714997
-7.2798290	-5.9197183
-1.2910492	-8.6168542
-9.4322427	-4.6533588
-6.0231445	-2.3071034
-5.3173057	4.8256311
1.9421864	-0.4516512
3.7584442	3.6837817
8.2296138	7.2494644
0.2891231	-3.1136855
8.7095497	-6.4431759
3.7638175	-9.1134798
6.8284580	-6.0560152
3.7786075	-6.0891850
-1.4421101	-5.2519693
-7.4469246	-5.4282465
-2.5335393	1.4726944
-10.6233690	-1.5985785
-2.5186949	6.1381417
-1.6415639	9.8158768
-4.0966606	7.2320986
4.6429611	1.5756366
0.7112212	-3.9323599
-1.2613434	3.5154563
-0.9652673	-7.4834184
-2.6969793	-2.4405817
-3.9142431	-1.7759075
-6.9029692	5.3812372
-2.3000365	8.0236065
-4.5701199	9.6663605
-3.4245613	7.0071277
0.7182830	7.7513990
0.2105230	7.1909784
6.0144283	-0.6843028
5.8058546	5.0323695
2.4175077	-5.3951092
7.8244429	-7.3954791
-0.3485281	-3.2021474
-1.5721779	-7.2793893
0.2859992	-11.7457880
-7.6135161	-8.4596169
-10.7270720	0.3550555
-10.9108570	-1.4878198
-2.7014218	2.8074222
-3.8479928	2.8139136
0.4421896	9.4593717
5.5006020	4.0348344
6.2203522	6.2673469
5.0816833	3.9274562
1.2396669	2.6509662
4.6496508	3.7923847
-3.9773647	-1.2040800
-1.9828722	4.1997753
0.1803398	5.1543341
-3.0442948	-0.4414558
2.4954109	4.6643869
1.9569120	-2.0890038
5.9636607	2.5679507
1.7815621	-0.7551402
0.3182362	2.3462264
-1.0198487	-4.9007550
-0.9114575	-1.9036355
-0.7801774	-11.7466630
-3.5104203	-6.6812430
-7.7039695	1.4366368
-1.5531332	-6.5873315
-8.5383688	4.8164784
-8.4342037	7.6521472
-6.7133881	3.3999012
4.4009349	1.1586721
5.5091435	-1.0794354
-2.4684416	-1.0551451
4.2295975	3.4761352
-0.2682681	2.5827562
-0.8493817	-1.2343540
-2.5947682	-7.4458319
0.0831335	1.6647112
-4.5975099	-1.5844954
0.8328005	1.8763497
2.3235864	-0.0444931
2.6376933	2.3465803
1.5650066	-2.2613490
-3.2889999	-3.7717032
2.2422961	-5.8750304
-2.4725923	-6.7554863
-5.3082834	0.2241317
-6.2045848	1.0012684
-5.8424621	6.8754890
-8.9722022	0.4766088
-5.2104008	10.2538750
-3.8852639	4.9441807
0.3653487	3.5433792
2.5110621	5.3526719
8.3223499	1.2466464
6.9744911	1.0494587
4.7698740	2.7606067
1.0203238	-1.5233499
3.2559181	-3.0533337
4.9796794	-4.9715145
-0.8963136	-10.1198130
-6.3874040	-8.5442080
-3.2943261	-4.4221266
-3.3218355	-0.6364697
-9.8205599	4.0499168
-6.8551164	2.0518067
1.9932200	-1.5073981
-1.8739791	1.2480260
4.1380780	4.6073802
2.9126000	-3.6045981
-1.1276387	-3.2078873
-0.9226952	-3.0684885
-0.5493057	-2.8965020
-4.0478944	-1.4459260
1.1042610	-0.6103435
1.2014510	-0.1883626
-4.1888094	5.1979867
-4.2880822	5.3882392
7.4971128	5.6641475
5.5589821	0.0085004
1.1278566	3.3351079
3.3093166	-1.8978917
2.9051847	-8.3498387
3.1250376	-0.0085304
-0.1108378	-2.4956278
-4.2710613	-1.6043728
-4.3298745	-4.3641015
0.0295882	0.4735537
0.1731178	4.4905602
-6.3087408	-0.5810816
-2.5930943	7.5665826
-0.0520629	6.5504529
2.5877014	-0.7916705
0.0036242	7.1617335
7.3758514	2.5549301
1.1196292	-3.2672336
4.6362249	-7.2191693
0.8265731	-6.6203306
-1.7997044	-9.0249540
-0.4141678	0.7164639
0.6840466	-5.5833838
-4.7500432	5.1566478
0.4486420	-1.3299476
-3.3107979	4.2869828
5.9980004	-0.9403410
4.3154574	2.7797076
-0.5971957	-3.6896897
-2.4164574	-6.5993203
3.0164591	-0.7580581
-1.3484026	0.7585688
-7.1212804	-6.5558911
-8.2857279	-4.1514338
-6.9906669	-0.9163885
-2.8000396	6.3642502
-2.2126906	0.9504268
-1.0723829	1.6103627
0.1788222	2.6370050
6.8484795	2.6984264
6.1949000	-4.7476457
2.1611276	0.5035500
1.7549053	-4.1710122
3.8072516	-5.9043400
-3.4808581	-5.1000591
-6.2991752	-3.8455124
-2.2043318	-5.7470147
-1.1626327	-3.9628677
-4.6299009	-0.6771878
2.5161306	-1.7326550
0.3737607	-1.0408931
5.9443530	-0.5172822
-2.3707503	-0.5202592
-0.5247800	1.3457340
4.7509735	2.2694748
-3.7096339	-2.9140789
-2.5205017	2.4481991
-5.6283736	2.9508594
4.2792505	4.6552047
-6.3942037	-0.8819724
-1.5010216	3.2388079
-2.6700012	4.4574010
0.2654939	-0.0332724
-1.9392673	-1.3497806
3.2211249	-0.0395106
-3.9815079	-6.8829724
-0.6581499	-4.7920666
-2.4492537	-3.9367063
2.8663791	-5.0769092
-1.2668543	-2.1017556
1.3961917	-4.9918391
-1.2059835	3.1749066
-0.4546598	1.1381773
0.0508382	3.4483861
-3.9096748	1.6565772
4.5949521	3.1571901
-1.3639050	5.8657711
1.6258762	-5.1876350
6.4973359	3.5042125
-0.1522320	-6.7899672
-2.4816961	-0.2426086
0.8257022	-2.4118849
2.8827013	-4.3513299
-4.7832718	5.1855402
0.8733098	2.6018093
1.8640467	0.3444487
2.5229710	-1.5603516
-2.2398018	6.7495114
2.5562672	1.0897537
4.7758209	5.0048293
-2.6620921	-0.5669762
-0.4981170	-5.0786256
1.1997721	-5.8457172
3.1729857	-4.0557156
1.2187512	-1.4706758
1.8644649	5.7800404
-4.1048887	7.4605900
3.1498653	-1.3322674
0.0175094	7.5430830
5.8666068	6.3555261
4.6724045	-2.0664204
3.7264215	-1.1968946
-1.8473450	1.3682852
3.0049295	-3.7527051
1.2632397	-7.0278289
-0.9954424	-6.2992687
-0.1744265	-0.5841625
0.8089959	-0.0483027
-4.2693734	-3.4500524
-0.7163576	7.4392300
1.6828629	5.0094331
5.1570172	7.7189779
-2.7611911	0.5884637
-1.7750554	1.8102317
6.9362661	-0.2018915
8.3632546	-4.6676995
-0.1428165	-0.1634309
0.8752186	-7.7657547
-3.2414504	-6.4426814
3.4700867	-3.5522589
-3.0996548	-3.6898778
3.7888488	-1.6936726
1.7987713	3.7643309
-2.7977956	-4.0732278
-1.2296755	0.7793390
-4.3767669	-0.9855020
-1.6129450	-6.1382950
-0.5972162	-1.2269299
-1.4264907	3.5896842
-4.9586294	3.7266730
3.2871188	-1.0288599
1.7170471	-5.2235816
-0.4951707	5.2844126
-0.4001542	4.7843596
-5.3474311	5.6184185
2.3495072	4.0482088
-2.3226570	0.9669639
-2.2797618	-2.8666807
1.1521622	-0.1537636
1.5804538	2.1196870
4.1386214	-8.6560072
1.4496267	-8.1025172
-1.4285752	-8.8435533
-6.7154647	-2.8870166
-1.4896448	-6.3687630
-7.5016367	-0.4612524
-7.0357239	4.1229139
-5.6689285	6.5780195
-5.0383984	-1.0064132
-1.1692020	-1.7657342
3.2747289	1.7709114
-0.0700609	-2.8602658
4.8658131	-4.8567336
-4.5528206	-5.5152281
5.3111839	-6.3417343
1.6419680	0.3991044
0.9409070	-5.8094505
0.6609594	-1.9866596
3.1275117	-1.9961039
2.8526330	4.9066235
4.4439779	-2.4756700
3.0763776	2.5747752
3.4074981	-5.8755429
-0.6677757	-6.9272258
-3.2179400	-4.0428289
-2.5198084	1.3623866
-3.2701829	-3.8180564
-0.6161620	-3.4395297
-3.2687766	-5.0423115
-2.6994693	4.7839094
-6.1922910	2.9847956
-3.6599351	3.3708786
-0.4402479	-1.6430415
-2.8008558	1.1865549
-1.1110006	-1.4212731
-1.8689433	6.3706192
-3.2403483	1.5082464
-2.6874101	-0.5444945
-1.5300977	3.2019631
-1.9480619	3.3268729
4.6361292	-2.1011929
-4.5792989	3.3256991
-4.7635987	2.0576506
1.7634433	1.8637916
1.8564765	5.3901069
-1.4575465	-3.1757208
1.6188469	-3.1943479
2.3612627	-3.0524978
-4.3952408	2.7893346
-5.5147598	1.2830205
-4.8885740	-1.6301808
-6.4020548	-4.2029053
-0.5192894	-0.1012001
-4.0264921	-1.9780273
-4.8440517	-2.3932680
-6.3313106	-0.6989660
2.5798823	5.5559881
3.1231675	0.8260543
3.6856058	-1.8700091
3.7126841	0.1247192
2.3349587	-4.3354088
3.1845887	0.7010480
-2.3660492	-0.1239988
4.9852010	2.1594360
3.4429804	0.7704044
-2.3742025	-2.8625686
3.8748352	-2.2509072
-7.1157870	4.8903406
4.0422540	1.4170795
-0.4916636	-2.0348002
3.9422237	-3.1948882
2.6910656	-4.0923847
-1.9434387	4.7781534
5.1060224	-4.6039085
0.8812699	1.7795847
-1.3474931	1.9930965
2.9524946	-4.9967812
1.0319181	-1.9519035
-0.3645718	-3.0423300
-4.4740533	1.4882855
3.5825250	-4.4056779
-0.8648604	4.5085857
4.3802744	-5.3085081
-3.4623800	-2.0288097
1.4919253	-2.3227873
0.3392549	-3.3199812
-3.8188126	0.5718388
2.8908732	-0.0270960
1.4430515	-3.0374774
-4.2309497	-4.8139749
-4.3295630	3.7403687
-5.9659920	6.7182319
4.7463876	-1.9086917
-1.7118274	1.3147971
0.9777208	4.1031676
2.4904584	1.8512372
2.4613487	-4.4693021
5.1517102	-0.4372059
-2.3540376	-6.1037626
3.8546013	-6.1393445
2.6963883	-3.0532095
1.5355038	-2.4260268
-5.3751575	1.6039970
3.2585071	-3.1156930
0.9493571	-0.7104533
2.8655642	-2.5478395
2.1821023	2.0959647
2.7785891	-3.7132901
1.3464264	-4.4125847
-3.4285206	1.7838930
6.3224852	-0.0301653
-3.2780647	-5.5588257
0.9620206	3.2096138
0.6508796	1.2068635
0.3037326	2.0210124
1.5314110	-1.0035070
-1.2761800	5.8319157
4.7351194	0.8026627
4.3904907	0.5465033
2.2673234	-4.0510633
-0.0402646	0.5027564
-1.8179866	0.1506758
3.7638905	-2.3782226
5.7329150	-5.2649799
-0.6784782	-2.1280747
-2.6036003	3.3153390
-6.1930626	-1.4605121
-0.4286404	0.0674329
0.5412199	3.0055699
0.8965352	6.4829828
0.2490674	-0.8893087
-0.8569593	-0.3030722
-3.6019186	5.2040411
-1.2130214	-3.3168532
0.1244320	-1.1077949
2.6305703	-3.6283205
-2.3735958	-0.6144091
0.8116574	3.0283744
-0.9104334	3.3190640
4.2990964	-1.7876008
1.2620170	1.1579205
-1.2011122	-0.8504079
4.7812228	-0.8367406
-3.8729962	4.0293918
-0.2591195	-1.7068125
-4.9631997	-0.1753882
-4.0105368	-2.9515660
-2.2710970	-6.2272287
4.2151682	-3.5961754
-1.2091144	-5.4638183
-1.9098876	-5.0362577
-6.8035385	-3.0320420
0.0947536	-2.2472367
-0.5166002	-1.8829271
5.0727035	1.5920473
-3.4774482	0.0915603
-2.3092247	-0.5297929
-1.1893482	-3.6182422
6.6231839	0.5856616
5.6620334	1.3579145
4.3858792	3.4194979
-4.6308128	-0.8750488
0.2155899	-2.7026227
-2.9140205	3.0503614
1.9846130	-1.7237461
2.0474696	3.6918697
1.4605975	3.5403654
4.2327879	5.0570300
-4.7967684	0.2165225
0.4776799	6.2197083
0.1180281	-4.1183714
0.5722917	0.3165284
3.0666782	-2.7098839
-4.6566139	2.7769504
4.2611916	-1.7095010
-2.2649229	-1.0212012
-3.5157626	-0.7911615
1.4671976	-4.3114198
-0.9607496	5.1554456
-4.9378937	1.0580120
1.6519739	1.3005542
6.2635587	-4.0250059
0.6162557	2.4043710
1.6783406	-5.0628863
4.9008185	-6.5319763
-5.0542302	-6.0462892
4.3010410	4.0940913
1.6430158	-5.5836897
-6.6231655	1.1536273
-5.6212280	-4.3182125
1.1813851	-3.1668898
-5.0040697	6.6147028
4.3047621	-1.3601539
3.7991384	2.7562276
-4.0804298	5.0686536
1.1952779	3.2060781
3.0879255	0.9610860
0.4556567	0.2360793
4.3375798	-3.8080425
4.9630276	3.9770092
4.2933679	-3.1596436
-2.4102591	4.6812808
-5.2571243	-2.6766847
-0.6636090	-0.2140148
4.7401911	-2.1021017
4.5689551	-2.0362590
-2.4270703	-5.0524868
2.1552711	1.1572920
3.5974340	-4.4522055
-3.6788366	-4.9832750
-1.2404329	-2.3230254
3.6796334	4.5007912
-2.9931577	4.8773998
-0.8781843	-2.7996137
-0.4638694	-1.9792941
1.7891530	-4.1409876
0.0377464	2.9838800
-4.0670584	-3.5147640
-3.8091961	4.0541921
4.3771999	2.4300855
2.8499337	-3.4771002
-0.3907561	-2.3850873
5.7402936	-6.1388710
-4.7416141	2.6789724
3.7262143	2.8582153
-4.8241046	-5.0865041
-0.6931293	1.9180391
2.6462141	0.6463875
0.9035721	5.2500187
-4.4254078	4.3190746
0.4801647	-4.3421388
0.2344280	5.6884104
-1.0891999	2.6606866
5.6821357	-3.3576569
2.5303675	3.2019808
3.2231758	1.8037287
4.8240969	-1.2408117
0.9358486	1.0262238
-1.7887850	-0.9985008
1.9808286	-3.9208772
0.0391324	-4.4718328
2.3097580	4.9859710
-2.0128526	-4.2373516
2.7124299	0.3919571
0.4869188	-4.3232296
4.8471145	-3.4696363
1.9115581	-4.3866635
-3.0687580	4.5902550
-2.9470996	0.2021455
3.9782134	2.2817826
2.9689166	2.4427338
1.4865447	4.7838436
-2.5859981	-2.3671845
-2.5951898	-0.2796006
1.9349394	-3.9780440
2.4842436	-2.8446760
1.9239254	-2.9458118
-1.7575153	0.8774743
2.6579460	4.5020762
3.2349271	-3.2048354
2.3010196	0.3965420
2.7096436	3.3801103
-2.7909091	4.6094911
-0.3928759	-4.0925003
4.3820495	3.9628719
-4.3508328	-0.0635136
5.3290538	0.4701557
-3.0334363	3.1921577
0.6970437	4.9819334
-3.6643855	3.4896448
4.2417523	0.1419669
-5.0767121	-0.8508265
2.0094699	-4.4724622
3.3840021	1.8668553
-5.3623490	1.6288149
-2.7743272	3.1210026
1.6143972	-2.8494265
-4.3997868	-3.9284372
1.8942730	-4.3400405
-4.2976925	2.3079726
5.2589006	-3.2659402
-0.1252017	-4.0285493
1.0539023	2.1009275
4.0906671	3.4418147
-4.6155365	-1.7515975
3.6249996	-4.2275250
-4.2007179	-3.3900229
-4.0527748	-2.4713979
0.0363938	4.0025239
-5.2002715	-4.4856050
0.6665560	3.3408548
3.0410663	-0.9042209
3.5869930	0.0433994
3.5196136	-3.1357834
1.1056412	-5.6215567
-1.0520919	-0.8431682
-1.3493107	-1.5877272
-4.9138782	2.6660319
1.4707577	0.3292474
-0.9267956	3.7191750
-5.4986074	2.0525821
-4.0708425	-1.0590590
3.6720672	5.0915036
-3.7693640	-2.9001812
-3.1595530	-4.3883320
5.7462878	2.1398429
1.8661992	0.9519349
-4.0339513	-2.9849423
-1.0623576	1.6381105
2.0293389	3.2816259
-5.3002832	-3.8175937
4.0026842	4.5128808
-1.2099667	3.2393321
2.9669248	-2.4636550
-4.4327046	-3.8837320
-4.1086335	2.1485658
-2.3204642	-2.0607168
6.3264362	-2.1029703
1.3158763	-4.0289851
-3.6537822	1.1464506
4.2025338	-1.7326111
-5.6915259	-3.8779703
-0.6113551	4.1135436
-1.5416875	1.4460565
0.3410662	0.0315183
0.1125500	3.7477651
2.7709889	3.0138020
-5.7241494	1.6679449
1.9846710	0.9721344
-2.9783629	-2.1768664
-4.1348357	1.9181512
-0.8706156	-3.5586587
-2.0011501	0.7716562
5.2618859	5.2481550
-1.9437272	1.6839670
0.5788818	3.8212080
3.3860698	-3.1696018
-4.4307876	-4.9650793
0.1999477	-2.7697051
-0.2643036	4.1671472
4.4418206	-4.2033180
4.5229558	-0.6678984
2.5231105	0.5534573
0.3414048	-1.8094297
3.8355587	1.4025518
-1.0264724	-0.0579549
1.7156810	2.0995368
3.2607701	-0.5495520
-1.3950103	4.3725646
4.2417022	2.9603909
-2.1750197	4.5766590
4.1464790	-2.9647839
4.7750511	-2.8129993
2.6032515	0.1993618
0.8627949	-3.1764823
3.7155668	-1.6139614
3.1030035	-0.2206033
2.8035121	2.6022190
3.0323425	-6.1192493
-5.3963555	-0.9071462
3.3196077	-3.2488651
4.2757593	1.8410595
-2.4133853	-0.6102735
-5.4242150	-4.9122817
-0.2869482	2.3637137
2.4726494	1.4646298
-3.8488543	1.9062496
2.9806971	3.3166228
2.7032644	-0.1713072
-1.3165931	-4.2739248
-0.6348543	-0.2636292
-5.2342676	-1.2768205
3.2941155	0.8364910
-4.2937743	-4.7596430
-0.4059801	3.4435668
0.2151322	3.2028357
-2.5744626	-0.2313611
0.5776463	1.2184579
1.2738869	5.1833937
-4.4423925	-4.3397203
3.0709956	-0.5715934
3.5056151	3.4634427
-1.4992664	3.5834722
0.5409118	1.9489300
3.7921429	-0.8596553
-3.4975618	1.2364577
-0.9459470	4.9582206
-0.3993111	1.3053751
-2.6386428	-4.3841420
5.1729135	4.2670386
-4.6356927	-4.0066190
0.9130087	2.2317538
-3.0639179	3.7398944
-1.2479684	-1.8611970
-4.8947541	-3.3073810
-0.8018950	4.7911041
0.5663363	-0.6254047
-1.3962834	-1.3477158
-1.2694368	4.1897901
-0.4154001	-3.1569534
-2.6660265	3.5331553
-2.7290399	-3.3983928
-4.8787048	-2.0590622
-4.9411848	-0.7098688
-2.6461748	-1.5391782
5.5850916	-3.0763278
-0.4273872	-3.5868477
2.9508968	3.5522234
2.6494411	-2.9667968
0.7834226	-5.6722089
0.3609652	4.0427845
-4.4260776	-1.2492623
3.8583500	4.3446242
-1.0672918	-0.3590075
-1.8463599	-0.6765307
-2.0731528	-4.5359756
3.6817494	5.1155009
0.4529282	4.7997041
4.9697644	-0.4263376
1.9374291	4.6924602
-0.7545644	-2.8905113
4.6202374	-0.6734130
-0.2820030	4.0655693
-1.0468420	1.4571787
0.4702565	0.4767345
-0.1081481	2.5414888
0.3656808	2.6014967
5.4952438	4.9357414
0.8716194	4.6406119
-4.0761414	-2.3850830
2.9078972	-1.3870374
3.3115363	-0.2052577
0.7534359	-0.0878353
0.1426986	-5.2613380
3.2078244	-0.5171582
-0.0604461	-0.7176841
-2.2953597	-2.5632988
5.1897009	3.5947770
2.6469921	-0.0084190
-3.3717840	-2.8814880
-0.2458400	-2.6875128
5.3587645	-5.6475331
3.9613349	2.0140176
-2.1415314	2.0699180
4.5386174	-5.5197327
1.4881035	-0.1478309
-1.2469323	-5.4385247
0.4747112	-5.6220908
-1.6494922	0.6181581
-3.4902697	4.1192121
3.0494000	-3.9318153
0.4384995	4.0034928
-2.4157884	2.3566113
-0.9076882	-2.6371473
-1.3746675	-1.2008285
5.5678606	2.0665502
5.3653538	-2.7547598
1.4950457	-4.9249009
-2.9052177	2.1937925
0.1109551	-3.4222986
-3.4742639	4.5338056
2.1035888	5.2593015
4.0148771	0.8472372
1.2561874	3.6369387
0.2626065	-2.4841173
3.3008561	-1.4272610
4.4637216	2.3843619
0.6218107	-5.2194510
-1.6552858	1.4887784
-2.6506023	1.3677253
-0.1359839	4.2016043
3.9416707	3.8476926
2.6341953	-3.6951698
-2.9472105	3.3385744
-4.6700259	3.1348724
0.4903509	-2.2026865
0.4916855	-1.7618436
-4.3310275	-3.2414681
1.8627717	-2.6079696
-1.7051149	3.3058546
-1.9898378	1.5406017
-3.6536516	-3.3205358
-0.4773257	-1.3591247
0.2945221	-1.7866133
0.6606577	-0.9505244
-3.6402550	2.3130784
-3.7937109	-2.2459497
4.9641400	5.5152926
2.1998807	-3.4459138
3.3337870	-1.0173457
4.6739378	-2.5370761
-0.5726552	0.3705541
5.0126194	4.0572056
-0.2333250	2.2819022
-4.2585698	4.7400022
4.2482429	-0.2848689
-1.6177277	3.3372163
-0.3414443	3.3621276
1.2742994	4.5425389
0.9125096	-3.9277002
-0.9059014	-1.8191436
-1.5067210	5.2779777
-4.7060242	0.8061373
1.4675595	4.5839762
-2.4489793	2.9745299
-3.3281493	2.4018511
-2.3069755	-5.1286855
-4.8808479	-3.1457553
-0.1449888	3.3642417
-0.5857631	5.4819006
2.0130234	-1.7598462
-0.5611357	2.3366198
-4.0174593	-2.1570851
3.6141398	-3.1439761
-3.8563595	-0.5994259
-0.5718184	-0.6727087
-2.6753412	-5.0900123
0.8535149	-3.3617430
-2.6127729	-5.7251405
-1.7048369	-0.9292885
-4.6885394	-3.7854935
-2.7022712	0.1504584
0.6653316	0.3051959
-3.8502428	3.6373989
1.1354027	4.8777056
5.3179765	-4.5627375
-0.2432466	3.8374038
-4.7159346	5.3312046
2.5324428	-1.6072222
1.1678545	2.7567305
-0.1590877	0.0597440
-0.4535121	4.3542498
0.0603120	-0.9609092
2.5408504	5.2958936
0.3729489	3.4707679
-2.4712984	2.0603575
2.6205621	-0.0003251
-2.8257120	-2.2908027
0.7350788	-4.5752111
2.3707211	-1.9269731
-4.4792083	-1.7871032
3.0210559	-1.1721802
2.8635378	-3.8529612
-5.4798665	-2.6772109
-3.0193459	3.7278472
4.4048630	0.4850201
-3.6357129	-0.4151220
1.8422159	2.8957178
4.2570353	-1.8579228
-4.6735802	-2.8708078
-3.5511321	-3.9216016
0.5366528	2.1343316
2.1764823	0.2306769
5.0526043	-1.2893818
-3.9254731	5.0743027
2.5704730	-2.0271226
0.0156164	-3.4813720
3.2872056	3.8879855
-2.4425079	-2.0368923
3.5368821	0.9677452
-2.9516100	-2.6925307
4.2401474	1.7736493
4.1129981	4.6208895
3.8750361	-0.8085404
3.0678676	4.3775531
-4.9798982	-1.7919231
-3.7875224	2.3741546
-3.7938169	2.0993716
-3.0545274	2.5274717
1.5181022	-1.3238682
2.7286901	0.2037830
0.1405184	-3.2155685
-1.8036575	5.4170281
4.2116077	0.3272217
-2.0398868	-3.3250600
3.9364275	-2.9219418
-5.0726726	3.4671533
0.8579885	2.2803544
-2.5936377	-1.4706754
-3.6470467	-2.4478389
4.1324112	2.4290324
-2.8859158	2.3382290
-5.2753084	-4.8713883
-2.1696423	-4.5520957
-5.3372353	-3.1748326
1.3530589	-1.7857641
3.2076099	-4.9690094
-5.3397501	-4.7023316
-4.6485906	-4.1303301
-2.0219065	-2.8585566
4.5772689	-4.8532436
1.5757649	-2.0993926
-0.6631495	1.2583434
4.8762918	2.5175478
-4.1849875	2.9360105
-2.7522100	3.8973488
1.6550676	3.1985054
3.3992742	-2.8375296
-4.6882997	0.1306153
-2.8866703	3.1294850
-4.8418351	-2.7276515
-4.2477831	5.2478570
-3.6184363	-3.1433979
0.2209543	-1.4457772
-0.4170916	0.4467128
0.5917407	-5.1957106
3.0352637	0.5158246
-2.5912545	-5.2414635
0.7957256	-1.9408470
2.5300106	5.0100832
2.0314100	-1.1998299
3.1291025	0.8463234
-0.1229811	1.0926806
0.9862279	0.5585747
0.1618539	4.8833699
-0.3192222	3.9408973
-3.3414667	-2.4586468
-0.6859667	-0.2013669
-2.2207359	3.6818899
4.1720655	2.2123610
-4.2315552	-0.1301495
4.7982810	5.3594309
-2.5350218	4.0274898
0.3540315	-1.7072327
4.6614334	1.4103997
-5.2308864	-3.2675619
5.0536558	-4.5887816
0.4185586	2.5497136
-1.1417660	0.0357101
4.1022093	-1.0694911
4.5752797	-1.2915508
-2.3381416	0.3108216
-2.3642059	-4.1572434
3.4209467	-0.9203892
5.2996487	3.8992438
-1.3515846	3.6526920
-0.1266672	-1.0283213
1.5336109	2.6553315
-3.8087205	-2.4290866
-3.6700896	3.6098151
0.3070781	1.5837065
-3.8080297	-3.8400996
0.6837963	-4.1523174
-1.7212844	3.2405663
-4.6774027	-2.2500214
3.6082052	-2.8589882
5.0667705	1.2819294
2.1951065	-0.0565612
2.9151537	-4.5628539
-3.7127212	1.7316750
-2.5203263	-2.8798394
1.9450144	-3.6754169
1.4427906	-0.2146910
-0.4793828	-4.7550696
-3.8993196	4.9229179
-2.7412641	4.4574659
4.7439376	5.1260788
-3.5029943	-3.1778698
4.6702197	2.9643412
3.3997727	-0.6758004
2.9750558	4.5513280
2.2323037	-2.1134190
-3.9180788	2.5567719
-2.8879810	4.1634926
-0.0085826	-5.6978014
0.1397120	3.5111728
-2.4107866	-3.0640027
0.6472691	-4.7848354
1.4576475	-1.0047616
-5.3441144	-3.1129677
1.1444342	4.9034844
-3.6371395	-0.6738893
3.2334477	-3.4445350
3.7067496	5.3299946
-3.3262685	-0.6869236
4.4462942	4.3570792
-2.8768381	2.6966040
2.3290600	-2.4721150
-5.3385604	-1.6827027
1.3897596	1.0987313
1.9629739	0.9787600
5.1376535	2.7671073
1.4354959	-5.0924935
4.7628557	-5.2129927
-1.5738682	-0.9585229
-4.3295384	4.7515346
-4.3644675	3.8092476
2.6698443	1.1156066
4.5757408	-4.0248519
-2.9391967	5.3913635
1.5276196	1.7950238
-4.0378741	2.2270616
-4.7390849	0.9619120
-3.7072470	2.5271683
3.5998047	4.8706322
1.3282684	-2.5107131
2.3922575	3.3486512
-2.0427582	-3.9024749
-0.5856499	1.4320758
-1.5492053	4.8130790
1.3415692	-1.6593085
2.9025514	3.4234061
-1.9003686	4.6458825
-3.6524291	-4.3834829
-2.9069569	-1.4871214
5.2351353	4.0530431
-3.2251188	-0.3870305
-5.1847404	1.7250864
4.2944570	4.6584193
2.8110164	-1.4723239
-2.2673542	5.0714981
-0.8023766	-2.5566127
3.6032877	-2.8372106
0.6634988	2.6928105
-0.9002741	3.9803020
-2.0203506	0.2880731
-0.5584514	1.4478588
-3.3603256	1.7250425
3.4021385	-4.6966247
-2.0048316	1.7035976
4.7902440	4.3172383
-1.8471655	0.0404104
-3.5222083	4.8906769
0.5677384	0.7870145
-0.9333964	-0.5670014
-3.9584858	4.5878132
-0.5610779	0.4415032
-4.5181676	3.0474633
-0.5977269	3.3032172
3.0848328	1.7344373
-4.4859079	1.5933243
4.2603104	-3.8497676
2.2335782	-5.2446129
3.7416587	-1.3269007
2.4931068	2.7048020
3.1870369	1.5795197
4.8547824	-3.5898125
3.6604856	-1.2876802
-0.6997354	2.3465273
-0.2339152	-0.3107589
4.5266628	4.7811895
-5.1002637	-2.0494831
-3.8787500	3.8103691
2.8754061	-0.9186703
-4.4064708	2.2033058
3.4671955	1.1483018
5.1188083	-3.9683992
-3.6754980	4.1152143
2.0972160	3.2107038
4.6066008	4.6991359
2.9840964	4.0266911
-3.1994840	-2.6213915
-4.0840276	-1.8859645
-5.2752855	2.2083340
4.0797123	-2.8826403
-0.1699842	-4.2741196
0.7732782	-2.5039772
-2.1515132	-0.0403313
-3.5618344	-3.7031818
-2.5294610	-2.3851150
-4.9380789	-0.4408349
-3.8076890	-3.9900225
-5.1411427	4.2662367
-2.4363728	2.9399341
5.3546093	-5.0965904
-2.6092351	4.8211055
-3.7529907	-1.6856410
-3.8717747	-5.1817633
0.2375485	5.3828213
-2.4696905	1.9115559
0.9611279	0.6435515
4.9997536	-1.5089750
-4.3452317	-2.8263690
2.8631682	-0.1260089
2.8573064	-4.1568488
-3.9853363	3.2581067
-4.0866975	-4.1810950
3.1481663	-3.1879970
4.2569236	-3.1880407
4.4549084	-0.2474833
-0.6881583	-2.3369018
2.5867506	1.4391692
3.6589179	0.5884352
-3.9300904	-5.0081867
0.6569927	1.6274905
-4.0073301	4.3861439
-5.0000414	-4.6115459
1.8109343	2.4031129
4.0815247	-1.5855508
-0.3307421	-0.9641280
0.8105449	5.2526785
1.1508547	0.5126282
-3.3803055	-1.4139906
-1.2042761	0.6431284
-5.4347025	-4.1641043
2.1986485	-5.4003029
2.9244211	-2.4739082
2.4612932	-1.8766279
1.9608393	3.8750845
-5.1432195	-1.4903435
3.5494410	-2.5683927
1.0597514	-3.2034262
-1.4530792	2.5926401
-4.3798837	0.5948636
-1.5245553	-0.3403476
0.4242000	2.3314040
3.0801742	-2.7807284
2.2789013	-0.4371056
-1.3857628	4.4547706
5.2093933	3.3981470
2.8113675	3.3862591
4.3581919	0.0905650
-4.1711620	-4.5082173
3.4604208	-2.9715837
-2.6608280	3.5214380
5.1037695	1.8574557
-4.6856874	-5.3744933
-1.2545165	-0.2616924
-0.7240290	1.6968144
2.2476617	-3.0692681
2.5040725	3.8611099
-2.5487189	4.7244113
-2.6360854	-0.0981923
-0.7288346	4.5691521
-2.3815359	2.7065558
3.6490258	-2.7002021
-0.8808573	-2.2379572
-4.6782588	3.4457388
-5.0851263	4.6678123
2.5234221	-2.9017378
-0.5892202	-0.9664491
2.3787881	1.9281262
-1.6596026	2.3009478
5.1257855	3.4097116
4.3549762	4.2802237
-2.8131614	1.8379363
4.4283227	0.3277902
-1.2113843	5.3770908
1.2795059	2.1346829
-0.3614326	-3.7109826
5.1965294	-0.3370727
-2.2923798	-3.9015628
3.4480797	-5.3059594
-0.7349018	5.3636818
2.0204341	0.3740193
3.5070247	-2.0619363
1.8582104	1.9721356
4.4077998	-1.3337188
-2.7337192	0.5978645
-5.0147877	-0.9735301
4.5565666	-4.6267281
-3.1516217	4.7435041
2.7283524	1.3453962
-0.1627425	-4.7345277
-4.1524618	-4.4924731
-1.6628171	1.6675094
4.1655059	1.2888622
0.8775937	-1.0622517
-3.3232407	-0.2847587
2.5144987	3.5968230
4.2661210	-3.6277887
5.3511813	-1.3083586
0.9158416	-3.2272731
1.3735653	4.5033890
-0.7202888	2.6970198
4.8042440	2.2960989
2.0754852	4.1868649
-1.1353860	3.7752873
-2.3123965	-1.9869261
0.3866562	-3.6515589
1.1106284	-1.0622624
4.3281826	-4.5182973
1.4122220	-2.2818938
-3.2046988	-3.6276509
2.5465452	-4.0564609
4.2887654	-1.3829336
-1.6301616	-1.5530954
-2.3099951	-2.4125397
-4.6354505	3.0342037
-3.5332032	0.1720347
3.7259353	2.6593050
-5.4404074	4.4540744
-4.6681319	-2.7315836
-3.1991971	-3.1800305
2.1857589	0.1354095
-1.5983724	-4.0711543
0.6093743	3.9659005
-2.9880291	-5.0034237
-2.4669731	-3.2041386
-4.4135527	-5.1965995
-1.1551872	0.1982863
3.0677947	-5.1964441
2.0504910	5.1808953
-4.6108851	3.1654697
2.7615437	3.2026382
-2.9030906	2.6798605
-4.1460715	1.2659839
-1.5970939	-1.5564008
5.4322515	0.4074657
1.1994432	-4.2364245
1.8144148	3.1098488
-1.1154526	2.9430639
2.4165253	2.9596490
-3.2095411	-4.3725727
-4.2369682	-2.1755151
-2.4672639	3.7689739
-3.6544129	-0.7900419
-5.0003999	-5.0971269
-2.4836631	-3.8468230
-2.2525538	0.1466411
-4.8691467	2.0933369
-5.0360140	-1.5517232
-2.6014956	-4.0534077
-0.7070730	-1.8083355
-4.5522859	-4.4456885
-4.5359054	1.5444289
3.5593758	-3.0379920
-2.3906279	-1.2514838
3.0112494	-1.2850879
-3.0294352	-3.6707972
-2.3966519	4.7837954
-3.8819164	-3.2262003
1.1583658	4.3675119
-0.8273516	-1.4764438
3.5077350	-5.5326019
0.9352364	-3.5074525
2.1504796	0.3339219
-4.0211223	3.5188796
-0.3432851	-4.2232602
-0.9487933	5.0546745
1.6510357	-0.6367947
-1.5859236	1.8056452
-5.0338710	4.3137746
-0.3411592	2.4625280
2.6615139	-5.1927671
-0.9396975	-2.4447617
4.5895254	2.8647841
-3.7161757	-3.2081260
0.0800243	2.4965803
4.1113737	3.1570806
-0.7292758	3.2131085
4.4067707	4.5461412
4.9554458	2.2103970
-1.2880287	-0.9726658
1.7922129	-1.9818263
-2.0061327	3.3823436
-2.0112835	1.4867879
-0.5544838	-3.6399276
-1.8650385	4.4407823
0.2871722	1.0149598
-0.4793639	-3.7318997
-3.9731619	2.2130269
5.1488548	-3.9852764
0.2578665	2.9082937
-4.3579322	4.6902021
5.4674292	1.5749156
2.5663480	5.1198745
4.4680427	-3.7327730
2.9996621	1.9353120
4.2939481	-1.9120751
-0.0654454	3.2298096
2.7051783	-2.3416126
-1.2235062	-2.2635276
0.8016404	1.5494668
3.5321255	4.4455583
-4.6399056	5.1780852
3.3924594	-4.0358636
-3.3810477	-0.2848428
-0.1930987	-4.1196537
2.6082143	5.4221053
4.2849273	0.7843989
-3.2846400	-3.8739041
5.1674781	-5.2351130
-3.5242021	4.6014841
-3.1640674	-3.8461813
-1.4392479	-3.2237393
3.2065823	2.8695917
3.3120005	-2.6949418
-1.6751246	-3.4213528
-0.2168398	-3.5914059
4.2963927	0.4751575
5.4036674	2.1936375
-2.0719703	-5.1690029
3.0809303	-3.3586701
2.7422723	-3.0281241
-0.5158630	-5.2353092
1.6594625	4.4690155
-3.6262540	-4.1643161
-1.3776526	0.7226204
4.3474857	3.7717377
-2.7734846	5.4605301
1.0510968	1.0345655
-2.8817729	-2.6052081
-0.7715376	5.5167630
-3.1380209	-1.6255824
3.2494551	2.8392231
-4.0803204	4.3946234
-1.1854804	0.9972399
-3.8425710	-3.8048686
2.2315618	-2.3558378
-0.0570391	2.4620792
-3.8659101	0.3117271
-1.1902230	0.9566610
-4.4884662	-2.1356104
-0.8523297	-0.3667648
-3.4873612	-3.2474774
-2.5051107	1.3284359
-1.4066599	3.5097396
1.0512691	-0.3303134
1.6172612	-5.2777946
4.3904317	0.5572371
5.2559055	1.5229648
3.2824973	2.7177955
-3.3601496	-0.8131226
-4.5082089	-2.1425327
-5.4176455	1.1071643
0.8820315	-5.0100042
-2.5051793	3.2965534
-2.2298224	2.5797624
-1.3210037	2.5451441
2.7320357	5.2381923
1.4139236	-1.7449985
-3.0540871	4.6874220
3.1039819	-3.7723683
-3.7401911	-2.8381469
-2.2586831	-3.0821815
5.1270324	-2.8057387
3.6332570	-0.2267609
3.5819107	-0.8999915
-0.7589547	4.7748290
4.5020761	-5.2526684
-2.7785272	2.0371326
-3.6741643	-4.6228539
5.3991109	-5.1018363
-1.7849747	-1.2850507
4.6730984	-3.2790275
4.2840061	-0.4571514
1.5921192	-3.3206454
2.6738876	-0.0853661
1.4602564	-4.0500191
1.2527416	-1.8378192
3.0189978	5.0517193
4.7848396	0.3169797
-3.5517753	0.5791734
1.3232860	4.3948381
-1.9938109	0.9783301
-2.1051601	-3.1935269
5.1191241	-1.0667525
4.0578179	-4.7616707
-0.9210995	2.8404154
-2.6223560	-1.1584060
0.6478466	3.7724558
4.9594738	0.7754541
-4.5344797	-0.5183130
-5.3285661	-0.2253680
-1.3867462	2.3677736
3.7225625	1.6430182
2.8318090	5.4186365
-2.7510048	-1.0752827
2.9189850	-3.4519358
4.4374801	0.9107970
4.0838424	-4.3843738
3.4050546	-2.5478750
0.1068157	0.1881209
-1.6067051	1.5955201
3.2771275	0.6994436
-5.2075598	-2.5611502
3.9643031	-3.0045448
0.6301744	-2.4177987
-1.9229024	4.3306928
1.1797110	3.2723490
-2.2262726	3.9222950
-2.3447023	3.2891904
-3.1351779	3.0884113
0.6325946	2.1245268
-2.8938571	2.9201153
-2.3752221	-4.5975876
-1.5669025	-1.4837946
2.7244593	1.6096121
2.6070756	-1.0393426
-3.6767380	-3.9430180
-0.8408750	3.1399479
-1.3785087	-0.0731213
3.5025830	0.5203686
4.1198625	-2.5403524
3.5977940	4.4691517
3.0519336	-0.4572595
-3.2793347	2.1220766
2.0415351	2.7530135
-1.1552995	-2.8541044
-1.5949181	1.6882524
5.3141342	1.5309811
-4.0749310	-1.8067061
-0.0746459	3.6313282
0.3370237	4.6629761
2.0878139	3.5835697
0.9626683	-3.8023678
4.9537321	2.6202200
2.4612477	-2.3332503
1.0642141	-3.7630530
-2.5433000	-3.3571692
-1.7197728	0.3437657
-4.6762828	-2.0457046
-3.2234814	-5.4835384
0.7257246	-5.2314721
4.1385340	-4.4014822
5.1791906	3.1517264
2.6528763	-5.0922811
-2.3446321	4.4589863
-4.4999582	-2.9781810
-4.6420244	2.0603316
-5.1684243	1.2796323
1.3620750	-2.6684740
0.2690518	5.3140345
-4.5119682	2.6526325
0.7580025	-3.2740116
4.6722130	-3.9747010
1.0491130	4.6214033
-3.5012895	2.9863505
-5.0953544	2.4549038
-0.2657126	-1.7864972
-2.5034887	4.0281757
-3.8800111	-4.4540366
-1.3573768	-3.1562553
3.9008496	0.6139172
4.9412682	1.9594973
-4.4334446	3.5509814
-5.0833081	3.4608060
1.3470420	5.2358792
0.3587111	2.6737260
-0.4832126	-4.7661128
-1.0541261	-4.4415492
-2.6124591	-0.5829309
-4.7424251	-1.7731384
-0.1650299	-2.5528439
3.1733483	-4.2932209
-3.5370807	4.9667430
-2.8418533	0.2073051
-3.2185457	0.3729779
4.7900218	-3.0404771
-4.2415549	-3.3288199
-4.7231796	-0.8261842
-4.4323553	-5.3073301
-2.2561634	-5.2012913
-1.0067605	1.2327108
-5.0007291	1.5749786
0.6548247	-4.4537152
0.3691572	4.3409644
-1.6526693	3.0669172
-4.3698968	-1.3148959
3.4068178	-4.7131214
-3.3896062	1.6514967
3.6085206	-4.6788421
-5.3196013	-4.0960411
-2.2463263	3.4724013
1.0799425	-4.6211417
1.7086160	4.6534202
3.2424221	0.0322623
3.5103163	3.0937853
-3.9650120	3.2528286
-1.7390619	-0.7598856
-0.1714696	-3.6574699
-4.2573927	4.2690123
4.1467416	-2.0435455
1.5216543	-2.9876477
-0.4260949	4.9279057
4.6065149	-0.6073455
4.8052004	1.8924827
1.5418285	-3.5763201
-3.3382924	-4.6647773
2.5794379	1.5782328
0.2913892	-0.1253817
-3.1351505	3.6996162
-5.4501446	-5.3322639
-4.5809973	-2.4064127
0.7833188	0.4083191
-0.8222378	5.2705387
-3.0544769	-2.9642098
2.0215446	-5.1725084
0.3331658	2.4389496
2.9218360	3.4766856
3.8908691	-5.2042057
-1.1674959	-0.3465076
2.9122413	-3.7757493
0.7890529	3.5105401
-4.5006366	3.0466916
-4.1114367	-2.0805386
4.2345384	2.6131546
-4.3246680	2.2359054
-4.3743332	4.3444742
-5.2407618	4.6900522
-1.0397341	-4.8454202
0.8415844	3.6686283
1.8131592	1.9643047
4.9946558	-1.4246282
3.2890115	3.9723687
2.9990943	-4.9459196
-2.3809387	3.0960828
-3.6136615	-0.2651254
-4.0455007	5.1144897
-1.6148908	3.4714954
-0.1144495	-4.7809753
2.2867210	-1.9412342
-3.0910068	0.1594092
4.9765889	3.3273862
0.5801436	2.0284329
-4.9976393	4.7778125
-1.2312336	-4.6844642
1.0191901	3.0623160
4.0465472	-2.4632381
1.5459133	-0.2068831
-0.3062594	4.2819634
0.1174159	2.8948550
-3.9917464	-0.4959185
-2.0274275	-2.4554131
3.7792725	-3.0708672
4.6568076	-2.0207927
0.9382600	3.0242113
0.8500064	2.8363600
-4.8833763	2.5212939
4.1060867	3.9878922
-2.4212017	0.3303987
4.0993267	-0.5829329
-0.4306463	1.6640248
-0.7341866	1.3313484
-4.5334108	-0.8107798
-2.6812830	3.8653040
4.4140186	4.0981594
-2.8827110	-4.6259754
2.8750382	0.5456136
1.3851399	4.4354317
1.1368936	-3.1262467
5.3437216	-5.0332802
2.0775079	3.7451722
-3.6690957	-4.5326129
3.6488507	1.9697988
4.9237263	-0.2779609
-2.4641255	-0.3507733
-3.6725996	-1.6047863
-3.0787090	4.7925837
1.6801834	2.1066233
-3.6157528	3.1066093
-4.5792695	0.1600985
0.4354455	2.8201408
0.5277544	-3.8134080
0.3122813	-3.1989578
0.6558918	-1.4921577
4.1398818	-1.0252837
0.7268531	-4.7370784
2.0749331	-2.1280809
-3.9533565	-3.3502747
-5.2672745	-3.7152242
-3.6127915	4.8740710
-0.0991045	3.8291004
4.7156710	3.1952839
3.5710392	-4.7133193
5.3996217	2.2423969
3.9558778	-4.9798058
1.7496827	2.4868913
3.3572569	2.7633307
1.3756592	-1.7166708
2.6465420	2.7234396
0.7388612	5.1040419
-4.6381524	4.6613394
-2.1796026	0.7122820
-1.0371833	-2.9078996
-5.4644642	0.4949835
1.6403119	4.2502536
0.1299662	-2.4812662
3.6415881	-4.5392677
5.3010671	1.1622754
-1.1110331	0.2842499
1.0231173	-0.6768420
-3.2271391	4.3857469
-0.7963708	-0.3358781
-3.7210712	0.2753481
0.1078509	-0.4007139
-3.0605789	3.7582319
5.2986455	-2.5131408
2.5561701	0.5052781
-0.6823211	-4.5914832
-5.2833016	-4.6082283
1.9403535	4.9587843
0.3405046	0.7508401
4.8833526	-4.1148097
-2.7935843	3.7173620
-3.7251257	-1.8823109
5.0013248	4.7636557
1.0677222	2.5113973
1.7079800	2.1466290
2.0877766	3.4693634
5.0593848	4.3507445
-4.6344315	3.3531208
2.1102591	1.3561152
3.1111403	4.9121132
-2.2332053	-1.5715036
3.8020398	3.4955950
-1.3952658	3.6939239
-1.6145129	-2.8593892
-2.5475426	1.1933177
0.8273695	0.6565643
2.1534184	1.8641686
3.2347405	5.1526174
-2.0324195	1.9622372
-5.2516288	5.0147466
-3.3233164	-0.0947690
-0.1821019	-1.5788535
3.4445981	-4.9746245
-4.1863199	-3.5502436
4.0495312	-1.2629625
3.6799753	5.0486439
2.6161604	-0.4121878
5.1393374	2.5084953
3.2363973	-2.4043109
-1.9893205	3.8365237
1.7043236	4.7232864
-3.9647780	3.1238674
-3.1626771	-0.8692327
-2.4887288	5.3082946
-1.8916784	4.9309858
-3.4223628	2.1971523
-0.4338883	-0.5970487
-0.7211192	-4.3068702
0.2201349	2.7531252
-4.7693242	3.0576261
4.2599943	-2.5391979
3.7559969	-3.9928676
-1.7831834	1.2822868
-1.9012503	-0.8951153
4.7998378	0.8822706
-0.8923890	0.0339458
-5.2156196	-2.5131824
-3.0737223	0.6789632
-3.2270636	-2.5965400
-1.5031318	-5.1228850
-3.9401121	0.7950969
1.2470990	4.1827288
-3.5002515	-0.7293359
-2.0793756	-2.8561290
3.6435769	-1.1374623
2.6879759	-0.0823209
2.5903275	-3.7326539
-0.6022919	5.4021468
2.1214529	4.6841992
-4.8420712	3.6189789
1.0566385	5.3985561
