jMRUI Data Textfile

Filename: dataset19_WS.txt

PointsInDataset: 2048      
DatasetsInFile: 1         
SamplingInterval: 2.5E-1    
ZeroOrderPhase: 0E0       
BeginTime: 0E0       
TransmitterFrequency: 1.2322E8  
MagneticField: 2.9E0     
TypeOfNucleus: 0E0       
NameOfPatient: dataset19_WS
DateOfExperiment: 
Spectrometer: 
AdditionalInfo: dataset19_WS
SignalNames: dataset19_WS.txt;


Signal and FFT
sig(real)	sig(imag)	fft(real)	fft(imag)
Signal 1 out of 1 in file
280.1104200	-114.6164400
514.8879100	-229.6727900
367.2509800	-390.5855500
163.8908800	-455.6127000
-19.5810910	-421.8805200
-163.3042000	-303.9561300
-213.7719100	-164.5194100
-187.8692200	-52.4936230
-125.5778800	23.6024550
-63.0312330	55.8627090
12.3297560	24.8788440
32.2255350	-8.3238714
28.4211720	-51.6979220
-8.8526720	-91.7119730
-38.9101420	-86.2713710
-78.2339090	-77.8339380
-100.3976100	-50.1711080
-98.6814140	-8.8979132
-95.7151310	3.9041351
-94.2078480	26.2363200
-66.8792410	45.2847560
-65.5647140	64.4321970
-23.0504700	72.9707810
4.2289803	78.2878090
24.2243870	78.3363780
48.5993810	53.6824500
71.8708690	6.1199141
51.5550350	-30.3635560
12.6952920	-44.1506580
-14.1320260	-56.0311530
-39.0687930	-37.6621850
-57.7546830	1.0027525
-54.3483680	42.3526750
-42.1024320	59.5729990
-0.2146109	91.8750100
22.7807690	76.0188900
66.4411520	56.7732980
78.8354260	40.9046590
74.5227610	18.1549120
77.3683740	-22.2841950
67.4436780	-28.3253000
40.4265610	-55.3818050
35.9556860	-55.8771680
5.4040596	-45.4641400
-7.5536562	-38.6394130
-26.4955980	-33.5273450
-27.8129110	-20.6435230
-13.3018890	-3.9864177
3.0022283	16.6494400
10.1451870	-0.9838621
21.7110390	-10.6273900
7.8942538	-17.2214850
9.8814789	-45.1632320
-25.3421320	-42.2982120
-40.3361210	-30.6475970
-73.9150840	-13.5246840
-70.2389900	33.1096310
-36.2946370	63.2297040
-5.7910252	81.4303680
34.8336980	65.1037770
51.3029290	50.7346670
72.7604440	-2.1564281
77.3928360	-19.3087900
51.5530410	-52.8073490
15.2331440	-74.3620460
-5.0348983	-61.8635500
-37.2203410	-51.5530620
-41.5392770	-15.6903120
-32.2522110	-12.4965800
-30.5866420	7.9576269
-23.0754860	4.9994846
-19.2467950	10.4675040
-9.8082251	21.5577370
-13.5133130	7.1663647
-7.4170566	14.6886020
13.1831450	-0.2213718
0.6601273	-10.7862400
-7.8154479	-22.1523950
-13.9970870	-5.5428848
-19.3882350	-6.4170913
-31.4198780	0.9247533
-42.5363280	18.8279450
-26.6955130	41.2895280
-19.8775950	57.0068800
23.3868900	52.2891660
38.5863690	39.2891690
59.2253280	26.3150210
53.5671290	5.8229917
47.1178630	-33.1871270
24.3743620	-41.8429700
-15.6882800	-39.5705300
-33.9492490	-16.1525350
-22.9908680	-8.2279968
-33.0395130	28.2101960
-6.7366485	23.4195970
22.2233910	38.9208590
42.8620460	11.3671840
43.8941460	13.2928260
36.1345310	-20.6390400
41.3389180	-45.5648120
19.7082330	-57.8486720
-6.8813607	-54.3800560
-22.8210510	-41.9747620
-41.0000190	-46.5406770
-40.3426700	-22.1798370
-58.1263850	-8.0655891
-50.7865670	20.7503930
-36.7775480	18.1670870
-36.1004640	43.1568800
-17.2541570	51.0528950
2.2815984	52.3728170
30.5964550	27.2119600
30.3358770	3.0028419
29.6280920	-1.9447559
21.9618620	-24.9407620
10.3198730	-26.0988840
-17.4375200	-14.9221020
-8.9034801	0.8113388
-6.6966791	14.9684420
4.5700220	24.8911820
13.0161590	31.1566400
29.7513970	7.5495227
21.2581060	-0.6593256
34.0270530	-11.2734220
17.7463000	-38.3386850
-7.9849966	-23.4985030
-21.4586710	-24.4830510
-16.1831880	-26.6950630
-28.6156600	-14.8621700
-28.3362870	1.1093713
-31.6715800	25.3625110
-11.3955190	31.3718830
-11.0154880	34.8455130
6.0271410	39.8860180
10.7059120	33.5433740
26.9571720	17.0105340
24.8664760	14.7656300
38.4093390	-3.4402261
41.6459180	-17.1957930
34.2618260	-37.7528420
17.7598910	-32.7898480
-10.6716960	-44.1916940
-5.0611524	-26.9438830
-19.2843950	-24.6716720
-31.6925630	-2.9208055
-14.7049640	4.0875672
-18.2154610	15.6552440
-10.6305710	0.5484742
-0.1871864	-4.4353315
-6.0173614	-3.5843010
-8.2713412	-11.2072310
-24.5330430	-18.3039300
-29.2990980	8.7674268
-26.8667120	5.4515616
-31.3026090	32.6537640
-3.6152885	30.7134380
-7.5309403	23.6591020
24.5816430	31.7873490
36.5581660	27.3594810
32.2567260	3.2977614
37.4912430	-6.8746875
33.2653940	-27.4807160
18.7488120	-32.2768030
-7.4947735	-36.0533570
-7.5237089	-31.7656950
-33.9679950	-13.5234830
-47.1801020	-11.7939680
-43.7426880	17.4876300
-40.3639840	33.5062380
-25.2910810	29.4775700
-16.7965400	34.6208820
-0.6775601	29.1686650
9.5757165	33.4576870
15.3357550	24.4907910
32.5156480	20.7379420
33.9577920	8.1579723
28.4761820	-8.9367053
8.5918189	-6.1548986
11.3656910	8.9594336
21.0381570	8.2293463
13.4131010	6.3836684
30.1748420	-13.9367260
31.1483890	-17.7727080
27.3375570	-28.4402650
9.5453991	-23.4477890
0.0619769	-39.4789310
10.6235820	-29.8268290
-19.0080070	-34.1969120
-16.1481870	-21.0938550
-36.3498690	-20.1301810
-31.2514680	-2.6837570
-28.1685440	7.4349839
-33.7611520	9.7168726
-24.1198400	29.0227250
-21.7415150	25.9241200
-7.7206853	34.4433090
-0.2791173	18.9388230
15.9534990	5.2028641
12.8569540	11.7544150
11.7142750	-3.5181604
0.1676040	-9.1837687
3.7539553	1.4551648
-1.9741718	-8.4402270
-8.0270663	-9.8131036
-9.9484990	3.8701141
-10.0738650	17.5277930
0.6674605	11.2764470
1.4594639	13.4948880
6.1904131	-2.6879838
5.1762752	-0.1018061
8.1680896	-5.5672633
-6.1527737	-10.1232210
-10.6241910	-4.9775237
-21.4744240	-12.7827960
-10.4207530	9.1336965
-21.6103320	21.3721930
-7.5161277	8.2629544
-2.9222970	18.1707800
5.3307573	26.1900330
21.0687590	19.1672310
28.1924180	19.7519320
29.9521310	-2.3516845
31.3100460	3.5932179
26.7237480	-21.6204940
24.5183890	-25.0756940
7.4895991	-21.7768700
-0.0073383	-24.9697230
-11.2678830	-15.9856170
-23.4315220	-21.4268190
-4.1907583	-13.1302520
-2.7603990	-3.6667147
2.0809221	16.1334720
-9.4326295	-3.2258040
4.7775208	-6.0043657
9.6441641	-9.5427387
-3.7576748	3.5762904
-2.3965528	-10.5017570
1.4759841	-14.6726460
1.9801437	-11.4021200
-11.3070560	-13.8126570
-17.9038510	-5.2718282
1.8003254	-5.4803948
1.5610485	12.4519970
-12.2334180	2.2008427
-2.9912069	7.5740082
-8.1182403	-0.1152898
7.2490136	4.4240570
1.0976004	-14.8698730
1.5665743	-1.4985263
-13.1201080	-20.3218180
-17.0299240	-7.5831174
-17.3389930	-9.5381434
-19.0412150	-3.3731069
-21.6051140	3.3784289
-2.3562499	28.9464660
6.4090036	20.9124880
-2.3518988	29.5032820
9.5000757	22.9679820
21.5002550	15.1044860
13.2508880	-1.4865822
7.7159835	-2.7247798
-0.1519528	0.6495980
-7.0341590	-11.5616650
-3.1268562	7.1452188
-8.5887516	-4.1967547
2.5509592	14.1207570
-5.4804946	13.9206560
9.0519108	14.0907370
13.5063130	8.0962563
15.4587080	8.9388554
17.7027220	-10.8678490
13.2423790	-11.9244940
10.5260260	-11.5094350
-6.4717805	-11.8873840
-9.3036902	-11.0806770
-6.9767291	-19.2195120
-10.4431310	-11.1119600
-17.9164600	-1.3758680
-15.0344830	-6.8924653
4.5820304	-2.1634726
2.9590461	-2.8530359
-6.3006668	-1.2530423
1.2170482	0.8003268
11.2941130	-9.8448411
-1.8764713	-9.2611448
2.4906673	-16.2155660
-2.6968827	-15.7766100
-12.4475170	-7.6660603
-15.5869190	8.5715707
-13.7006940	12.1170950
-10.1974470	1.0611225
-6.4838058	21.6826240
6.5229616	9.7410370
3.7932814	16.6788040
19.5995540	14.2252370
25.7623490	14.6250330
19.7063210	-12.4128520
9.2248482	-14.8448840
7.8959830	-8.6608372
6.8868583	-11.9537010
0.6873997	-13.1930230
-16.1752350	-8.9255068
-18.3400280	-15.7906340
-11.4078860	3.0455394
-9.0020431	2.3026262
-14.9045540	-5.0050352
-13.4414500	-4.4164878
-1.9445783	-1.3338480
-7.1922113	2.3384246
2.7542831	5.2836656
-9.7594433	8.7503961
-9.2862390	4.8850014
-9.8361108	-5.4227576
-1.1934616	-1.0839939
-12.0269250	15.3210000
4.9754223	20.9138630
-5.2072881	13.2210270
14.1685650	17.1583230
23.2130530	6.9367339
19.6827080	-3.3595528
27.0330000	-6.1349019
12.3683960	-14.7614950
9.8677742	-5.4077900
13.8468130	-12.0057980
-7.3703111	-19.6618860
-15.1589520	-10.2415650
-6.1766394	-12.4109610
-13.9878180	-13.4089450
-1.9434184	8.4774418
-8.7957515	-3.2568077
2.6291746	3.2420386
8.8420156	7.9474359
1.3684516	-7.4283394
-7.5130740	-11.9296620
5.9870547	4.6843237
1.9579318	1.3883326
-5.6203102	6.2971690
-5.3490149	-10.6570260
-0.0124485	-0.2891534
3.4522589	-7.6430556
-2.6813125	4.0150076
-11.3172630	12.0571440
4.4265161	12.6350550
-5.5959393	9.7813579
5.5331440	-8.5270943
0.1287300	-11.2597080
1.1070032	1.6187652
-2.1378560	-11.7517930
-14.2812350	-10.3939970
-16.2194800	1.1134019
-7.0717752	20.3741230
-7.9060844	21.4085060
-10.6284710	22.9567080
15.5327290	8.2082255
8.2894774	21.2425280
16.8774560	18.3742460
26.5721290	1.8110256
8.3331368	0.3820742
6.9654649	-13.3535340
2.2749761	-11.8133230
-0.2101624	-3.1269873
2.8008508	-13.4378410
-2.7212256	-7.4762196
-8.3883904	-15.2936660
-4.8054017	1.4946308
-4.9447266	1.6770714
-14.9121980	2.8112917
-2.2283326	-10.2153750
-7.2269785	-11.7871660
-12.0146110	-10.6517290
-14.5254330	-16.6218930
-20.3372120	-5.8324732
-20.1891620	-5.8888666
-11.5141520	-2.6278644
-7.9613663	-1.1777341
-6.6047551	2.3697064
-16.5277070	26.1332500
6.0643107	20.3858920
8.0150784	10.9867960
12.7702130	7.3655840
9.1018511	16.3510720
12.0462200	-7.2379616
21.9249990	-5.5805138
21.7652920	-8.9072919
12.6931460	-17.7283800
14.4547620	-4.5960351
-11.0704220	-7.4207135
-13.5774190	-15.1734770
-11.6880080	0.5567240
-12.7726730	5.0959051
-3.1470103	1.6053847
-2.9716815	11.1073280
-1.4437675	-0.9546208
-3.1953771	-3.5506682
-5.4745838	10.6396720
1.1631250	-6.7968240
6.2558704	-2.9423555
4.9103856	0.4195400
-6.4158386	2.2818968
4.4051716	-11.6115490
0.2235420	6.1027219
-9.3231522	9.9393004
-7.7351971	14.8929710
7.9330534	2.2250997
11.4898380	9.2244724
8.8734993	-0.3506287
17.5372290	3.6413430
15.3164170	5.8523130
6.2254177	-9.3361133
7.8710237	-5.7352948
-10.6163630	-10.7254510
-16.1887270	1.5026774
-5.9466228	4.4896730
-10.9546690	9.5301041
-5.2168187	5.9497024
-2.6066552	-2.0671484
9.7544102	12.6608920
1.4165838	-3.7643516
5.0572406	7.2935741
-1.4136953	4.6787727
-2.7766916	2.2865849
7.7754874	8.9219538
8.5323338	-5.5861399
8.9582285	-6.2009807
2.8036596	-7.4488868
-11.3551680	-8.8180535
-3.5972698	-1.6231153
5.0403786	1.6364789
4.9954461	2.1474363
-14.6176510	-4.8838566
-11.6895630	-3.4576641
-10.9926520	-10.8717340
-0.9917747	6.4688443
-8.9536092	-2.1570767
-15.4822890	1.7741235
0.0236816	2.9504533
1.8760439	3.4791115
-3.6348891	6.6634914
-9.5521332	12.5155120
-5.1117024	11.5524000
2.0135621	13.1909880
-0.1704193	12.5363110
1.4979373	-5.6781258
5.0289079	2.3912939
16.5550900	-9.9354418
13.0306060	1.7091297
-8.3316353	-6.3969491
-4.0653730	-9.0512043
-4.2786162	-7.5249683
3.1320408	-8.8092082
-1.7330740	-7.5629139
11.9362600	-5.1024670
-3.7732506	3.8693041
10.1817110	0.8299561
1.2956935	4.9217502
13.5591770	-8.0967501
10.2345610	-14.6336960
2.7293203	-14.2874600
-10.3780760	-17.1946660
2.7705252	-16.2795830
1.8950803	-13.1574090
-8.1627749	-5.5410863
-10.8690930	5.7395303
-3.3812222	9.5708665
2.7083439	-0.4844736
-9.8110562	-0.5505345
3.3247401	6.0576465
-5.4675959	-3.1362122
2.6802152	4.8979723
-5.7705277	9.1577793
-9.2521386	-9.6673204
-11.9575670	4.0294466
-8.7939003	5.3414203
-5.0822579	9.7983178
0.8570301	-1.9555619
-0.6033345	2.0520922
3.0241659	-2.5865941
6.9041208	-6.2620891
15.0874720	3.7722854
5.5111459	3.3484893
-1.4333278	-14.2027520
12.6974030	2.1559271
4.7448737	-5.3092572
7.5920906	-0.6518000
-9.9087931	-1.2518965
-15.0056860	5.9147606
-1.9430286	-2.2304425
-17.4433470	3.0844027
1.5060075	8.3915615
-3.4290082	15.5846820
2.5168599	0.5032370
-2.3493905	-3.4147362
7.6494980	-1.6183263
1.0694171	-5.9515052
7.6227604	0.1887842
-6.4012501	-2.2421649
-1.2957160	-5.1087908
-1.2000278	-3.6596301
-10.1757460	-9.9366109
3.1760141	6.5997054
-3.0137389	6.7923838
3.4235749	-8.4260626
12.8375960	-1.4223439
14.8921180	-6.7212354
0.4894955	-0.5140673
13.4829730	-5.8738956
-9.9787121	-7.2120124
0.8844344	-15.1593720
0.7541440	-4.4473186
2.5229548	0.7118599
-8.8488770	6.0126595
2.3141267	-0.6792118
-13.1333380	-6.6219097
-11.8373970	14.5804990
-0.7609054	15.4488450
7.4637951	14.1713220
-6.8062298	0.0976464
-4.3494546	-7.9912384
6.6433939	2.5495805
8.0240484	-12.7792140
9.8698793	-7.5389753
8.3437529	-14.4076710
9.3292932	-14.2111450
-3.1071807	-0.0024169
-1.0266308	-13.3653010
-1.2228430	-6.9042482
-6.9992499	-4.6270682
-12.6742320	-4.5725054
2.4447039	-12.6824030
-6.9108774	-8.1670359
-12.3556040	2.6161953
-16.1289330	-7.5005838
-13.4577030	-6.2742057
-2.5067457	9.0517997
7.2232588	-2.9481290
-10.5292770	6.9040763
7.3773661	19.1629710
9.8555800	4.6264634
8.9559094	9.7830300
15.3897770	-8.1849263
16.7294200	8.3654355
5.1590756	-10.2897010
13.9656820	-14.4486140
-6.6831903	-7.8839421
-3.4934865	-2.4772000
-1.6070685	-0.9696927
-11.8634580	-4.5539113
-6.1851984	4.2778860
-2.4268560	-10.6974000
-14.9431370	-0.7183089
7.0843780	6.1048858
-2.1321747	-7.2921113
-8.2681180	1.6718800
-5.7454743	-9.6797057
8.7699267	3.8228736
2.3760072	-10.7557010
-1.0619953	8.1228737
6.4031168	4.4349556
-5.0122764	-5.5659789
1.8429921	7.6180772
-10.1746830	6.9248308
-1.7951615	-3.6829254
1.5439119	13.9602240
12.6457270	6.0613492
11.8443700	-5.5748602
14.1138370	-10.0870520
-6.5366921	-12.1239310
8.7858088	2.1754692
0.0403561	-10.2012270
-11.8147160	-2.0576875
2.1751720	7.6325038
-1.9800805	-8.2387963
4.4878183	5.5815364
-7.3384708	-5.3034942
-4.5156795	9.5937951
-8.6512091	1.6682325
3.4791499	3.0095330
-2.5220256	6.4337411
13.6240970	-8.2121543
9.3255588	-6.3790591
11.9733000	7.7076705
-3.2917907	-4.0308307
-7.0078179	1.8085136
3.1656051	3.3851690
3.4901418	2.2139133
-1.7771924	1.4292980
-9.4946182	-8.0992674
-3.3574618	-10.9437100
11.1220400	2.6222701
4.0594923	-7.5216075
-0.6852559	-11.9702610
-10.2337080	5.1703836
3.6354003	-12.6535000
-2.8999903	-13.3384830
-11.8832580	-12.8874010
-16.5937130	-0.8968969
2.4194596	11.1917630
-6.2685230	-5.1712031
-11.7208370	8.9148620
8.0416081	4.1762831
7.1126743	10.4904350
4.9711831	7.5008831
12.0536090	-7.9805711
7.2540043	-8.5001442
-2.1371887	-6.2709620
-0.2916404	-8.7074763
9.9516989	-2.1035444
-6.9463238	-9.0619508
-1.2510348	5.0885898
-8.9526067	7.9253302
-2.0564984	-1.9900336
0.6253299	-4.6538665
8.8185383	-8.2443858
3.2214345	-7.1018946
4.0681126	-0.7490277
2.2971586	-4.4182444
8.5953632	4.5121862
-1.1351674	3.2633697
-8.1199599	-12.3811500
-8.2490944	-9.8525045
7.7171097	-2.2345001
-1.7013784	4.4216486
-10.6173090	-2.2903826
-0.2620964	4.8821928
-2.1358137	-0.3588459
8.8322361	0.3124458
-3.5448581	-3.0024345
-9.0620463	3.3759968
5.4322094	-5.7131139
-3.8289075	-0.1311652
-7.9816998	-8.7068652
1.8518277	-11.9026910
-5.4914253	4.4359632
3.3234161	-5.3633828
-1.0169713	7.8940014
2.5601163	5.1949734
7.2099508	-8.0846348
10.3518460	3.0448291
1.0111699	-8.2348307
12.7640390	-6.5696276
4.1015125	-0.6686500
-8.6991347	-10.8154320
1.3375569	-12.4193500
2.6904269	2.6053739
2.0258353	-7.1008481
-6.4760129	7.6460556
-5.7818935	11.1624180
7.6665722	-6.7245072
5.0625847	-3.6709483
10.8353540	-6.3397525
9.7417206	-1.4112654
-4.6112315	9.0180428
8.4628663	-2.5358481
-9.1487534	0.1876206
-5.8100000	-7.1248233
9.2589342	-2.5609215
5.4835333	3.5388063
-4.8351332	2.8739400
-7.3968485	11.4540200
6.9962967	-4.8533545
0.6399601	-3.0196108
2.9121803	6.9731586
5.9199416	-4.6291543
7.8067034	-12.5753300
-5.3874069	-13.6948350
10.9935420	-5.4629219
-8.9115819	-4.6454667
-12.5989810	-10.2353190
-7.4615145	-2.9193486
-2.4651934	10.8626700
4.8176396	3.3441798
-12.4916750	6.6511481
2.0927458	3.8578266
3.0502731	8.6087946
-3.1289737	5.3818781
11.3115400	-3.2792703
14.7503720	11.6423730
12.9374180	-0.7108496
-3.5215282	-7.7092982
6.0474580	6.4766215
-9.6594661	-14.4734180
5.9652719	5.3524341
9.0761721	-9.3511482
5.6797140	-1.7031979
-4.9265892	8.4719600
6.9490789	-1.6630492
5.6097300	9.5635733
2.1134220	10.1978040
-4.4814966	-4.7291426
8.6256484	5.3564963
-6.9581090	8.9703369
-8.1595495	0.4977879
8.8203856	-3.0522506
6.8069406	0.6027138
-8.2325889	-5.9875415
5.5981750	-5.5764840
-9.5701117	4.6553482
2.4227315	5.7783560
-7.3560405	-7.9735645
-2.6219079	-3.0737519
0.0406497	5.2904284
-7.3283289	-1.0376939
8.0397258	-14.7351770
7.9450081	5.7910872
2.7388901	4.8246502
-5.6923787	2.0882304
3.1289522	-11.7638590
-3.8862325	-2.3433479
0.6326189	-4.7059367
-4.2225591	-0.3246310
-7.1119196	3.0130158
-2.1971352	-1.8991776
-0.3557953	8.2857854
-0.7208890	-9.7559799
4.3145133	-1.8393754
0.4211561	-8.4179810
2.6858005	0.0705037
1.1595734	-7.7799246
0.6990266	-5.3666444
0.5890116	-4.1466383
-2.9317508	-1.3034278
-1.4824555	1.0010990
-8.5680533	0.8906555
-5.6351051	4.8378126
10.5330410	-10.3761490
9.1790249	-12.8108820
4.9845404	-2.6907916
1.8548048	-3.1567611
-7.6840044	-13.8609400
3.8283442	7.2922540
-0.8877711	5.5771380
-7.3938235	-9.4588876
-0.1267077	1.2439727
0.6281401	5.9114034
7.9514455	1.5804605
3.8241236	-6.5183213
-3.9325933	13.2361280
2.2039094	3.4186122
12.7674070	5.7276423
7.0563718	10.1419330
7.8100530	-10.9912220
9.1568621	8.5338546
2.5004378	9.8527604
-10.9962800	7.2310785
8.4652048	-10.9236610
9.5554589	-9.9257665
0.8745975	3.9449012
-2.8987101	1.7390725
-9.9812922	-4.6404778
-4.0156845	-1.6639438
4.1110423	2.7841512
2.8911035	-9.6701473
0.2049018	2.5947368
1.3177041	4.7012857
-8.5260049	-2.7554632
-10.0652470	-2.9555345
3.2361861	7.9863103
2.6614337	14.1365300
-7.8088313	-4.1558319
-7.8690754	4.3661857
6.8561958	13.4974930
4.6029432	6.5826882
-3.5449929	8.5462793
13.0249270	1.1376205
-6.8345327	3.2201028
8.2651438	-1.8642053
-4.2980085	-3.1206292
0.0307235	-8.6684682
-1.3520222	-6.6292102
-11.3608970	2.4828042
6.8898313	-6.2089941
7.9275328	-2.6885446
-5.0082420	-1.0057273
-5.8956711	8.0954985
-8.4538148	1.9385079
6.8134358	-5.7824785
1.5997285	8.7182666
5.8913656	4.9852006
5.6023658	-6.7185102
1.7555089	8.3210020
2.7659901	7.5434769
6.3991847	0.3228830
-3.0979723	3.3403254
1.4357195	6.0310607
1.8032622	-9.9553051
1.9041509	8.4853494
0.1626727	-6.5695368
-3.6294671	-10.7479230
-10.4077920	3.4599938
4.7976236	-11.8591620
-7.4140356	-9.4012730
5.1325793	-10.0914650
8.2677706	-1.9112406
9.4516850	-4.5904707
6.9482918	-5.3102038
3.0016475	5.5213528
4.2978990	-9.2021477
-0.9855165	5.5394170
9.6112381	-5.2504956
12.5120560	-9.7898518
2.0074943	-6.9192461
5.8059307	-7.4619350
-3.2542655	-9.4273887
-2.1351159	-5.5696323
-10.0181250	10.2221920
8.3883997	4.2655903
-4.7445492	2.1836747
-10.1860580	-4.3390826
-9.3754577	-0.1175001
-0.4354400	-8.2405819
7.2598263	10.0757230
3.8009952	-7.7839025
6.8385928	2.4180716
-7.0839173	5.1591612
-7.1286383	1.1702602
8.1607691	-8.2399178
-7.7722203	-5.5298399
-4.0799507	-9.6919910
-5.1232266	2.4503312
-7.0290916	10.1870630
3.0875237	6.4817966
10.5505290	4.7576131
-5.9494374	10.4376340
1.2740453	-0.7524026
1.3263596	-9.5942142
-8.8798872	8.2599013
3.5557053	9.5020436
2.0748609	-0.3731323
1.6275433	3.1580014
-2.6781235	2.2678914
-1.8032754	-1.5821738
-10.6560200	6.1138901
-10.5540570	0.7997213
-0.5664662	3.2158851
1.7840599	-8.8155184
-2.9022840	1.2985053
-5.1021082	-8.8290525
-4.8065859	1.7805416
-4.5510383	-2.0429024
1.5329693	7.0151568
-5.8631047	-9.4581477
7.2437944	8.7109977
-12.0901230	-2.5376991
2.4179120	-4.6429303
7.7367611	3.2218614
-3.1496643	2.5086138
10.5951520	-7.3402769
1.2856143	-2.6707118
-3.8054660	7.0113535
-5.4484778	-4.9397190
-2.0399495	-1.1766448
-6.1171059	-4.9488321
-9.0094762	1.8308365
-8.4156697	-6.6850242
-3.5048791	-7.3674882
-1.4085157	1.2424864
2.5009684	-8.3374910
11.5644770	12.2442300
8.8980696	-8.4109134
-5.2854508	2.6990438
1.4147407	10.3033500
1.0724340	-7.3604928
4.1204226	-8.0988890
-10.1752930	-2.3650404
3.6884542	-0.1604135
-3.8393040	1.1094880
-4.7470973	-7.5475890
0.4910497	-9.3263929
-0.7487318	8.7714416
-1.6009712	12.1697900
9.9018772	6.6115052
-5.2068898	10.1722790
0.6711662	9.6919340
-8.7643544	-8.8572676
-9.7132649	1.1295898
8.9621158	-2.7853306
-9.0937520	5.4305032
2.4591881	-1.4944058
-8.2650069	-11.0645210
2.4508597	-8.8465015
7.2157899	8.3891914
6.0320183	-6.7518873
0.6562583	-1.9389846
-2.6971884	-9.6216398
-5.0847010	-0.9815401
-5.6163842	-1.5268279
-9.9222894	-1.0448010
3.5428946	-1.5352354
-4.4215107	4.0302927
-8.8752876	-2.4508900
2.0731986	-0.6873174
-4.8050967	-0.9985764
-4.1231024	6.1729304
2.2877041	-0.3215171
-5.7744467	-7.4698520
8.1668297	-5.9720794
-8.0671244	5.1479398
-0.8028844	-3.2961598
8.3815369	10.7362900
-4.8882549	-10.2806950
-4.8576947	1.8580533
1.1661308	-10.9456090
-2.2870111	3.2084401
-1.3500996	-2.6431885
-10.0606070	-0.5325726
-5.1874589	-5.0084850
-9.6454935	-8.3078253
5.9860287	-9.5660554
1.6097795	6.0579894
-8.9046803	-3.4688888
-10.3057650	-6.9428011
0.3067061	-4.5321630
-9.6738767	2.7510556
-7.1716644	7.7812882
-11.7436800	-2.3520561
1.0613017	9.1274464
-6.2854653	-8.4732926
2.6104426	11.1530730
11.1885230	9.6749041
-4.5205083	2.2574259
-8.6502005	-8.3183350
2.9018003	7.7512035
8.3225021	-7.1469821
8.2414741	3.2194352
-7.2769122	-3.2470796
9.3883087	1.1440970
-0.5929355	-11.6640520
6.9696218	5.1534305
2.7270770	-4.5063981
6.0063954	-7.5698262
-2.2278168	4.5712973
-5.1499084	-9.2381373
-10.5403870	-2.4059992
-4.1459250	0.0668712
9.3152122	-8.4707903
-1.8451279	3.3461165
-10.7053530	5.9100816
5.6274850	-1.3115918
4.8832824	9.1224786
-8.9079145	-7.1481226
-9.2489180	0.8328071
6.2712465	8.2773455
-4.3920706	-5.9267635
6.7016398	-4.8560675
10.7356700	-1.8682117
-9.9741026	8.2140186
11.1028120	3.4959541
5.6135917	-7.7328600
-4.5072917	-2.5544019
-0.0931376	2.2999831
-3.7164689	-4.1600968
-0.4500768	-0.8674343
9.2103193	-7.8725463
-6.8892234	4.6977070
-10.1524120	-5.4458835
-9.0883795	0.8056627
3.2301387	11.2742010
11.5288440	2.2589301
-4.9023066	7.7366737
0.5273538	-8.5556349
8.1660026	9.9798568
-8.9801211	5.9531765
-10.4523520	-8.8316192
8.0211254	-4.3705113
-6.8313543	10.4677850
5.7600066	0.9618175
1.3192991	-7.9772970
-7.6016081	-2.0050596
-4.6745784	1.4471865
-7.7728681	4.0049600
-7.3001624	-8.6871352
9.9328108	4.0517380
3.5702724	-5.8206696
2.2716871	-3.0033773
6.0159742	1.3834476
-5.7496948	3.4246806
-7.6769723	-10.9573190
-0.8492340	2.0809472
6.8103318	7.8255219
-9.8411647	9.3242060
3.0155214	0.0348857
-3.2501543	2.9237985
2.4063106	3.3188137
-7.4820804	3.8546961
6.5300757	-7.0780776
0.6710328	0.2238180
-1.4674967	10.3822410
0.7102585	5.0336115
2.2934778	3.9264126
7.0732222	0.0523725
4.0726487	-5.4869938
3.3295466	10.4522430
4.5613212	-1.6066253
2.9017152	-4.4532273
-1.0267475	3.8498169
7.3629745	5.3474507
-2.7772268	8.7385857
-6.2887892	-5.6008264
-0.2859521	-0.9063530
0.9501950	3.9866379
4.5574109	-7.1073413
6.6102242	0.8569148
-2.9116688	-1.8792637
7.1548812	-6.6153557
3.6286658	-3.7550619
-0.9782732	-10.2243600
-9.4899550	-4.1627407
-10.0740700	0.2026814
2.3140190	-2.4329627
7.3408658	-10.4303090
4.0327466	-3.7315178
-7.2099631	-1.0440596
0.0761962	-1.2259751
7.5382442	2.3138114
-2.7155168	10.1566960
9.5232649	-2.2527994
-7.6100616	-4.7802320
6.9448354	10.1337670
10.3698560	-5.0058734
0.0055882	-1.8869990
4.0233060	7.8383819
2.2053746	-8.2442787
-8.5362698	6.5681401
-7.2479910	-6.9171591
-7.7193566	-4.8107610
-11.9047370	-11.0692940
-9.3885312	7.0592207
8.3213653	10.8163880
-4.6699879	-1.1587295
-7.1040687	9.9829062
-2.5247620	-4.4455160
-9.7937561	0.8685398
3.7454149	2.3309490
11.1139120	-8.1442380
-5.3532874	-1.5925033
-9.1958318	-9.7954976
-2.2616002	-6.8132113
7.2286889	-0.5282252
-7.3056131	7.7552160
5.9572224	2.5176152
-5.5411003	-9.0403615
1.3578351	2.4255337
0.1906815	-8.5327543
8.0848535	3.7300201
4.2684718	-9.1781665
5.7014294	9.9368326
-9.0033317	-0.3603121
1.5475053	7.6298744
2.9606893	-9.7282371
-7.9562618	3.6132018
-8.2499117	-0.8082041
-2.3834974	7.4930360
-4.1787180	-1.8953775
-0.4153285	11.5526130
5.9577809	-8.3335657
-4.0584123	5.2951812
2.9171435	-6.4780856
11.3338310	-2.9922742
2.4117297	-7.4087506
-2.2847371	-6.3705440
-3.9861581	9.5730153
9.8763043	8.9223038
-9.9713007	-2.1780638
3.6131704	-1.9273411
-3.9856668	2.8976180
-6.3119144	8.6943180
4.3039688	0.3500841
8.1653169	-1.8351218
4.1547233	-6.6048010
-4.3673563	-9.7651964
2.6736573	5.6988824
-8.5222194	5.9076701
9.9437134	-7.9804687
-11.2770040	-0.6891660
-5.5715731	-0.9226707
-3.3238953	10.3029440
-9.0636930	9.4043552
-8.4571586	-8.5623486
-4.2478059	0.9408690
-0.2389147	-9.7083954
10.1473370	-5.0674578
1.2773122	-1.6979885
-5.6287240	-3.8661886
11.0428370	9.1420355
4.2573671	-6.0653933
8.1599693	-8.8116234
-7.2242170	-1.3255547
2.1351908	4.8484407
-10.7953410	8.6178868
-10.6920340	-10.4931830
-3.0167021	-6.6220046
-7.3457378	-0.8070186
-10.4609360	3.2410296
3.2977617	0.2536352
-7.8017335	-0.6939999
-8.5992999	-6.2130611
-7.6494651	5.9835044
0.9860699	-7.5931956
7.0697688	0.3755752
7.2290480	6.3045959
-4.7242078	7.8008480
-7.2389059	-1.8185043
7.9444462	-8.2103179
1.6298154	-4.8609040
-6.3402402	-0.4608634
9.8632150	4.0550778
11.2809930	-6.3921366
1.3160968	-3.7000828
-3.1594579	-11.6718870
-9.5152192	6.4124631
8.1180578	-9.5478945
-6.8196173	-6.5099911
6.0347117	7.8208531
6.0330995	3.9581999
-4.2982638	10.0581160
-1.7178478	-1.5812342
-2.5832719	6.3521334
9.6243684	6.4002803
5.2945538	7.9430896
-3.5142534	2.5909743
2.2343153	9.7959369
-5.2297607	-0.8429020
4.0775376	-9.7233486
1.0508185	-0.4669388
-7.7509791	7.2703434
-5.8130446	6.6891923
-3.4043023	6.7026422
-0.8764544	10.6138970
10.6766810	-5.9971667
-9.8682041	4.2300891
5.1277647	-1.0155460
-3.7077245	-10.2442030
2.2369998	7.4349983
2.3764422	0.9559260
-0.4630133	-11.1114690
5.9627230	-7.8295321
-4.6782931	-6.7789080
3.3605597	-8.6724884
-6.9426763	-9.6234505
-2.2795821	-5.8739987
-8.1070902	-6.5327907
-3.1181293	-4.6233169
-4.5394206	1.7115989
-3.6243664	5.8853906
-10.1977050	4.0727526
7.5687422	-0.4779406
-4.1776408	-5.8499256
-4.3036958	-3.7310408
-6.9695254	-10.2436800
-0.4093826	0.6509831
-3.7667292	-7.2778090
9.5632331	-8.7119541
-7.4173843	3.2913281
-8.8778763	-3.8599477
10.6300920	-0.7702478
-1.4704456	4.9036259
2.4330948	2.1472458
10.1987130	10.3453390
-5.1907574	9.6205629
10.6446030	4.1794014
-4.1843184	-0.1166131
7.0250627	-2.7756529
-0.0813312	-2.0352893
6.5772691	4.0647589
-1.4674700	-10.5119390
-3.3700114	-8.6577400
-1.1342480	-9.6797641
4.5622426	-10.4749810
1.8583096	-0.0212525
-7.8267892	7.6027330
-4.7270938	6.0794732
9.9097640	-8.2464837
-5.5091942	-9.1272976
7.9017571	-1.3319439
-8.0777412	-6.0838364
3.6722381	-9.2876263
-2.6391790	1.9124009
10.4997620	-10.3645920
-10.2157140	-4.4468582
-4.8041647	-9.5515879
10.8154660	-6.9333180
-9.6119725	-2.6329940
-10.2236520	4.6188160
3.3318691	-2.8382570
-9.7211619	-8.9412967
7.7398209	-3.1367339
-9.3784693	10.5692000
-1.6294730	-0.1982677
5.3319287	4.8225434
-9.0371154	9.4188983
2.5655541	9.5647480
3.1864538	8.6261155
-3.8293059	-9.1393645
0.9818694	-7.2071372
9.1321035	3.9346277
4.6020360	9.7599888
-3.4603569	-6.7094390
0.1151961	4.2309255
8.5354160	7.8230606
-5.9737099	2.7740949
9.1463857	1.1072057
3.1401109	-6.6052911
1.4319747	8.6867884
3.3713878	9.5196116
10.8473470	-0.5513223
2.1608747	9.0757945
-8.8069551	0.1308122
-6.9030874	2.4750578
0.6960861	7.2623533
-8.4795652	-7.2077964
-9.7109067	-7.5497237
-7.7562113	-1.6279018
-4.4434707	0.1044232
8.1490899	1.0917504
-4.3560250	2.3800591
-5.3010127	7.1299473
10.2952870	1.8247371
-2.3062364	2.6811072
-6.5949189	-5.0786283
0.7773219	3.1688157
7.9079121	1.1259190
7.4284650	-0.2745673
3.9634275	-8.7348978
-8.1653977	-6.4970846
0.6118809	9.0827046
5.7569135	-2.2889445
-5.8348733	-8.5389881
-10.1879030	8.7438838
-6.9998398	5.4426908
8.6651823	-7.0049114
-10.1635060	-9.3277379
4.6825815	5.3986127
6.9085218	-4.4536955
-10.9778780	-6.8691433
5.2026803	10.9908240
-5.4140404	-6.6533269
2.1196834	7.7628601
2.9710602	-2.8245306
3.3712622	-5.1197638
4.1389372	8.5955336
7.2640937	-8.5558645
1.6536991	0.7851381
-5.6724624	5.8352956
7.2507861	7.5852876
0.9033372	-8.6207352
-10.5675160	-11.0958200
2.1714400	2.0147385
-3.3742358	10.7251010
1.0185554	8.0471924
-2.8962146	-10.1446070
5.1984122	5.2918161
5.1601202	4.5705405
5.8296522	5.8933052
-5.7904598	3.8291308
8.5622715	6.2594839
-8.6322959	-4.1072117
-8.3372146	9.4020529
-7.6946670	10.6085830
-2.0168103	7.8447917
8.9529967	-10.5644710
1.9791198	-9.1968621
6.4933070	-9.0992695
-3.1270900	-4.7258172
4.5817289	8.1407463
10.4503050	8.6555307
1.4675637	6.3195212
2.3325683	5.5254144
-3.0957585	-2.4800624
-2.8895542	-10.5249350
-0.5107131	-7.5285974
0.1351360	-2.7835336
-3.6538180	-5.4692201
-2.0919058	5.3145162
-9.2447073	4.2443356
1.5422075	4.3302910
0.7097361	-2.4024535
-1.1610211	-0.3220914
5.9011994	-7.4102837
6.8426770	10.6633310
10.4462090	3.5244381
-1.9783205	5.5748266
-4.9773869	9.3398499
2.2189788	5.0374994
1.0446740	0.4911945
-6.1379315	-8.1539077
-8.9131435	-5.2495481
10.1517740	0.3870723
10.2580810	-2.6778484
6.8414683	-6.9800430
6.2711273	5.0287997
10.8813140	-0.9021233
-7.5624300	8.0999530
2.0503590	-1.7839350
0.8890914	-9.0389085
4.5634037	5.4992778
-6.1585775	8.4877198
0.1602630	7.9854842
-0.3591286	4.7288560
-3.0630633	5.4593908
1.6671147	-4.3974286
5.9644050	-2.6696269
8.5087516	-10.3508080
8.4024621	3.2063330
-3.7013182	-6.7372101
3.0356311	-6.4850910
-6.4501474	10.1114690
-0.3234543	-8.4773912
10.1680410	10.8970320
-1.7011755	-5.5556384
-2.4426992	-8.1417465
4.9394599	-6.6631779
1.4038647	-3.8886808
-2.0189110	-7.6007636
5.4803187	-6.8585558
7.0427276	-2.9862816
-1.7760748	-0.3992088
8.1111414	-8.6232041
-6.4999456	4.1626124
8.6876338	-8.0226503
-2.2793318	5.0818784
7.9373230	-3.9397960
4.7917889	8.5464036
-0.0026097	-3.6962421
5.5622919	-5.2832118
-8.5222124	-2.6545603
-8.3845179	6.2514726
10.8018080	4.6325426
0.5503115	9.8464324
1.6724712	-3.7274544
3.8414089	-5.9794991
4.7877713	-1.0119212
-5.2055309	-8.3469216
-10.4534340	-3.5587925
-0.1508668	9.0472792
10.3765280	7.7454922
-10.4626080	6.7602263
-9.3914457	6.3903770
0.7411589	1.8991663
-9.5881304	-10.8426990
-4.5778162	4.9434282
-7.5386167	-10.5923110
-3.3501699	0.5036308
-9.9655547	8.2932218
-3.6019432	1.3581035
6.4977352	-2.7496443
9.6975215	-6.3039895
-8.3693343	1.2377104
-8.1943270	7.0112117
2.0885934	-8.1990064
-0.5756600	-0.5303197
-10.9019980	10.4498330
3.3905752	7.4077940
7.1770487	8.0813225
-5.3660251	2.0885869
2.1177404	10.7603280
-0.6713639	-4.8421442
6.0359133	-10.5858350
2.1515680	-10.4382740
-3.3098870	9.8464290
-5.7733243	-4.0177677
2.1340049	5.6990636
9.6611344	10.4672170
7.7868867	-4.2001229
7.2561234	-10.3655040
7.4063615	1.6047013
9.0271387	-6.9979490
7.9946925	-6.6887941
-10.1987700	-6.5852670
-10.2954020	-4.1671366
-3.7372047	-2.0823464
1.2427973	8.7305018
0.2962393	-0.1694830
1.3469046	-10.3971080
8.8791113	-7.8101594
-6.9749095	-2.8317147
6.4794815	8.4831717
3.7101912	6.3273023
7.0534218	-4.7103060
-0.7575666	9.2357694
-5.6818965	4.7890806
1.9017004	4.7216872
0.2943755	-4.4750137
4.8774965	-5.8034543
4.5203501	1.8905654
2.8506571	-9.4698623
5.5592012	-10.8449900
-4.1972575	4.5058364
5.3214827	10.8150860
-10.7753820	-10.0060610
2.4474980	-0.2101233
8.8034571	-8.4892209
-6.1766755	-6.6168720
9.1341400	1.4870659
6.7527434	8.6425899
-10.3718220	9.0119703
3.6642243	2.0914604
8.8013334	-7.6309918
8.0349375	3.4595087
-1.1234887	-6.1654335
-4.2360906	4.2969009
-5.7090488	0.0306248
4.9469973	-8.6547394
10.7658880	-0.9490019
9.3527292	-3.8364258
0.9697035	6.4263901
0.0368412	5.2936187
6.5504909	10.0097570
5.9996125	-10.1939550
9.1558216	-7.5876828
1.9317658	-4.2538346
-8.4609535	5.7693009
2.0121436	4.9291881
5.5134461	3.6306836
-4.3150635	1.4036501
2.8342677	3.5882912
6.5503130	4.0702693
2.3839074	5.1080935
-2.7859770	-3.9398291
6.6678187	-9.5781345
4.1921956	9.0128058
1.5010876	5.1983713
3.6285421	7.9579884
-5.6009264	-9.0501877
-2.0539473	-0.2945534
-0.6756236	8.2260217
3.4210426	-3.9454065
-4.6879735	5.3816144
5.7603727	3.4859004
-7.2897231	-9.7516333
-1.6766156	-7.8050413
-4.9780226	-10.4115670
-2.6742661	-1.5340595
-1.5432793	-3.1855475
1.3422434	-6.8876065
-7.7255651	-2.5229120
-8.3417030	-5.5269783
9.7679835	10.2691660
0.3772167	3.7776613
-8.6326362	-10.3319120
4.4169810	6.2303558
0.1135939	3.1813544
6.0310377	6.3899426
8.8645011	1.9462052
3.2435358	9.6000767
-7.7327889	1.3855020
2.5974769	-4.5672239
-3.1229224	-6.0215437
-9.0610508	-1.6396657
6.3023760	-5.7742410
1.4486336	5.0375282
-4.7468456	-2.3273277
9.8723294	-0.7703484
9.1439053	1.4898273
-5.1747126	-4.5838004
-2.5608274	1.9970147
-6.5016411	0.4632653
-10.0584670	3.0360843
5.6445530	3.1732849
-0.4591548	6.7274530
5.5677283	-4.3185600
8.2327728	3.4672869
6.5912887	8.6388343
6.5060390	3.3377859
0.0657343	-0.7456201
-0.0813566	-3.4162302
1.9021273	-0.8019882
2.1834164	3.2906050
5.1349998	-6.5160637
9.5221833	-10.4830110
9.1223860	-3.4826493
6.5694300	7.5576106
-6.8086943	5.5329103
8.7085960	-8.1075859
7.4577873	-2.9177410
-2.5199396	8.4522156
4.5095695	5.2248751
-5.0068282	1.8777986
5.6154700	-2.3404829
6.3131677	-6.4531501
-5.8777104	-8.1798191
-5.1445180	7.8843023
-7.1290015	-1.0031467
-3.6267192	9.2514920
6.0375599	-9.7150364
3.0891148	1.7584102
-4.8537922	1.5302999
-3.7707876	-6.6483295
10.7693590	-7.1105336
9.3003474	7.8551105
-4.3607276	6.6591181
-10.1476910	0.4610184
-4.7882006	7.6991777
7.0873958	5.2324330
7.0831825	-4.8781155
8.3862092	2.3823975
4.7037060	10.5299570
-6.9604124	-0.4682443
-4.6112359	10.8563090
9.9541852	-2.7552870
3.8898122	-8.0448602
-8.6030874	3.3065030
0.1444702	0.2784370
-4.2038078	-1.0996111
-0.5180862	3.4411987
3.7858950	-10.2437540
1.8882720	-11.0313530
7.0419668	10.4811050
-0.7051601	7.2395753
-9.6803592	-0.1223038
-7.8246330	10.0205050
2.1324551	-7.6275552
7.6417854	-9.2543830
-7.4412817	-8.2003621
-0.5759072	-3.9061126
2.8977061	5.4637227
2.9349025	6.4430166
5.0091619	8.9504426
9.6512296	4.1817144
-10.3597790	2.4142212
-1.8424110	-5.2657317
7.5722577	-7.6335794
9.7595567	-3.3947321
10.7101290	5.8789930
1.0616007	8.9261757
5.4002703	-10.9366000
7.2533716	-4.8998972
10.4115090	4.5588448
-4.5242832	-1.6640670
10.6316550	8.1131207
-6.9858522	-10.4291200
5.6301495	-1.5777267
-5.4191493	3.1471867
-1.1044432	2.7609894
-2.8702048	1.1621805
0.9247532	-4.4718526
-5.0033068	-9.2883703
-0.4671895	3.2615223
-8.7231357	9.1334673
8.0401792	5.3697631
-4.4441872	-7.4198391
7.9785189	-3.6439444
-3.7625435	2.1750680
-7.4855035	-5.0193970
3.4887926	8.3868050
7.9775535	-8.5575334
-0.8948581	4.8513449
4.8823503	-0.8546069
-9.0535456	8.5177816
-0.7478244	-9.4489429
7.7541613	5.1581471
5.8587215	6.9902898
0.0286997	0.7381811
2.5808492	-3.1755479
3.9223293	9.3283156
-9.6430029	6.4173605
7.5813021	7.0530259
0.6566760	7.7030045
2.0262153	-5.7082431
-2.1765962	8.5881016
-10.6387980	9.3727435
-7.4271301	3.2470125
5.7826024	-9.1750743
-6.0848709	-2.8937207
-8.9053231	-8.0445996
-0.4259775	7.3801483
6.8904985	-10.6751660
9.5731546	-7.1172086
-6.0310216	1.0505325
5.5556672	-3.6951453
-3.1105361	0.5134837
-6.7027187	8.6980032
6.0047422	-1.1711897
6.8233215	1.1351963
-3.3371912	-3.4873469
-9.2478629	4.8200554
3.4315012	-10.7628270
-1.6727675	-8.4488425
-2.4406029	-0.4894349
-0.2447816	5.5115239
6.7399284	2.9140200
9.2031243	-10.1304890
10.1877570	3.3813674
1.9073287	-4.9941185
-3.4149914	8.3544136
-8.1000114	9.7734632
8.2884914	-7.0434038
-5.3756591	7.1625725
5.7707370	-6.8300609
2.4819611	6.4749939
-3.6953016	8.6398945
-5.9251582	9.4978314
3.1977449	-6.4129623
9.9299656	9.5897514
10.8450540	7.4799081
-10.9045280	-4.3288372
10.2751000	-1.1086892
-5.9199712	9.7277419
1.7517571	4.2697852
-2.3428456	2.4062504
-0.8437241	-0.0894669
-10.0528160	8.7500608
9.4972357	1.4550358
3.6203833	1.0056501
6.8200170	-10.5391590
6.9338326	1.0182945
0.2305429	6.9815206
4.5464635	2.8016700
-2.2480186	-1.9357560
-9.0980492	3.2275698
-10.7665800	0.5589110
-8.2917500	-10.3025650
-7.9935294	-10.4422800
-7.1216469	5.8206445
8.4292864	8.5266195
2.2665496	0.0243961
-9.0052977	-0.9242778
-0.0619629	0.1447290
5.5905096	-10.5903740
10.4500410	-5.3669968
1.5476886	-9.2413288
-0.2062494	5.6293639
-1.1102161	10.6900930
1.0103352	-10.2524710
8.5648305	-9.3960107
7.6641764	6.4556454
-1.7525003	-1.9122488
-10.6435650	0.5034315
-3.1948321	3.5120069
7.7627667	-1.4091962
-6.1974900	-1.2762911
-3.3796300	-2.6352792
-2.6587193	8.4709373
2.9250378	-7.7334462
-8.0542682	-2.1728836
7.6381053	-4.0807505
9.8700002	-9.3072657
-6.6776789	3.6040255
7.9194076	-4.0940513
2.5762390	-7.6905957
7.0872636	-3.1017335
-9.3142542	-10.1460790
1.7002103	8.4728489
-10.6588840	5.4455765
3.3685627	-9.7121149
8.5099012	6.3165101
1.3747697	-2.8233159
-2.9270035	0.2747717
4.7921044	2.6261319
-0.0659871	-8.4690089
0.3148815	-10.8898020
-8.9270890	-1.9913986
5.0641024	2.1859102
-9.2728903	-3.1101640
8.0494781	-2.3001346
1.2420569	-1.3043985
-2.4943317	2.8817170
-9.4920000	-2.8884104
-1.4622890	1.8643161
2.5007481	0.2617448
-2.7179203	4.2233960
-5.2179804	1.9490304
-4.8099589	-2.6314344
5.6992804	1.9762436
0.4172644	-4.1543265
-5.6653872	1.4638699
8.6179459	8.8846657
-4.4294470	5.8311072
5.6768009	-10.9558650
-1.0580971	1.4767639
-7.3633972	5.4295434
7.5826445	-7.2314584
9.8493452	10.5748910
3.6973274	-4.1424739
-5.1518615	-3.2385497
0.6502940	6.4616186
8.3389109	9.9370822
-9.8800443	-10.7069660
6.9604741	1.5954266
0.4538845	-3.2293713
9.3843099	3.5258642
-1.5997516	-3.1248412
-0.2636482	3.0312023
-7.0894965	2.6436816
-10.4482580	10.3828850
10.3671970	-4.7198924
-6.8967375	-4.2332820
4.6460333	8.2837106
-5.5574946	-6.2464769
9.8348085	-3.3173140
2.5088315	-9.2533136
-10.5413550	-10.6103490
5.5441240	9.5204151
-5.9865053	3.8963020
1.5117905	-2.6663698
-9.8012471	-0.6472681
6.5969464	-6.7838900
10.4972320	3.1003201
-10.9824940	4.4102112
-8.4239675	-7.7159150
3.2079175	-1.8937116
10.9854370	5.3886481
5.4294610	7.7448428
4.3595664	3.8340501
-0.7359254	-2.7430546
1.4376279	-10.3437750
-10.3418710	-5.7867033
8.6184600	6.7568919
4.2222190	4.6939265
-2.3986379	-10.6136330
9.7237851	-2.0857794
10.8623750	-1.4360557
4.4003314	-6.6713860
6.6654179	1.4985463
0.3678524	-7.9725411
-6.5828093	-8.5326726
-0.0331681	-7.6695373
-7.1117983	10.3732430
10.2976960	-1.5052727
-1.2642746	-7.5423285
1.7155182	0.1398387
-7.0452314	5.3360724
-0.4490125	-0.4144571
-3.2434973	8.9203483
-7.3793388	-9.3371983
6.6419057	-3.5376100
-5.1889344	8.7342250
7.8581984	2.0761276
1.5649851	-5.9948792
7.0567677	-3.6129616
-8.6574613	-4.2933638
4.9735307	-8.2423507
9.4007747	-8.1827214
-3.4274005	4.5673990
-6.3536712	9.6376705
-4.0741188	9.8234680
-0.3077013	-8.7352530
-1.2026892	9.1292230
7.7088721	3.5772359
0.8589426	-2.0525288
3.2804692	-10.3658410
4.0823903	10.5587250
4.1679568	1.8320804
3.5959421	-0.0216245
0.8647603	-9.5452746
-4.0203221	-4.1594758
-0.9545380	2.6043948
-8.1643860	3.4459248
8.8519900	-1.6982173
-2.7095744	4.5888270
2.9327226	7.5764433
-1.9581507	-4.4025535
2.5207672	3.0225647
6.0255842	-8.0070936
6.1179755	6.7600792
10.6244890	-2.4330943
-0.6295956	8.9609660
-0.8238582	3.8520734
-4.8534015	-0.2622681
4.7215849	-5.8458952
-4.3137658	1.9572326
0.7039755	-2.0131347
0.4956097	-2.7475689
-3.6493397	5.6508504
-4.8614134	7.0435560
-1.8424133	9.3489737
3.5960991	-2.0209784
-5.4243905	5.6879862
5.0438071	9.1298418
-8.7932652	8.0385406
-10.2856660	-8.8505143
-8.5989121	5.4499817
1.3937981	-2.7721470
9.9465938	8.7666488
-10.8476080	-9.9269944
10.0920800	6.9732001
9.7965771	10.6506660
4.3911132	10.6729780
1.6664409	-0.7728293
4.2350657	9.2397047
7.4045200	-5.4907307
3.7231658	6.6482379
-1.9617615	4.2576667
-1.4955593	5.6321280
-5.2684177	2.1719505
7.5567283	-5.9943810
5.3233124	-8.5414251
7.4200315	-6.2014578
7.8724552	-9.4989895
1.6175319	2.6351444
1.1043599	-8.2061237
-10.6254850	6.0680068
10.8931830	2.9336195
7.2538509	-9.3356054
-10.4741030	-10.9566230
2.1974546	2.5576524
0.8985314	-6.0342978
-7.7982021	7.4826386
6.7005151	-2.6642496
4.7600983	-7.3020165
3.7832856	8.6272289
0.1016775	-10.5314040
5.0262053	-3.7481263
0.8836936	-0.3920728
-3.8422909	-7.2008409
0.7625868	10.8655160
7.0915714	8.6452775
-1.8847568	-9.2178172
-5.2321899	-7.4329627
-7.4145160	-4.6900431
-0.6679491	-3.1884233
8.4213530	-1.1641355
5.7348368	-2.0764587
-5.8611391	-1.8162486
-8.7116536	-3.6761232
-3.9632361	-1.9421151
-7.4347375	-10.8481900
7.0611208	-9.8185651
7.1786719	9.4820424
9.4942962	-10.0303600
-0.5368724	6.8870126
8.8944890	-2.6640852
10.4288210	-10.0112080
2.4280854	-9.3304826
6.6096070	7.9727769
-7.0289669	1.2839324
5.9347242	4.2443173
-3.1674271	-0.0081040
-9.0609151	-8.2538556
0.4263546	-5.9756123
-7.1178396	-10.9396420
-4.5879451	-0.2196266
3.8283859	3.4617890
-1.8847257	-5.3699984
1.5288263	7.8916500
-10.1504550	9.5253780
10.9167370	-7.4589146
-4.7534484	10.6526040
-0.7165322	-8.5893219
-5.0473397	2.1772693
-1.6801454	1.4533847
3.0747999	6.7565073
-1.3509456	-1.0685819
3.1994339	-10.6391060
-1.5942544	8.2412214
10.4289910	-2.8659181
-1.9608351	1.5144399
-5.4470088	-1.3894570
-5.4746266	6.7039008
5.1766260	1.9530285
-6.0687226	-7.3955403
8.5910986	1.2356892
-9.4300108	-4.8568328
-8.4087821	6.3383603
-9.1169568	4.2886819
4.7185153	10.6257970
-2.8079908	5.1940126
2.9933360	0.7226572
-9.9064837	4.1205857
-6.2165334	6.7995366
-1.6319842	4.7427515
8.9985684	-10.7642490
-7.4799431	1.2464488
-3.7028243	-4.4324951
7.5234092	-2.2345323
5.7044659	-0.6371990
-1.0734683	-2.1557956
-2.8969516	-5.5102452
0.3875315	1.4423355
5.3787185	3.9275707
-3.4581936	8.5047095
7.9430709	5.4790365
-1.9540420	10.6406990
1.9499798	3.4427336
-6.4147636	10.7705830
-6.0342117	3.2643552
10.9331060	9.5221303
10.3752090	-0.0855993
-10.2435430	-7.1079197
1.0426763	-8.7963853
-5.0793584	3.5665640
1.6611912	10.1129320
-3.6997498	2.9869067
-0.4643938	-2.5129002
-0.2990094	0.1864367
10.1304940	0.5035160
1.0496182	2.5825802
3.9215197	-1.0551975
10.4897960	-5.1962869
5.4891274	-3.3332784
5.6844739	-10.2983630
6.2065576	-6.8268716
-9.5070106	-2.7386001
-0.2039562	5.5898358
9.6119909	-10.8572350
4.1568999	-9.8248874
0.2775889	5.9896181
-4.8053320	9.3255559
3.4555072	10.5749800
3.5269865	0.4126551
-4.6731272	-4.4542071
9.9266959	2.4226381
-2.8479256	-10.6648140
-0.0779150	10.0265210
0.5790869	-6.1499601
3.8540236	5.0120787
-9.6715751	-6.1547135
10.7570770	-6.3814171
-6.6692105	9.3986376
-9.4378148	-7.4063416
5.8451119	-6.4811085
-3.3452221	8.2147280
-7.2479302	1.0536547
2.1144911	1.8512657
9.7066783	5.7427621
7.1722733	-10.5803110
8.8666928	-10.7098150
0.0545659	3.9375249
3.4564336	-1.8960171
-1.8798640	-4.6054320
7.6013974	-0.0376666
5.6641262	10.9160340
5.6704470	-10.9533810
7.7769640	9.8601481
0.0722726	-2.9091264
4.8768628	0.9039757
2.9672716	-0.7981208
0.7340666	-9.0869373
10.7230830	10.1367280
7.4057245	2.4217534
5.4871196	-10.5539520
-5.0248410	-2.0137631
9.0119825	7.9557997
0.4474594	-1.5678228
-7.9735265	-0.4645054
-8.8380735	1.5285950
-10.5689720	-8.0469451
-7.1286060	9.1911149
-7.7985694	-2.0909193
-7.2368494	2.9662663
-7.1694522	9.3257816
1.4960959	-1.0318051
-8.5513287	9.0576463
-0.4167919	-6.3172318
-0.6912253	-1.0721035
-4.4311711	10.2576010
-3.3696571	-5.6262421
-6.5648016	-4.2727995
-8.0728625	-0.6844082
-10.6486970	8.1971311
2.5911957	3.9279297
0.3843225	3.3428597
-6.0330704	-10.4768140
5.4424897	-7.2672997
5.0273759	5.9649938
1.7757359	2.5409483
2.4244046	2.3559189
-1.9369416	10.8728140
-5.5148138	3.9576791
7.7292611	1.4627644
0.7799001	-10.3664010
-5.4368426	-8.2459114
-9.6359186	10.1536630
10.7676990	8.3135234
8.4275371	-1.9677304
4.1899292	-6.1114858
3.6729965	1.3572894
-10.7052470	4.1900652
-0.3142600	0.5086853
-1.6211992	6.0493472
1.3027550	4.3148315
-10.6154440	0.1605960
8.3897495	-10.1242030
-6.6180914	3.8454748
10.4230830	2.2341562
-2.4991343	10.5067590
5.7523584	9.4627289
-8.2724941	-1.3070905
-8.2326372	9.7824951
9.4727295	-5.4085774
8.3627579	0.0959977
6.7676178	-3.5923867
-8.6580680	-10.2501940
-4.4579174	7.2801867
2.5866352	-0.8460930
-5.5119549	7.7051042
8.1193910	1.3712662
1.0153177	8.7758795
7.3553607	2.5000045
-9.5200900	-1.8868642
-2.1753527	-2.4567972
2.5665231	7.0850366
4.4847047	-10.8913660
-3.7613088	-1.9301055
3.0916574	-4.6033095
-1.1569261	-0.0126630
-5.2715627	7.5970632
9.7328808	10.5846760
-4.7976416	2.9219924
-8.0475682	3.0847626
-3.8595673	-10.9024910
5.8518880	-9.7741108
0.4756143	10.5746380
-4.0729267	-10.5488640
-10.0762070	-5.5617267
-1.1314815	-5.2941874
0.5068189	5.8044984
-5.8152120	10.8647790
6.4600350	6.5311526
-9.6007771	5.3399859
9.8474333	8.0457836
10.5196620	-0.0908352
-3.3197268	-2.3375549
1.5017630	-1.1094528
10.9530120	5.4429449
-4.4900787	3.7062497
-5.4083772	-8.5703635
3.3228877	4.1805964
-2.8175030	9.3149991
-7.5630205	5.3222031
-6.6427645	-5.5995513
4.7308547	7.1496233
-4.8409044	-10.4550500
-10.6951370	-3.2148196
6.5134205	-2.2265783
7.6940811	0.6578295
1.0767026	7.4309058
-10.2473870	1.6704038
-1.5771468	-9.4278595
-6.7430076	8.3304840
-6.6977564	4.2076893
8.0719606	-9.7594088
6.0913750	1.6348169
-5.4276582	-3.9064822
-5.9857641	10.4536850
7.6739070	-3.0537823
-2.0212046	7.5771073
10.0231640	-2.3969351
3.0629183	-0.1209339
10.6385250	6.7938737
3.6872331	-5.1197612
4.3027877	-6.0934305
3.3167614	-10.5125030
-0.9691591	10.4296720
-1.0463725	4.7151890
4.8774697	-4.7895730
-0.1508546	6.8244047
-3.9292405	-5.3361778
-0.7639276	2.1945471
