jMRUI Data Textfile

Filename: dataset9_nWS.txt

PointsInDataset: 2048      
DatasetsInFile: 1         
SamplingInterval: 2.5E-1    
ZeroOrderPhase: 0E0       
BeginTime: 0E0       
TransmitterFrequency: 1.2322E8  
MagneticField: 2.9E0     
TypeOfNucleus: 0E0       
NameOfPatient: dataset9_nWS
DateOfExperiment: 
Spectrometer: 
AdditionalInfo: dataset9_nWS
SignalNames: dataset9_nWS.txt;


Signal and FFT
sig(real)	sig(imag)	fft(real)	fft(imag)
Signal 1 out of 1 in file
48737.0240000	20.8368690
48518.9830000	16.1447030
48293.7590000	-12.1851720
48070.9390000	-9.0276153
47835.0470000	16.5917950
47586.9660000	-22.2246460
47385.8310000	-5.1907378
47155.5780000	9.3485812
46934.8820000	-5.1007725
46727.8680000	9.2919555
46478.0590000	-17.1665480
46258.3510000	-23.1601040
46086.0580000	15.7582510
45856.0580000	-6.3566637
45617.9320000	10.9974390
45417.5460000	-14.2474200
45191.4870000	-18.7276280
44977.6870000	0.4102675
44785.0630000	16.2802030
44584.1950000	-0.1946185
44358.0670000	9.3079591
44145.0180000	7.7553609
43961.0430000	-18.9095630
43739.8120000	0.8595699
43526.0650000	-11.8446650
43324.2640000	8.8867079
43121.5680000	22.2027610
42898.5650000	4.8441265
42717.2380000	-21.3228280
42531.0340000	-23.1235000
42338.1940000	7.3617621
42109.9910000	-3.0386837
41909.6270000	-7.1403847
41724.4880000	13.2289170
41521.3280000	8.2388528
41328.0870000	-9.4161938
41160.2900000	9.7984107
40933.7160000	1.9031847
40735.0540000	7.0845943
40550.0500000	8.7201899
40354.9230000	21.7739390
40197.3680000	-10.1965370
40004.2510000	3.3581724
39794.8770000	10.5545470
39598.1630000	-21.8715320
39442.1500000	-12.4612790
39261.5120000	-21.1160860
39047.5500000	-16.1028570
38874.1560000	7.1144545
38691.7360000	-12.9793580
38518.6670000	-17.2312320
38338.7220000	6.3495826
38169.3840000	12.3085860
37975.4030000	-14.6595050
37795.0000000	-0.8141858
37628.9560000	-16.7843970
37438.1790000	-14.9264190
37276.3380000	12.0212930
37096.6870000	-5.7504011
36915.9700000	-14.2060240
36749.1190000	20.4680680
36571.1570000	-14.8746960
36413.0450000	-7.3772351
36244.5850000	17.0268400
36061.6440000	17.8731780
35863.8480000	-18.7338380
35719.7840000	14.5745110
35534.2320000	8.5451653
35389.4140000	22.3482770
35199.9640000	-2.8137095
35024.3660000	-16.7673140
34878.1110000	15.9801280
34721.6300000	3.3874958
34548.1370000	16.9466830
34381.5250000	-3.3222003
34230.8440000	9.8286262
34059.8540000	-19.5689310
33899.8130000	-8.5133827
33759.3420000	-16.3527590
33609.7450000	13.6110410
33413.4130000	-12.0355110
33290.1800000	-4.7163766
33109.0790000	21.0893920
32947.9960000	-4.2673216
32786.8670000	0.3542558
32660.3670000	14.9766840
32510.2020000	-13.6736230
32332.6600000	11.3444670
32219.4630000	16.2184480
32024.0330000	-12.0070480
31877.0340000	20.6120390
31765.2000000	11.5692330
31595.3880000	-9.8281770
31432.6000000	-19.3157650
31278.2100000	17.3753860
31170.4760000	-1.9204430
31010.9510000	5.7711161
30866.4770000	-6.3935180
30698.6250000	-21.6681510
30579.0490000	-16.3729920
30412.2560000	8.1122415
30298.0120000	-12.4317320
30162.5850000	-9.7204486
30015.1140000	-6.7157464
29853.9620000	18.1790070
29721.5570000	-2.8851339
29563.7740000	8.3641642
29458.9110000	-14.7654930
29282.4550000	-4.1264712
29183.7760000	16.9110900
29006.7960000	-13.2604050
28901.8440000	4.0915083
28752.4090000	-13.6647010
28622.2320000	23.1992070
28498.7610000	12.7791120
28364.4850000	-1.7778376
28195.7310000	-20.1906960
28068.1750000	17.8388950
27956.5130000	11.9531640
27815.6350000	5.7255599
27685.7980000	-5.3047023
27577.5410000	22.5466910
27408.9720000	10.8444820
27292.3040000	19.2466810
27178.2450000	7.8500562
27043.8410000	-11.3591970
26904.8220000	-13.1315760
26776.0330000	-13.1100930
26650.2060000	14.4660370
26554.5630000	-9.6968234
26409.5700000	-16.7130460
26268.3020000	2.0768994
26176.1490000	3.9649034
26030.6840000	-16.3886590
25938.6840000	12.3207130
25782.1500000	-11.1295770
25683.7320000	-11.4135750
25554.7190000	8.6100122
25447.5560000	-13.7359230
25310.0470000	13.3641730
25214.0760000	5.7097806
25079.4590000	-22.6314510
24940.0540000	7.3803876
24862.9040000	-2.1253778
24708.7430000	11.0199010
24619.0670000	-23.2528210
24491.2580000	8.1354472
24373.8630000	11.7930090
24282.6130000	2.6739739
24160.8310000	16.4741590
24020.5230000	22.7649370
23928.0210000	13.6467080
23822.5680000	22.3266300
23718.7890000	-9.4989549
23592.3560000	15.9240670
23460.1880000	17.8552200
23370.5190000	-18.9660340
23262.1980000	-16.0647530
23157.3240000	11.1873220
23048.7930000	22.3144320
22949.7280000	5.0687192
22841.7340000	-17.2448490
22698.7530000	14.2496410
22605.6370000	10.0588700
22484.8690000	-7.4259954
22405.8590000	8.0021778
22303.3910000	-19.7563140
22174.3270000	10.3781600
22073.7510000	4.6345044
21978.2210000	20.6875250
21883.3610000	-3.4955346
21761.7140000	7.0230171
21684.0740000	11.1075020
21572.1260000	-4.7699406
21449.8190000	-18.0447030
21376.4850000	20.7529170
21278.4010000	11.0977210
21184.1900000	16.5215830
21083.5360000	1.2516948
20963.4790000	-9.4535360
20874.6220000	-13.5773350
20761.0780000	-23.2883680
20687.3420000	-10.4040600
20582.8270000	-13.8460540
20475.8480000	13.1315810
20369.7480000	-21.0543680
20301.2360000	15.9192600
20192.3680000	-10.5762320
20116.2910000	7.4733831
19980.5860000	22.9959810
19921.2650000	5.2163639
19827.0800000	22.6011430
19724.8620000	10.3970230
19632.5020000	-8.7581879
19560.7810000	-11.4737870
19460.0830000	-22.1878730
19362.2090000	-17.8893990
19285.0340000	18.3676140
19165.8420000	17.3489590
19066.8780000	-18.6794650
18977.3950000	-13.8009030
18916.3580000	16.0292060
18828.3390000	-6.6596392
18748.3480000	3.9359008
18618.3490000	-8.4889509
18555.6580000	-14.4612960
18476.2030000	-20.1362630
18391.5020000	12.5448850
18297.3650000	22.3927190
18214.0050000	23.3718150
18130.0970000	1.0685612
18023.4810000	-19.6014480
17971.6950000	-21.7244660
17849.9290000	8.7274590
17773.3950000	-22.1312780
17716.9660000	-17.2252230
17605.9060000	-0.8275623
17544.0200000	19.6569070
17444.0200000	18.9222520
17351.5390000	22.5248710
17269.2670000	15.8668700
17189.6680000	-3.5463452
17122.7180000	3.9001875
17027.1040000	9.6708650
16938.5740000	-4.8829463
16893.5420000	-19.9791150
16819.6710000	4.1607653
16730.0920000	17.6616230
16637.3130000	-22.4900810
16576.6080000	-11.4755340
16495.6130000	6.8515750
16394.4490000	-9.3093305
16343.6890000	-13.4377360
16237.2410000	-3.9428222
16168.0950000	0.9977757
16096.8960000	-12.8580910
16047.1560000	6.7238879
15962.6980000	16.1810840
15874.3500000	-7.1690718
15781.4160000	22.6821420
15723.8730000	20.6771730
15674.8080000	-0.0524840
15584.8170000	8.7735370
15507.8300000	17.9982020
15435.3650000	-14.1854610
15370.4890000	-19.7032740
15304.1240000	13.3769540
15237.2230000	22.3757580
15148.8360000	2.4293437
15058.0390000	13.7124580
15013.8780000	-17.2104430
14919.4140000	21.0339450
14870.3640000	-2.9186792
14793.2470000	-9.9506745
14733.8940000	-19.1371450
14658.5740000	-9.2258468
14570.3500000	-16.2164000
14540.9890000	-8.8593331
14464.7280000	14.1220280
14398.5540000	6.8628454
14305.6430000	-23.1080000
14254.9300000	19.7227590
14164.4380000	-5.0710417
14109.2320000	-1.5942857
14044.3370000	21.0936280
14003.1020000	-2.8051481
13931.5690000	12.4470420
13839.2620000	5.6497939
13774.6740000	-22.4978770
13739.1590000	-12.4458300
13644.4720000	19.7618130
13570.9810000	-9.2883213
13516.2180000	-5.9683163
13465.1810000	-10.8393080
13378.6910000	-16.2006440
13325.7980000	-13.3934720
13288.6390000	-14.8615500
13204.8140000	0.6477336
13146.4250000	14.6904620
13104.0110000	-20.0199790
13015.9780000	-18.8710590
12983.1210000	2.6482785
12910.9270000	2.2506186
12836.9690000	-20.6388780
12800.6560000	-4.1703208
12723.1970000	5.1540343
12646.0160000	4.7033956
12604.3430000	-9.8666429
12536.0470000	20.8786570
12482.2610000	-22.3195390
12406.3330000	-21.6893390
12379.6970000	-13.7608610
12330.3580000	-11.7496730
12262.4030000	15.2157130
12205.9230000	-2.4655364
12158.7070000	-2.2919200
12084.3620000	-0.5629181
12025.5040000	-12.2274650
11965.2090000	-6.8203251
11930.7150000	21.7276100
11873.1150000	13.7613500
11795.5930000	19.8978580
11741.1890000	-6.2845528
11710.3120000	-10.4822220
11653.1320000	-15.1529840
11556.4390000	-0.0954744
11548.9920000	-13.8264990
11460.4620000	4.0836088
11408.5460000	3.6866050
11342.4810000	-13.7962910
11326.6750000	-12.2232880
11242.9610000	22.8407860
11221.2760000	-19.6841570
11146.7130000	11.7119440
11114.1080000	-21.8609430
11055.2160000	2.3935959
10972.3670000	6.9641976
10957.4990000	-8.6903693
10914.9430000	21.5219330
10854.1930000	-4.1494385
10790.1080000	22.4846340
10731.7240000	0.1192583
10678.7100000	7.1614372
10643.8070000	4.7938716
10604.0340000	-16.9012080
10560.8110000	-1.5599317
10481.0470000	-8.8873038
10416.4390000	3.3206090
10368.4600000	19.7597040
10340.8100000	-11.6371850
10292.4790000	-2.6203506
10231.7140000	17.8797900
10198.9530000	-0.9137897
10159.4290000	-15.7439410
10080.4270000	9.1476942
10074.7010000	0.0406536
10002.8340000	8.3610617
9943.3159000	8.5993698
9925.7335000	3.5176053
9867.4055000	2.2267350
9841.5795000	8.0140216
9779.1203000	10.4973590
9736.4970000	-0.0198340
9673.6805000	-16.8408940
9646.3487000	4.5794561
9585.4848000	-15.9387600
9566.9150000	20.4825360
9490.6720000	-14.6631070
9473.2858000	-1.2503524
9396.0615000	-1.7890893
9372.2186000	20.3751250
9311.4957000	-5.9259209
9258.6624000	14.2547730
9229.6104000	16.2800280
9183.7431000	-13.6824140
9166.0871000	21.8151430
9117.8522000	-4.3917753
9070.6018000	9.8073231
9029.0325000	-19.2004180
8965.1358000	-19.7916930
8950.5464000	-17.2744610
8901.1464000	12.1326200
8854.5174000	-23.1414590
8794.8419000	2.5228045
8778.4624000	-18.8361290
8751.0023000	-12.7782930
8687.1354000	-6.4613658
8628.8537000	1.7519873
8618.5731000	-13.2889790
8560.7652000	7.3383042
8516.8211000	11.1786300
8488.3126000	-4.8616001
8439.4655000	-20.0217030
8414.6043000	-3.2461781
8384.5673000	-15.7601270
8345.8412000	22.4128070
8264.0846000	-0.2832192
8230.3104000	10.5724930
8223.6034000	9.6412572
8164.5576000	-10.0860790
8134.6364000	-23.3142260
8100.1806000	12.1188740
8057.5392000	2.4562341
8004.1286000	-22.1097920
7999.4202000	-8.7616751
7951.5891000	-18.9192650
7895.9322000	9.3777731
7874.0614000	-6.4416279
7835.3367000	-21.7617920
7795.0201000	-23.4595770
7774.7142000	-20.0007730
7713.1333000	-20.8875690
7672.1318000	-23.4060560
7649.2721000	-18.1620710
7627.6111000	21.0615470
7593.0124000	-3.2164453
7560.7226000	-12.7991010
7491.5933000	-16.9775540
7462.1968000	4.2221854
7426.1022000	20.1451000
7410.1386000	18.5707780
7360.2258000	0.9984154
7320.5585000	0.8124112
7281.7772000	-1.2310489
7261.9203000	17.2899390
7217.0861000	-17.4937010
7210.8806000	-4.5870416
7160.9239000	6.8231040
7141.0974000	-9.4133577
7096.6831000	-11.0907030
7074.2657000	3.9671668
7017.9288000	-0.6767200
6978.9862000	-16.0112120
6958.7811000	-3.0728758
6951.0912000	-2.0961996
6874.5408000	-20.9016120
6849.8753000	14.1664620
6822.0905000	-7.2547191
6799.2311000	4.2107372
6767.1678000	-16.6624260
6716.4407000	18.1200030
6689.1188000	23.3361670
6695.0662000	-2.7282293
6652.6602000	-18.8029410
6594.7622000	-1.0839130
6575.9295000	-13.7772200
6541.7173000	-18.7370860
6527.6344000	20.2103610
6497.3134000	-20.6066440
6478.4170000	17.6516910
6417.4844000	-22.5300880
6395.5670000	-14.0610440
6347.9390000	14.3776880
6355.4067000	-17.1498280
6299.2604000	-15.1581550
6278.5227000	3.4519905
6267.3654000	0.8865574
6194.6890000	-8.6864809
6184.1865000	-21.3261960
6153.5798000	-15.3449690
6137.8715000	1.2134907
6114.5334000	-5.4678497
6091.1030000	-22.7457230
6042.7600000	-3.6984411
5997.4183000	-8.3851026
5995.7191000	23.4730140
5978.9543000	21.4425450
5910.7206000	-3.8774221
5900.6769000	-19.0636410
5851.4745000	-3.4824902
5825.2155000	-5.5824685
5819.0055000	-2.9142745
5795.7814000	4.2268830
5757.4103000	15.7891150
5738.8570000	6.2636788
5721.0518000	-0.8452212
5703.9675000	20.0092650
5674.8741000	-23.0461050
5608.6349000	-7.7246363
5624.7563000	-21.5650520
5584.2166000	4.0945450
5558.0510000	17.0420060
5520.4121000	-18.7623770
5503.4694000	-7.4167896
5469.1021000	13.7631600
5443.0601000	-21.5914770
5402.5292000	-15.9003440
5415.4397000	-0.3389175
5360.9500000	5.2090963
5329.5201000	11.3432650
5339.3842000	-9.5318548
5319.4079000	3.8126376
5276.6189000	22.8108760
5267.3887000	22.2490880
5207.6310000	22.1111450
5176.7799000	-17.2653430
5163.6891000	4.1722894
5148.8217000	13.3297680
5119.2896000	-21.6390270
5113.3318000	-2.8471867
5067.1126000	-15.7106630
5051.9491000	21.4426200
5042.9737000	-6.6383570
4988.2310000	22.6546280
5004.6991000	-1.9166985
4952.8519000	2.8997596
4919.3987000	-15.2471970
4899.8847000	-11.8958620
4891.3904000	9.3206707
4877.3432000	-6.4405460
4842.7145000	-4.5676778
4834.3114000	-5.5971280
4805.2606000	18.6822110
4758.6489000	-5.0903760
4733.4940000	-0.2623530
4746.2679000	11.1136400
4684.2849000	-10.1041510
4679.7771000	16.3602250
4670.1824000	10.6505390
4625.3025000	12.6508710
4615.2229000	4.1704632
4615.9389000	23.2545220
4579.8240000	21.2659870
4539.6805000	10.5431770
4533.2826000	22.4257300
4488.7479000	3.2351646
4497.9325000	17.1690850
4478.6456000	-17.1503200
4445.4425000	-17.3611010
4424.3164000	-19.0437150
4416.2389000	-1.7226444
4392.8459000	-1.2276779
4348.9855000	-1.8504342
4344.8515000	9.8519881
4334.0413000	-3.6339327
4281.8767000	13.2591020
4263.5984000	10.1078440
4267.6284000	3.2044662
4260.0142000	-21.5193700
4204.5442000	-0.9202978
4218.5488000	-7.4121303
4174.5249000	20.5539550
4168.3796000	-19.0035090
4126.0614000	8.1121202
4131.7281000	-1.4139749
4090.2104000	-13.4405270
4091.7882000	7.5907993
4056.1110000	-22.7088790
4033.1687000	-21.1782910
4042.8740000	15.9958380
3992.1836000	18.7906400
4007.1501000	8.7874849
3971.3579000	-2.0473310
3957.8907000	-18.1220630
3917.1868000	19.5384210
3924.6496000	-5.5557841
3909.3688000	14.5072080
3871.8854000	11.0741130
3875.7709000	-8.2967478
3852.2727000	9.5994900
3829.4073000	-12.3115270
3823.4008000	-17.4928710
3776.1946000	20.8211460
3784.3005000	21.7671630
3769.1972000	-14.7406950
3730.8435000	-11.2778670
3696.8305000	19.7165180
3678.6028000	4.4601414
3684.1558000	7.7708482
3688.2072000	3.1794573
3641.6589000	-23.3408520
3626.8781000	11.7924120
3620.1847000	14.2285220
3593.8717000	-4.7013217
3599.5660000	16.6172460
3544.8488000	14.1911390
3551.1918000	-10.9921940
3532.5548000	6.2272197
3517.6905000	-23.4924420
3482.0677000	16.6890150
3486.4155000	11.3385240
3456.0491000	-23.1574120
3461.3747000	-0.2290800
3443.7630000	-5.9755876
3416.3758000	-17.0066920
3380.0773000	-7.7021007
3375.2311000	-8.6675852
3355.5143000	-9.9843998
3352.5718000	15.9991240
3314.6158000	-15.7295650
3321.4228000	12.9266190
3284.0699000	-18.5999790
3280.4828000	0.0526533
3294.1349000	15.6199770
3266.4959000	-7.8221696
3249.7909000	0.2646784
3251.2832000	1.6694342
3236.3213000	15.8786590
3187.2459000	0.5839945
3172.8297000	1.4005804
3192.1156000	-9.4818684
3158.7438000	6.2955446
3153.1126000	-21.8244980
3117.3168000	-21.6585410
3108.3454000	20.3737510
3111.9912000	-6.8720984
3065.0809000	7.5069630
3055.7603000	-9.4703030
3062.8534000	5.3814120
3053.4020000	19.8624570
3023.0077000	-11.9624550
2993.1546000	-21.3640080
2976.2872000	5.9853619
2969.6629000	-17.5384380
2978.8988000	21.3062180
2944.5294000	13.5242210
2923.9680000	22.6220350
2910.9913000	13.9308530
2934.1503000	-10.3205770
2898.3756000	-14.2100570
2878.2911000	17.7749200
2871.4734000	-23.2411660
2872.1445000	18.6753130
2859.9276000	21.7617290
2821.9916000	20.1795140
2811.2130000	8.7213067
2785.4930000	-19.8902680
2798.5684000	-2.8936746
2794.0199000	20.0822750
2769.5535000	-1.4332231
2758.3829000	-17.6422120
2735.2188000	2.7875549
2748.2307000	0.9341761
2700.0817000	9.0199985
2690.2085000	16.7639110
2690.0645000	18.7491740
2656.6455000	-18.3972510
2642.1405000	-16.2529270
2634.7752000	-3.5861731
2636.7736000	-15.2978410
2619.8018000	9.5116008
2634.4904000	11.1220570
2598.7337000	-15.0689120
2568.0462000	-16.7565540
2555.5341000	9.1763559
2559.0996000	-15.1718960
2555.0096000	-17.3628970
2521.8738000	2.3770303
2506.6025000	-5.0799758
2533.1036000	8.2327285
2524.0024000	22.9786850
2484.7096000	15.2894780
2469.3811000	12.3093540
2464.8757000	10.4441820
2464.5398000	-22.6706910
2434.1042000	13.7607320
2424.9536000	-12.4317270
2441.0814000	-3.7931662
2407.6148000	-7.1006113
2382.3605000	3.5359205
2408.2279000	-4.4702702
2370.4656000	1.5183536
2379.2293000	12.7577250
2360.2195000	2.4102944
2342.4444000	-6.0687772
2352.4628000	-1.9032907
2304.9608000	19.4231770
2303.4025000	-10.6951180
2311.8193000	5.0506504
2288.0572000	-13.4497550
2277.4870000	-15.8355320
2279.3660000	13.1751210
2262.6715000	0.0688118
2268.8812000	-4.4853995
2235.4689000	-21.2242210
2232.7468000	-11.8250220
2200.6010000	-7.7187656
2188.7576000	12.2112640
2211.8710000	8.2247503
2197.9014000	-0.2382792
2173.6737000	13.8881820
2172.2507000	9.3677338
2134.4902000	6.7978544
2158.8762000	-9.9633324
2155.6164000	-4.4717726
2144.2149000	-2.3683732
2091.2599000	-14.2206760
2117.0425000	10.3977590
2100.4616000	-21.8824220
2078.5637000	-5.3379805
2075.5941000	-19.5535010
2048.3656000	-0.2515426
2040.3563000	-14.4050940
2043.2954000	-5.3327004
2050.6152000	18.4225120
2029.7021000	-2.5709562
2023.0382000	-11.4952840
1991.9407000	2.5095955
2008.1529000	2.2551471
2008.6289000	-2.4345001
1965.0818000	10.9038620
1969.5549000	-11.7108420
1967.4044000	16.4336160
1948.9032000	10.4116800
1957.3903000	-0.1358125
1909.9693000	-22.6297100
1931.5458000	-21.4938360
1905.1800000	-2.1175566
1897.0295000	14.1021430
1877.7335000	-9.6405963
1903.1796000	19.0980150
1885.2199000	-1.0023083
1872.5408000	9.2068973
1875.8718000	-15.3411630
1846.0120000	22.3731010
1847.0225000	-6.5752613
1842.7690000	-15.6046830
1815.8625000	11.0514800
1797.0455000	10.9351580
1808.5652000	7.2817908
1812.2070000	2.4302602
1787.7493000	14.6476910
1761.0569000	-4.6061793
1785.5152000	-10.5216270
1749.3041000	16.1064980
1750.9755000	-4.8750012
1738.2757000	1.9652785
1757.0430000	11.5312270
1740.5059000	22.5977060
1707.4673000	17.6072620
1738.7064000	20.8235640
1692.0149000	13.5228870
1701.5497000	-9.1327545
1705.3658000	21.3972350
1676.6384000	-14.7324730
1685.7311000	10.4523980
1660.7192000	-21.1046510
1653.3960000	2.0407657
1669.8525000	-16.7492530
1668.9770000	15.9241950
1631.2180000	10.0449490
1631.6040000	10.6397040
1620.4361000	-17.6003270
1626.2983000	1.9921698
1605.0586000	7.9573521
1615.2573000	-13.6184090
1574.5338000	-8.6405511
1571.2881000	-15.5748090
1562.9129000	19.0243670
1593.1238000	22.2309370
1582.0171000	-8.1233267
1540.6351000	1.8732492
1542.6506000	-14.9388970
1517.9442000	-8.2341882
1511.7488000	3.8348338
1504.0584000	-5.5157240
1505.5412000	-7.1696307
1512.9320000	-10.5014580
1515.1244000	23.2050440
1516.7545000	20.0047560
1489.6067000	-9.7810017
1485.7583000	-7.9919227
1493.4255000	-8.2012982
1469.0957000	11.6955010
1469.2504000	13.7047890
1473.3639000	-2.6228641
1463.3209000	-21.2542380
1443.7014000	-23.5123040
1427.3336000	-11.5715760
1407.1944000	20.6918150
1438.5294000	-22.3534660
1394.2467000	9.7005663
1413.0935000	-15.5938370
1425.0812000	-16.5683930
1385.8485000	20.3376200
1402.9108000	-2.7487130
1364.5840000	8.2944232
1373.4776000	17.6457040
1352.9644000	-22.3257620
1347.1277000	-18.5169420
1350.6203000	-16.2583310
1330.6504000	-21.4441680
1360.8356000	-23.5103930
1355.2490000	6.7741848
1345.4628000	-17.4015840
1337.8321000	-18.0421340
1296.5728000	23.1002330
1317.2127000	-15.0816610
1311.7048000	8.1563758
1289.9708000	-3.3138852
1298.7616000	0.8217343
1274.8312000	22.5630470
1280.0416000	-10.8922070
1271.8112000	11.3890230
1253.6497000	19.5861210
1277.1895000	-2.4726140
1256.9408000	-4.9319270
1254.7469000	-6.1786875
1240.2401000	-11.4247700
1258.2440000	-22.9128380
1226.8580000	7.8231401
1247.9291000	4.8320459
1228.6369000	-17.5292260
1232.5038000	-6.3377588
1196.5931000	-19.2379100
1214.4212000	-10.3182200
1206.7280000	-10.2330460
1182.3290000	-2.8994712
1178.8569000	20.6015420
1181.6930000	-11.3143020
1176.0810000	9.3365461
1154.1660000	21.2914390
1157.5612000	-22.4953660
1153.0117000	-8.5734879
1153.1641000	-23.4580040
1169.7901000	-14.6338940
1156.9247000	-23.3180570
1151.9114000	-2.8448559
1114.4895000	0.1993124
1141.6651000	-6.3360453
1127.3360000	16.2930220
1122.1111000	-21.2379250
1117.3773000	-12.3419500
1098.3180000	-2.0269151
1086.1376000	20.9391620
1103.8956000	2.7253334
1085.8625000	-21.9589400
1077.7679000	-7.8970490
1078.9305000	20.9581330
1054.8248000	18.7821040
1050.1294000	-10.6649580
1048.0209000	10.1885100
1070.3248000	12.3449870
1063.7582000	13.6902670
1043.6451000	-8.1361479
1049.6694000	-10.3111350
1046.7903000	-17.5869020
1036.0027000	1.1129709
1009.4436000	0.7172829
1048.7060000	12.0002600
1024.6438000	19.0332590
1035.6086000	22.1005990
1008.9729000	-9.1420244
1015.8466000	-18.6445420
1005.0161000	2.2134025
992.0548600	8.6182685
987.1711400	12.8003590
1004.1971000	-6.7447096
1000.5829000	11.6749550
977.4353500	19.3710050
992.6236100	3.3034234
981.8969100	18.7069590
986.5058800	-15.9355900
960.6862500	20.6635750
967.2264100	-21.4562610
931.5967700	18.9297280
935.5842400	-17.4083450
961.2714700	-5.6601321
951.2199600	-11.6500460
925.1534000	11.4626000
950.8343700	-5.2899588
929.3850300	21.0420710
937.8960700	-3.4823023
903.6775000	6.7384447
932.0822200	6.7460594
918.7726400	-13.8970000
889.0787700	5.3357442
897.3912300	-19.1655450
903.9362200	10.9996600
914.8279700	-7.1486818
901.2583300	18.4979650
888.2413700	-16.5884620
867.4120200	17.0561880
883.4613000	16.9105400
867.7188300	16.6921270
856.5149100	10.5516270
878.3508400	-18.4613300
836.1880500	-1.5588285
845.4000400	0.0360177
832.5267300	6.1314137
861.7768500	8.1929277
865.9949900	22.6268410
830.3521900	-14.5312220
829.0477700	-19.3514630
832.1091300	3.6897826
822.8539500	-8.8824643
801.5549300	-6.8318196
834.3198000	-4.6194571
811.8282900	-4.0205026
807.4242200	-7.8258254
816.5410600	-7.5006418
821.1861400	12.6444280
778.5803400	-16.9332760
799.3697600	11.8985490
780.1498200	18.1617360
774.6027100	-13.2411010
781.9520900	-1.5917401
769.2837600	-11.5405890
793.9329100	15.5231390
789.7821000	-4.7796061
774.8702200	14.0502540
747.2285400	-20.7408660
761.0443800	-1.0571505
767.4065300	14.8077470
763.7271600	-21.7405890
733.3245900	-5.9925179
747.5453800	5.5510278
755.2382200	10.7497340
729.8488300	23.1881370
731.4322000	-16.5134320
738.8147800	9.1145707
725.9369400	-0.5127576
733.6105500	-20.9269640
729.6429200	12.2274840
735.4453800	20.1398970
703.2058600	-20.1164690
699.3439800	22.8820150
717.3634400	18.0181160
730.2847200	5.5772411
707.2009900	0.2919000
723.7864700	-9.8445053
707.8629700	-21.8001640
716.5666600	-19.9991460
704.9372600	10.4691370
709.6545100	10.9478480
683.9793300	12.0362880
673.1889300	-0.4605111
690.0693500	-6.9719734
652.7274100	17.4531510
652.0976900	2.7495803
657.0563800	-7.1778660
678.1827400	11.0985390
677.4437300	-21.9236620
653.7259800	21.5945260
668.8140500	22.8940920
669.5443600	-19.1169180
629.1819100	20.7920830
656.4706800	-14.3201400
642.3322900	-17.7289080
640.3741200	8.8295958
623.7551300	15.4671640
655.8105900	-1.9383009
637.7104800	9.9957579
639.4890700	-2.5320099
641.9260900	-6.2728608
613.0885100	0.7190435
634.7940000	-14.0048250
630.3030400	5.4347899
617.8950500	4.7290784
600.5921600	9.8669976
619.9206600	13.5345540
629.0845200	-15.5822010
588.4290000	12.4597280
616.9445100	20.5441890
592.5907700	-17.5238500
597.2376800	17.9432290
571.6671300	3.0463095
587.9754800	0.4966552
598.0403900	-15.4225340
594.5586900	13.2434560
566.5678000	-2.4918385
586.7304600	12.8070430
587.5778700	4.9721161
590.9380000	20.1839390
578.5942000	10.4484390
562.4236200	-10.6001150
567.5296600	-6.1560233
583.0699900	22.4556490
576.0494100	5.9035496
552.0291200	15.1124730
548.9355800	9.5015390
571.0510600	10.7272250
544.5979600	15.0010220
564.4609700	1.0283154
537.7517300	17.5066250
551.4277600	-0.1641821
530.0741700	11.3740600
542.7226000	1.9931320
514.9216000	10.9245040
529.3912400	5.0062718
523.7733800	16.3365130
540.8498400	-15.7166510
546.7529200	7.6308367
528.7191500	-7.4218642
496.5732400	-19.9620090
493.8334200	13.0213450
530.5228400	5.1916764
517.4833500	4.6189009
500.4095200	21.1692290
489.2357600	-16.3043100
515.3149300	-13.8468170
493.8575300	-6.2142492
514.2663500	-19.7444850
475.6353600	-12.4839040
488.0913700	18.0000350
494.2621600	-21.9669980
511.3203600	-20.2188820
498.8601100	-10.5725270
507.7334000	0.5858282
479.4883900	22.1883380
483.1663200	-0.4052673
478.9011300	-17.1232350
476.6284900	13.0888670
462.0262500	15.3310560
457.5248200	-11.1215200
467.2398500	15.8747850
471.8937000	-3.2798180
449.1621300	4.8539970
481.0035400	-16.2726040
484.0279900	13.3987520
460.6523200	-21.8771520
455.4520300	2.8294809
466.0819600	-8.4956393
461.6375100	19.1793790
429.1327600	-8.4892999
469.6380100	9.6569779
460.8916100	-17.1827380
456.5036500	14.4516250
437.1746100	8.9096324
450.5176400	-5.4027838
457.2407500	2.3116946
455.7936600	10.2590620
455.2234800	-11.8017080
421.9778000	7.0166116
447.5851300	-20.9828500
445.4532800	9.5487468
416.4811400	9.1792644
445.2527300	-19.5435580
426.5333100	22.2763850
403.6351000	16.5585880
417.5868800	-16.7436760
421.4054100	-14.7671500
398.2372000	-12.6485000
390.4462600	11.3984510
432.9814700	1.8896274
429.5644000	3.3349834
412.4583200	13.4566820
410.3289400	1.8019182
422.7781400	-10.8321360
413.0198500	-23.3896810
396.3463200	-12.5480620
390.0767100	-8.1399286
382.6541000	3.2828943
373.2202700	14.9269360
392.4038800	-23.1889530
402.9637300	15.7601710
403.7418400	15.1372870
373.7868000	14.7152210
395.7645000	4.9411278
387.0213000	-12.3772390
356.8308500	21.6352830
375.0131400	-12.0587680
383.7274000	12.2617810
365.8889300	18.5333240
379.7995000	16.9302650
348.6783500	-10.1474900
386.2416900	6.9843982
346.5364300	22.8989460
352.8968300	15.1587500
362.2669000	11.5365790
375.0798800	22.4478030
349.8032600	-20.3208760
338.2721500	21.9508820
363.8603500	18.5112520
369.2604300	8.6004674
366.7001500	19.8497410
375.0727300	-10.3872440
360.8727900	14.7187640
326.3484000	-1.5111187
336.3859600	-11.6362110
361.7104700	-7.9079935
325.8182600	-0.2027363
320.0424600	-8.9921169
333.0218600	-15.0517580
337.6848500	-19.3809540
324.0738500	-2.7328775
354.7296100	-10.3006540
337.1995700	-2.7109484
347.6508800	12.3883200
353.0321400	-8.1526231
348.4630200	-5.2705869
305.2272700	17.1402570
309.5119200	-0.5466819
303.6714200	-4.8805381
313.1499300	8.7976995
329.8435000	-6.0298809
311.2681300	-0.0204472
301.6607100	-3.3330196
316.5946500	-1.1382501
325.4152100	-20.5297280
311.8170000	4.4061446
331.2184000	16.9360500
329.8626300	17.9062310
314.5192500	-16.6168150
322.2641100	5.4083806
285.8043500	13.6476000
306.6264000	18.2683670
316.8176600	-12.2634600
290.1368100	23.0406190
291.9845700	-17.3187680
318.1703700	-1.2279123
275.9943800	-14.9537360
306.4571800	19.9855210
285.9389300	-17.0024490
283.0116700	6.8290394
272.1974600	8.5846380
296.2187000	5.4960752
274.7736100	-7.4021975
295.0854800	-10.7190700
308.9552700	1.4298174
299.8901500	6.1034335
270.3164300	-8.2585795
301.3823400	-3.6984491
262.2138000	1.3193134
263.5226800	-19.5370200
260.9425700	-21.5196230
269.6249900	-7.6223700
293.2177700	-23.2156540
286.1176000	-20.7012180
268.1658400	12.9420580
295.2803100	3.8587518
271.9731300	-3.6880064
251.1999600	16.3814730
252.2614300	-3.2722902
252.6744700	21.2740860
270.9796800	22.3897740
255.1542300	14.3249210
271.4315700	9.9383843
261.7952000	20.5485670
259.7584600	-3.5938266
267.7537100	19.6811390
240.5766500	-11.0000980
271.3741000	-8.9405126
268.7129100	4.2120566
271.2040500	21.5103880
265.7381000	13.8186170
276.9552300	1.6696260
270.6208000	-3.1674985
228.1789200	-20.0997320
244.7526600	-9.2191283
264.5832200	-13.6383500
269.3681800	13.9948590
230.2367500	12.4126340
223.1777400	6.1600824
266.8519900	-15.1764870
246.2589100	7.4480625
253.7088100	-12.3557440
226.4293200	16.4867360
252.6063800	13.6064080
237.8075500	16.0289710
252.1861900	-12.1170890
256.7791600	15.5509230
234.6552100	-15.2310210
244.3642700	6.9309280
252.3866500	10.4595020
223.0331300	20.8122590
253.9261100	-20.9351890
226.2305900	13.0929610
217.0561100	-11.4191660
217.0714000	-22.4746840
232.1322600	2.7541195
211.5713300	22.2923370
227.9806600	-20.1976290
244.1961300	-7.7150713
229.3215900	-14.3048540
234.5498500	7.4833207
219.5797000	10.4698580
206.2341600	18.1886560
207.5997800	-20.2040600
238.7614100	-8.3898034
205.1893800	9.3238006
207.4454700	-21.5760830
202.4126500	-5.8611123
223.9982300	-13.2237880
234.3712000	2.5634430
211.4806300	-2.8105541
224.0501100	20.5032760
207.1534200	-19.3125990
202.0831900	9.4978675
216.5594000	-17.1390880
186.4468700	6.2876536
186.9173200	19.4577200
190.4952600	2.4118977
203.9100500	-8.3665994
218.3027500	-7.8595903
186.2418200	3.4587724
198.0033100	-8.8190794
176.3452800	-3.0196652
198.7796800	12.3767790
189.3552300	-14.5648940
203.7267600	-8.5160655
179.9280400	20.9999060
186.9013800	13.8946360
213.4464500	5.9901076
188.0366900	-11.9117960
196.8377900	1.7989108
213.6976000	12.9113960
205.0968000	-16.4484510
193.0037800	5.3760846
196.8980100	6.0358798
182.9689000	-9.2428789
186.3775400	-14.3808650
179.0752000	17.2380530
208.3434100	18.5726820
184.3627100	12.6759570
201.5472300	-23.1434720
186.9206200	14.4122680
174.2864400	6.5670272
190.1783800	-21.4241710
191.6703500	19.5353550
169.4132400	-11.5113710
160.5335900	2.1219164
198.2517900	22.9515250
177.7576100	-10.6340390
167.9633800	1.9948180
157.3402500	-5.4328988
159.2886700	-16.8984890
187.0113100	3.5611217
157.1486800	-8.9264183
159.6691700	0.8971283
162.3302200	4.4512455
182.7182500	11.9610460
169.2078000	-9.8975070
168.0940900	2.3171919
184.8749000	13.3844890
151.7553600	18.0519190
178.4517000	-21.5386240
161.0319700	1.0385702
174.3059600	-11.9106980
141.0966700	3.4694785
144.1996300	-22.6257640
164.5857800	-17.2985940
180.5737600	-2.9696617
139.7866600	-21.3181860
160.6343200	13.7520400
151.7958300	-22.6669890
181.0487300	-17.8569860
147.4463800	-22.0482670
155.6547300	7.6198722
176.0815300	22.8312590
158.6723900	17.7463980
174.4371000	9.4017964
153.6673500	-18.2463880
137.2940800	18.0033680
156.1063000	-11.2825230
132.2164800	15.6820190
171.2293000	-7.1301113
128.6202800	-3.1638588
164.3593200	-22.5559140
132.1983900	20.9664960
141.0000000	4.8977904
162.5853800	23.5332910
156.1531800	-1.1467141
129.1871100	7.7040912
134.6619700	23.0884950
162.6015700	1.3761547
137.6165100	5.5169375
154.2046900	14.0274310
125.4652000	18.8642010
137.6103400	3.1296661
134.9368200	8.2781079
125.2427800	21.8628160
148.7320700	11.4584670
142.2248300	-15.8464200
118.7529000	-3.7488770
117.9166000	-20.3389790
153.0057400	-23.5371340
148.5133200	-13.1544470
144.6884300	3.7486255
153.2169500	19.9191320
141.3063800	11.6031990
119.8819400	11.2027630
127.2501100	-17.3520730
125.3666900	21.8094980
117.3641100	-12.4217900
118.8126600	-3.5433267
130.3247400	5.7531190
129.5234100	-1.7000557
126.2251800	-13.1173300
124.2245800	-10.0365030
123.3587500	10.4613690
117.2928100	14.6312350
121.7799800	1.9446647
123.2241400	-13.4390470
111.2448300	22.9259190
124.8404700	21.3828110
119.0320900	-15.8489350
146.9753600	23.3483090
102.8876800	-10.2273030
109.4335200	7.9212239
141.8630700	7.0205879
116.7682800	15.5052960
111.8670000	9.4075923
116.2708700	3.9952299
98.7970980	20.3181360
103.3365100	-14.1550780
115.8500700	0.9721255
113.3906200	-0.4582937
104.6150600	-23.3227560
104.8065600	-10.5930440
106.1818700	-4.4695133
121.3621000	-16.4970270
110.6360900	14.7746060
130.7305900	3.2867467
131.4535300	3.2166712
117.5992000	2.0662423
132.9723700	16.8419120
90.2276420	-18.3674320
129.8231700	-4.2465727
110.6104500	16.5633440
127.6866500	-2.5417390
108.8681000	11.5560580
103.3083600	-16.0361560
115.6717400	4.5396207
90.3611050	-17.1654590
91.5256010	0.3055097
113.0753800	-11.0058050
103.8607800	16.8194080
101.2328900	1.9853266
103.4766000	-14.9364110
110.4133600	14.2882550
106.7337800	-16.3303820
125.1046200	-23.1260090
122.5696100	8.0865568
114.2837700	-5.5397259
102.1477700	14.6252430
88.2825740	-2.7022061
111.2864200	-3.4434551
111.2023100	-14.0468010
97.4198420	-5.3647210
87.2386720	-4.9222217
113.7793400	7.2039791
111.1950600	11.4810300
91.7092770	-4.1610588
79.7436860	3.7327665
87.1392630	14.5665080
109.7734200	-6.9633699
98.7178140	-1.6987069
82.4363740	19.5404270
76.2392720	-10.4808480
109.0994000	-3.5135907
77.5646230	10.1295110
88.2002400	9.8968159
106.6584100	14.3635200
87.7768140	13.6985470
114.6934200	-9.6333379
108.6076700	-5.5107645
105.8068500	-17.1731970
72.0764740	-23.4076530
99.8371120	16.7279980
72.4985720	-13.8941790
82.3557020	-18.9616550
112.3916300	-5.7219997
84.3773850	23.3973870
80.1339030	3.6553780
69.2824290	-12.6948780
85.1794240	23.0120960
100.2482900	-0.9290618
88.6790840	2.8994736
85.0668070	12.7790860
93.3090960	-14.5899960
75.1117850	0.1386084
72.9246840	-21.4377730
81.3338600	0.2668541
78.3478510	-5.1864092
74.0384880	-11.0781530
104.2902200	-12.3027230
89.8023450	-16.9822890
69.1527710	14.6664600
62.4051070	-8.3058132
67.4636990	20.6283320
91.1162260	-5.7773923
72.0275740	0.1490471
103.5067600	-19.6709170
100.4068100	-9.8048085
103.4184800	8.2999406
97.1886310	-3.6322541
77.6582140	-12.0973220
93.1591480	21.0319590
98.5750110	-9.6062644
92.7979800	13.1682490
59.4214890	-5.0535475
69.3303520	5.8186978
79.8026680	-5.4105231
58.2130420	23.0372160
62.3086680	-21.2447400
91.8914310	-21.3464620
100.3439700	-17.0535600
100.5182600	17.6906040
80.4898630	-19.0615660
72.5665830	-18.5334830
91.0985630	-6.3169511
75.8402440	14.5110800
93.7075960	23.2893140
66.5240270	-8.8120856
83.5417450	18.8396180
77.5776420	-19.2041040
95.3972340	-22.6772910
59.6365410	-4.0984268
87.4798160	-13.6885330
52.0479700	-12.1145700
53.3494490	15.3191890
93.8785500	8.1635976
69.0210070	7.0991856
53.2470860	10.5342430
79.0757940	22.6368770
57.9909730	7.8229911
69.5921180	13.1056250
83.8742760	-12.5891140
48.3833800	17.4713000
78.7998120	-17.4987920
90.0142330	2.7890198
80.5537680	22.3490640
49.9537680	-5.0075614
84.4744580	13.0794470
67.7174520	19.1705130
50.0239910	-8.8731202
77.9407810	13.5389330
54.8402910	12.8286220
69.9872010	23.2318700
43.7724250	10.1996050
66.5459630	-7.2967335
73.1761240	-22.2634060
76.2874160	0.8066903
66.5891430	17.5152380
83.4345760	-8.8655727
59.0398220	-12.5688330
73.8534200	14.7847270
60.4356800	14.0619130
43.1485470	3.7310641
79.7470590	-1.9954925
68.3974330	13.6598230
51.2015380	5.8804360
44.4075120	-10.6315970
57.5104950	21.8493570
77.9049690	8.5373528
84.3057480	-2.4121005
52.2536240	-22.1312760
64.0150850	6.3296068
75.5864380	-5.4821167
81.7820760	-21.5535850
83.6309240	15.3332180
58.8298570	4.0370733
54.1275280	15.8966840
45.9922300	-7.2557611
37.3013390	-1.3261434
62.6556260	8.8147201
47.6907180	-7.9593887
48.0668160	18.8746480
63.1593260	8.8477687
40.6088690	10.3651000
69.6721110	-16.3138340
37.3981480	12.5858620
35.7387790	-1.0770926
53.3898810	-18.1088560
58.8014070	-0.5985364
40.5878830	-13.7931010
48.6294450	4.0171437
66.5726740	0.0002599
59.8340310	6.3393371
50.6182020	-5.9651878
77.2140570	9.6081779
36.4795910	6.4305170
74.3986600	9.4076079
77.4528340	15.1628190
53.9537130	-20.0494340
57.7222430	-13.8618940
68.8757120	19.6641780
59.4048910	18.4414520
45.5387530	-6.7514076
29.6139030	3.4822606
68.1951510	23.2477510
68.4713080	-12.4735220
35.2763380	6.6685543
34.0271970	17.3075140
48.8828260	16.7762480
57.1324720	0.0583346
65.6466710	15.7657530
50.1672530	-19.8479600
36.6092850	-4.7289211
39.1108700	-12.0756000
63.1515110	14.7260280
39.0371750	-20.5676690
50.4216610	-17.2963550
29.6661390	-3.6383289
46.6135090	1.2478740
55.1559360	-12.2215960
67.1487610	14.8973690
26.3375210	9.9291207
35.5989590	4.3889839
34.9041500	21.7924840
32.3792940	-13.9647100
48.1664720	6.7686298
39.7881350	-19.4041150
31.3985790	14.6898510
66.1966400	6.7410030
60.6191850	-7.6706702
51.9492950	-21.2914400
46.5407440	-5.0318282
32.8863720	-10.9368080
54.4094850	-18.2335480
49.0051660	22.2487990
56.1375850	-17.9515220
26.2864060	17.6603820
45.0488000	-22.3681550
21.4927560	7.4675241
63.8448650	-3.4933217
27.2746430	1.8485716
22.1743090	22.2753270
40.0112820	-0.5137508
50.2877920	-17.9924260
28.6021950	-8.9228898
48.1576770	13.2203790
33.5601420	1.5063701
20.0728830	-3.2480947
57.6257820	13.7918810
34.8602540	-17.0068840
41.4333180	-14.4640570
59.6645690	-13.7443240
29.4042870	0.1528189
54.1196460	4.4141211
42.2502740	3.3904641
43.2738150	-22.4673680
63.6259820	-20.2176730
34.4258570	-18.3821760
59.5751950	-13.7981580
60.9873450	-18.5592840
37.6233450	-22.3535440
55.0341730	-9.5224763
16.3540950	6.7803440
35.3227250	15.6580260
50.8715970	10.0930150
57.7763160	6.2486766
61.4073830	9.1843346
49.6777120	-1.8935474
55.4951500	2.5066789
45.1776270	-18.6467110
24.1221000	-10.8537560
33.7015420	22.1758950
20.8440590	9.6805658
32.4450690	2.7095784
25.5143240	14.8555240
31.1695390	-23.0774260
19.9412750	-4.7994647
55.1306900	-2.6108246
26.0736680	22.0775160
21.8666600	-7.0180251
37.7253830	17.0889920
41.9739100	20.9582800
15.0694660	-10.3125200
17.7818560	-18.7417170
30.5249710	19.8343140
42.3412740	10.3696330
51.0641300	20.5694400
32.6850430	23.2606190
43.2556660	-9.2589072
44.8052360	11.5318940
21.2077770	14.5454910
15.2969180	-1.8766060
46.6986370	18.2604680
34.3613570	-21.7355310
37.5277630	15.6577070
22.5253450	18.8846080
30.7883230	4.8973543
18.8239980	-10.1996930
49.8133870	2.8680226
30.2174410	-10.6987230
31.4292710	-12.7932940
15.3752410	-23.4023740
33.8369250	13.9889150
39.1200520	-18.5782740
43.4316720	23.3930430
25.4708690	-8.1416694
19.0566770	4.0567126
19.6309870	-1.5397245
53.3474180	16.2105310
8.5565887	-16.5995500
12.2245910	-4.2344188
12.3573340	4.9124085
34.2791350	-22.6797550
44.0288220	8.4944136
39.5845450	3.6279744
41.1764380	-14.0188890
12.7281670	-20.8772570
14.9648290	-21.5007580
40.9926920	8.3507066
8.4050574	-10.6597340
23.1855190	6.7039056
28.6076250	11.1661640
27.3489100	-16.2571060
11.1737430	-4.6428612
31.2270630	20.7016110
36.7542580	1.3211911
37.7128230	10.3465430
31.5211500	20.4872720
17.9815640	1.6892581
45.2567510	18.9099280
13.1000180	20.6028260
10.5931850	-7.9005352
50.3990490	19.6575770
12.6116080	-5.5557826
22.7601980	4.6362561
37.4705990	-16.6684660
9.8874637	5.0754760
4.4823818	23.5030880
5.8283163	-20.7871330
24.1246780	8.9597364
22.0004460	17.7125300
21.7133910	-14.8309640
19.2214650	-9.6312260
31.3625240	-9.5352500
31.3747100	-15.0387250
34.9497970	-3.8779078
15.9456670	8.6588907
7.6621204	-10.8855490
30.1790780	13.4060600
45.1821220	20.2090900
22.0775400	22.9051320
34.5546850	15.8835210
43.3595110	-10.5790800
17.0289070	4.9220577
25.9928270	10.4624900
21.9050740	12.3723650
19.8674130	1.9275978
47.5239280	8.3715240
4.9990616	-7.5975139
21.4703970	22.1913470
3.2452984	5.1683457
16.3578160	-12.4431290
9.2263874	-6.7446145
46.3930540	3.6718396
23.7295430	18.5365400
3.9198353	21.9773430
6.6480854	21.6012710
9.3491963	-1.1516779
9.4229345	-8.6706751
47.0457920	10.8265670
9.3657103	-8.2098316
37.7852010	-15.9346430
20.1387250	22.4258280
12.5293210	-0.2099783
20.4760040	-4.5471982
34.4672130	-15.7394170
6.6644903	20.2375100
20.5423880	-7.3545233
40.0727470	-4.5355513
23.2528360	6.2969416
39.4093210	-15.0026860
8.0060474	9.7427721
31.3918070	-1.5095971
27.8884470	-21.9609960
3.1393950	9.7462028
32.5199950	3.2630601
17.3787810	13.3047490
16.0654660	21.8808700
38.7966100	21.2543820
24.6516620	-11.4480450
16.6226010	4.7281076
43.3930270	18.4501770
25.3926030	-19.6746140
33.1493050	7.9366948
26.2833720	14.2957990
20.7377240	3.9527787
12.6978630	-14.3545300
-1.8986894	11.4169820
36.4496030	4.9647966
6.7876627	23.3424010
-1.5212265	-3.3257886
6.1046552	8.7555293
26.8898390	-14.8724110
34.5188210	-19.0020110
21.3828880	22.3753510
9.6434474	12.5119510
15.4839380	14.2276450
18.5798600	7.2937563
7.8923818	-12.7814800
16.0258230	13.9653640
24.3251760	22.0247920
5.4969650	22.8933660
2.4675824	-8.8996199
10.4289940	3.2645356
5.7785350	-3.5303446
2.0055115	8.8448693
2.7317909	-13.7400830
15.9237240	-9.6483397
4.1121692	-1.4424114
30.1480710	19.1483530
-3.7324959	-18.8678080
22.8097410	-3.1781397
-4.1327956	-21.9017720
-2.2356194	-9.9329009
20.8735190	-1.8617375
11.9517300	9.3921250
27.4956400	-17.2180050
37.1490740	10.6653460
30.8815670	11.6935140
0.4091114	-5.5351740
17.5675900	7.9911790
38.7088170	6.1878794
2.1981706	-23.4505250
24.8633930	6.7245347
24.8744050	18.2350960
27.4433310	7.7142731
24.5293280	-15.9564030
-5.9451047	-23.2496920
5.1591435	18.2620770
2.7938344	-4.0811705
4.4850362	2.4206016
0.3720136	-23.2698150
-0.2609588	-9.8502904
28.6519340	2.2719648
15.0770870	14.9319610
21.9118700	-5.1621783
24.3754820	-22.7173250
32.0412750	15.8236170
11.1307570	-8.6136110
31.0357650	-8.0899518
37.4637200	-4.6199194
35.1540560	11.6810560
2.1174082	-3.1260752
5.5576037	2.4793772
16.8184760	-6.0460047
31.9801750	5.3850745
0.7635087	-12.4335050
-2.3209240	19.9132910
35.2753760	8.3216814
10.6072300	-16.7369780
26.0202030	-20.5284920
12.6360040	-13.9556720
33.4812890	17.1594910
-4.7599953	3.1589030
21.1939700	-19.0091060
35.5820330	11.9841830
-4.1847516	-17.6608570
27.6104530	21.7161740
37.1899600	-21.9601900
24.0220240	23.1140290
4.9827113	-5.1091637
4.7916423	-5.9312984
14.6554220	0.8610227
-1.2281512	-22.8201000
26.0534190	-14.8503070
30.3126770	10.9172080
25.0133730	-21.7491020
29.6406110	13.8579460
-2.0823310	4.0083821
11.0096950	-13.7004370
11.3309520	4.8941007
-3.4773749	2.6500704
11.2498910	21.3278920
8.2640005	11.5636960
30.8969590	13.2223320
27.7695050	12.8575100
1.5533745	19.2433440
-0.7156728	22.3319940
25.9374710	-5.4152363
-5.5766259	-19.2049190
-9.5241414	18.7340920
35.3053740	-23.5058970
34.2978500	10.8501810
-1.3908860	-16.7467940
12.7229770	-10.8750490
15.4770330	-8.2544553
12.3241510	-20.5280480
14.6774140	-19.9131630
2.9865563	15.4990950
15.6232610	13.6572440
31.4783730	10.6542020
23.7448130	13.9143090
8.2812113	6.2215943
35.8908640	8.8766705
5.9361858	-0.3091202
3.1358672	-12.3159100
33.1597230	-13.2914090
14.9767440	-22.8287970
-10.2373200	7.2649113
25.0625700	-0.2437197
20.6271590	3.8813858
19.6295220	-21.9916040
8.4342075	-13.6801540
5.4133243	11.2991320
28.8080180	-6.4449048
34.5694140	-19.1201070
9.5634513	-22.7994770
21.1558320	-18.3192980
-3.1349300	-13.4447740
-2.9767013	-5.3698237
-6.3567676	19.3709600
6.1839462	10.3036290
-1.6656891	11.8718510
-0.8144145	23.3279590
28.8777230	-18.8181710
1.6838672	-11.5586830
17.3004120	-15.8427040
24.2592910	2.5516752
15.5459290	15.3405840
-6.8830736	-15.9890810
27.8310280	-11.9802840
7.0088831	8.7428669
-5.9235535	20.7675150
16.3101900	3.7538085
29.4628530	3.2146784
-8.4026834	-8.4721183
1.1903582	-20.4744140
14.0780600	23.2228900
18.2790820	-6.7672194
15.3353970	2.3394722
19.5201170	-14.0196840
24.7529040	14.4371920
-7.5938837	22.5923500
31.0676790	-3.7173802
7.0340195	-4.0934386
4.0517933	-7.1509599
9.5687597	-8.8503606
20.5733490	15.3366680
-11.3486210	-14.8548260
-12.5973220	15.3120110
22.5582380	22.1622450
3.2045984	5.9033473
19.1843170	20.7220390
-2.2066704	-17.4189110
10.2985050	18.5207000
-6.3455627	-6.2828594
-8.7328111	-9.7153003
-8.3450225	4.3592847
-6.3066993	4.2365337
-3.1415091	-12.8579140
7.3025904	20.3578420
25.6753480	-13.3046570
13.5226830	-20.9176640
-1.6904738	-13.5000950
5.7121919	6.7110260
16.3818140	-16.5367350
24.1325130	5.7239386
10.7389710	-17.4322700
11.0888490	23.0220080
2.8010413	-12.2915760
-13.3492420	-14.3930710
19.4794000	-9.7224272
20.3294180	-3.8704260
19.4062420	-14.4302100
26.4744240	8.1366699
9.2636784	13.6385140
9.5432493	2.0246674
9.1690176	6.6187456
3.1845447	9.5545139
18.4366790	-5.2283071
8.0833739	-13.5019470
19.6560720	12.1919130
4.5430407	-12.9441820
-4.8920827	-2.8870847
22.3764780	-6.6469115
7.1624730	17.3531240
7.4951109	-14.4907930
8.3822964	-19.2730520
10.2176350	-1.4746930
-10.5559150	-14.5506670
25.1408400	13.9308770
-0.2507328	-9.2186945
-14.5532950	-14.8513640
-9.1664660	-9.0257248
-10.2428570	21.4885230
15.0340750	-4.1234107
-9.3974733	6.2196547
-6.1738042	-7.9281541
22.2726590	3.0452624
10.0607950	-22.2090100
16.2167340	-22.4321600
-9.0481481	-6.4458102
-3.0200937	1.4801114
18.0564330	8.0828604
-9.5948885	-10.6036290
11.2752510	-18.8786280
9.6811246	16.2815670
-9.5385954	2.2890305
3.0400786	-5.9078725
26.9941570	20.4616870
11.2206540	1.3687565
28.4413860	-5.3795968
-4.4116302	4.1369588
7.1104095	11.3961490
-5.9670657	-2.7985310
-2.8196202	14.3298430
13.8615650	8.0835292
-9.5983290	5.9299768
2.7769970	-18.5970050
11.5934970	19.6842870
-15.8969040	17.2619320
5.4847245	6.5384299
14.5380230	19.5856310
25.0972670	-6.3243656
5.1459809	16.5857500
-6.4636062	-19.0969240
-11.7421760	-16.3145340
1.4018161	-19.3749770
-7.1472538	-11.3661660
-6.4820363	-3.4084452
22.4577210	16.7086010
6.6852547	-12.1481580
-14.1830080	-0.8511911
24.0886050	22.5606550
0.6498850	-2.9229425
-16.3152330	1.4122184
-3.4757045	-23.3113780
7.9774407	-11.0099680
6.5270882	3.3115065
-10.0409520	-20.0524220
-3.5129756	-3.1194335
26.0882950	-11.6496250
26.5537990	10.7988450
28.7982670	8.7634772
5.7545507	9.9687465
29.3372110	-12.3924720
7.2708588	-13.7994010
30.0189680	-14.1148080
11.6906850	-14.3001440
8.8639282	-21.5058090
19.6048490	-2.0738010
11.8572610	-0.2261012
3.0201052	-16.9650340
4.8598067	5.9539400
-9.3436776	-12.4882060
10.7599760	9.8266267
21.1960530	-1.5193629
-13.1322170	3.2351372
24.7311270	20.6755960
9.8538436	5.3896081
2.1445578	-9.8791486
28.2143560	18.4653790
28.9124680	22.0513960
18.3024840	-12.0086850
26.3098240	-18.4625490
12.3295380	-8.0816482
-4.5518054	-3.2467026
22.3543830	1.0620880
3.7491845	7.8081367
-3.4149089	17.9730390
10.5691520	-10.3325730
15.4261480	7.9634465
11.0608510	1.1785463
13.3804270	18.3332900
3.2486978	-11.6311670
6.0769067	-22.8595550
5.5936110	0.9009803
-6.3532860	-12.2031480
-13.2422890	13.9184150
9.3733901	-7.1288606
9.6757473	22.5121280
16.8178800	14.4284420
7.2676675	-23.2830470
8.0320852	6.6076876
-3.0427167	1.1274141
8.2400695	-12.9288740
18.9264130	-1.0439433
-1.2906547	21.4729780
23.1312640	3.3352499
17.3891970	-13.9244030
-13.5069350	-21.9181270
0.7438190	20.4903780
20.8333950	-16.1700360
-17.8100030	-4.5290399
24.5641230	-7.2265095
13.0108570	-9.0171061
-5.0795707	-21.1156630
-8.8817044	-17.2064200
18.7131600	-16.2989450
21.3920510	-17.2823070
-12.3152910	21.1520790
10.7245340	12.4877240
21.0517650	9.1247943
-0.5738264	20.1867670
15.0807050	-10.9642520
7.0274680	8.0346125
-13.8543030	-19.0324410
-0.2085835	17.2787720
21.5596120	-0.0043070
1.9789971	-14.5021760
15.4870920	-5.6186894
13.3773120	-4.5590286
24.6535830	0.4798868
-5.0695229	13.4656500
-17.7520200	1.7982078
-7.6203032	5.3078550
-5.0772060	12.1393990
-5.1319984	13.2294210
-15.2585110	-3.6822330
25.2431420	10.0413000
-4.1840039	-6.2454248
8.8165751	-19.1356140
26.1257060	-2.3351136
-1.8660968	-0.6765321
24.8386460	3.5340006
-14.0022050	22.4311610
13.0311730	16.4526740
15.5892460	-10.4326030
-9.6365599	5.4350639
7.4677963	-20.1175000
20.3500150	8.1543490
0.2018977	10.3269540
7.1428737	-20.5883180
15.7652790	1.7650448
8.2784872	16.8914450
1.2875877	0.9657432
2.6875277	19.2407500
5.8011479	21.7092700
-4.7875920	-21.3464870
8.1309483	8.3147341
18.6064010	21.2810240
12.1327880	-8.5649434
22.4941200	-21.7225100
22.6886250	-19.2737970
-8.0185470	20.7843160
-17.5577120	1.5074442
24.7100410	2.4593261
11.4108890	0.6314102
-5.1397779	-13.2706550
-12.1010700	-13.9413340
-18.3741600	21.3363010
-11.0333070	-14.7670160
-11.2781020	-15.0683480
22.1353310	0.6675900
19.5938130	5.2615601
-5.4593963	-11.5935340
0.0740327	-19.8518020
-18.6222780	-8.9978250
-0.8721092	19.7858930
-14.8937500	-15.8802990
15.5268490	-19.0475720
-16.2654110	-11.4402230
-17.1888040	10.5390460
-7.5244045	-9.2411339
-16.4486240	10.0457620
19.4182450	8.7980317
15.8419830	-0.6140579
-1.1907017	22.5198460
-17.1937310	9.3876868
19.6665950	-2.8305925
-12.8378910	-18.9143210
7.8805798	-20.7524520
8.4581700	16.9147950
16.0899310	-15.5276510
-9.8684690	-15.6374660
15.4310500	-19.3582330
-12.0970290	-0.4525111
11.9053540	1.8676618
-16.9090470	20.3302690
20.9971800	-15.1298000
16.0879830	-19.3085680
-11.2158000	-9.6967916
19.6735340	16.0430650
2.7164777	21.0316010
-6.0299578	-2.5600218
9.8052160	-13.8600790
17.1870270	3.1871105
8.4876633	17.1396360
13.1552300	-15.8220650
20.3674810	-13.1837690
-9.1608985	23.1659550
-9.4770624	10.0039710
-9.7018700	23.0699100
-17.3118400	18.8920590
-19.4193220	19.8743830
18.8116470	-16.7716390
-13.4652330	16.6068190
14.2492800	-7.4270345
-10.7222000	16.9428120
-17.5604740	-9.3423692
17.8611560	-19.9963960
