jMRUI Data Textfile

Filename: dataset21_nWS.txt

PointsInDataset: 2048      
DatasetsInFile: 1         
SamplingInterval: 2.5E-1    
ZeroOrderPhase: 0E0       
BeginTime: 0E0       
TransmitterFrequency: 1.2322E8  
MagneticField: 2.9E0     
TypeOfNucleus: 0E0       
NameOfPatient: dataset21_nWS
DateOfExperiment: 
Spectrometer: 
AdditionalInfo: dataset21_nWS
SignalNames: dataset21_nWS.txt;


Signal and FFT
sig(real)	sig(imag)	fft(real)	fft(imag)
Signal 1 out of 1 in file
46962.3830000	-10.3354790
46733.4640000	-4.0836449
46508.7750000	7.3510339
46302.0860000	-6.7782838
46077.3430000	1.8053772
45863.5810000	-8.8362083
45656.4130000	-5.9674412
45434.0150000	-0.4067550
45213.0450000	9.9853749
45000.5130000	-2.8603702
44788.2680000	9.2405736
44578.7470000	5.9967015
44383.8810000	6.8243582
44164.4250000	0.1076854
43969.1170000	4.1184518
43751.3170000	0.3100682
43547.0290000	10.0408770
43335.9640000	-4.4758135
43148.3920000	-9.0241741
42947.1620000	7.8562202
42744.7180000	-7.8736795
42533.4270000	7.8515594
42343.8840000	-7.8353041
42143.4660000	-8.4731147
41936.7620000	2.3208359
41741.8350000	5.9037611
41535.5380000	-7.4703551
41357.0870000	-8.1144253
41161.1080000	7.9444228
40967.9500000	-9.0188028
40772.3280000	1.0068279
40587.0650000	2.9000007
40396.4290000	-2.7541023
40192.5440000	3.6783540
40002.2770000	8.5713504
39823.5770000	5.4671412
39633.6100000	1.6659722
39442.2470000	-5.6663630
39259.9550000	-0.3403904
39073.6200000	-6.8216950
38896.3970000	0.5467303
38714.3190000	-6.1485603
38527.0910000	2.3550972
38351.6150000	-0.0707778
38169.7920000	-8.1668361
37991.5670000	7.2511335
37806.3630000	-2.8437038
37639.0050000	-0.1612928
37451.2470000	-3.2062339
37277.6450000	-1.1966130
37109.8090000	10.4430750
36919.2090000	-8.1356622
36746.9130000	4.1108475
36581.9220000	10.3190650
36410.6130000	-1.8589279
36231.9420000	1.4002677
36058.1370000	-6.3122556
35892.3890000	1.8812048
35720.5500000	6.6611300
35550.8200000	-4.9033352
35393.0650000	-8.0673676
35236.4220000	-8.4815492
35054.7700000	5.5431235
34897.0470000	6.6407938
34728.9080000	-6.3966052
34567.5030000	4.8927284
34401.7680000	-8.1625441
34242.4220000	10.0534990
34081.6440000	-9.2307694
33927.2420000	-6.2297779
33767.4730000	-0.1400979
33613.6680000	0.5308842
33438.5080000	-7.1514561
33297.3760000	-0.3148209
33137.7090000	9.3975196
32978.1890000	3.2838487
32818.6210000	-2.0070303
32662.9860000	5.3009754
32510.2390000	-7.7918784
32365.6330000	3.8822252
32205.0910000	-2.5288211
32062.0860000	-6.6575014
31897.8040000	3.0650000
31763.5460000	-10.3418970
31600.8110000	10.4492480
31465.6130000	-2.8967879
31306.2590000	-4.0587873
31175.3560000	2.3069423
31008.1400000	3.9816243
30882.1260000	5.5324539
30726.1770000	-6.8298519
30577.8960000	3.6263127
30445.1120000	5.1265904
30290.5590000	7.6188424
30155.3580000	4.5851583
30022.6110000	2.0459599
29881.6570000	6.1142183
29724.7580000	-5.9598673
29598.9330000	0.9280300
29458.4720000	-1.8947837
29317.1290000	-9.6788705
29175.6590000	-9.0315849
29043.9100000	-9.7451341
28908.4400000	-9.7296271
28775.6450000	10.2753830
28632.9380000	-6.9369498
28491.9120000	6.7329271
28370.9340000	-6.5387532
28238.5460000	-7.6683390
28090.0050000	-1.5193130
27972.7190000	-2.3968033
27830.6910000	8.1374804
27705.1920000	2.5944481
27577.1340000	10.4423980
27449.1120000	-2.2691395
27316.2610000	5.6369626
27184.4680000	4.3275288
27049.2390000	4.5440276
26920.0100000	-0.7830427
26800.4690000	-9.0405182
26667.9850000	7.0597426
26549.2810000	-6.0202277
26432.7350000	-5.3932340
26302.3810000	9.7140261
26185.5770000	1.5210381
26049.4370000	-4.5075777
25941.6750000	7.7640146
25812.8380000	-6.9820176
25694.0460000	5.1768253
25566.2390000	-6.4811537
25452.5120000	4.7327661
25339.4080000	-1.2528714
25216.0770000	-5.2902193
25085.5440000	-3.5844347
24968.6260000	0.9523545
24860.4680000	8.5824965
24730.3830000	-1.2415546
24624.9070000	-8.2854141
24509.0470000	-7.1589543
24388.7000000	-1.4610575
24268.1730000	-9.9449128
24164.3280000	-6.0580060
24041.9300000	4.3382545
23934.8040000	3.4464655
23833.6490000	-1.7000858
23714.9800000	-1.6855813
23602.2780000	-3.2608141
23484.8470000	9.7382337
23376.7530000	1.3777798
23272.4690000	2.6795077
23152.3770000	3.5366215
23057.8970000	-2.6438294
22940.0350000	-2.0458812
22836.6640000	-7.0044662
22731.6560000	-2.3049580
22614.4570000	-3.5208523
22516.7070000	2.1070266
22417.3450000	-5.6581660
22309.9540000	-7.3648163
22198.5470000	4.5193189
22086.8210000	2.0748320
21979.5670000	-4.5758112
21886.0330000	-5.8092297
21780.6070000	-1.1427862
21685.9040000	-1.8336431
21569.5210000	-5.7727636
21473.9650000	-0.0016343
21369.9820000	-1.2353283
21277.4930000	-6.9111679
21167.2900000	4.1583510
21083.0880000	-1.3771474
20985.2580000	4.8813323
20872.4950000	-1.4839467
20789.0250000	2.9377257
20692.4720000	-8.6225959
20588.0790000	7.5094077
20488.0050000	2.6895111
20385.9080000	1.6600244
20304.0210000	-3.6555752
20211.7850000	-5.9951702
20098.1200000	1.0079145
20018.5010000	8.2889977
19921.9590000	6.5144320
19820.7320000	1.7229401
19727.8040000	-1.2768514
19639.3790000	8.2189887
19545.9990000	3.6884269
19455.6010000	10.2475010
19373.1410000	-1.3156277
19281.0910000	9.9406426
19189.9970000	-0.9027759
19081.7680000	0.6231886
18998.5600000	4.1333066
18920.7800000	0.2473790
18824.4440000	-3.6029274
18737.0350000	3.3424550
18646.8350000	-0.0548118
18558.7500000	9.8996037
18461.6430000	-0.0618052
18391.2080000	-5.0757284
18296.9300000	2.6987120
18220.1580000	2.9285258
18116.5090000	-7.5837936
18049.6970000	-4.1921651
17958.2220000	-7.6451245
17877.8040000	6.8544299
17782.0850000	-5.6186285
17710.6700000	2.4527271
17613.6390000	-5.9448654
17537.4260000	1.5920635
17452.1040000	0.9878405
17367.7520000	0.6507139
17281.8180000	1.1496182
17214.7670000	3.2881386
17138.4590000	1.4892466
17040.1500000	-4.6732123
16970.8750000	-6.1385741
16883.4710000	7.4090748
16802.2350000	9.6215719
16726.6340000	-3.7022309
16647.5790000	10.4289060
16570.8990000	0.1999234
16495.7650000	4.1030981
16411.6980000	9.2954013
16338.6930000	3.9623509
16264.2070000	5.4314323
16181.4330000	2.8338741
16102.0890000	-10.2627640
16046.7660000	6.8027182
15969.1360000	9.6680511
15881.9310000	-8.4279365
15805.9600000	10.5975350
15742.1240000	-10.4243920
15664.7990000	4.2462995
15596.1170000	9.7649695
15512.2230000	2.4652570
15433.8660000	7.4286625
15376.1640000	-0.5732804
15294.6490000	6.5691815
15217.2160000	5.8059770
15149.8510000	-1.7664600
15079.8910000	7.6963686
15008.8020000	6.4656895
14946.7020000	-4.2874766
14861.2850000	-10.5405830
14793.9700000	5.8860888
14736.0050000	6.8010856
14659.1240000	-3.8609541
14597.0820000	0.3421350
14514.7210000	0.8591325
14450.8140000	6.7586666
14391.2330000	3.9379730
14321.2180000	-0.5414258
14261.8350000	-7.0530191
14193.0430000	-7.9352694
14118.8660000	5.2381763
14044.2360000	-0.1005525
13984.2970000	0.2177732
13930.5060000	-1.3654014
13857.9090000	4.5058725
13790.2130000	3.6865572
13731.6120000	-2.5214056
13655.8430000	-10.6662920
13591.2540000	-0.6045939
13539.2950000	2.7854116
13480.0130000	-7.1556653
13409.0650000	-6.5405031
13339.2700000	7.9901244
13291.0180000	-10.1358180
13209.2260000	1.2983057
13151.3590000	0.5556682
13087.6920000	1.0464039
13034.8210000	-8.8857108
12972.6490000	7.8398015
12911.3520000	10.0520080
12847.3990000	-4.1405054
12783.0940000	-10.1128450
12726.1660000	3.8921806
12677.1420000	6.2028807
12609.4730000	8.7774147
12552.2420000	-5.7810198
12495.1930000	3.5275852
12437.8800000	-5.2032854
12375.7630000	3.4834491
12318.3390000	-8.5925193
12250.0570000	-5.5463187
12206.8650000	-6.3357736
12143.1510000	-2.0719581
12088.4520000	-10.1158040
12020.7080000	-3.7380041
11979.8360000	5.4628627
11925.7710000	5.1784405
11854.8110000	-1.2601195
11812.2590000	0.0193643
11739.2930000	7.4864975
11701.2760000	-9.5263429
11638.4070000	0.1549165
11589.0570000	6.7368271
11529.6780000	7.0154309
11475.7120000	-3.0283245
11416.6880000	9.8443562
11363.1030000	8.4244079
11320.4910000	1.4794054
11268.8240000	5.7571537
11212.1370000	9.4910802
11165.5670000	-10.0735900
11105.9650000	6.1912830
11048.3100000	10.0484310
10996.8720000	-0.6904506
10953.2250000	-2.3879822
10897.4430000	1.5057050
10836.1250000	-7.8301055
10798.4420000	-3.1384815
10746.4100000	2.1122377
10691.9270000	5.5076308
10648.2300000	8.6660366
10597.3670000	9.4643766
10536.6820000	10.2722790
10500.0200000	2.0557499
10435.5460000	9.5414916
10390.2360000	-4.9398289
10351.6610000	-10.5705000
10304.8350000	0.8795314
10251.4720000	0.9741267
10202.1340000	1.1245301
10156.3090000	-5.2440066
10107.3560000	-2.0733922
10052.2280000	-7.9829334
10012.5830000	-10.6192630
9970.1610000	-7.5611591
9908.7839000	3.9164324
9869.9849000	6.7003901
9816.8315000	2.8507253
9766.7224000	0.2937826
9740.7450000	8.3089129
9684.2182000	-7.6007037
9643.9309000	6.9542774
9595.4159000	-6.8572799
9557.6793000	0.9980245
9500.3213000	0.9705965
9466.8028000	9.1732154
9410.1490000	7.3181052
9381.7900000	1.1068680
9328.8039000	-7.6343951
9273.7485000	-6.4537656
9238.4669000	2.8462851
9194.1320000	1.6962893
9156.0500000	-0.7514623
9103.0020000	-7.2955494
9066.7863000	1.4171356
9027.1882000	-3.9798495
8980.2372000	7.1094005
8949.7612000	3.2768459
8891.6777000	-2.4967744
8862.0921000	-9.4831230
8819.9475000	-8.4064362
8766.5065000	-7.5008481
8738.3277000	2.2388977
8700.5041000	3.0191929
8647.2593000	-4.5230222
8599.8819000	-10.0948960
8560.4931000	10.3327490
8527.5738000	-6.0425100
8487.8741000	-5.0475447
8452.1580000	0.3523522
8405.6207000	-6.5207731
8362.6974000	8.6565998
8321.3678000	6.0479992
8297.7544000	4.9438551
8241.6021000	-7.5335009
8210.4447000	-2.3306029
8165.7545000	7.4025143
8131.1276000	7.4494723
8093.1439000	8.3548919
8052.7302000	9.3017822
8027.6269000	0.3163778
7985.8807000	9.9890851
7955.4524000	10.2382420
7900.3606000	6.7648391
7861.5454000	10.4676480
7827.1473000	-5.8579967
7802.7974000	-7.0059987
7761.2034000	2.5542786
7724.0915000	10.2607130
7679.2003000	5.1064998
7648.2550000	-2.7929109
7626.0980000	-8.6773719
7579.4713000	-6.3117368
7548.2563000	-0.3271727
7503.4676000	0.0823144
7470.6067000	6.0147071
7437.3019000	3.0363546
7413.6578000	7.0603913
7379.8580000	4.2828430
7334.2981000	-9.0238712
7296.7023000	-6.4483715
7255.5726000	3.5374231
7226.2931000	-5.8928255
7207.3145000	4.4290461
7165.4548000	-3.5623263
7120.9062000	5.7298367
7096.5788000	-8.1004601
7072.6407000	-3.0213674
7031.7058000	-5.7911221
7003.8947000	2.7787684
6969.3940000	6.3262466
6932.7477000	-10.6150160
6894.0863000	5.8003245
6857.1633000	0.9565485
6833.0100000	-8.9598203
6795.8224000	-3.7273874
6768.4345000	1.5176400
6742.6870000	5.5722722
6702.8486000	-4.3875685
6669.7976000	1.4560013
6632.8573000	-3.4524921
6604.2351000	-2.7194151
6570.4911000	6.6911569
6560.3742000	-6.9636631
6515.2409000	2.8130169
6486.5281000	3.9605342
6468.8129000	-1.5026925
6436.0675000	2.9020054
6398.1697000	3.5954009
6374.5694000	-0.4515993
6332.2952000	-2.0886456
6315.8835000	-9.2866784
6288.0557000	5.2908971
6253.3506000	-4.1364545
6221.6270000	6.8264379
6197.2839000	0.4167427
6160.0815000	5.9379072
6137.1824000	-2.1201790
6105.7389000	-4.5176421
6081.5694000	-5.7776494
6041.4671000	-8.3678876
6025.2515000	0.8065924
5981.5201000	1.5300919
5961.0374000	9.7954749
5937.0916000	-6.2741337
5912.4891000	9.7584907
5887.3896000	4.1929201
5859.0184000	-5.8319152
5828.4005000	8.7565840
5800.9917000	-0.4879170
5761.5117000	-5.4302460
5733.1087000	4.6445477
5712.5401000	4.4745794
5682.9156000	10.5214510
5649.5289000	-9.0876473
5635.5332000	-6.8230030
5614.7827000	-0.9448827
5574.7965000	-9.2406461
5562.6750000	-0.8477523
5522.6070000	10.2499770
5496.9176000	7.4543630
5473.4470000	3.4043810
5458.3619000	0.8104429
5427.7509000	10.1035260
5409.9223000	5.2267289
5364.0449000	-6.4569053
5347.9115000	4.3800968
5323.9521000	-8.8372424
5307.0124000	7.5080674
5269.0620000	-9.4277645
5256.0538000	-1.6605976
5234.3798000	-3.5783715
5193.6261000	-5.9795785
5184.0612000	-4.0641324
5152.5396000	1.6649517
5118.8711000	1.1948667
5106.8415000	4.9771710
5081.2470000	-9.2033957
5058.5662000	-0.1699128
5023.0056000	4.3748917
5008.5814000	7.6653606
4992.1377000	8.9428161
4951.8843000	0.5365390
4930.4787000	6.1549721
4921.1805000	10.4252060
4898.8355000	0.3945874
4877.0049000	-8.9556031
4840.9005000	5.7510183
4811.8859000	-3.0831730
4790.7928000	5.1459028
4775.5636000	6.3905307
4756.8435000	5.4223033
4736.0476000	7.4243816
4716.6060000	6.4457536
4686.5375000	-8.0881308
4673.1145000	-10.0581650
4652.5640000	-10.6306060
4631.9994000	-1.2377652
4590.2386000	-2.3598590
4575.4895000	7.8035729
4559.4623000	-6.4788468
4538.5330000	7.5931579
4506.6624000	9.4461938
4486.5873000	-1.8552121
4463.3797000	7.8868693
4456.1723000	-9.8119210
4422.5142000	0.7940667
4406.7115000	-0.5751548
4387.4052000	-7.0525570
4362.4506000	9.6316239
4354.3000000	-6.6552258
4325.7880000	4.7279382
4303.6170000	4.0149032
4277.2786000	-2.4135432
4258.4959000	-7.4270524
4242.4567000	4.8697104
4223.7890000	3.1766485
4210.9007000	5.2972973
4176.4053000	-2.6813006
4174.4982000	7.3001742
4146.4557000	9.8410006
4130.0832000	6.3752020
4105.9121000	-8.2645016
4078.2072000	9.7273930
4065.8972000	-7.1017129
4057.1936000	5.8294231
4040.2915000	-7.1986642
4011.2895000	-5.2996328
3987.6831000	-5.8566563
3969.4954000	9.7799241
3953.4241000	8.1623920
3936.5604000	4.8885338
3924.6796000	0.0661955
3910.1364000	8.7273766
3890.6121000	-0.8466082
3854.2667000	3.2017480
3846.8428000	0.9721930
3831.5811000	3.2129608
3816.0455000	5.0629496
3798.7349000	-0.6000065
3769.0906000	-0.3012373
3758.6117000	0.5715499
3744.6422000	-6.8948492
3727.9514000	7.7750226
3706.5942000	4.0637621
3693.6621000	5.0061357
3659.1716000	-6.6313138
3657.4593000	-5.7208477
3625.5465000	-0.6386135
3625.1368000	-3.0862860
3604.3379000	7.2904320
3588.9524000	-6.7229950
3576.6511000	-10.6446090
3545.6020000	4.1236204
3527.7199000	8.5918897
3520.1882000	-6.9672312
3497.8834000	-2.2839044
3476.2234000	-2.5258419
3462.0648000	9.1585675
3452.9066000	4.9964299
3431.0825000	5.8418386
3428.2462000	-0.8093972
3401.1785000	5.7940787
3375.8651000	-9.1805946
3367.7615000	-3.5611055
3362.3202000	-7.3468992
3338.5756000	-7.9152778
3323.6964000	3.2066755
3296.9366000	2.5116593
3302.5801000	-4.7372521
3267.2119000	3.1792297
3253.6665000	3.6826648
3238.5105000	8.4825743
3238.5529000	-6.2881992
3210.5908000	-5.8234171
3197.6979000	5.6992862
3183.9564000	-8.1588570
3177.8930000	8.3648866
3152.1437000	0.7252131
3138.7421000	-3.8928330
3120.2401000	4.1201461
3103.2376000	1.8585149
3101.8498000	-8.8977113
3076.4620000	-3.6780212
3070.5805000	-7.5874699
3059.9353000	1.9034020
3032.1643000	0.4155842
3018.3348000	10.1725970
3005.6414000	-0.5023400
3001.1377000	10.4177130
2973.9846000	6.6361586
2965.2516000	5.1188418
2961.7959000	-1.7202654
2938.6135000	-3.9543519
2917.5144000	-0.3075888
2920.4537000	7.7232936
2895.9233000	7.3031334
2879.4916000	-0.6749515
2865.4151000	-9.0614503
2861.9861000	-5.8020554
2845.8755000	1.5196763
2839.4289000	4.5118693
2828.0708000	5.7224327
2809.7237000	0.6307434
2799.8602000	-0.4750630
2772.0634000	3.6855108
2762.4624000	8.0681343
2749.7982000	9.5806056
2745.1875000	-10.1566850
2729.5004000	-5.4305019
2718.4380000	-5.3743573
2690.7002000	9.2914520
2693.8655000	6.0151676
2670.1297000	-0.6458490
2667.4149000	7.7584724
2648.5289000	-4.9859595
2633.4451000	-1.7324182
2630.3429000	-10.2258420
2608.2463000	9.2831581
2592.5066000	1.9213450
2593.1676000	2.6031266
2570.8566000	-8.9380746
2565.8225000	-3.2507542
2558.6686000	7.8978212
2534.4034000	-8.3139718
2520.7509000	9.0874849
2511.0825000	-1.0048323
2497.5045000	-1.3818073
2489.4215000	1.3584949
2491.4852000	-6.1992479
2460.6304000	7.5178144
2458.8497000	-5.7452541
2449.1120000	4.7533833
2441.7850000	3.9056534
2423.3160000	-8.5742156
2420.3058000	4.0741333
2401.8781000	1.1688118
2395.7275000	8.4833069
2374.6413000	-10.5145160
2367.9337000	0.6971076
2353.2146000	-5.3943636
2352.7966000	6.2099138
2332.8554000	5.1540358
2315.1282000	-6.9489116
2302.4731000	10.1923750
2302.6903000	-9.2583683
2285.8727000	-9.7290990
2279.6337000	-3.0921160
2270.3116000	-5.9521130
2263.7226000	4.9067807
2239.8768000	-3.0577387
2234.1552000	-0.3264617
2218.8067000	4.9965751
2225.8931000	-2.9144424
2212.5177000	1.1268573
2203.6713000	-10.0434820
2182.3459000	-0.6527215
2164.0937000	5.7786998
2160.4210000	-4.4977410
2150.2332000	4.7595203
2135.3760000	7.7232070
2123.9500000	-3.2348408
2123.7821000	5.3711144
2114.5170000	7.9682343
2108.4667000	-6.3504178
2104.0020000	-4.2943591
2090.5442000	8.1966209
2075.3842000	4.4646471
2072.8703000	5.9219717
2063.2896000	-3.6993415
2052.1150000	3.8720447
2038.3349000	-1.2490124
2022.3592000	4.7266555
2009.5067000	-6.5594038
2014.0526000	4.9828511
2005.8275000	-3.8717880
1997.9169000	-4.1027979
1984.9785000	8.7548201
1968.5945000	-0.5855497
1969.0751000	0.5656331
1942.6624000	4.8598916
1937.3173000	0.5430884
1940.5609000	-2.2418416
1934.3778000	-3.9717039
1914.2295000	-7.4878967
1912.5878000	-8.1144952
1891.2608000	4.8047429
1885.1244000	2.5109007
1868.8431000	-4.9725362
1866.3589000	-0.7608021
1868.6260000	-8.7010758
1845.6691000	-3.2156539
1854.3649000	-2.4992368
1829.7119000	8.8528044
1822.2496000	-0.5343116
1807.4960000	9.1136312
1816.8571000	-0.2200312
1790.3329000	5.6028198
1790.3794000	6.0485201
1785.9785000	0.1371874
1766.1173000	8.0139405
1761.8773000	7.8185933
1756.1364000	-5.6447760
1752.3494000	-8.7091621
1732.2934000	7.7965500
1743.4386000	8.3660881
1730.7196000	6.3817143
1717.0515000	-0.7142130
1720.3569000	-4.7460324
1696.1369000	5.4428697
1702.4816000	1.6110467
1693.3286000	-8.6142316
1686.1420000	10.3095510
1674.4299000	3.5532369
1657.1793000	2.5482010
1646.8081000	-7.7588849
1653.3875000	-7.5183316
1644.4723000	-6.5178153
1627.8744000	8.4336355
1622.8196000	7.8517383
1605.8821000	1.8157538
1612.9143000	-5.6635241
1603.2928000	3.1726463
1597.7796000	-8.5443039
1579.3114000	5.7871798
1587.9414000	-2.5391251
1574.9873000	-3.1993524
1563.3699000	4.3894718
1549.5378000	8.4661859
1554.9167000	-4.6993453
1535.9666000	6.1868099
1531.3615000	-9.8579052
1520.1125000	4.3777981
1527.8509000	-10.1890240
1505.5201000	0.8440785
1511.9755000	1.0936227
1507.7376000	-4.4517942
1494.6958000	-0.5636065
1491.9897000	-1.6129238
1480.8770000	10.6088850
1474.5172000	4.5778163
1471.4152000	-0.4143847
1450.6534000	-8.7942717
1453.2094000	5.5196507
1436.7873000	0.0165886
1434.3325000	10.6661410
1420.8047000	-3.5620528
1414.9861000	-4.2296341
1422.6766000	2.0739791
1412.1955000	-6.8149866
1401.9815000	7.4576021
1406.2088000	-6.1405850
1395.6006000	-0.6134635
1378.7357000	8.6182450
1380.8629000	4.2735076
1378.1513000	-1.4861590
1356.3850000	10.5185060
1357.3560000	-9.0634613
1341.6085000	10.1490360
1347.4112000	-7.5550171
1339.4750000	9.1950964
1333.7328000	0.5908433
1321.6305000	-8.3820675
1327.9274000	9.4490317
1309.4061000	6.8746284
1313.5620000	6.5044452
1291.7669000	3.1223390
1294.9346000	0.9266267
1294.4380000	-9.0492196
1283.2879000	9.6876677
1277.8807000	1.1058500
1271.8948000	-0.4822597
1256.5203000	4.4454351
1253.7517000	-1.5976761
1245.8885000	-1.1821355
1238.6213000	0.7237454
1233.7059000	-5.8416861
1237.4056000	-3.1986772
1239.4814000	-4.5404561
1218.3715000	-9.6850295
1207.8464000	-6.6529850
1220.8102000	-10.0268250
1204.9464000	-9.3986546
1196.7333000	3.4862094
1186.0321000	-8.4532820
1194.8610000	-3.2806187
1175.5472000	-5.9182340
1170.4818000	-3.2905843
1169.9742000	3.5531517
1169.7371000	-3.9099853
1167.0564000	5.3193085
1152.6938000	-5.1321690
1143.9870000	7.3098248
1148.2057000	1.8234447
1144.8803000	2.3908863
1126.9914000	5.4029437
1138.3594000	-1.5098550
1125.1328000	-1.6713090
1127.1550000	-5.7275183
1103.6718000	-4.8022515
1100.3564000	7.8813560
1095.0680000	-6.0917880
1098.4450000	6.8173091
1091.9655000	-9.8922623
1086.3491000	3.2518505
1086.8302000	7.7253359
1072.8037000	4.5048834
1066.2660000	7.5267924
1074.2444000	-3.2246536
1068.6118000	-7.8806723
1067.1074000	6.7997574
1050.5669000	-4.8171060
1057.3979000	-0.6658050
1050.3430000	-10.0615120
1031.9576000	-6.3344650
1033.5134000	1.4490349
1019.1198000	4.7610603
1032.8549000	6.6108633
1009.6163000	-1.5426380
1009.0134000	8.3449611
1000.8832000	-0.8351042
1010.6747000	-6.4332600
992.9177300	9.2689024
1005.1633000	7.4883108
983.3646900	9.2087016
977.4082300	-3.3138899
979.7250500	-8.1480256
979.5011600	-1.9765148
964.1342800	10.1749510
959.7610900	-2.5552378
954.4721800	-4.4573140
952.8867000	-5.8857181
953.3866100	1.7542064
938.7211400	6.0562481
935.0764600	9.9895386
931.2388200	4.1788253
933.9744900	-4.3182949
923.6273200	-3.3914577
932.0251300	4.2281708
917.0584400	-4.7349742
912.2699900	4.5222074
906.4474700	-6.3231376
902.8418300	-4.2106405
909.2453500	0.3439319
894.6054300	4.7892269
905.7609100	-8.8943644
895.2809000	5.7624486
897.4273900	-0.2174037
879.1509600	8.2470237
887.0231200	6.1019992
877.9339800	-9.0907039
875.8388200	1.4761226
875.9793800	-7.8065849
863.9301400	-6.9457280
865.9757100	-0.6711567
862.3440400	-6.4757027
853.8424500	5.3786102
845.8693100	-3.4533822
842.3335100	-5.1308917
841.2841100	3.3887208
844.9121300	-8.9629221
822.0136700	0.8445609
829.7684700	1.7263418
824.3706700	-8.6448873
830.0274900	3.1726400
812.9396600	-4.0377331
806.6898200	3.9582273
816.6905600	0.5434946
795.4263200	-6.0972790
810.3869700	8.1260870
805.6131900	-4.8899040
790.1701600	-4.2161485
781.9132500	6.3022343
793.4311100	-4.2647324
775.9828300	-6.1673570
788.0966000	4.7267702
767.5924700	-8.1819340
780.9391900	-9.8395705
759.0051000	5.8206886
762.6674900	-1.8392832
769.6521400	-10.0122130
756.6831500	9.0808719
754.1593200	-2.2314078
754.0810300	6.4601749
742.1935600	0.4257886
739.0546000	-4.0097696
740.5181900	-5.7777476
735.9058100	7.7522628
741.3318700	2.2203996
720.7504500	8.8398466
732.8498600	-2.3465890
729.9112200	8.3894369
712.4769400	7.3724549
712.9994900	1.5006178
719.3845300	-8.7901257
714.1775900	7.0004476
695.1076900	1.8453427
692.2437200	1.7906746
691.2459100	2.1162314
698.3762200	10.4118750
688.3244700	8.5411037
690.5021200	4.2529460
682.8556900	-9.1136635
674.3209600	0.5197071
669.5657700	-2.1403364
684.9150500	3.5154750
681.0072200	-5.4443710
665.2718200	-8.0099956
664.6171300	-0.7472563
671.1612700	-3.9547959
668.7105400	6.3863601
663.6954000	2.4365779
659.8635800	-10.0076190
650.6930000	-1.2900009
638.4214200	-4.8475846
638.1768300	0.0726964
646.9455800	-5.9378107
638.8494500	3.4015152
628.2011600	10.4596320
641.6482900	3.7475401
626.7531800	-7.0740722
635.3218900	-2.0352738
630.0278400	5.6522967
624.6734600	2.6415558
625.8174600	-9.6652739
605.1737900	0.5570758
611.8290700	-2.0461980
607.9270100	-1.0930281
599.5069000	-7.7396916
599.6534400	6.6585591
609.0385200	9.7422057
607.0120600	2.7139706
591.1782600	-2.7927853
590.5970100	4.0898343
596.0062700	-3.2173283
593.5563800	9.2128171
592.4427500	-0.0646166
572.6825200	8.1353299
587.9414400	5.1900905
570.7214900	9.1671929
583.2680500	7.5655204
561.3327700	-1.6319358
574.3288900	-10.3756070
563.2850200	9.0105240
567.9350900	2.1565089
558.1367500	-0.8513968
564.9886500	-0.4870177
549.3080300	-6.0562903
560.1398500	0.3694950
539.4690000	6.8618994
551.2705800	-6.3140541
554.3130700	7.2916217
551.1799500	3.7860517
539.8758600	10.2366860
546.3132800	3.6928723
541.5466100	-8.1346056
527.2959300	-5.7821613
525.5318700	8.6245483
534.7011000	5.7848029
516.4727300	3.7825285
511.7934500	-6.6222697
513.7340000	6.0771430
507.6968500	7.2379554
515.8844300	2.7033568
520.2342900	-4.1662509
509.0573800	-8.0166196
512.3572700	5.7769833
496.2269400	10.2908380
504.3280600	-5.6563955
496.5590100	8.7553706
504.5188700	4.3495169
496.6105600	-4.1525654
501.6527100	2.9013034
483.4121800	-2.2469897
485.3021800	4.6365028
482.3052800	-7.8569055
473.5308500	-10.2642080
473.5779400	-7.0236231
478.6357700	6.4024017
467.0834200	-5.6810454
475.7817500	-1.3328396
482.8280900	6.3703571
459.5041100	-8.5683635
464.2023600	1.3607694
468.0012300	-6.3600349
460.4760300	6.9864167
452.3341300	-0.7916576
454.0236400	8.4919848
463.7484900	4.5761102
460.6225700	-8.9675450
445.5859600	-9.6233208
442.9139800	6.6081364
443.0238800	4.9931994
442.6427700	-10.2680130
443.8373700	-1.5416482
434.6227600	3.5561356
429.8197600	9.0222501
443.1164700	-1.3315575
434.8773900	4.5519419
434.9847200	4.2013249
442.3180700	7.5799264
438.0993200	7.8354067
422.4184600	-2.4611540
435.1857300	-7.8783705
430.5864600	-9.3688076
432.4184900	-6.5406366
427.9407200	-3.6711083
415.0609200	-9.2908469
423.6881100	-5.9174468
404.4531200	-7.6102198
404.1248500	10.1125510
404.5991700	2.4912294
400.4848300	-10.6784820
401.2134700	1.1580393
395.9014700	-5.1517092
401.2094500	3.0726548
408.8888100	4.1490921
388.0789100	6.0526212
402.8310600	5.4183693
386.5636100	-1.5077041
398.5233500	-1.6195602
393.8812700	-5.0582367
391.0033500	-8.6659417
384.4076300	8.7878668
386.0045000	0.0032261
379.0981200	-1.1510600
377.5850700	4.6950805
377.0822700	9.8082102
382.4790500	-7.4006375
373.6486000	-0.7895357
375.0094100	8.1997534
373.1656600	-7.0704717
373.6345800	0.0359384
379.0172000	7.5538347
362.7862500	0.8820299
357.1577800	-8.4922481
362.3520200	-5.9544715
360.6295200	3.4111446
357.0267900	-4.4173768
350.7841500	4.3352980
367.8995500	-1.1688969
346.5066600	-7.5171872
350.9856900	5.7330787
342.6235700	6.0262905
345.4062300	6.8979171
348.9449500	-6.7373280
341.9645800	0.6494237
345.5879700	8.3338867
349.7237000	-4.0204765
334.8552900	10.4697250
348.3101100	-10.6614200
330.9082300	1.5723624
339.2589200	-4.1232943
331.8781800	8.6755304
340.3928700	9.2676057
342.7697800	4.7590936
325.0154500	7.4250783
340.7106100	-8.3364004
323.9082200	5.8424671
334.6806700	-9.0084691
329.0593700	2.4397672
319.7135600	-1.1979824
319.5781400	-4.1301068
315.5795400	-4.7196194
315.2819700	-1.1882338
307.5945500	9.7376202
311.6461400	-9.4181742
305.4604000	-2.4295618
306.3953400	8.9018858
310.2402500	5.7478777
308.4695600	-0.6500857
307.5399900	-0.6770671
316.1159300	8.7526887
312.5937000	-8.0429674
297.0134200	-5.4383527
295.6961400	-10.6083440
299.3548900	-4.1771406
310.5254800	7.6289315
293.3462600	-1.7516410
305.8786400	10.4876180
303.3523500	4.9007422
288.3580500	-2.6417795
300.1775000	7.2470884
287.3917100	4.4601542
298.3917100	-6.1583145
283.7343700	2.6683134
281.1584300	3.2003851
296.4969300	-4.8949271
282.0766000	1.2676656
275.0425800	9.8385185
288.5924600	6.8340051
272.0217500	-10.1176970
272.0062700	-7.0248325
273.4816700	7.3683378
286.6847300	-3.1921135
272.1728500	6.5423493
277.0992400	-4.9948054
265.2815600	-7.7198023
274.6277000	0.4383105
274.6364100	2.5892078
269.2795600	-1.2297902
276.8796200	-3.2627620
264.8338000	10.0506480
269.8372500	3.2828437
254.5231900	3.6465219
254.7523900	3.8331637
260.6812000	0.3254362
259.2915300	9.8604744
251.7889100	0.5410292
264.2151200	0.0853842
249.6626600	2.9751007
257.4847800	-9.1353922
252.3944100	8.3376102
244.5296100	2.3972577
261.6580500	-1.5807338
243.1502800	-9.9705497
249.7282700	-3.8171086
255.6427600	7.0957121
247.2684600	5.8784485
241.9630700	2.4834732
248.2173100	4.8050978
252.9758400	-7.4494226
233.3852200	-9.3034201
241.8505800	1.4967731
246.7107400	-1.5193805
236.1652000	-4.2410579
243.5923700	8.8285081
231.4604100	10.5211060
229.8047900	4.2016219
235.9648200	3.1837727
224.1977700	-7.5634521
225.9338100	-6.5743199
226.3675200	9.6274128
237.8884700	5.4290244
228.4899200	4.1352530
223.1019900	7.6116324
234.6351200	-2.3051919
230.6239000	-5.4550908
236.1033100	-7.2776529
222.8022300	8.0029511
221.0309900	9.3381901
225.2397100	-10.4245080
224.2722100	-3.1634370
222.3675100	8.3789447
221.6552300	6.4001581
209.6643900	1.0694571
213.1927100	-10.4825280
218.8688800	3.1215107
219.3671400	-7.7804087
220.1366800	4.3992115
222.1900500	3.3134411
214.7170800	10.2301820
209.2901300	8.4104860
213.0802200	9.1582594
212.3229300	3.7769309
213.1990200	-1.9061435
211.1896600	0.8646057
203.9846100	2.3423979
204.9101200	1.9355071
202.0186800	-4.2991288
207.2624500	5.7735315
209.4810200	-8.7098787
191.6229900	10.2228430
206.4203400	0.1851184
198.4706100	-10.4332040
208.1224300	-8.9058482
202.2522000	10.1789250
192.2323000	7.0877306
197.6839800	-2.9462195
186.1596100	8.5945730
194.2846400	1.8614812
197.0368200	8.2452787
187.1638700	4.3736701
183.0988100	8.3579880
183.2789700	8.9596026
199.2670100	-7.3188669
190.0826700	-2.2341167
186.4935300	8.7113712
187.4920900	9.9692021
181.5736300	-1.5464622
179.5652500	-3.1659855
181.4149100	9.4596194
173.4244400	-0.9806577
175.7177600	3.1799748
184.4349400	-3.8907834
176.4063500	-5.4204598
172.5195700	8.7996229
180.0309900	-9.8244263
170.5834800	-6.5849406
183.3707300	-1.5488679
177.5709200	6.5782033
168.1216700	5.2142896
174.4122200	4.0809593
164.6164200	7.4666977
170.0774200	-9.0409574
167.7210200	4.8174521
174.1825400	7.4960624
163.6917200	-10.4085870
178.0337700	-7.5957858
163.3181200	-5.0805448
164.6340600	10.3814320
176.3710500	-5.3684528
168.0067800	8.4953466
163.6667600	8.1752163
161.3394800	-1.8391551
171.5586400	3.8818347
161.0213500	-1.8589112
164.8193300	1.6284986
163.1340000	1.9231230
164.8336200	5.5192157
152.5754600	-7.4000613
159.8530900	-9.2521450
159.8514800	-9.2664855
160.2591000	-8.2147739
160.2195900	-4.3791626
157.2902200	-8.1026405
155.5323400	4.2099898
159.5140000	-4.9497448
161.1704800	-0.1644624
163.8461500	-6.6634936
157.7004100	3.3568473
153.1552100	-1.8895755
146.3065600	-6.1809760
144.5615600	3.7094597
151.2165500	-2.6719305
151.0889000	-10.4946580
146.3647400	0.9670365
154.6942400	2.6799393
138.0167100	4.3235269
149.5740900	0.1033454
142.9298900	-6.9366083
149.3336900	-1.5523453
145.3014500	-5.4084486
140.9612800	-7.2031260
135.6798200	-3.7998528
149.2348000	-5.3936361
146.7669000	8.1533201
148.3079400	-6.6133174
144.5327200	-5.7001658
132.7043500	-0.1033731
146.6282200	-5.2864413
137.5900100	-9.1196228
145.0593100	3.0243122
139.6990000	-0.9505889
138.1959100	1.8443886
146.2776900	-3.4831334
137.0159800	3.6758880
136.5785600	-8.7570450
135.8877800	-7.3728687
132.5397300	-2.5523383
133.1060700	-9.4812515
130.6915700	-4.4955327
141.2316000	-8.6735044
137.6946800	6.1231520
126.1368300	7.1684418
127.8269100	8.7736801
132.2888200	-0.0714198
118.2761000	0.2381051
133.2933500	1.8199678
117.6579900	1.5697613
117.1618100	10.5472980
125.0076900	-5.2272064
119.3994000	10.5167510
128.6732500	7.3284538
123.2301500	5.3445811
122.1491300	5.0545231
122.3396600	0.8655603
129.4380700	8.0051065
118.8780700	-1.2761050
117.7656300	-10.6414340
122.7060600	4.7598826
128.7939700	3.2581660
111.2076600	-8.7665331
115.6803100	9.7386669
119.1529700	9.2363077
123.7460600	-1.1387999
110.4021400	-8.4949927
106.8301600	-6.2195602
122.3310600	6.5722008
120.6901300	8.1657191
110.1487200	-8.5518857
110.1928400	-6.8476919
111.6200100	6.5300836
117.5476000	5.6008328
109.4486100	8.5950292
122.4655500	3.6738912
111.8598000	-3.3290374
118.2199500	0.7484505
113.7292500	-10.6030490
110.6735400	8.1594746
118.9612000	-7.6906013
108.8439200	-3.2628326
99.4567930	-3.0052031
119.0227600	-6.6961244
118.5370800	5.3900794
99.0264190	0.1643034
116.9548900	4.7373402
110.5238700	3.7512279
116.3655800	-2.6620170
103.0253700	-1.0719297
106.5207400	-5.3728465
100.7210900	-4.3445964
102.4369700	8.2513684
113.4148300	-0.8347379
99.2363080	-8.7061732
108.5442400	-4.6095073
108.2631700	0.2551603
109.4839500	4.9284258
92.7924640	3.5715222
97.4897070	-10.0507570
98.2602240	6.9059680
94.7925160	-1.4268320
103.6782200	6.2341764
104.1101900	0.6885518
93.0363320	0.1017790
105.0038500	3.1396661
97.0299580	8.2025074
93.7734690	-10.3462790
90.1932520	5.7056252
91.9273910	9.2105204
94.2540810	0.3503655
97.6632580	2.0122668
97.7324890	2.8892199
101.7953700	2.4795303
98.5678660	-3.3955486
85.5506300	0.7522829
83.4859510	3.6643650
93.1814110	-5.2119751
93.9793980	-9.3241960
87.7032250	-8.4896552
86.7878810	-9.8275640
89.0570920	-1.7180603
99.9558870	3.1358534
95.4252500	1.5153444
93.1376540	10.4840350
90.6037470	-7.6653012
81.3853110	2.0797515
97.1217880	8.5657048
77.3803130	10.1021370
78.2657700	-5.0654889
81.3318720	9.7804965
84.1637270	6.4828182
82.4566660	9.5537539
94.8378840	-4.6836596
81.9767290	-0.7756074
90.0836960	-4.4557873
76.5313920	4.2262557
78.6985110	9.6177786
81.8550180	6.9444008
81.6057500	6.7796591
88.0726290	-0.1848528
82.1829270	-7.0522896
79.9858580	-5.6391515
79.6495240	2.2962664
83.4761910	-7.0575034
89.3834120	8.9069071
89.5413000	4.6358232
72.9874980	-10.0247920
86.4238310	9.5678536
75.3545400	-10.1941770
77.3994900	1.5683815
78.8816730	4.6640869
83.9702790	9.1274123
72.6304220	9.2815975
73.5665490	2.3663139
68.8462690	7.1159245
66.5260870	7.8554141
77.0836950	0.1605122
68.1877510	-7.9335951
85.2698340	9.2059279
64.9599470	-8.1561061
81.8719050	8.0572672
65.2541130	-1.6001922
74.5388130	-2.9463258
71.0889170	-10.4554010
83.1759120	5.1622071
63.9326870	0.6058033
67.8547530	5.6515805
73.5323510	-10.0498150
79.6130400	3.4888759
78.6506110	-2.7754257
75.3835660	0.3356051
74.2862480	-10.2443130
77.5600260	2.3242543
79.7449160	9.7588338
75.7195410	8.4136282
64.0853950	-8.2221773
77.3790200	7.4919054
78.4342730	8.3432034
63.8158720	-9.4693080
77.0796500	3.3555969
75.7306900	-3.2386701
69.0571060	-9.4991837
64.8189550	3.6271054
66.5610940	-7.7644352
66.1242560	3.5104578
72.4366510	7.4454242
58.6734890	4.2065479
55.5311650	3.1803153
64.2060240	-8.4265849
67.7335670	7.6609052
60.2573060	5.5474142
58.3600660	-3.6869793
63.6142310	3.5221953
69.1394680	0.9878206
58.6944350	-2.5782338
64.1847380	-5.5052304
63.4728300	5.9329560
61.0968700	7.4282170
58.7029200	4.7174645
58.0933240	-2.4313291
53.8930930	6.5472725
68.5792180	-6.5212535
58.8526580	-4.1820836
62.4301570	-1.6332898
69.0204400	3.3792076
51.1595370	-1.9772007
59.9759490	7.8542961
66.1053540	2.6689789
55.6313890	7.3189849
67.0374550	-8.3378456
64.4372350	-3.0339031
63.7102450	-2.9769410
49.0347060	7.7996819
57.8474750	-9.6355109
63.8233650	-2.4104396
56.7329960	-9.0738099
57.6520110	-5.9516898
56.3964820	-1.3672007
55.5659930	1.8459373
62.8168050	8.2864333
50.0482700	-7.6883401
50.8895840	-4.8908936
62.5762260	5.5568421
64.8028600	0.7044691
49.2293070	-10.0060110
53.0660810	-9.2133183
62.3822200	-0.3682367
64.4570930	-9.6917083
49.7812660	3.2598786
45.3522550	0.8963389
56.2241570	6.1140705
64.2856400	-5.5368311
46.9788950	10.5199820
62.2207060	4.8189995
55.1521630	-1.2705867
51.9005520	-0.0230502
63.1528650	0.9488425
49.2157860	-3.0563187
55.5500160	6.6724942
51.3075010	-0.0562341
53.8806220	-3.5035844
60.2111490	1.3916742
44.1793310	-10.0490090
61.1401560	-4.9238111
56.8176600	-10.5688770
60.1313730	-7.8937040
56.7845540	7.8559515
60.4223410	0.4601238
46.4082270	4.1047654
40.3363820	0.7368361
38.7683590	-1.8274206
51.7346340	4.0868987
58.5330870	-8.4076885
45.1828820	-1.5985941
48.2921400	-9.9459748
50.3190080	-4.9638854
37.9737960	5.3217766
42.2509180	-0.7596481
38.2095020	10.4341050
47.3348870	-7.2789269
42.4473710	10.4757760
40.4999750	3.3295270
50.3745720	8.4657616
39.4178330	8.0437066
38.6501470	-9.4730815
48.4436840	2.6704225
42.7754920	4.1359683
42.8172990	-9.4945321
34.7087400	8.1131867
44.8172250	7.6817812
50.3659910	-7.5618834
45.9232720	8.0847963
48.0240830	-1.1528334
36.4468710	7.4087595
52.3772980	-10.3841080
52.4576560	-6.5051957
34.2900440	7.3828389
43.5288420	10.5677560
35.9710150	-9.8436911
43.0309370	-6.8593953
36.6842250	10.0496760
53.1432680	6.9678926
47.9654970	0.5643779
44.8247970	3.4083678
36.1964350	-3.5026402
44.7719670	-9.0294792
47.5829150	-4.4923452
38.9742140	-8.5498966
45.3999660	-10.2769240
31.7533950	4.3828687
40.8332770	4.2253871
43.6454490	-6.0144251
50.1498220	-9.6910363
32.1217520	6.6833065
29.3993430	4.9220297
35.6047530	0.1709344
34.9277300	3.4158744
34.2453070	2.6980265
41.8823840	4.9569224
45.6007690	0.5369638
32.9589410	5.7236059
45.3954800	0.1857095
39.1162450	3.7184678
28.8789620	-3.5736926
34.3417460	-5.4755643
31.0353110	-7.9558404
44.9451060	7.6739542
34.9696920	-1.4679573
45.0640980	7.2167930
38.8674390	-4.3316969
35.2401850	-6.2526741
44.3410240	1.4147135
36.0823300	1.4138337
26.5824530	5.4381710
34.2463200	7.5423536
46.4670840	1.0412077
28.6822990	-6.1989537
40.4599640	-8.6764890
31.1523650	9.0970868
30.0301790	-0.7147424
42.2821910	7.1604321
44.2590320	8.0098843
33.0726280	-8.6518400
41.7997950	-5.9266916
26.5036810	-8.0027556
37.1917370	8.9064517
42.6068410	1.8246042
32.9027770	-0.4132292
38.9930910	-5.1434791
37.0181380	6.0938261
40.5196870	-2.5492402
25.1138000	10.2546160
24.7698720	-4.4676678
23.5594260	-5.0542672
36.8409210	2.6013900
41.8440900	-5.5894460
36.9968600	-7.4535675
31.7111250	2.0868581
39.7253490	-2.2117692
30.7259470	4.8224820
27.1134930	1.8689637
28.6853020	-1.7696471
39.6729670	-2.6066888
30.4091060	10.5786010
27.1492990	8.8430490
22.8305160	-1.9811441
38.2058040	-5.4218518
33.6476640	-6.5441391
30.6999960	3.1504621
39.1508990	-7.2497266
24.8995720	-9.9196750
38.1093850	-3.5537193
37.4257790	10.6419570
35.0996410	6.5397774
29.5199120	4.0274243
37.4488350	9.0938384
39.5397590	-1.9475664
30.6081430	3.3501607
35.8992240	8.9282673
33.3436000	-3.6972933
32.4265110	-2.5312221
34.0002160	-6.1602026
23.9181550	-8.7572773
23.4246080	6.8448527
34.4628200	3.8644879
29.4801200	4.0453751
21.6732640	0.6628375
33.7798930	-3.4843793
29.8620580	4.2049206
27.3768650	1.8968493
30.6146810	0.6187102
37.9273480	4.8439665
26.9593490	-2.0470995
17.5679880	-8.2493015
30.5048170	-4.8191760
16.9316790	9.2827813
25.8270650	-8.5695754
20.6573480	8.9050759
34.1436180	-4.0001134
28.1745650	-5.4071901
27.2455150	-7.3664533
29.5841140	-2.8618934
29.2962240	-3.3654093
36.4601110	0.6178571
17.8938620	0.1607582
32.8277510	-5.4657519
31.1950600	-1.3729192
33.4222430	-10.1981560
24.8496590	-0.0109119
26.0134370	2.4841757
35.9940210	-10.1731620
21.8461550	8.2155393
21.1062590	-0.0535912
31.9919930	-4.3634217
28.0966780	-2.6609033
30.0524230	4.0754170
17.2461930	-0.1500612
27.7481460	8.1727731
18.9037050	5.1494690
27.4899730	2.1811869
19.1604700	-2.2661842
13.8076200	-0.3913451
14.6752870	-4.9875849
20.0330810	1.5876666
23.3971540	-6.4402158
21.0872990	-9.5207005
15.3063470	4.0094344
26.7479590	-0.7890415
20.1523820	-8.8615000
33.5275330	-10.3322040
19.1495020	-9.3959592
26.1573410	3.1242150
25.5490140	-3.1886873
14.6057800	-3.2693289
17.6370380	8.0515229
26.8144920	9.9888424
22.2024210	4.5956612
14.6170960	-7.5514018
15.9872050	-4.3369473
17.6680840	-5.2574904
26.2509690	-10.1175040
13.0587730	-3.9608753
14.7857980	5.3721309
15.9200800	4.2173683
26.8010640	8.4665946
14.9240320	2.0796336
22.3084310	8.1327374
14.5017720	10.2301820
25.3842980	3.2751766
24.0961030	9.6030181
15.3810670	4.8888655
24.1862990	-3.1906776
26.6681100	-10.1679220
27.2858340	0.4090411
23.5101450	-3.2493987
21.5928100	-10.5689230
23.3768980	-2.4396324
12.7825190	5.5583617
23.5366100	4.7531898
14.3606710	-1.9248991
27.1963720	-2.8504211
9.3471619	-8.5545706
26.7746250	9.3163473
17.4722310	8.7240308
25.6560190	-5.5144208
19.3310290	-1.6377260
26.7063950	6.3208968
16.8267550	2.4548838
17.2178690	4.4973223
20.1383530	-3.5933029
13.9902190	1.1820393
20.4745170	9.7282553
14.7846260	-0.1017060
9.2760750	-9.7763152
23.6320510	0.5115712
28.3635760	-4.4504393
15.5340980	9.9901689
18.3972960	-0.1074632
28.9807110	-6.7793041
9.1002506	4.3257721
25.2331010	-10.6908180
22.9819250	7.8399427
25.2228560	0.8653109
25.5633730	-1.3712825
20.3265690	-1.1738821
22.0603190	8.8327435
19.4805960	-0.9555028
12.7641720	3.0855832
21.6232730	6.6337500
24.0999160	-6.5268018
22.6089570	-3.4389052
26.0565670	-9.7157268
7.5132037	-5.7017600
18.0778020	5.5974594
6.7633383	-8.3294822
8.2061164	-8.0613817
12.4179650	6.6280478
8.2368065	6.7920828
20.2114690	7.4595609
21.8757250	2.0643730
21.7500530	8.8696192
24.0365870	-2.5715831
15.4452490	-8.8500914
9.2406383	9.6483747
17.2537340	-9.5391604
26.6111210	1.6019116
7.6630100	-8.8079664
7.7995357	3.3064844
23.4211800	6.2411181
20.5359540	9.4692814
17.7288930	-9.6555157
7.2680426	5.8526843
23.8352900	-5.0401640
9.0057821	5.8965956
19.8233960	-5.4915432
21.9736490	-2.5640716
15.6100860	4.7525809
23.5782670	-2.9049091
25.3554220	2.4206675
6.5023756	-3.5130603
9.6919173	-7.0107879
17.1903540	-0.8376822
15.2741230	10.4887630
22.7364870	-6.5932073
5.1584328	7.0785307
11.9104590	-6.5359357
18.9537970	8.0467192
17.2967330	-10.5196250
11.5504560	3.7868377
6.5371041	10.4223720
7.2923219	-2.4583163
23.7712060	2.2720949
24.2202490	-6.0117312
21.9666590	-9.3713014
6.0936629	7.5884668
21.6442020	2.1943446
18.9623150	6.8437170
6.4346178	0.4784490
23.2076210	5.0093932
9.8114252	2.6041266
10.1563430	-0.6878972
16.9291260	-0.2072703
15.2064500	-9.8590840
16.2746510	0.8247370
22.2461640	6.6376922
20.1104370	-8.9162115
23.4736970	6.6569693
13.4403930	9.2374308
15.9380700	-3.3000290
3.5297329	9.3986500
13.8973000	-10.6061010
10.2967730	8.0488081
17.0768670	8.5577525
3.3772741	-3.3538766
22.4208580	-3.5504838
6.3176749	-6.0441930
14.8387180	-2.3162427
7.3313777	-9.1143144
8.1418890	3.8463026
21.6115710	-0.4442939
7.0252128	5.2698890
23.0371140	9.1748690
7.7332297	-1.9592702
8.6983385	-6.5805619
2.3503487	7.4710077
10.5196120	2.1929541
13.3451580	6.8345566
14.2796930	2.3253828
16.6535760	-8.4514171
3.9665818	5.8890208
5.3942734	4.5028221
19.2171390	8.6749137
7.7162626	-8.9635856
19.3297860	8.2322689
5.2508613	-8.1496405
21.3551760	-1.0232254
9.0004516	-8.2832226
19.7074860	2.0351914
21.2776560	-9.3906081
10.2414900	-3.7716390
3.5031955	-2.1870416
17.9723160	6.8819833
12.6563160	-6.4327968
11.0280540	0.4289469
12.3115030	4.9350680
4.6645875	1.5739817
9.7626302	-4.4684951
14.9051250	0.9262439
8.4145797	-5.5401857
8.5746402	-5.7730990
19.8083860	-0.1024524
16.0388610	-9.5897733
14.0031240	7.6822893
13.5977660	-5.9526660
1.9963571	9.5343753
18.9838880	0.6055447
2.9340881	1.8672484
4.5864257	-1.9775449
1.8123671	2.8231084
10.4414000	-5.3777344
19.0608570	0.6502773
9.6821368	-5.4617647
18.7311600	-4.3104983
15.7343350	-8.8340543
2.6118968	7.3427626
20.8398930	4.8652535
8.2053008	6.7910470
7.9753427	10.0205220
6.5636555	2.6552307
13.4140070	-5.9270536
1.5772030	1.0359101
17.4115610	4.3432936
13.1045620	-8.6424952
4.6704369	4.9679304
12.9772880	3.5412141
14.4946600	5.2353271
7.3045598	3.2156414
13.0192060	7.6094592
5.7798246	-7.9555683
19.4458240	6.7718903
7.1364505	0.8200443
7.7737828	-5.2028160
10.1893100	5.2143331
3.1541465	-5.9338974
5.3974078	-4.8540789
8.4107407	0.5056313
9.1601324	7.0350672
14.0417060	-8.8029912
9.8108921	-1.7646099
9.8801813	7.0213182
7.7291028	-4.2161385
18.6940300	-2.2643742
3.3763117	3.0298382
12.1977560	-3.3859295
12.4114630	3.7797288
2.5605268	5.3551668
5.5240774	6.2629409
16.5165140	-9.1863223
10.6457560	7.3012844
10.4444630	-7.4994881
9.5875580	-4.8914454
14.9922960	-0.2242301
-1.6031414	-2.5017118
0.2654430	-3.2750361
12.1657670	-5.8625051
1.5211343	8.4349762
13.2347660	3.8018560
-1.6386171	-6.3195308
-0.3973294	-0.9230214
18.2104670	-7.2364408
17.9742540	6.3504988
10.9371390	-0.2135300
6.3129269	5.6177017
4.0847285	3.1726189
13.3638340	7.5370961
8.7275761	0.0236794
7.6489482	-1.2892254
5.6913698	-6.7619559
16.6775270	-3.7339335
10.0173940	8.8938055
6.5351214	5.4585230
8.8719522	0.7323950
12.9104110	-5.4239721
15.0174780	8.0984636
12.3600220	-4.8202677
-2.8225604	9.0625906
5.7627689	6.8840524
7.5300093	-4.3283757
2.4638911	-6.8676953
11.5519100	0.6913943
-1.7523078	-4.9507670
6.7854839	-1.5664951
6.7818034	-5.7672950
5.3613571	-9.5307970
4.1477895	-2.8882980
5.3609754	-7.7581949
4.1510521	8.3301263
8.9768667	0.1705954
8.4645537	-10.1458960
-2.6538527	-10.2823420
0.3528210	6.8838493
2.4377690	-6.3627680
3.5606489	-8.8857540
13.4060880	-5.1973135
2.9275719	-10.4854230
9.2254755	-1.7375579
6.5030489	-2.8466484
7.1706896	-10.0125030
17.5101740	4.8994033
15.7929460	-5.6974632
12.3202040	3.0335273
1.5332457	9.9158650
16.9609450	4.8038307
10.1941720	-3.3067585
11.3461900	-4.8190149
6.7783220	-5.8638113
-0.4058071	5.5464524
11.4829190	8.1236107
16.9603070	7.6485654
3.7652041	5.6942651
14.7105300	1.3382891
-3.2292770	-9.0322413
12.0096910	-2.1072555
-0.4859947	9.5693326
-0.0273764	-3.6836489
13.0775870	-0.7695127
8.5196259	-1.0238672
10.6599830	-5.1463665
6.8583514	6.9877737
9.1953359	-6.0730394
4.7757086	-4.8658067
-3.7054080	2.3581749
15.1593400	4.1451995
10.2078330	4.2230990
4.7354564	-3.7613722
5.3870056	6.4004965
-0.6313165	8.6787044
-1.1443498	1.2806036
16.3179200	8.6505811
15.2638120	-8.1358065
2.7003590	-9.7674134
11.1191750	-9.5787396
15.1010140	-7.3621159
6.5244800	-9.6628455
-1.7162370	3.3259917
14.1853020	-0.0607258
6.5163653	-2.2015013
8.5045525	5.8524314
7.0080737	-2.2113641
13.8667770	-1.3321097
-3.8217480	6.6486609
6.5536865	-1.7881918
7.7660590	7.2473176
11.6879840	3.6741720
6.1006778	6.0508037
15.5946570	6.3592179
-3.6314901	9.3606549
12.2100280	-1.2317312
14.4604140	4.9712847
16.0673760	0.3673704
-0.1866747	-2.1015747
12.0860910	3.2800324
-2.5501497	-6.3966644
7.6606321	-6.9672884
0.2095306	3.6226895
12.6297920	0.3700328
-3.9114216	-7.2290561
0.6722553	-5.2219834
-4.9771736	3.6044414
6.3832679	-6.8778648
-3.0986632	0.6000563
10.2127620	-0.2351470
10.5423990	9.5095245
-0.2882684	-8.6867696
-4.3837439	-8.1365488
4.8332806	5.8401154
1.0720051	10.1898920
8.6442316	4.3557349
15.2269020	-9.6027136
7.0318304	-1.6220457
-0.1863870	8.4941657
5.8266989	1.8275905
12.6779540	-7.8593802
-0.4160622	-7.8839593
10.2036190	1.6106468
4.1197325	-6.7249654
-3.6698561	-6.0391400
9.0025810	7.4942699
5.1619823	1.5634488
8.2949952	3.9968135
-1.3809852	7.1747623
4.0936360	-5.2710507
10.7081420	-6.9405687
-5.2470769	2.3749906
-5.2974533	4.4243446
14.8545620	0.7870066
-0.9611590	10.4919830
-4.0837002	5.7467831
12.7274340	-0.3443806
-5.1469420	-7.8305492
5.7116126	-0.3560798
7.3454415	-4.3074339
3.9845210	-7.0559739
13.4573600	-6.9688494
14.7399160	-7.2443460
-0.0759564	-9.3014417
-4.0107650	7.0858714
14.4112630	-2.6396914
9.1772710	-9.5750842
9.8572444	8.7498615
6.0369632	0.7860810
10.5402020	2.9346610
14.6796780	-9.2852245
2.9250329	-10.1927800
3.6654707	-2.4678975
2.4490927	-10.5105060
-2.1791035	-4.4902119
9.7814285	-0.3419598
14.1243070	2.6498883
5.7806130	2.3684306
4.1350438	7.5092906
-0.1301880	-9.3577841
11.3569280	2.6778104
-2.0574978	-2.1509831
6.1200914	6.8842170
1.5143260	2.1466838
12.5887160	-3.5395497
10.0593320	10.4854730
-6.7239306	-10.0361680
5.2944385	5.3835598
8.8705891	-1.0309939
2.5537183	-5.4383759
2.2666911	-0.4569776
5.2166392	1.3214338
-0.6100281	1.0606551
0.2233395	5.0419077
6.4172860	-7.1820939
11.8752870	5.9605261
-1.2373525	-0.4907635
10.5447220	-4.3335848
-6.8026227	-4.3302338
8.9255553	2.9487742
-5.3214383	-0.7507780
-5.1662963	7.1436777
-7.0813130	-3.1463115
7.3137216	1.9724132
0.1840978	5.8320332
8.7529611	1.9195353
-3.2632252	-10.5250400
-1.1306332	6.2680689
5.4866351	9.4927644
13.3822800	9.8838278
7.1312492	-2.7830822
-1.3205271	9.7127275
3.3474786	-6.8381213
-2.4946630	1.2635878
-6.5364748	10.4856230
1.2918573	-4.5481122
-7.1700038	-0.8738695
1.2439342	-8.6150069
6.7258619	7.8105476
13.6772060	4.4070047
0.1829001	2.1830018
-4.2888337	-8.4818726
-0.1823508	-1.1157021
2.3513928	-2.0713568
-6.6001385	-7.5887785
5.2874652	-5.2926424
2.5930965	6.5622691
-2.8891104	-3.6574842
1.2353099	0.3223665
-1.3805405	-5.0003158
2.9165812	-1.6952553
10.4906810	-9.6658548
12.4552070	6.3437158
4.1948679	-1.6297266
-3.7079649	-4.0514599
2.4247658	2.1479629
0.3187169	-10.5110980
-3.2764658	6.8452846
1.4443432	7.7625611
7.2859126	1.7039933
