jMRUI Data Textfile

Filename: dataset9_WS.txt

PointsInDataset: 2048      
DatasetsInFile: 1         
SamplingInterval: 2.5E-1    
ZeroOrderPhase: 0E0       
BeginTime: 0E0       
TransmitterFrequency: 1.2322E8  
MagneticField: 2.9E0     
TypeOfNucleus: 0E0       
NameOfPatient: dataset9_WS
DateOfExperiment: 
Spectrometer: 
AdditionalInfo: dataset9_WS
SignalNames: dataset9_WS.txt;


Signal and FFT
sig(real)	sig(imag)	fft(real)	fft(imag)
Signal 1 out of 1 in file
269.2208400	-110.7463100
485.3971500	-217.6120800
332.5138300	-373.8623500
138.2469600	-433.1429500
-45.1209390	-395.4764300
-175.7231900	-286.1734600
-226.9182200	-144.5400000
-193.3632900	-19.2309600
-126.8707000	52.8119190
-38.5996380	73.3051950
22.6755900	50.8326010
53.0598460	-6.5676763
46.1955850	-54.0908500
15.1571480	-77.2041130
-24.5289050	-83.8029810
-59.5284890	-76.9547310
-82.0429160	-59.3775920
-83.1638150	-24.2998040
-82.8636670	-6.8131325
-89.6683040	17.4008940
-73.1940670	35.1521060
-64.7647650	56.0004150
-42.8729430	72.6263180
-4.1134978	77.5331330
17.2692510	63.7706230
48.9968920	42.4148370
48.3880730	7.8491275
37.9041880	-14.8657730
16.0863800	-43.4324300
-26.5641570	-42.7519470
-47.0772700	-12.9705570
-64.0142490	15.5863110
-57.9902860	53.4437590
-26.6625560	71.4233700
11.1375010	87.7976730
41.7566340	73.1735670
70.1439950	57.0352640
75.4112640	35.8083860
85.1664590	-1.3685232
75.3426820	-19.3215440
61.3731670	-43.9662780
45.5564610	-48.6348710
24.0577390	-62.1041180
8.5281300	-58.0253930
-10.9941640	-50.7590940
-29.3581920	-38.5121540
-30.6448400	-24.8620920
-25.2822400	-2.7918467
-8.9369461	9.0263799
7.0929861	7.9637298
22.6055450	-8.8777175
13.6335460	-23.8987210
1.9809672	-41.4893950
-20.8013360	-52.5923550
-50.8142120	-40.4780990
-67.3908570	-16.0959130
-61.3641700	21.1704070
-39.2939450	48.1394660
-13.8410600	67.9376270
22.6405920	63.6319660
55.6603040	41.8323060
63.7109250	4.1089328
56.5451380	-36.9840730
37.0709670	-60.8356780
3.9784158	-65.4104740
-24.1980490	-53.8363830
-44.2966650	-35.0121950
-52.0244830	-10.4984240
-46.8188460	2.5636123
-36.9002990	22.0252500
-27.9789000	23.1422950
-16.5367760	34.1954930
-3.3554438	26.6557820
-0.5837510	30.4411900
7.2703083	17.7000830
15.6693130	17.0484500
20.1167850	-2.5138592
14.9366100	-6.6000447
4.1761864	-19.1119350
-12.3731760	-22.1466290
-19.4871860	-10.2504510
-27.0046680	9.4652800
-29.5163640	26.2395450
-9.2475533	47.1486650
12.0166880	48.0927450
32.8842010	33.3476950
45.5396830	9.2190648
52.8855590	-11.5568700
36.6000160	-36.3133310
10.3579010	-49.2785350
-22.1502010	-40.2026590
-36.0884930	-21.9208370
-39.8854230	2.7908669
-32.3431660	30.3175890
-11.6081800	39.1721190
14.5978080	38.6219620
35.8832230	26.2901620
46.1272120	13.8311540
47.4616250	-6.6666947
39.0299750	-29.6274970
23.6081670	-41.7798300
8.8372690	-51.7315580
-10.2223640	-44.3846630
-25.4691110	-45.7041500
-41.8374210	-31.3114020
-50.1023720	-16.7376940
-42.9528840	4.0935137
-35.2011630	19.5579950
-22.5593700	38.2928200
-13.2478840	34.8141570
9.0368549	40.5225710
21.3374530	22.5647680
28.2055690	8.4372405
21.3756680	-11.9445280
8.9890904	-22.9365070
-3.7152313	-22.5483390
-20.9494950	-11.0814880
-23.7865570	4.1285611
-19.7701090	13.9955220
-2.3142794	26.2045040
7.7359731	26.5397840
27.2293810	13.7400600
30.2826000	-0.0879107
24.4798370	-14.0532700
23.9083080	-30.1729560
8.5963231	-30.5124360
-13.1512280	-28.2856350
-25.9424080	-24.2029170
-27.6807880	-5.3257839
-30.5152750	-0.1694209
-22.6877650	17.5792840
-17.9192630	24.5773320
-4.7199750	25.7117240
6.0631231	32.5062750
16.4990400	34.6145260
17.9223270	22.1449720
29.1530760	17.1215300
30.6504280	-0.3165452
35.9513330	-12.5050550
26.5415030	-23.9372270
5.0383649	-26.4151280
0.0429861	-22.7097600
-10.3122890	-25.3329230
-20.4401860	-7.4932909
-17.3434890	-4.7258198
-6.3437668	7.6955701
-3.6392161	11.3310980
3.4183759	2.0754786
6.3438211	-10.5135520
1.6428092	-17.6299850
-5.5478860	-19.5028030
-15.4554060	-12.8523060
-20.3366460	-12.6491630
-29.3050570	6.4900389
-24.2027730	19.3668170
-20.9623710	20.3751240
-6.1477930	27.7504170
11.4521640	32.3247150
16.7728180	20.1236690
31.2645780	14.9688580
23.6525540	-0.2403979
21.9948240	-16.8631660
18.1821970	-19.8824240
-0.8647074	-26.0180510
-9.1826076	-30.4776070
-21.9931250	-22.3703110
-33.6665400	-1.6166450
-38.8574300	11.3471150
-28.6889670	22.5567410
-20.8800960	38.1405480
-2.9084851	36.9632440
8.1075034	37.6457540
25.6932700	30.0029260
24.8702410	20.1944510
21.9163930	6.0390526
26.7592380	-2.2796978
13.2061640	-8.5361240
11.3058430	-8.8146187
9.6759489	1.1162345
5.8260355	-2.5456874
11.1266490	0.2259693
21.9054440	-6.4996493
17.6654270	-10.7973590
22.7354010	-15.2166530
13.6377320	-15.8441880
6.3885123	-20.4650530
2.8395321	-29.8087630
-1.9626188	-25.7497410
-14.4204270	-21.6662290
-19.0994500	-22.4366780
-31.4570430	-8.1682196
-22.5307780	-0.9479211
-27.3019040	8.5941359
-21.1044730	14.5144130
-13.5606140	15.1460020
3.2012798	19.9523520
4.9024076	13.1687150
10.2997400	5.8250415
17.0520710	2.0482602
7.7280285	-8.2209561
2.2120818	-14.7984560
-1.0638973	-7.0494288
-6.8942532	-11.9360170
-8.6778647	-5.3413830
-14.4520840	10.2483950
-5.0229446	11.2888370
1.0839716	7.9649636
7.0644276	10.2253020
9.6426477	2.1046214
7.6923423	-5.7910556
5.3984010	-6.1208639
-5.0366916	-7.5255192
-2.9247452	-10.0325330
-9.2526426	3.1376631
-10.2754400	2.7807499
-15.5105990	11.4530540
-10.8937930	12.4990190
2.1058114	15.5548300
8.9124741	24.1798650
12.5629970	17.3005750
23.4593300	10.4858770
26.6061620	0.8985732
30.1807800	-5.6071628
18.0464230	-13.3537300
17.3163960	-17.0114580
0.7318433	-22.0526720
-8.3187373	-20.1880370
-8.9016402	-13.3842060
-15.9983810	-8.1617385
-12.2477220	1.6275944
-15.1610680	2.5861943
-9.4241455	8.9698934
0.3125967	16.3009510
4.9797753	6.9221962
13.1354370	1.7059180
4.1992636	1.8944501
7.3696120	-4.9959913
9.1474763	-6.9203009
3.4767581	-5.7725477
1.5254082	-8.1978968
-9.4133490	-0.1947503
-3.0847353	-7.3705939
-4.2151953	4.5373412
-1.9563469	-2.2204580
-4.2106828	1.7969229
4.5822142	-2.1732464
0.3035828	-10.1456370
-3.6196464	-13.2529070
-2.5447851	-6.1739401
-14.4280590	-9.6647913
-14.9933830	-9.0790730
-15.0238410	4.8458098
-22.9223650	3.1297679
-20.2909030	18.7863290
-11.5592190	16.7479940
-1.3174576	23.9135330
9.5019749	15.1474730
8.2621571	10.5528990
20.1393330	7.5984969
12.3128850	1.0343993
11.0794850	-5.7426237
10.3135390	-3.7734121
-1.4059713	-4.3957321
-5.5583785	-4.1769847
-3.3926318	-2.0414005
-6.0494524	4.9704129
3.3673364	5.5668113
2.1425392	4.9803127
5.4294540	5.9193689
7.6463926	3.5555947
11.1447300	-1.5913791
8.4336582	-7.9076708
10.0239550	-15.0854800
5.5484939	-10.1859330
-5.7611845	-8.4773876
-3.6847719	-2.9140224
-11.5519010	-5.8341101
-11.6612490	4.6453215
-9.2686377	1.7741962
-4.5101335	8.6308621
3.4804215	2.2455399
9.6739870	5.1871633
11.6873200	4.1972485
13.7965680	-6.9221735
9.0377384	-7.2047813
0.8099214	-12.1670050
-5.2177097	-11.4974320
-6.7674842	-13.5303070
-10.7130990	-0.7097296
-22.1319250	-0.9645163
-12.5305100	8.9795707
-5.3689922	19.0774860
-5.0271524	18.8325080
1.5810278	20.7335530
15.3016550	16.4483660
9.7916344	11.3525230
10.8991610	1.4999003
11.4756450	-6.7341577
6.1379837	-7.4295593
7.6489524	-15.3381890
2.3550217	-10.6522960
-0.2440070	-5.9979356
-4.6266799	-9.6042544
-12.9690180	-1.3112192
-13.1055260	-0.9386886
-2.9588852	-0.5851167
-2.6288444	7.1389412
-2.7012059	9.2213945
3.6245579	1.9908085
3.2165538	0.9317956
1.2715956	2.2148855
-5.4281311	-4.2333346
-9.0252265	-3.0761165
-3.6571818	8.4842983
-11.6426980	2.9553704
-6.6802096	12.6836530
-3.9356295	14.7775720
6.3818336	8.1158783
12.6515550	10.9492100
13.2832320	5.4652988
16.9991350	-7.4358354
13.3029840	-8.4954748
9.1707576	-5.5365738
2.5358101	-11.8683300
3.8925270	-6.3717687
-0.7152300	-12.7565590
-8.4118633	-6.1087978
-6.7538071	-3.6790891
-3.0814639	-3.5576888
-7.2422800	0.8622627
-3.5725659	-3.7909998
2.4459075	1.4735041
-2.7373178	-2.2581425
-4.6443189	-0.7605648
-4.9272815	-2.8194356
-8.7000326	0.6614913
-6.4421181	-0.9015813
-3.6777004	0.9752552
-5.6499794	4.1312384
-4.0894948	5.6419460
-2.2694606	3.1913226
-3.4323697	10.4591840
4.6538986	6.9893056
7.4600818	3.7390339
8.7330212	-5.3692143
4.2566007	-0.4746623
-3.4164673	-5.8878934
-8.3421130	-4.5505123
-9.4617050	-6.5419049
-13.3148540	7.4373454
-10.1889420	7.1682709
-12.4102220	17.2774170
-0.2021101	16.0437470
5.2543115	16.3068680
6.2001371	10.2615390
19.0088650	12.8352470
12.2406620	5.1851837
14.3879800	-3.7778780
16.5519520	-2.1336581
4.3672539	-13.0885900
8.3636819	-8.9936013
6.4987363	-11.0196750
2.9701623	-13.6573590
-7.4979498	-10.1488140
-0.5271837	-3.9048008
-5.4347039	-2.6776426
2.4772535	0.3523693
-6.0252970	0.7150477
2.0344064	-0.6623135
-6.2963230	-8.6354677
-3.6803929	-6.5735438
-9.3656014	-5.6585733
-6.4055355	-3.4916972
-12.8173070	-6.0956414
-16.3528070	-1.6753193
-7.4329951	12.1228920
-7.0329287	15.6337030
-6.0573543	11.3121180
3.2847552	17.5557210
8.2664128	12.2758490
16.4919600	5.3735921
8.6205682	6.5978391
12.6063790	0.5848923
3.0940553	-4.3398770
-0.6128309	-4.5740845
-2.0196149	-12.8669800
-2.1607395	-13.7745810
-2.2758788	-3.6973075
-13.0013200	-5.5610413
-7.1807443	-1.0807439
-11.6684460	1.0449222
-9.0096424	4.6908022
2.8594108	13.8464380
-0.2655956	3.1814492
8.3386063	2.3239881
8.8886548	1.6947232
3.1252745	-6.0454952
7.6981939	-2.2429976
0.5552767	-9.9352672
-5.7131681	-8.6180679
-3.0962960	-2.2233843
-8.2986453	1.1971813
-2.2375397	-1.1398454
-4.4209275	8.4056459
5.7118156	2.5079098
6.2044546	-1.9132232
6.1267964	-1.1402554
6.1199512	0.4076318
5.6317921	-9.5782809
-2.8338068	-11.1134770
0.3244133	-2.5703898
-5.6493522	-9.7801203
-6.7142466	-1.2707769
-11.6389630	4.1299177
-5.4288966	7.4179126
0.1043472	9.0866440
5.5844641	5.8099385
0.4231263	10.0837530
7.4975445	8.4141844
6.0994269	-3.9899829
7.9685554	-1.6406440
3.0065090	-4.6966585
-3.0568120	0.0626195
2.9348441	-3.9807671
-3.6304725	-9.6771515
-0.0799300	-7.6300959
-3.2685714	-1.0240686
0.9047381	-1.4887339
-1.2014651	-0.8730974
1.0597471	3.7805703
-5.7188021	-4.0903795
-6.9160486	3.4553658
1.2402490	0.6178282
0.9524453	0.8028092
-2.7011137	-2.3436190
-4.0270535	0.1336667
0.1039979	1.7128933
3.3094612	9.4460784
4.8604247	6.8577646
4.1773077	10.1311570
3.6536579	1.8184565
4.1672075	-0.3130710
12.2060700	5.6803740
3.5704703	1.6834094
4.0375016	0.1650027
0.1132641	-5.9694665
3.0023033	-7.6231843
-5.2415707	-8.0085760
-6.4476387	-3.4353454
-0.6857992	0.6949360
3.7446711	1.6222159
4.2457988	-0.2894581
0.7505811	5.6646661
7.8963506	-3.3379211
4.8771314	-1.1197058
2.4689584	-6.8435627
-1.1175392	-3.2626402
3.6173684	-10.7474610
-4.7183683	-6.4622311
-6.1269756	-4.1787114
-2.4423000	-2.7813570
-6.8675916	-5.7140373
-5.1649112	4.7766221
-8.7477217	8.2035612
-5.5083631	1.2663382
0.8157624	2.1511783
1.9329023	2.9305735
3.8046161	-1.4689452
0.2396394	-6.3377990
3.8177245	-3.3664132
-2.6961521	3.2896291
-4.3979717	-1.7873000
-3.4008011	2.6389647
-5.9297145	6.1094167
-6.1586538	-0.6361255
1.0459002	1.1272038
-1.3566302	5.5046348
2.2879637	8.7578456
3.3766650	7.3732489
8.6417945	3.7612168
1.8307746	1.0183895
1.1129650	0.2925754
6.6034809	-6.3329085
0.4458683	-4.3457268
-7.6555192	-1.3033700
-5.2297677	-8.0386717
-1.1569541	1.3503127
-7.3667711	-4.5457849
-4.8885414	4.8310524
-6.0207393	7.7763541
1.1564924	4.1795371
-1.2299214	8.9844595
7.0121580	-2.7771249
9.0893069	2.6986942
7.6099879	-0.5012133
1.6221298	-4.7228755
-4.9275297	-7.0507043
3.6935207	1.8665827
-1.3286772	-0.8526915
-3.6293710	2.4581735
-3.7190439	-1.2303977
-1.3546848	1.9359817
1.3081617	-2.0755975
4.2158496	-2.5955399
7.4696904	-1.4989683
5.8697505	-0.8211642
-0.9413619	-4.9455257
-4.3514419	-2.6835076
-7.1487702	-6.4661338
-6.8753744	-7.1370685
-2.0167666	-4.7788889
-0.4644910	1.2125520
-1.7268278	5.3870970
-7.8097801	3.8982553
-4.6263324	5.3168803
-3.9900023	2.3829703
-3.0263648	5.7541907
7.0737843	-3.3956582
4.1029028	-4.7241337
5.8508875	-4.0179495
2.5176933	1.3240711
-3.3468772	-3.9848515
3.3250458	-3.4264064
1.2193567	-6.4249638
3.3651200	2.9040333
-3.4204494	0.7749627
-2.0435607	-6.6469846
0.2528444	1.8211098
-2.1104858	-2.7695414
-0.9103486	-0.0049332
-4.5670808	2.8900380
-4.5242779	0.1263108
-6.1963554	5.1133801
-6.8062911	2.0327523
-5.9526869	6.8514683
2.7332436	10.6174660
-1.5914885	6.4678562
9.2033322	4.1439007
4.6411226	5.2928906
2.4621986	-2.7253270
2.5036283	-3.1893890
1.9634024	-6.7968252
4.0548554	-5.7557454
-2.0362414	-11.0114920
-2.1148599	-5.6903806
-1.0183797	-4.3523666
-4.1566708	-1.6555304
-8.9719474	-5.3201464
-7.6510900	-2.6428621
-0.0555831	-1.1215885
-0.7699567	0.2902203
-4.7181786	3.9778960
-0.0977156	-3.9129357
0.2090817	1.0957423
-0.3508943	-5.5024317
4.7589184	-3.1069687
1.3887443	3.5551323
0.2081830	-0.9388006
-4.0365146	2.8934293
-6.4984553	-1.8927154
-2.7661002	-0.2936782
-2.9295771	5.7650372
4.3129157	-2.0285070
0.6917501	-3.3706750
5.7108459	-1.8527549
5.1358742	2.7979885
-0.9332237	-1.8917782
5.4620920	-9.0640690
-3.7851947	-3.6239190
-0.9220794	-0.8204463
0.0581199	1.4910996
-5.4034826	4.6955641
-10.0809570	5.9105914
-7.7540338	5.0451457
-3.9450325	6.0185859
4.1745271	2.4354361
8.8861369	1.3825257
5.6668616	4.7430578
7.3431767	-3.1592032
6.3091830	2.1409144
-1.7202761	-6.5838783
0.3272456	-9.5059469
-1.2352962	-4.2455356
1.5180644	-5.2067850
-6.2383234	-4.1048630
-1.9013644	3.4179661
-3.3885722	5.3141620
-4.4062779	-4.6235826
-2.3317491	-5.0798731
-3.2638947	-6.1126453
5.5000388	0.1093716
4.4810502	-1.4172415
-2.2774703	-4.1003727
-6.6447336	0.9442557
-6.8248600	-3.3415978
-1.3340035	-2.1282829
-4.1149753	-0.8518899
-3.6414265	1.1569372
2.9583268	3.6922107
4.8414664	5.1515879
-3.3949515	2.0526042
-0.7387223	-2.1132749
-0.8779377	3.7439092
1.9664002	-5.4200646
-2.3729067	-7.0713628
0.7754104	-7.9017785
2.9936105	-5.1602230
-2.1486470	-6.9596514
-8.5703823	-0.0289316
-1.9924995	3.5860040
-8.3468783	2.5703128
-0.5301915	7.2251120
-4.3468687	3.0363239
-1.0809438	4.2370699
2.7695927	-0.5563962
-1.4539532	4.8857338
-0.3723835	-0.7816923
5.9691876	-4.9202498
5.1695819	-0.3246452
1.0605875	-1.5855859
-3.8151189	3.7153201
-0.7562147	3.9124740
-5.2772272	-0.9736078
-2.0598643	-0.0507324
0.1039593	-3.0353080
-2.9312422	-3.4097434
1.4006209	2.9612452
-0.6381890	1.6205213
4.6073612	-2.6444154
3.9893984	-5.5578418
-3.6918837	-7.4910820
0.9553179	1.3865014
-1.8428643	3.1153618
-2.4160279	-2.1622781
0.8104670	-1.6567333
2.6956457	5.0209782
4.6040613	2.1428125
2.0639253	5.3776660
4.5500252	-3.4378145
6.2648175	-2.2910116
0.1942888	-5.3482807
2.6787043	-3.0434580
4.5652660	2.1193505
1.6960437	-6.1253291
0.1907913	3.1065389
-3.7482602	3.1486724
-2.5361820	1.8204693
0.9414371	0.7657415
-2.1581915	-0.2179542
4.8456043	6.8647565
1.8576396	-3.7684747
4.5546575	1.1219264
-2.2855941	3.4490219
-4.3704342	0.1144301
-3.6999688	-4.4433179
4.3754400	-4.8779329
-4.7621801	1.7407555
-1.9173247	-2.6894027
-0.3371179	5.9038807
3.8247524	2.2009137
2.3230393	5.0807357
7.8433650	-3.0801392
0.8712137	-4.8452067
8.5430125	0.4936378
6.0082902	-2.5906783
0.9656767	-7.3337645
1.1880899	-7.0008455
2.0288352	-2.4032484
-7.0207933	0.8639802
-0.5294914	-5.6959613
-3.1994477	-4.0444183
-6.7416663	0.1097975
-5.5994927	4.8667335
3.4087881	0.3775480
1.4489034	2.2037271
8.5748487	1.6669023
5.9422578	4.2927355
2.4328809	4.3046597
2.7843723	2.6843148
0.0132878	-8.2819984
2.8715109	-3.8433496
-3.5443666	-2.5911113
-6.3869777	-7.4343107
-3.0261531	3.9700235
-6.2092000	3.2244530
-3.3037339	-0.5598122
2.3096762	1.2744558
3.3353356	-4.1185631
-2.1306038	-1.7085533
-0.3538241	2.3431126
4.9524791	-3.5359985
-2.9604591	3.5225863
-3.7432827	-6.0831373
1.2332480	-1.5126492
1.5834173	3.7325045
-3.8727821	3.0051405
4.7287661	4.3732292
1.0551897	1.3497338
3.5506348	6.4231014
-1.0031606	0.9910369
5.5633474	-2.1053711
7.8796817	-7.1723298
1.4853268	1.9304812
2.0832037	-6.5344418
-4.6666921	-7.8493223
3.1748169	-4.9975292
1.7669935	-5.9313443
-7.7957759	2.7122456
-3.9682922	1.0527068
-5.0257399	0.4234727
4.3214433	-0.9420805
0.7413635	-2.6802499
-4.8576088	0.4032465
0.6067603	4.6553108
2.8511675	2.5379232
-3.4947556	-5.6235360
3.8454640	-6.2045209
3.0148527	2.4800340
1.4397289	-0.6928762
-4.8218246	3.2741315
-1.0028333	-3.1766129
1.8920643	6.1700498
-0.1655781	2.5826679
1.8086839	-5.0855540
3.9455026	-6.0005572
2.1865294	-3.7143621
-3.7567665	-6.9279268
-6.3321518	-8.0052665
0.2495775	0.3554564
-4.6826274	0.2732391
-8.1060966	-3.6098481
-2.6021953	1.2737549
0.5151729	5.4870512
2.3294815	6.8179292
-5.4103458	0.7618061
-0.8133854	7.6476211
2.2637243	6.3904199
2.4882541	0.7913510
5.9854242	-0.3609250
-3.9549477	-0.4093334
5.2260535	2.3990698
-2.2164407	2.8588619
-2.1378949	-2.9982909
2.4956258	-2.4478918
-3.4676255	-0.7015141
-3.0223788	5.4866881
-4.0889795	1.7080470
5.3533384	2.5744428
0.8645062	-1.0109042
3.7468065	-1.2406507
2.1956570	-5.1195328
3.0037891	-4.1861908
-0.4749651	4.1881445
-1.2261463	-1.8402770
-0.1714779	4.1289238
0.1799607	6.0444775
3.0783880	1.4800755
1.7872268	-0.8489444
1.3321752	3.4128227
-3.6227117	-0.5421319
3.8665862	-1.5347202
6.5234394	6.1856600
-1.1617446	2.4925711
-1.1834027	3.4427646
4.1314931	-5.7004995
3.8813482	-6.1070471
2.0494437	-3.8257529
-3.0829720	2.9298924
-4.9215262	-3.4402897
-3.3069134	0.3748940
-1.1080517	-0.6854801
4.0251326	4.4069973
-2.9514078	3.2387076
2.3240447	0.4572993
5.5487918	4.5691348
-1.6290179	2.3313396
4.0503781	-4.0120171
-4.5241259	-4.1924496
3.2535577	-2.9184445
-1.8651809	1.9020851
4.2244064	0.5485675
4.8893944	4.1553022
-1.0813267	3.3280174
-0.7111065	1.2077082
-2.2125729	2.5057375
5.6944934	-1.9083369
-2.3585518	-4.9598982
-1.1171185	-5.7619458
-2.2213490	2.8404528
4.5503385	-1.9352494
2.8318487	0.1533967
-3.1792430	-0.3888176
-5.5394464	4.6979812
0.8912151	-0.0517693
2.7343891	0.1263350
0.5855689	-2.2979887
-1.2194571	-0.8794745
0.6622035	2.1407879
-1.8889800	-1.9561306
-3.1827890	-1.8076710
-0.1067837	2.0719985
-0.3848481	0.9857985
-4.1313580	-5.9759544
-4.1229271	1.4249561
-5.1077805	0.2122251
1.8179933	-4.9759778
1.1096503	-2.6231245
2.4801695	-2.3652042
-0.6213702	0.0814727
1.0746035	-1.7402588
-2.9680125	-3.4862872
-3.5937743	-0.8253309
-1.1167302	-5.8612196
0.5472921	-4.0051812
4.6716555	-3.9519569
-5.1909931	-0.9229686
0.2510195	1.9917235
-3.6272332	1.3853223
-5.5395040	2.3885691
-0.2160103	3.6369917
1.1069125	1.4208501
-3.8638643	1.3716863
4.5488264	-3.4242722
3.3898556	-0.1414853
1.2749889	-0.7223062
0.1224967	-1.4124920
-5.8005981	1.0055830
3.0650629	-0.4820629
-3.0722920	-3.6106005
1.4733386	2.6947987
-6.3335886	2.7627839
-2.0581239	6.6099287
-0.9444237	-2.9119909
4.0344006	5.1234783
-4.4332436	2.9097467
-1.0610658	2.9165246
-0.7532875	-3.9968013
6.6252527	2.5633166
4.1078557	-2.2507954
3.4096822	-6.2997379
-1.9616640	1.3886538
-2.5292215	4.1204111
-2.8096826	-5.7730963
3.9177540	2.4563377
-3.1450076	4.8221139
0.6238966	-1.0722042
-0.7325526	4.1707197
-3.2918932	3.9681675
-2.1190716	-4.2324726
2.8521505	-1.5767774
1.3437168	-3.2093160
3.6879476	-4.7152858
-4.5020140	3.6616672
-2.4410365	1.5937020
-5.1061294	6.5747541
-1.6206942	-3.4914582
-0.0667043	3.4363579
-2.6342763	1.3661161
-1.9025357	5.0709975
-3.3872253	1.0206024
-3.4891612	1.8355675
4.2615991	-5.3985650
-2.5621333	-4.3117697
-1.2777365	1.3931891
-2.2250286	-2.5510236
-2.4055150	1.4264780
3.6841560	0.9353137
-0.6975134	1.5293498
3.7108363	-0.4956636
-2.7163401	3.2976582
-4.8826244	5.9157217
2.6919085	2.6616475
-4.5861438	2.9316172
0.4014693	-3.4095921
-0.1001491	-5.2093240
-2.3494274	-4.4580381
-2.8679765	-4.3324068
-5.5352595	5.0565620
-1.5269218	-1.2706603
1.9761955	5.2863323
2.2704663	3.1617020
2.7496619	5.2095278
2.0370350	-0.5310932
-4.3510181	2.6663551
-0.8181626	1.5620060
-3.7979453	-3.4559653
0.6971405	-3.9954954
2.4588984	-4.0176553
1.6748460	-6.1161545
1.1369771	3.1046426
3.3039080	0.5656272
-5.3406211	-1.5265701
-3.0515108	-0.5382142
0.7113141	3.7169516
5.5366323	-2.5220408
1.6540912	-1.8270180
0.6961472	0.1776444
-3.8377338	4.8579439
-1.9348812	4.4933074
0.8928941	-4.4490852
5.8174913	-4.2957356
1.6095090	-4.8722654
-1.4479981	0.5940789
-0.2270653	0.6690757
4.5448358	-5.3185858
-5.5684906	4.3596954
3.0357767	-4.8328823
-3.4483327	3.5349451
-2.2124407	3.1556996
-0.8827389	3.6701709
-5.0722948	3.8555281
4.6446838	-0.0679634
-2.9933548	-4.4867169
-3.2629975	-4.8931296
-4.2517144	-3.5383706
-6.0792695	-1.4496625
-3.8710507	-3.1011497
-1.8970961	5.5705054
6.2500078	-1.3097580
3.4004822	5.7862657
1.7240566	-3.4489696
-0.8062563	0.0767689
2.1396538	0.9176152
-4.4108630	-0.3209378
1.7881350	-7.1550125
0.9604675	-5.0752885
-4.7538649	-6.2641178
-6.5586751	-0.6095379
-4.7823055	-4.6072517
-3.9799975	5.5254311
3.0064416	-4.2149536
4.9449137	-4.2861899
-3.1382223	-0.9128010
-3.4927049	-4.8963755
-3.2392806	1.6646606
-1.4989555	-1.7410076
-4.4836811	-2.4547860
-4.1737693	-1.4270722
1.7631128	-1.4618579
-0.4560207	2.4576849
2.3270636	3.4130278
-0.8990631	-3.1122032
2.3815414	3.7324446
4.5030608	-2.8396938
4.8157289	-2.7525502
1.5044126	-2.7449683
-4.0156869	0.4978738
-4.1144555	-4.0353001
-3.3045330	-3.2031863
4.1939882	-1.1238410
1.2237448	-2.3189067
-5.9484811	-0.7380697
3.1120296	2.5637002
-3.7983496	4.0498311
-4.5636095	-0.0092524
2.2896206	-0.6413093
-1.4415093	3.7394707
5.2541179	5.4259139
-0.2244822	3.8496456
-0.5925925	-4.9847545
-3.6371997	-3.8271952
1.3693797	-0.2695317
-3.5123089	3.6081826
0.0169612	-5.1319400
2.7090852	-0.2380544
-2.6837659	-5.0650886
-2.3176615	-2.2385801
-0.5319679	5.8011442
4.8520130	5.8657358
5.5691026	1.7612313
5.3070464	-4.3438545
3.6436290	-5.0097417
-0.4521585	-4.5063301
-2.5748113	-1.8554976
-4.9602769	1.1664413
-0.6932961	-3.7770750
0.8286349	-5.3862201
-0.9601737	-4.8319874
-1.3888620	3.9866628
-2.9195253	2.0112453
0.5397663	4.9810545
-4.9418811	-1.2506949
0.0827740	3.4973457
2.3230452	-4.2002743
0.4610073	1.8113252
-2.7860667	-3.5448972
1.8838725	3.2011579
-0.8882866	2.2714345
-1.8704085	-3.1047499
-5.7897447	5.2398727
4.0455383	-3.6522698
-2.8902592	6.0043787
-1.1931885	4.3674095
-0.0253989	3.2816124
2.3893255	3.8884750
-1.4779883	-1.2333978
-0.6380227	3.6723061
-3.7726273	-3.4277605
-4.3023294	3.4199518
0.2069408	-4.1813752
-4.4343136	-4.9197836
3.4431701	-3.7239312
2.0594449	3.9985745
-4.0955681	-0.5651197
4.7625764	5.5669942
-2.8702091	-2.9289756
2.8997179	0.9884632
4.6460760	3.2831806
-0.3927291	3.8100664
-1.2050309	3.5169237
-1.6669048	-0.9310386
-2.9720554	-1.2082642
-0.9019809	-3.8618819
-5.9273761	2.5383999
0.7599603	-3.7315980
4.7024958	-2.6591830
2.1588935	-1.8333577
4.8312349	1.9136279
-0.0069603	3.7607732
3.7991577	-2.9302570
-0.8385674	-0.2937983
3.8872856	0.6089111
-2.5130513	-2.1908598
0.6353390	1.8494915
-6.0349402	-4.1448405
2.2861131	-1.4049471
2.6989655	1.5384307
-3.2983272	3.9888914
-0.9143593	0.0063286
-0.9194142	-4.2575521
3.2303977	0.4425790
3.6357841	-1.7166590
5.8288555	3.0498758
1.3934849	2.7066556
3.1776854	1.1345475
-3.2034736	-5.7305978
2.0101859	2.4776155
1.8161145	-4.2331952
2.4700118	0.5370501
-5.1316289	3.0953871
3.5557635	-3.0008746
-2.4422969	4.7957719
5.3561258	5.0130404
5.3827053	-4.7837731
-2.2166950	1.3111472
3.7352464	-5.2156388
1.6717238	2.7131788
3.4608335	0.3633768
2.7694021	-0.7977115
-4.3909488	0.7799740
-0.5090525	5.2943372
-3.7401469	3.8144157
0.3584092	-2.9916759
3.8546739	-0.8005680
-1.3063008	2.7323375
-0.8508125	-2.9433930
2.2545499	2.0787426
0.8426644	0.2290309
0.6840183	0.5232643
5.1914883	3.1345407
-4.5183699	-4.5818275
0.6831394	3.7558407
3.6387004	-5.1655447
3.7066274	-3.8294617
-1.2669569	-1.0126943
-1.4932575	5.2920356
3.9622297	0.3121553
-1.9148725	4.8875578
5.0589428	0.6165746
-0.7993630	-5.5480705
-2.6942859	2.9074183
-4.1232411	1.3570726
-1.7570430	4.6882915
1.6912151	-0.9439450
4.8066029	-4.3253840
-3.1913813	1.0172910
2.8496641	-3.7070155
5.0925952	-2.8860135
1.0013312	-4.1525296
-2.8999775	2.4828110
5.2366472	5.2072584
5.0270101	-4.6318620
5.8573367	2.6135871
1.7900749	3.3181489
4.7840364	1.6306396
-3.7174196	4.2437600
1.4220514	-3.6646674
1.8036969	1.6214576
3.7082056	-5.3819816
-4.2701427	0.6519626
2.8038046	-2.3028102
1.3219721	0.4091309
3.3044395	4.1240544
-0.8039572	-3.3701969
4.6057829	-1.0934933
-0.6162839	-4.8866203
-0.5414692	3.8729137
3.8257463	2.9266839
-1.2678251	1.9774377
1.1517150	-1.1167230
2.0526314	-4.0199042
-3.5624822	-2.4407849
2.3625826	1.8123907
3.2727998	2.5672578
0.9600446	-0.8062149
-2.5069104	2.2096458
0.7813845	4.2168302
1.9340188	-2.8032091
5.1403961	-3.4125746
1.9919625	-4.7954181
-5.7681355	-4.5774475
1.3007685	-5.5877515
-5.1175529	1.1539517
-1.5027076	3.0034609
-0.5105840	2.4872811
-1.7987730	3.2038581
-1.3846946	-1.3970667
-1.9080321	-4.3751290
1.9853370	3.5554229
1.0685575	-1.8071114
-3.4048049	3.8406452
1.2771723	-3.0095096
-3.7466257	-3.0542799
-3.9212605	1.7003461
-0.9231014	-0.1556620
3.9036722	0.3805653
-2.7029937	5.2567670
3.4933426	-0.0675417
4.7686502	-3.3106146
1.2116743	-4.8343003
4.1080068	-3.3274961
1.7271418	0.2668526
-3.3995149	-3.2605512
-0.3151750	3.7343787
2.6923127	3.9186774
-4.4352451	2.6930984
-4.5022462	-0.6362572
4.6062457	-3.0786722
-3.4672904	-1.1020901
4.1445063	-4.4824543
-3.3451262	2.7815975
-1.9452536	2.2715808
-2.1629708	5.3955276
5.5064861	-2.9352828
1.1969544	2.9827182
-3.4275274	-4.3161432
-2.6062617	-0.3413119
3.7707561	2.4267660
-2.7462658	1.5156762
-5.6969560	-3.0512848
0.9012515	-3.0165317
0.6587446	-4.6110874
-3.7712356	3.9583394
2.0423911	-3.9540818
3.7883608	-2.2963850
5.3034822	5.2724361
3.8745770	-3.7936841
-0.0316718	1.7522004
2.2334983	-2.7048060
1.6393626	-1.2821810
-3.7777235	-2.5982639
-4.6552252	-1.0224303
3.8990351	1.3408860
-1.5924348	-5.1686910
-5.5806641	1.3575054
3.9275577	-0.8251621
1.9111855	-2.6191543
1.3340890	3.1390393
0.2248795	-1.1285891
-2.8683194	0.3402662
-2.7485739	-3.6761570
0.4107934	2.9792566
0.5048725	-4.5234842
-0.4690033	-2.8098168
-0.7619548	1.0357056
0.3071018	-3.4254774
4.0629989	-1.9065318
2.4541330	-4.9138794
-2.2235904	-4.3441313
-0.6099005	-4.8002053
-2.0605278	-1.3872977
-1.8395632	-0.1988696
-2.9348979	-2.0045176
-1.5391997	-1.8858044
-5.4499294	-2.2458966
1.4222819	-0.5355340
4.5781698	-5.1002452
4.5239481	5.4414863
-5.0429663	-2.7214379
-5.4430007	-3.2642017
4.1092318	-3.0284701
-4.4318946	4.3724035
0.7906435	1.9987537
0.1785715	2.1393204
5.5188819	-4.1479278
-4.8284444	3.4601400
-3.1618337	-5.3073223
5.2090190	4.4066668
2.5885612	-4.0770222
-5.6479113	4.1001594
0.2674758	-3.2572317
3.1608956	4.3633008
-0.5894556	-4.0028906
-1.7727115	-1.4627273
5.3525054	-5.5175422
1.7523537	0.8004408
0.5074280	-0.2455301
-2.7686093	4.0657909
-5.6564650	-1.2947341
-3.0103639	2.0164182
-0.7144523	-2.3199651
4.7756201	-2.2298719
-0.9352570	-4.2146085
-1.3175838	-2.6277730
0.1032216	0.7095195
4.2994584	0.5771827
-3.9847745	0.9454308
2.2722742	-1.5625555
3.6250487	2.1147430
-4.0550774	-4.5593850
5.5593413	-1.2725697
2.4519150	-4.3650700
4.1831118	-5.3624879
2.6285964	-4.1389039
-1.4282389	4.5102579
2.7412171	4.1417207
1.9949963	5.1421277
4.6869965	2.5470627
4.2672741	5.2900726
-0.6169533	1.9861211
-1.4963965	-3.9023607
4.9276350	3.5932705
2.0649465	2.5290039
3.8399078	-1.8785461
1.4778828	0.1416300
4.7073554	1.8919955
3.0523459	-1.8256832
4.0571504	1.7915627
-3.5383051	-1.1080053
4.7505850	-0.7793672
1.4373373	4.7862062
0.6398487	2.3571199
4.0556635	-1.9691954
0.6901539	-1.3185788
4.1008734	-3.9135028
-1.9271957	-3.6002107
-0.8306687	1.5418760
-2.2368267	0.8021788
1.2093650	-4.7147923
-3.5856348	4.0744325
2.8422434	-2.3770523
0.5516889	2.6653139
-3.4587590	-4.8137268
-4.1189224	-4.3101410
-2.9042632	-5.3450056
-3.4694720	0.7907594
-3.1826949	4.0454560
-4.5559342	-4.7966147
-4.0491487	-4.4821567
-0.4052855	-1.8084885
-2.6629701	3.1383683
3.1872534	-3.3306670
-3.2472961	4.6492641
-2.4010310	3.1130944
3.8281218	3.8487541
1.3390024	-3.9584688
-3.6595131	0.5903765
1.3239355	-0.4013670
5.4734049	-3.9786063
-3.2235546	-4.2818476
2.8928234	-0.3974548
4.5051008	-5.5040016
-0.7722199	2.5534385
2.5615793	5.1924942
-2.4247849	-2.4623084
-4.5426349	1.4824328
-0.4330380	4.1619999
-0.3301320	0.0979934
1.7061849	2.1120752
4.4833291	-5.0018832
-5.0731738	-0.3519479
4.4872180	-1.4751813
0.8948061	1.5302566
-3.4793574	4.3030755
-0.1666928	3.8212049
2.3275828	1.1117216
3.4519330	2.9037884
2.0204225	1.1506632
-1.2421417	2.4192572
0.7806807	5.5003642
-1.3323280	3.7468847
4.3840281	-0.3234437
-3.7619344	2.8506529
-5.4698306	1.2266166
-4.2563085	-4.4764155
-2.5835318	-1.2028228
5.2286538	2.8710225
-3.7139018	1.9727489
-2.3668477	-2.5143343
-2.7136252	0.1713634
-1.7043082	-1.4937156
2.9010226	3.8800305
2.1572560	-0.7377308
4.3988735	-0.1845276
2.5661107	2.7762739
-3.4005654	-4.3344462
-1.2915680	-4.5884788
0.0859310	5.2320951
4.0031488	2.9218331
3.3084724	-1.8790997
-4.2524912	2.3696292
-0.7825535	-3.9981315
-4.2147829	-2.2145529
-3.7551717	4.5641970
-0.0948534	-2.1739367
4.4710931	-4.6331549
0.3038337	1.7794546
1.6125482	2.9249921
-4.1888606	-5.3392232
0.8999754	-0.5025527
-0.8006834	3.1842834
-2.4232410	-0.5628568
-3.3430411	5.0614722
-0.3395621	-2.4536536
4.4131909	-1.5971909
-0.3293819	-3.0534947
4.7661431	-4.7504192
5.2760373	-2.3618090
5.3431049	4.8868317
-0.9025304	5.0784036
0.2066269	-4.5157413
-4.7823198	1.3062839
3.6658525	2.8495418
1.5342589	4.9902197
4.7852720	-0.9408234
1.0591846	1.7182419
3.5183125	3.2942767
4.9231486	0.5414383
0.8869157	5.4094645
-1.2989245	-4.7128551
2.0153564	3.9863342
-3.8922442	-4.3445764
4.2092575	-0.6913992
-2.8166037	-5.4823035
2.0433371	4.1567704
-0.0042069	-5.3188907
-2.0452573	-3.8273788
0.1029991	1.5638016
-3.0790272	0.8393030
-0.4316051	3.8644676
3.7310633	1.0381848
-2.8713444	-1.6419953
0.8969654	4.3454509
-4.5425120	3.6454127
1.8714091	-1.6418955
-0.2298328	-2.2440557
-3.7059685	0.4073937
-5.3749223	-1.1563476
0.9982009	0.1088461
-2.1365909	1.7497532
-0.2103192	4.7675573
2.6243872	-2.3715645
2.5976166	2.4235809
-1.7616672	4.8528964
-1.9997510	-1.5155403
2.6736168	4.8466512
-3.6930265	1.2184495
4.3932447	0.7972469
-2.3098498	3.6696262
4.4318122	-2.1213751
-3.1686022	-2.1594915
-5.4170804	4.0778081
-3.2147240	-5.3432514
-1.3014376	1.0311859
1.3752476	2.8118393
3.1179877	2.6043654
4.5916173	-0.1817607
-4.4173986	3.4754920
-4.0407567	3.8608694
0.5139025	1.7396019
-0.4484420	-1.1345541
5.0023383	-0.6549422
-2.6066123	2.5422253
-3.8465799	-5.2448079
-0.5888798	-1.7368346
0.1085779	-4.0722071
1.4747464	-2.6609956
-3.6792152	-0.2542773
0.3080539	2.5754670
-0.5132902	1.0880241
4.0912396	-3.4337073
-2.9868522	0.7513129
-5.0160139	0.7627280
-1.2169849	-4.2044513
-1.2933916	-0.7268855
2.6372868	1.8401711
-3.1706541	-5.2862288
2.6778966	2.5345079
-4.6904652	-4.8034581
3.3826337	-1.4609213
2.1315167	-3.1860708
4.5542384	1.7161022
-4.2372464	1.3925529
-4.0151389	1.4128823
0.7902386	3.4797449
-3.3180649	0.5176212
-1.0798076	-0.3365819
-5.1456013	-3.5195076
-4.6437235	5.5180655
0.8638870	-3.1217720
-1.0087657	-3.7917668
-1.2267691	-3.6401128
-3.7919474	1.8084951
-4.0606917	0.0138410
3.7121669	-3.1888484
0.6678749	1.6793081
-2.7186661	5.2337599
3.7828551	-0.4368898
-2.7714484	5.0266351
-5.1618153	3.7660198
1.2015749	-1.2603811
0.8947834	-0.3448533
-5.1325159	-0.6029570
-4.0487013	-3.7947864
-3.9269028	-2.4253779
-2.1590291	-0.4833049
4.9372998	-1.9507311
-4.4110345	0.5524951
-0.5171483	-3.1398520
-1.6138058	1.7483153
-1.9528106	-0.4006158
-5.1365533	4.5813095
-4.2040807	4.0462611
-0.4130629	-0.8764908
-2.7997568	4.2824286
3.5668027	5.5960111
1.5407921	1.7348175
-2.1084556	0.6600912
4.7362924	-3.1375688
-1.8538386	-2.0171261
0.7634958	-2.2843210
-0.0456072	3.6657643
4.4363001	-5.0296766
-3.1477280	-3.8304633
4.2792394	2.3276163
-4.0139525	1.5341411
0.8420511	-3.4250761
-2.2642629	0.2548044
3.2482943	-1.0441264
-2.1186231	2.5935208
-0.5051989	2.5608321
-0.0484884	-0.3857210
-0.6683879	-1.9668979
-0.1019033	1.0695680
-3.1436073	-1.1042419
4.7315638	4.7352650
-4.5126303	5.2070169
1.2013921	-3.8823972
3.1436442	-2.7496809
-1.4842766	-3.2242555
-2.4839855	-3.6700043
-3.2427894	-4.4795819
-0.2486137	-0.7915203
-1.6886723	-5.4466768
-3.6378183	2.5513373
1.6427981	0.6090804
-1.6356949	-5.1591579
-1.9431255	-4.9035757
-2.0488623	-2.0381779
-5.2567549	-0.2140631
3.6163125	-4.2659520
-4.0678199	0.1805968
-2.1418436	-1.9138373
1.6924729	2.7560855
3.2483992	2.3651455
-4.2266500	-0.5817959
-2.3042872	3.0894051
4.2654919	-5.4470279
-4.9045315	2.4836349
-1.9355651	2.6079066
4.8096473	1.6259826
-4.1092787	-2.9771582
-1.3319527	-2.5273662
3.3604317	3.8890107
-4.7897582	0.3439969
-4.8610607	0.8826112
2.8183575	2.0774641
0.0362392	-3.8623101
-3.7002371	-0.8850227
4.7068024	-0.4244895
-1.1077565	-3.5756203
2.9518703	-3.2383776
-4.8321432	3.9564301
4.6604104	4.6587953
-5.4870358	-3.0411203
2.3798633	3.4358942
1.0103772	-2.7891562
1.7914820	1.8755305
2.2652974	4.6581511
0.6711520	1.9528239
5.4914156	-4.6458674
0.7379492	0.2128405
-5.4855069	-1.8488299
-3.8923536	-5.1572050
4.2445842	1.4987811
0.6080664	1.8524087
1.1407363	-3.1856743
4.1163676	3.4821224
3.8021991	4.4575950
3.8174572	-4.4335000
-4.2435238	2.1687208
3.7936622	4.6211212
-0.6034384	-2.6033929
-5.4293986	2.1618188
-5.5464446	2.3729524
-2.1856435	2.5687177
-5.3273246	5.0482584
5.1466997	-0.5759728
-0.9846990	3.5042985
-4.0289723	4.4445060
2.4102560	-4.8972995
-3.5153415	3.3404983
4.2185908	2.5881259
-4.7436165	0.8049789
0.9198523	1.0783953
3.4966549	5.3904901
-4.8210060	-0.7527391
-0.8583220	-1.1672487
-4.1910289	4.3263639
-2.2418106	3.3544182
-3.9819731	-3.0984824
-3.2895596	2.2820581
3.4917390	-5.0765146
0.5878590	2.8221497
-2.3102084	4.1584063
-2.5640149	-2.2041513
0.0576718	2.3029552
1.4657188	-4.0372745
-3.2542984	1.8945023
3.0457331	-3.4978018
1.3960968	5.3660783
3.2797253	1.5104173
-1.9629948	-0.5649367
-2.0202216	-3.2984327
1.8265443	-4.9266915
-5.2895494	5.0670804
0.2863856	2.8919753
2.8006211	3.5624383
-3.8465271	-0.6401187
4.6858670	-3.8206669
-3.1354040	-4.0525699
-0.4056841	-0.4572982
-5.5041287	-4.6835085
-0.6042228	2.5461686
-2.5380376	-0.5172961
3.1510047	-3.3383645
2.2149598	1.3991787
-0.9331957	-3.8301579
2.2030237	2.5863468
1.0048955	-0.5016780
-3.8956251	5.0945021
1.7920210	2.2682216
1.0585033	-3.8001761
2.0693607	-5.4280654
2.9185374	-0.7423865
4.2506302	1.4149917
-1.1883463	2.8520859
-3.9558476	2.0632134
5.2755991	5.1285967
-0.1799248	-4.3991335
-4.9499060	-3.5124756
2.1598991	-1.2661667
-2.3575580	3.3448537
3.9475259	2.0311465
-1.2722630	4.3179057
2.0559350	-2.9043603
-0.9877996	1.3228965
2.5880295	3.7662103
-4.9642323	0.0600250
1.1134187	4.1103043
-0.0602819	2.8769171
-5.4005173	3.1090184
-3.7143109	3.6271177
2.4875952	4.4671932
1.8684756	-2.7780645
2.3350118	0.8573126
0.5729862	-2.2653943
-1.1221588	-1.8640247
0.1791766	3.5978033
-1.4117516	-0.8169655
2.9059822	4.9482376
0.4544965	4.6725733
-3.8199213	-5.0718894
0.3949514	-1.9408081
-4.5822827	1.2992391
2.7949750	-0.0387054
-3.6784603	2.8377198
-2.2740745	-4.1243297
-0.1400295	2.0946166
-2.1449689	-5.4482101
-1.1634370	-4.1251216
-3.6248880	-1.8955278
4.7549632	5.2994275
4.6393688	0.7987861
4.8463308	-2.4872399
-3.4434123	-0.6595994
-3.2347947	-2.9824800
-1.9952368	0.5510074
-3.7237242	-5.3084549
-3.8414401	0.8183337
0.8987160	-3.3892932
1.0283878	4.4396023
0.1508671	-4.0451915
1.6065944	-0.2804587
2.1850573	1.7523342
3.9408643	4.8577207
1.1438754	2.2087223
-0.9707013	-3.5125763
-1.1183329	2.1811028
3.1465241	-3.4788178
1.7047834	0.5966263
2.6649384	-4.7086824
5.3933131	-1.9200579
-1.9323430	-0.4317108
-3.6188318	4.3912860
-4.8934714	1.9051823
-4.3634543	0.7747551
-0.1658457	-3.4506306
-5.3957469	-1.2367362
-3.4324188	2.9119999
1.7145607	-2.9865307
-2.6751865	-3.8586998
2.3344218	-5.0314715
2.0852740	-2.0164524
1.8045090	5.1315457
-4.7496196	0.8303245
1.6197143	2.4664632
-1.7703662	0.3662670
-1.6058069	3.7874759
2.8288274	-0.8202760
2.7536827	-2.8077143
5.0582057	-4.8824987
3.4987542	-0.4857576
-1.6916969	-5.1898970
-3.1434731	-4.9984988
2.0497599	0.6617571
-0.7052565	-4.4601413
4.8173320	1.2218843
4.0272970	1.0649182
5.2711973	4.4922648
-4.7553183	-0.8255776
0.9709562	2.6025016
-4.1081857	-1.3311973
-0.0189208	2.3848926
-3.8193720	-4.3362212
1.8761929	4.3109762
0.2322892	2.1763625
0.5923026	2.6494956
2.0411345	2.9693805
-3.1845841	-4.7792780
-1.8817508	3.9607420
-3.8496546	-3.3688964
3.7256249	1.4248983
-4.5414289	-0.3814894
5.4749906	2.7125570
3.3755331	-0.6461916
-1.2190177	1.3791437
3.9930176	-3.6083685
-3.7530458	-0.7792683
-0.4224853	2.2201424
3.4120467	2.3644157
1.4754968	2.1949897
1.5834720	-4.2522997
4.5571368	0.1968662
3.7333125	5.3237947
3.3485290	-0.3153359
-0.2619327	-3.5791739
-5.0710597	3.9321796
2.7479899	-3.3053272
-4.6543172	-2.6542202
1.7703623	2.8433193
-4.1557528	3.0008681
-3.0726982	-4.5890548
-4.2840420	0.2018548
-1.9053594	-5.1426976
2.5582291	4.7137704
0.7187975	-1.7742493
-1.3213934	2.9349120
-4.2319028	0.1925762
0.0578305	5.1379527
0.3284019	-0.9536685
2.9957031	2.0575653
-0.0858610	-1.2268854
-0.9770883	5.3102107
-5.4254873	-5.3108716
0.7133355	-3.2383744
-3.7428610	2.6710583
-5.1141386	0.3612127
4.9492573	0.4946880
-0.1948827	2.6040548
-0.2475839	1.0431677
4.2704629	-0.3747596
4.8847053	-0.9223984
2.6575717	-3.9075993
-0.0565431	3.1685264
4.5510593	0.7026902
0.3049470	-2.4814729
4.2757496	4.8624594
-5.1530981	-2.9286421
-4.1420463	3.9483129
3.2820668	4.7604910
-2.4769978	1.6077756
0.6583559	-0.5128892
-4.6817745	-0.6481282
3.6812352	-0.1796873
3.6730317	-1.5136116
-4.9750622	2.9135633
-2.3858846	-1.4039544
-3.6896372	4.8197014
-0.9684591	-3.9139835
1.1497151	-4.9521630
-1.5797969	0.4398589
2.0836737	1.8994520
-4.4242561	2.0385064
-0.8380260	3.2571565
4.0078382	-1.5776249
4.8032520	5.3545914
0.3422102	-5.0089015
2.0385419	5.3072523
-1.0270325	-4.0845550
4.6223629	-0.1579639
3.6317624	-3.1994346
2.5958167	-2.9601047
-0.0863891	3.5440083
2.3905177	-2.8423977
-0.2362181	-3.1748778
1.9080852	0.1187838
-3.8267914	2.2732471
4.3667109	3.2848392
-1.0556959	-1.3539860
3.7870374	4.1017215
-1.6519950	0.4917413
3.4752629	-2.9946660
1.9084015	-4.3378126
4.8007293	-1.7192527
-0.2544489	0.5744212
0.7173963	4.1728533
-4.6232152	4.4544258
0.8039775	-1.7920814
4.1351265	-4.1661855
-2.2012028	4.6463379
0.3666138	4.7666388
-4.7761174	4.5419580
5.0282460	-1.5717120
-0.6925042	4.4087515
-3.9564917	1.7558057
-0.3762365	-1.5667148
3.4040901	2.7042388
-4.7372117	-3.5694759
-1.6960531	-3.5944880
-4.3951531	1.0595743
3.0668653	4.0018390
2.9042895	3.7594695
4.3671134	0.6996691
-1.3440473	3.3366907
0.5250910	-4.8283478
0.9998624	-1.1741177
-0.5800528	-2.2170098
-2.4260774	0.4772210
1.4128601	-4.1572667
-2.0803861	3.2269614
-0.8066400	1.3228584
-3.9254010	5.0598548
4.7901810	-4.4051661
-1.4833621	4.1432610
1.9538785	-5.0987669
1.0542290	-0.5087945
1.0398353	3.2854118
3.9214080	0.7551179
-3.8536077	3.7141221
-3.1457483	-5.2498894
-3.4293575	-0.1734790
4.0944759	5.1498766
-2.9598347	2.0191478
-0.5625549	-1.0923659
-1.1629612	4.7109107
-1.3999176	-1.2706967
2.7083505	-1.4912230
2.5231763	-1.1508823
2.0466343	2.3533906
-3.6550585	3.4010687
0.1613595	-2.4302194
0.9504726	3.9673784
3.5528732	2.3292597
0.9097557	2.9834361
4.8962331	4.5270859
-2.2365576	-2.3880325
5.2054429	0.1360064
2.7973261	-1.1226996
-0.9201989	-0.4421324
3.4876174	-1.1091711
2.7467840	-4.3607282
-4.0022708	-3.0455707
2.8402062	3.6030051
3.3371981	3.0829655
4.2492615	5.3737101
-0.5302845	0.1381300
1.5335946	4.9326101
-1.2096221	2.4630465
-3.0037012	-3.4029516
-2.2185670	-0.9777837
-4.9511723	-3.0582215
-0.8842485	-3.5690233
4.8698447	0.2387691
-4.6477187	-0.4868812
-3.8746598	1.9742124
-5.3326076	-1.9781605
-1.3726617	-4.2318184
5.3029100	-4.2998823
-4.0482514	-2.7040601
-2.0637628	1.4960556
4.5869050	2.9921561
1.7052729	2.8143273
-5.1859682	4.5934734
3.7593876	-3.7199781
4.7507165	1.0045880
4.5331268	4.8544388
-1.2822788	3.2394013
-3.3224305	1.5180269
2.2112320	-0.6723961
0.6566214	1.8423505
4.2509294	-4.9085907
2.4904411	0.2127294
-4.8188032	0.3024425
3.8701908	-1.2350438
1.5934031	5.2106946
1.6006807	5.4762233
1.4211597	-3.4586447
-2.9310636	-3.5684511
-0.4564647	-0.4157349
0.6426001	-1.5029484
-1.2331474	-4.2293502
-1.9868599	1.3433801
3.1868732	-4.9058216
-1.3357090	1.7806320
5.3238409	-2.6455072
2.4110027	0.7973488
0.5375812	5.0559073
2.8126738	0.6270851
-4.0659502	5.2469552
-2.2963360	4.8160335
2.1410289	5.1908252
-4.6124728	-3.3936670
0.3266691	2.8449398
2.4720648	-0.7098907
-3.5701851	3.3068172
-3.9328662	4.8019120
2.8626280	-1.6224820
2.4163023	1.0953639
5.1864189	0.9662442
-2.3256601	-3.1589186
4.4639775	1.6679773
3.1203440	2.7189316
1.7884233	-1.8969730
-2.6279595	-3.8996562
5.3649909	-4.1305373
4.0272237	-2.8565794
0.3771022	-3.9578822
2.8018301	-1.7884535
1.4002069	-0.6033127
-1.0961096	-2.2484943
-1.5114767	1.5020520
-0.3081117	-2.4991645
0.4708354	0.7021473
-4.6422732	2.6105058
-4.9573394	-4.1922284
-2.7988473	2.6108074
3.6770854	-5.0862443
0.9319101	2.5265129
-2.8624702	0.1054040
-3.1093583	-0.1535569
-2.2513763	-2.9069506
1.2184231	1.3034661
1.7744233	-3.6521627
2.0767403	-2.2320072
-5.2086944	5.3999941
4.4241662	1.0205605
-2.8200405	-0.9541244
-4.3170679	-3.1211865
4.3483686	1.4625919
-2.9342102	2.6226922
5.2810064	5.1327949
0.0350857	-2.9321005
-4.5121955	-1.7387107
-4.3680508	-0.4486126
-3.8900993	2.3009894
-3.2902265	0.2893402
-3.3641201	3.9112563
-4.0690980	-0.9601542
-2.1632461	1.8092052
-5.2653013	1.6018597
5.2755741	-3.8868862
0.9624912	3.2235436
4.5219955	-5.1159980
-2.0471700	-5.5087112
-0.4972701	-3.0562028
4.2008762	1.5221155
-3.7169899	-1.7276476
1.4199894	-2.1499373
0.0691143	2.0321352
3.6984686	3.0360203
-0.7283945	1.2801367
-4.2468020	-3.4564074
2.9827969	-3.1126920
2.9714097	0.1738460
-5.1292243	0.9346901
-5.4311194	-3.5860466
-5.0900561	-2.1306396
-4.1754146	1.3278535
2.7255918	-2.9932474
3.7384410	-1.4762897
2.8120000	-0.4099340
-0.6475689	-2.2102894
-4.1858254	-3.3037670
2.4762896	5.5115261
0.3811583	3.6776128
-1.1331145	3.4877026
3.1279628	2.6711990
-2.7954278	3.5940755
-0.8176260	-0.8256721
-2.2443710	-5.1639653
1.3294139	3.5596239
-5.4062603	4.1029759
0.5306567	-3.4593630
0.4524600	-4.3329059
-5.0675637	2.9760814
-4.4241616	-3.5438390
2.3069375	-3.1842911
-3.9811609	3.9931827
-2.3588562	2.4434864
-0.0291889	-2.4967929
1.0651432	-4.6681464
-3.3485844	3.4995640
-1.7145408	2.7980111
2.8900194	5.2150455
5.4768787	1.7503565
5.2304038	1.0296933
-3.0529688	3.7280369
-3.2959769	0.8899844
-4.8142279	-5.1440815
-5.0328394	-0.2706828
-1.4305874	-2.2454941
-3.3685404	-3.2806854
-4.1416513	-1.0533080
-1.7878440	-4.7694849
3.3594172	4.8910930
-5.1613868	-3.8827276
-2.8047466	0.4547054
2.1748796	3.0558773
4.3314434	-0.0860869
0.9927709	-0.0939225
-1.2380819	-0.6877615
-2.6031680	-0.1992789
-4.2282392	-4.2504577
-0.6345850	-3.5727193
-3.4986347	-0.1789944
2.4163105	2.3593100
4.8705422	-2.2743286
1.0616193	3.8833803
1.8075400	2.9375822
3.2472637	-1.1412063
-0.6956753	-2.1037481
-0.5910629	2.0222849
2.3856095	0.8701578
2.0516800	-1.3869641
0.3291752	5.2810267
1.4350855	2.0786122
2.0269056	2.2189910
2.7947547	5.4509594
4.5379015	-3.0360326
-3.8257687	2.7663811
-3.5770063	-4.0727702
3.2394748	-0.0993583
0.3657554	-0.5063620
5.1823416	3.5009059
-1.6102746	-4.1955704
-2.2702283	5.0452583
4.8487950	3.1302449
-3.3709390	-4.0230117
-4.4569185	-0.9746440
1.4960833	0.1569762
-3.1907192	-4.3019959
-5.0530811	-1.9672293
1.9084944	-5.0316785
0.6205241	-5.0344155
-0.6496934	0.3597167
-4.9622479	3.1823050
5.0420093	-0.6188879
4.5947263	3.2062630
-5.2886011	1.7540576
-4.9158666	-2.1193881
-2.4717488	3.7660437
1.9293647	-4.8489856
-2.9116325	-4.7066543
3.2069394	-5.3659842
-2.7304765	-3.4204195
-4.4414285	-0.3945442
-3.3901227	0.4924167
1.2012560	2.7468876
-0.6706919	-2.5276737
-2.6552224	-4.0795058
-3.3138470	-1.6996797
1.2159129	0.6706243
-4.0087369	-3.1789318
-5.2205902	0.7976385
-1.4414603	-3.7960044
-3.6419532	-3.2309466
1.1805662	-1.8093256
0.4411718	0.1501572
3.7650460	-4.2481910
0.1297640	4.6018076
1.1285281	-1.0687460
-0.2879060	1.9554046
4.3137750	-3.9056179
-1.4212821	1.5882616
-4.5772577	3.6312299
-0.0676392	-2.5286300
-1.9292471	0.7325951
-4.8276504	1.7024851
2.8552495	4.1114131
5.3991183	-4.1808356
-2.6727116	-0.4822306
2.2893569	-3.2362481
-4.8016053	-2.7446656
4.9639340	0.6312161
4.7648383	-2.9246969
0.7126750	-1.1008749
-4.7164662	0.8058453
-1.5544184	3.8514042
4.8955730	1.6563865
4.2119367	-0.7820663
2.0926175	3.6411852
1.0666763	-0.6788173
3.9915817	1.9656234
0.4006258	2.7340656
-0.8396549	-3.2909790
-2.2327299	4.2105584
-2.4953229	-3.6226134
