jMRUI Data Textfile

Filename: dataset6_WS.txt

PointsInDataset: 2048      
DatasetsInFile: 1         
SamplingInterval: 2.5E-1    
ZeroOrderPhase: 0E0       
BeginTime: 0E0       
TransmitterFrequency: 1.2322E8  
MagneticField: 2.9E0     
TypeOfNucleus: 0E0       
NameOfPatient: dataset6_WS
DateOfExperiment: 
Spectrometer: 
AdditionalInfo: dataset6_WS
SignalNames: dataset6_WS.txt;


Signal and FFT
sig(real)	sig(imag)	fft(real)	fft(imag)
Signal 1 out of 1 in file
264.9236200	-101.5975800
473.1696100	-211.9875000
323.0074400	-362.8420800
131.3509800	-431.7471700
-52.3027100	-388.5595200
-174.3623800	-280.4245400
-225.8341100	-144.3952600
-198.5475300	-20.8081650
-122.8612600	51.4573450
-46.4132120	78.1463200
26.4133200	47.0002050
53.7981470	-4.0271765
47.2920750	-54.1659760
13.0340450	-81.2018060
-21.4823450	-88.8780770
-57.1204480	-72.4085880
-75.3653090	-49.6651250
-83.3463830	-32.3974540
-88.0282650	-9.8094412
-81.4176350	19.9657510
-79.4241920	38.8223960
-59.6717540	58.4229740
-33.6930590	75.8376870
-8.8239885	77.5485810
22.4539940	71.9018530
42.7418710	37.8861090
50.4166320	7.4952622
37.3166420	-22.8101670
10.1764850	-42.9528350
-25.1292220	-42.1211040
-55.2367780	-24.2779240
-61.6453980	11.5537530
-51.9958810	47.2588180
-34.6647530	71.6041250
8.1882665	83.8457480
39.3224660	80.7151500
67.1736020	58.2656320
79.5788940	30.0694340
78.2571540	1.7754001
77.2909780	-18.3535690
64.6078030	-40.3104190
47.0056470	-55.2403520
28.3226620	-62.4134190
7.4746357	-59.7503490
-9.4950201	-45.7161490
-26.3335460	-32.9737470
-30.7061650	-18.0396210
-21.6795680	-1.6642560
-5.9345769	7.8255162
8.6256679	6.8310197
17.2986470	-3.7873221
18.4094460	-31.0363640
1.9602120	-46.0419830
-15.4672710	-49.6740000
-45.7562310	-41.8519960
-59.7825920	-7.0330147
-62.9605030	19.6669030
-45.3125290	47.3567550
-9.9657563	71.0908520
30.1247640	59.8993880
58.9515920	40.1483900
67.2924410	2.0078372
64.0237300	-32.8795930
33.7377200	-56.4890190
0.1741119	-67.3554280
-26.9458530	-56.1506730
-42.1511720	-46.5220460
-56.2712330	-20.8053890
-47.4615400	1.4609919
-46.6796580	22.4618050
-29.7475120	28.7331720
-17.6935620	33.8546610
-2.6291013	31.0397980
7.6051853	24.7409030
12.2069930	18.1774260
17.2487330	15.8366700
20.6789820	-0.2978165
10.2189770	-4.9116020
1.3824011	-15.9779420
-13.7448790	-10.9946200
-30.9670400	-2.8998486
-31.5957250	15.5212230
-20.4411110	36.3363340
-7.4481141	48.3532010
18.0429830	48.2880640
36.6647000	35.4547940
47.1913280	10.2214210
53.0324410	-10.4430320
29.4342430	-39.2321290
13.3241140	-48.9446820
-12.1249200	-42.9784130
-37.1489760	-21.8620490
-43.6363260	0.3748333
-26.0714500	26.2863260
-8.2484726	42.8984440
15.8941060	45.2246790
29.1292910	28.7952730
44.0187220	17.4945670
52.5690740	-13.2011450
47.4882490	-27.2350210
32.6159390	-43.8911820
9.9425110	-51.5706450
-5.9359408	-48.7462990
-25.2792900	-40.2948910
-41.9839330	-31.6666160
-47.0048440	-15.8486010
-48.7608790	2.3556997
-35.9177780	21.6133750
-23.4657460	30.9485750
-13.1188800	35.4459150
11.5047120	33.7311950
24.0146590	24.7605070
23.4375030	7.4045492
23.8447750	-4.5143712
7.2790525	-19.8583600
-7.1762479	-18.5227030
-16.8653070	-8.9855359
-23.7264040	1.1798981
-12.4126370	17.7639760
-0.7830106	23.3213980
10.6526990	24.1158230
19.8453130	22.0069610
35.6831020	7.8998877
33.1388260	-14.1958070
15.2041170	-26.8111840
3.1970140	-33.6519760
-11.0409960	-30.3081150
-20.8723850	-26.9490750
-26.2134640	-8.1012410
-35.5526110	0.1096194
-28.3100060	12.7338800
-21.3677770	27.4309650
-7.6073019	30.0631890
0.1573885	30.1411120
14.7590290	29.8303420
27.5688410	18.7993970
25.6353310	7.1311904
33.6857110	-4.0249517
27.7193690	-17.2327110
20.6308450	-21.5618470
11.2863390	-28.0375190
-3.3444068	-28.4659260
-10.2526820	-17.7194040
-17.7000220	-6.1766003
-7.4060819	-0.2958684
-8.6447465	-0.8643655
1.4156671	2.9833375
6.6612961	1.1676118
8.7592338	-9.1756150
4.1758197	-11.3241430
-6.3261941	-21.5271670
-21.2181990	-16.7308350
-24.7129320	-11.5019220
-25.0824720	5.7409115
-24.0832570	14.2376170
-18.1874740	28.4720880
-3.7514635	32.0592740
4.8810011	25.0869080
18.8866520	22.5789960
24.3157150	5.6882556
23.6317170	-0.5982174
25.7256990	-9.2778788
12.0601450	-25.9797160
3.3762638	-21.2104090
-17.0127300	-18.6948870
-24.3996760	-16.5074200
-27.0459620	-0.8932413
-32.3148470	9.8337110
-21.5642560	17.5778340
-18.9153050	25.4386670
-7.1769019	35.1641350
8.7547624	26.1318470
16.6294300	27.4632780
22.6640810	11.2542850
25.8631330	6.6472042
21.6781930	-2.4467135
10.0286050	1.8043352
14.4611330	0.7362728
10.1874890	4.2603480
6.2975002	4.2660556
13.0957900	6.1749797
17.2764020	-1.2837380
15.3213470	-9.1463781
22.6211920	-8.9737180
20.2327900	-16.6480800
7.2888404	-21.0914740
5.1777672	-30.5551330
-8.4804237	-25.2953210
-11.3940840	-23.8073330
-17.3537310	-14.8463210
-25.1856120	-10.2584510
-27.1633950	-3.2045366
-19.8420360	5.7925816
-16.2603340	10.3610780
-5.8398168	18.0638780
2.3881432	19.0972990
4.1141339	7.9829170
10.6526540	8.3020886
11.7205750	-2.1629866
7.2578147	-1.0060787
-0.5390469	-9.9607580
-0.8789391	-7.3879622
-8.3766055	-3.0464495
-9.2382055	-4.2814742
-3.7286421	4.9109892
-8.8240538	6.0706622
-1.9418627	10.3741770
6.5480717	4.1502442
2.8803896	-0.0579234
11.7972510	2.8872403
1.1287942	-8.0780015
4.2289304	-2.3991291
-2.8775750	-10.0021310
-6.6817292	-1.8619728
-7.1909594	-1.7791533
-12.3737370	9.3341365
-3.3589711	11.9496280
1.7389507	15.9560270
3.5721160	16.2655160
7.6092264	18.6949180
16.7980710	9.0984504
20.6411350	0.6605475
23.9050380	-9.1511754
14.4155820	-14.6580100
8.1584518	-13.7213530
6.3756814	-13.3672810
-0.2076702	-20.7091940
-11.9626310	-9.9199483
-12.5132590	-9.4152081
-15.3296100	-5.2424997
-11.6347260	2.9268393
-6.5173920	7.6297995
1.2727030	12.0762450
4.6786461	1.5270720
4.1634776	6.5634189
3.2623008	-0.9724087
4.6710162	-2.2034464
-0.4161836	-11.2812760
2.3818243	-11.2991360
-0.5026221	-10.0353290
-1.2592227	1.6421539
-8.3872733	-3.0690552
-1.9578231	2.4122873
-1.4096789	4.1224163
-4.5915059	-0.6375473
-2.0059729	0.2310931
2.1822531	-9.2881174
1.7142652	-5.0177187
-7.9431980	-5.8487745
-4.4297877	-2.6725434
-11.3539350	-4.9831073
-14.7320280	-3.2690963
-11.9382450	3.0861135
-7.7746194	13.2272370
-7.8449697	17.9392500
-5.5671992	16.7088010
8.5884455	8.6009290
10.3368360	13.6279700
7.9341294	8.9283291
9.3178854	-2.7938150
4.5148144	-3.8414000
-0.5530017	-2.9684991
-3.1688881	-8.4201643
-5.9994385	0.7766183
-4.4743002	-3.1089649
-7.1013592	-0.8358905
0.0956225	4.7154111
-2.2122266	0.5058059
6.1920696	6.1546891
7.2840932	3.6829913
5.0314803	-6.2349996
9.5631434	-4.2536079
6.1265868	-10.9329710
1.1939923	-9.1596493
-6.4657110	-3.5434917
-0.8155229	-4.5971709
-7.1009458	0.0875160
-4.1558994	-3.6961112
-2.4183241	6.7093458
1.6119426	6.0039131
-0.9754206	2.6026598
2.9062453	0.8909991
5.2466073	3.9195386
5.6694372	-2.4219022
5.9297056	-7.2659564
-0.2303699	-9.5437758
-6.3379314	-6.4021534
-3.7566729	-4.9681185
-4.7127615	-1.5211558
-13.3200010	-0.4342319
-6.5814956	8.8906165
-9.5177196	12.0069080
-6.6385044	6.7430359
6.1444010	11.4761510
-0.3167102	8.4946179
9.3123318	-0.5524665
10.7737900	1.8222537
1.3701346	-3.3868757
5.1679753	-1.6192010
-1.6294232	-1.5762531
1.8494956	-1.3182959
-3.6343558	-0.9868531
-7.8331966	1.0703737
-0.2676681	-0.9931698
0.6961514	5.5913251
1.6548863	4.9001738
-5.5783393	3.1862625
4.2859634	-1.6340864
4.9370959	4.0033694
-2.7808651	-3.1697986
-2.1146870	-3.1031277
1.9180781	0.6814864
-2.5398454	-0.3594857
-0.0593067	-2.0909154
-6.3526778	3.9789689
-0.1697608	8.3141875
3.5395260	3.5031086
6.3277584	4.9752307
8.8560122	2.8120670
9.8903779	2.9957043
3.1249981	-1.0765930
0.6063249	-4.3065227
7.0037495	-7.7475811
1.6068847	-8.3356952
-2.7660516	-0.4936886
0.7899181	-1.8864294
1.1310190	-1.5695333
-4.7852574	-3.2450211
2.1931107	4.1178243
2.1769236	1.5428335
-3.5521833	-4.2400796
-0.7139577	2.2017994
0.8293251	-1.4963061
-4.9547742	3.3062220
0.2176439	-5.8741448
-0.5548800	-1.4527148
-0.7711096	-5.2003245
2.4171560	-0.5597059
-4.6224770	-2.9624269
2.0957368	5.3226048
2.9118962	4.9121547
4.1433613	3.9826803
-1.1842489	2.9480734
-1.7629909	1.7190565
6.3196746	-0.6778139
-1.6315488	-4.8504659
1.5561603	-3.0208745
2.4998032	-5.2008620
-2.8515867	3.8369787
-3.9617272	1.2821923
-3.6054194	-1.1419306
-0.4852805	2.9804645
4.1422885	8.4579284
0.8232837	1.6342672
5.7442741	4.6610318
9.1439981	7.7166941
9.3803228	5.9051351
9.5682897	-0.9577833
2.3472671	-0.0616532
1.0465401	-7.7190479
-0.9237125	-4.9440394
-3.7032107	-1.9986959
-0.9235058	-7.2295062
-4.9772062	-1.6185034
3.9150065	1.1955005
1.2498935	-2.4940479
1.8239771	0.5581810
3.5411946	-4.5990330
4.6215237	-2.1174508
-1.8038640	2.2390726
-2.4959912	-5.4836199
0.5816251	-2.4834632
1.8628851	-5.1481284
-2.6592448	-1.5526717
-5.9365536	-2.1080618
-6.0100796	0.3945849
-5.8997727	0.3905744
-1.1209153	3.0583316
-3.0492980	5.0982644
4.2516829	4.6090462
7.8529343	-1.9388863
5.6489266	-0.6497462
0.1262385	-5.1764188
0.0499772	2.4154577
-2.4078110	-2.2071698
-1.9431117	-0.7196646
1.7101417	-2.2705186
-2.3046394	-5.0580366
-4.2691525	4.3886760
-0.5921578	-3.1775802
-0.6411742	0.6150528
0.1395689	4.6435549
4.4506245	-1.4481109
1.7624550	6.1052519
-2.9061169	-2.9852859
2.2592574	2.5036019
5.8940777	-1.1628223
-2.7782896	3.0505028
-0.7730906	-5.1770359
2.6005536	-4.1781349
3.5641794	2.1857789
0.9902528	-3.5474066
-2.4462046	-3.9675770
3.8594774	-0.2969190
1.1552262	-0.2775946
-0.5754158	-2.1992178
-1.2404959	3.2818077
4.4462505	3.6277846
4.0222227	-1.6816526
2.7545987	-5.8446665
-3.7117946	-5.8041880
0.3321827	-1.5093098
3.0319207	2.9565629
-1.6995290	3.5997077
1.1469200	-0.6368239
-2.2014443	1.1705492
-3.3071250	1.2245922
0.3300969	-0.8816841
-2.9171273	3.1213021
1.9803300	-2.9119684
2.5368717	-1.5310209
1.5988567	-2.2283661
-3.2000758	0.3492323
-0.8688259	1.4108463
0.6662599	-0.8262617
-4.3312230	-1.7062181
3.1592312	-1.2047874
-3.1861492	-3.1270457
3.4572262	2.0999253
2.1768954	-4.3139978
-2.3873295	2.7691089
0.3470680	1.7844947
3.1166783	-0.8347298
-0.0879231	2.6507523
0.4050115	2.0668166
-1.9126999	2.6547638
4.5484202	-1.6956568
-4.1618284	-1.6673518
-0.3345238	5.0689112
-3.5518764	5.2660566
-2.9747292	-1.2858542
4.9199886	-3.4520096
-0.9711041	2.3667784
5.0457764	3.9214386
-0.0583879	0.0450248
2.2485918	3.0948398
3.7850555	-3.7812328
2.8889398	-1.0573916
-3.2029182	-2.0847570
1.9320592	2.9103454
-1.4372171	2.8751436
3.4480335	3.9986189
3.3163025	-2.7246730
-2.1694679	4.8637798
-4.3254801	-0.4332468
2.7343917	-2.4469461
-3.5022168	1.2272369
-2.9194076	-1.3502236
1.7245079	-1.0775386
3.7040466	1.3782689
-3.8085352	0.9393107
0.8701572	0.0316881
-3.7510701	-1.2418373
-4.0892040	-2.5069751
1.9747283	-0.6247076
3.3767114	-2.3595945
2.6616068	4.0731644
-2.3517024	2.0303133
-1.4503061	1.7410032
-2.9457229	-1.8422530
-0.9689911	0.2106150
-4.1372809	-1.0743734
-4.1614309	4.9975539
-4.7122987	3.8988383
-2.5937761	-0.8552590
-1.9685450	-4.0109459
-3.6189979	-2.4553638
1.3344645	-0.3555271
-3.3875335	3.0377817
-0.5704955	-3.7138993
4.1290435	-4.6911804
-2.0819016	1.3323430
-2.0379337	1.1313361
4.8571366	-4.2251540
1.0854058	-1.5535382
2.7633389	-1.4418996
-1.6630555	4.7280335
2.2704057	-0.8816683
2.1189032	-0.3065726
-1.6323448	-2.1436404
-2.5311579	0.0045121
1.3512672	-0.6188798
-3.9057246	-0.9257507
1.5003082	3.0279126
-0.2424014	1.9784672
-1.8217530	-4.6079500
-2.0632922	-4.7512572
2.0704244	1.0069013
-3.3168203	-1.4171232
-3.3584566	-1.7310888
4.4910248	-0.7650231
0.5984164	-3.1042364
-3.3877289	-2.6674358
-0.8572625	-2.6312067
0.7013148	-3.5170563
-3.8960001	0.7851259
1.4057926	-1.1219869
-1.8153621	0.0381022
3.5718149	3.2535713
0.2665500	0.5708444
4.4994568	1.5817813
2.6504662	3.4312549
-3.1764389	1.6134525
-3.2788329	3.8435910
-2.4340656	-4.0444731
-2.8488230	2.3441221
-3.5919487	1.2408371
-1.9494559	-0.9181014
-4.5901528	-2.1573370
-3.1139076	-1.2884469
-2.8865363	4.8834420
3.9654619	4.8894905
-2.1661098	-3.8984935
0.9684481	4.4280817
1.3763241	-1.9145492
3.9692784	-2.5477510
-4.9666770	1.4310100
0.6405024	-4.8737153
3.5622073	3.7533288
2.0521802	-4.9691014
4.7691561	-3.5965937
2.2387578	-4.0998531
-1.1396940	2.7577490
-3.8846349	2.4245261
-0.9318098	1.7316898
-2.2051549	2.4169592
1.3125819	-0.7225078
-0.5604349	-3.3337784
-1.7094574	3.6498317
-2.2688214	3.2336202
0.8509387	-4.6860144
1.1805846	1.8732011
-2.2237013	3.4984056
2.6297639	4.4962152
-2.4056312	3.4403755
2.2189095	2.9193824
-3.7007601	-0.3520696
1.3734870	1.0829178
-4.1594297	-1.7099494
-4.8406799	0.9663636
-0.7398035	1.1929444
-1.8389461	-3.5918754
-3.1342769	-2.3530845
4.2202897	-1.8445004
0.7148663	-4.0475177
2.0601858	-3.2517591
-4.2798455	3.5622914
-4.2373748	4.0985847
-1.8125257	1.4044095
0.1014137	1.8643710
-3.4081707	2.4792014
-4.0817870	-1.2915214
0.6681754	4.6131367
1.3859386	-4.9179896
-0.2570374	-2.3700873
-3.9323452	-2.5028912
0.1220716	3.4566223
3.6608672	4.8289192
3.4225404	2.3670727
-2.0558717	-2.7400261
-5.0977041	0.6235598
1.2488404	3.8954310
-4.2077358	1.5187948
-0.9939645	4.4371796
0.1121621	-4.2643256
-2.1385028	-3.1603981
-2.6766206	-1.9238520
3.2926828	-1.9327523
1.6981773	0.1854813
2.0519819	-1.4308541
1.6991663	0.3764747
1.0166924	2.0455027
-4.4605508	-1.2054541
-1.7282900	0.5989853
-0.7202183	3.2304929
1.2170731	-3.2006923
4.8926235	3.0633632
-4.5635038	-2.9798928
-3.8834663	4.8141778
-1.5744409	4.8853254
0.6050679	4.7495717
4.6274866	0.0736725
-3.0215107	-3.7549116
-0.5184878	-4.9843913
-0.3219330	4.6342892
1.5787632	-3.9867578
1.0619398	4.4798660
-3.7803622	3.4867636
0.5403046	-4.8547416
-4.1623628	-2.9727910
-0.5755938	4.1294572
-1.4300584	-4.8237048
0.7489412	-2.6267193
3.6332682	1.1777284
2.2695336	1.6328435
1.5002109	0.8508938
-4.3066383	1.3893701
4.0993742	-2.3861517
-5.0103175	4.5992081
4.6091284	4.9048863
-1.1753338	2.5986669
3.9751110	1.1384873
0.7627818	1.3915435
-3.0485533	-1.1076916
-4.2882398	3.7499343
0.1536146	3.1181661
2.2451448	2.4924683
2.4537256	-0.9995342
-3.4453182	-1.3068447
3.2958608	0.2019103
4.9873414	-1.9436669
-1.3574325	-1.6669666
3.4842763	4.4489037
3.5202465	3.9143715
0.3756775	1.8052379
1.3006800	-3.5434142
-1.4141025	0.4477805
-0.2127047	-4.4937273
-0.8843179	0.8364495
2.8492077	3.9296845
-4.6677537	-2.5753841
2.4623520	2.0383494
-3.7764823	4.8519955
2.2921426	-2.8485143
4.1165783	4.1421990
-0.7521720	-4.2923948
-0.5704282	2.0761174
-3.4503189	-3.0057811
1.7513112	-1.2264566
-3.2237039	1.3404760
-4.4222307	3.7849275
1.7521397	3.7036310
4.8210854	-1.6037630
-1.1462078	-0.6322856
2.9305861	-2.0906187
-2.1620840	-3.8078001
3.7324593	-0.2321871
-4.7609622	-0.9281549
-1.3040971	4.7797094
-0.3733132	4.3591946
4.9840810	-0.7880772
-1.9965373	-4.7077404
-2.2192244	-0.9670298
-3.0757863	-1.0577950
-0.2468634	3.7163409
-1.4863853	1.2919941
-1.7888929	-3.3293530
3.6551589	-1.4232300
-4.6036024	-2.8091017
2.7108908	1.8045907
2.7786072	-1.1372566
4.4066200	-4.7517662
0.4700651	-0.3187644
-1.2143171	-1.2403713
4.4968587	-0.0034947
-1.9741168	-2.4050257
-1.1502627	-3.7990301
2.1956980	1.9025998
-0.0722326	-2.5347149
-3.2436522	-4.5213606
4.1851084	-2.8749958
1.8875009	-1.1016784
4.6995671	0.1837705
3.6678822	-2.3746140
-3.6416835	1.3589626
-1.8040913	1.0723084
1.4215887	-2.1254200
-2.8581975	-0.0533443
-1.2866091	-2.5443016
2.9734347	-1.0455896
4.0546350	-0.5219022
1.7789346	-4.2045467
-2.4644834	-0.7194387
-1.8118323	4.8195640
3.7911632	3.5798587
0.9710599	1.6542032
0.8085674	1.7453999
-0.7511559	-1.7545309
-0.0940813	1.7169141
-4.7825353	2.4394022
-0.8330194	-2.8894463
-0.8321849	-1.1013061
-1.0867341	-2.1897856
4.8379231	-4.5175081
2.3566779	-3.5753096
3.7869216	-1.8509520
4.0469072	-3.6284356
-4.7988031	4.1040786
-2.0355029	-0.6045778
-2.0383822	4.0245111
-1.3178955	-1.5817538
4.6079405	1.8775530
3.7481891	0.3721191
3.8089738	2.9720650
-4.2744746	3.1531482
1.8779413	-3.7036776
1.5452011	3.1092819
-3.9687460	0.2893879
4.5082731	1.2108439
1.1705281	-0.9922701
-4.9306329	-1.4401652
2.8389704	-2.6492385
3.5600043	-0.1768647
-2.7887055	-0.6689493
-2.1813889	-4.2156242
-0.4864890	-1.7657218
-1.9201087	3.8540545
3.6388286	1.1153104
2.9651873	0.6172505
4.9519924	2.8584770
3.2886027	-3.0061151
-0.2416951	-2.0476354
1.0137415	4.6158371
2.3866663	4.5452132
1.2395116	0.8177974
-2.8981055	-2.5106747
0.2460420	-4.9543307
-0.4544752	-0.1646962
0.3399912	2.8078403
3.6137783	4.5122481
-1.6104055	-1.5268913
3.0629236	-2.6074228
-4.5291883	-2.9522041
-2.0094489	-1.9303254
-4.8917206	0.0200901
-0.8791346	1.0356817
4.5653658	-3.3125960
-1.7975368	-4.1223706
-0.0164735	-2.3104712
-0.6046819	0.3355318
0.4392538	-2.7153408
2.5310767	-3.3038174
3.2939241	-1.7445963
1.4090890	0.2626431
3.0378644	-2.9843318
-1.3166716	1.6112163
-4.4774839	0.9964878
4.3138234	-1.9807237
0.1189793	-2.0272085
-4.0901432	0.2439705
-3.0247931	-2.1721645
1.0808560	-2.3607414
-1.3618779	2.0703279
-1.4758947	2.8764497
2.6228216	-0.5118930
-0.0592715	-4.7995491
-0.4462704	0.0055712
0.2108797	-1.3454708
3.8190952	-2.3124681
4.2915260	2.7928526
2.1868386	-2.9111850
-3.3298816	-4.3968460
0.1877421	2.0028555
-0.0592972	0.9686126
3.6722291	-4.0878474
-2.1530972	1.5634881
-1.0124859	-4.5314272
2.4786892	-3.9382234
0.6872227	-1.7697985
-2.6239833	4.9234363
-3.4049141	4.8670048
-3.7036975	1.9116091
-2.8249700	-2.7224525
-3.2781257	1.7591336
2.0816492	-4.8192117
1.0036928	3.3993455
-3.9707010	-2.1984638
-2.5595941	-3.6347632
-1.4839578	0.8224858
-3.8421247	1.3583086
-1.4193157	-0.2958908
2.2298566	3.8538106
4.6567647	-2.8876455
3.7710242	4.9096482
3.2302069	0.6854919
0.4104641	1.3958683
2.2732117	-1.2412733
0.2786039	3.7396785
2.6221721	-2.1842423
-2.4916285	-4.6494291
-0.6416829	-2.6625468
2.1477152	-1.9917362
-3.2027122	1.5740066
2.2904659	-0.8857413
3.0333733	1.1654124
0.1259550	1.3607338
3.2965475	4.3537007
0.2010365	4.2711905
4.5883259	-3.7643042
-2.7579288	4.9803315
2.2095765	-3.0586806
-3.6660080	1.1041765
4.8586715	-2.7812058
3.5876512	-2.4859976
1.7988251	-2.3295245
-4.1888895	2.4371477
4.0563721	-3.5796992
-1.0816452	-4.2194767
-2.0763518	4.3058855
-0.9046733	-0.4276991
-1.0074178	0.8854022
0.1934689	2.8797967
-0.9190186	-4.3465048
0.5711070	2.4120376
-4.4136270	-2.9117762
2.6442972	0.9588083
-1.3031802	3.3908085
4.2590166	4.5875552
0.8372243	2.3997868
-2.6371244	-0.6952594
-2.5831301	-4.8312167
2.2974547	-1.5437516
3.0338843	2.5960832
1.8930836	-2.0954285
-3.5804762	4.1369229
-0.7991179	3.4796296
-3.7104276	0.9545656
-2.9677287	4.0631148
-0.5262076	3.1262566
4.3127666	-3.0167375
1.4086227	-3.9287823
-0.9187029	-2.1365383
0.7299290	-0.9406246
-4.8447317	-2.8784815
3.3122152	-1.0590864
-4.7439219	-0.8400780
4.5713078	-4.5826393
4.8939378	-1.4114258
2.3260124	-1.9226269
-3.5141062	-0.0039170
4.1822611	3.5391258
2.6668775	2.9700248
-4.0906069	2.4151043
0.8035579	-0.4130237
-2.8370354	-4.1490885
1.0503228	-3.2187044
1.4632331	1.4061789
4.8969582	3.1802176
2.2757429	2.6388845
1.8126846	-3.3664973
-3.5525233	4.7427956
-2.2373492	-3.5829829
1.5125525	0.5393880
2.7438779	3.0202165
1.3248923	3.8309406
-0.3794510	0.4017143
4.6994786	4.8529592
0.5937457	-3.4732559
1.8699458	-2.5448429
0.7898782	-1.3519736
4.6974354	1.8424163
1.8916937	-1.3785156
-2.5840993	-2.7021002
0.8763362	2.7395290
-4.8381279	-2.5881665
-1.6870784	0.7159882
4.1905274	-4.4997321
-4.9234238	1.2014927
2.6186955	-0.6472176
3.6599316	0.4563828
-1.2510957	2.5040682
2.1760559	-4.6406517
1.9577905	-3.8284029
2.2756588	-3.1038659
-4.9247507	0.3844525
1.2238235	-3.5788043
2.8383068	1.5321472
-3.9942035	-1.2550807
3.5244700	3.1525331
1.5706097	-3.2222172
-2.2955723	-3.1227021
2.2897311	-2.9619547
0.4268928	2.8731006
0.7486838	-3.7261205
2.2151629	2.3079769
-3.6341302	0.8756497
-3.4588944	1.0260779
2.8996550	2.7853100
2.4923986	-0.6344616
-1.4116189	-0.3889601
-2.2083079	2.9485168
4.5182981	3.5935187
4.8299733	0.3742631
-4.2893330	3.9116943
-0.4006223	-1.8589417
-1.5195566	4.1933268
3.3831680	-4.3690745
0.1294597	-0.4050997
0.8659059	-4.2651303
0.2256976	2.1132280
3.9016923	4.3766369
4.1576836	4.4009477
-4.9900768	-4.5259390
4.4039197	4.3442346
-2.7677841	-1.5678309
1.5247211	-4.4679177
1.8462889	4.8168897
-2.1342982	-1.4870003
-3.1460734	1.9570118
-4.6547141	1.6142303
0.6477734	-2.4067400
-4.3676222	4.6340797
-4.7573155	1.7674650
-3.5970514	0.8754460
0.9799895	-4.6551493
2.1432691	-1.0744047
1.8460230	-2.0063605
2.9491809	2.5144720
4.4918427	1.8593824
-0.6337338	-4.3359619
-0.7395226	-0.6796061
1.8954746	-0.2915858
1.3420104	0.0070932
1.4024380	3.3446324
-4.6825266	1.2469551
2.0942169	-1.6402538
-2.8629086	-0.2867094
2.5099354	2.3602895
-4.2681635	-0.6796792
-0.0442710	4.6078104
0.1291125	-1.1841713
-0.1474489	3.3976124
2.6363825	-3.0298875
-3.9717052	3.1788920
-2.9578503	4.7314231
3.0027546	-3.8265563
-1.5472935	-2.2979953
-3.8546110	-0.4937430
4.3989277	-3.7187342
2.6027510	0.9960924
-0.5747522	2.8292093
-0.8221417	2.0035073
1.2509812	-2.7751926
-1.5087291	3.4093635
4.3721548	-0.2533873
1.5943286	1.9653838
-4.9088418	-2.0174974
-2.8779552	-0.4360111
2.8845965	-3.6418764
3.2690759	0.9050953
1.4476074	0.5188209
-4.9219641	-0.5751023
-1.8241258	-2.7773834
2.3600279	-4.3619440
-1.6819724	2.9367538
-2.0880920	3.6806693
-0.4233219	4.4255580
-4.3159540	-4.6332214
3.4727408	-4.2892379
-1.3252340	-0.8294533
0.4952061	4.4105738
-4.4740866	1.2435655
4.3071541	0.2994150
-0.1872381	2.1259074
0.0397507	-1.8922642
2.7045675	-0.0972104
-4.3902665	3.6422753
2.9060699	-3.0592717
-4.5236355	-2.8063587
0.4814444	1.6791747
3.8499757	-2.5007800
0.7988272	-2.0137702
0.2972375	2.1827624
0.7281219	4.8558999
1.8733614	-4.0057166
-0.1987700	3.5786800
4.4269979	1.6689512
-1.0823424	-2.7279002
0.7239320	-3.4297386
0.1323344	1.7102195
-4.4143421	-0.2554946
-0.1417433	4.5990529
4.6879633	-4.5348466
-1.8200708	3.0484382
-3.0903646	-2.6052198
0.3921639	-4.6665933
-1.8645378	-4.5604999
-0.9890021	4.8987533
4.9317905	-0.7600653
-4.4228143	-0.9889204
-0.1575477	2.8485501
1.1676893	-2.3223386
0.3603534	-1.6770324
2.4617785	-2.5927269
4.6320139	-0.4006103
3.8586557	-3.7222021
-3.4292823	-3.4123653
2.8126321	2.1936899
1.9159408	3.8772369
-4.2605432	3.7911096
3.5599684	-2.6129449
-3.1563642	2.9777615
-0.1666371	-2.2868164
-4.5408562	-3.9949725
-4.2436925	-0.9283754
-1.4367015	-3.3067086
-4.5501770	3.0182382
-3.3904510	-4.8215464
-2.4160274	2.9119252
-4.6020984	-2.7363273
4.1279907	-3.2743801
-3.1954795	4.1465771
1.0424504	0.3057405
-1.7203719	4.1887100
-3.1413039	1.3393609
4.9822928	-3.0715029
2.6050991	-2.6832699
-1.7661169	-0.4558956
-3.2418285	-2.8714954
-4.3156154	-1.1618975
2.7987278	0.4548695
1.5543650	-2.0428522
-2.0199195	-4.7150182
-0.1785136	4.8989523
2.3539120	2.1694190
-4.1137067	-4.6517277
-1.0115721	-1.3876535
4.1278570	-2.0276401
-1.5755976	-4.6477576
-2.6410730	1.9538796
0.4440001	-1.4850189
0.5435205	-3.1102059
-1.6395243	4.6527160
3.6567600	2.8526722
3.3711394	1.9881944
-4.6713365	2.5559551
-2.7970582	-4.5868060
2.9731297	-1.8062102
-1.1786860	-2.0527275
-1.3323757	3.1924767
2.9512726	-3.7640049
-0.3222351	-1.0810165
-1.7894636	2.5442363
-0.0351027	-3.4952148
4.0070160	-4.2834580
-1.9081650	-4.2058983
0.0420204	-3.3573741
2.4455125	-2.3042769
-1.7349395	2.4857587
-0.8542715	3.8831693
-3.0416660	-0.7010445
0.0200008	2.3951004
-2.6831556	-0.0652110
0.0161933	0.5317646
4.0916867	1.6920119
-1.8728876	0.9366214
-2.8429724	-0.4360667
2.9982877	-1.5439623
-0.7823496	4.0450011
-1.3789391	-3.8570670
-4.4214397	1.4107246
1.3608862	-3.9938626
4.4582901	0.6013441
-4.6153809	4.4087820
-0.9091520	-1.2250841
-2.3645483	4.6734987
2.3342949	-1.2237331
-4.3840438	-1.5013213
3.4483565	2.3181620
2.2763725	1.0950745
1.5080351	4.4370864
3.1306053	-0.6559774
-2.3582218	-0.8887329
0.1913918	4.5411884
-4.0716920	0.2596271
-1.0615359	1.5645150
4.1105703	-4.8604939
-0.3646219	-1.9939889
0.3952234	4.2262592
0.0680123	3.9809066
3.3276076	-2.6690377
-4.6091102	-1.8433434
-3.1820318	0.7772171
-3.1270812	-2.5507022
-2.7826060	4.2974981
1.2578519	3.4198234
-1.9889016	-0.0798056
2.7593774	1.6980395
4.6743316	-4.2685269
1.8507176	1.7780217
-4.7962172	-2.3294273
0.4373543	-2.0503490
1.1443490	-0.7155561
-2.4055876	4.7239729
-3.6189750	-2.2830607
-0.4636809	0.1423923
-0.7152798	-4.0476005
3.1134311	2.1934573
1.1687002	4.0548765
-0.0341575	-1.2122056
-0.0878814	1.3417761
4.7751504	4.2967860
-1.8026373	2.5352689
-2.8715495	-3.6286376
-4.1456273	2.5222306
3.2638644	2.2113818
2.9803986	1.7314832
1.0980002	-1.8716603
2.8747999	-4.8556517
-1.2803165	1.3592173
4.1987919	-1.7608953
3.7966995	4.2107752
3.4225473	3.2891857
1.9973766	1.6210812
4.8040604	-2.7190645
-3.3294571	-1.2383724
-4.2924560	1.3382505
0.3359265	2.4973797
2.9135176	-1.5800174
-0.3111663	-1.5579764
3.0201755	-0.1920216
2.0085385	2.4657617
3.2886152	-3.3602438
4.6966597	0.0026524
2.2854577	0.6336478
-1.8025336	1.7949748
0.2076199	4.8973231
2.1742828	-4.2405025
-3.0819006	-2.8892430
1.9416029	3.5529414
4.9338188	1.9500289
4.7924099	-4.0171909
-4.3308507	4.8867558
-1.4134685	-4.2998199
-3.1897371	-3.1861395
0.7748445	-1.5159748
-1.2111315	1.5383632
2.2319056	0.1029873
-1.8142022	1.4240114
-3.0364920	4.9832547
-4.9893001	3.9041006
-1.1125209	-1.4843854
-1.1710593	-0.1521050
1.6874698	1.0595346
-3.6621579	-4.9637296
1.9907803	-0.5905210
1.0757212	-1.9098547
2.7614177	1.3382613
4.8986865	-1.7418552
-0.8004566	0.1492263
0.4570092	-4.8394365
3.3050194	-1.4956463
1.4941850	1.2613192
-3.1608037	-1.4652562
-1.9378075	3.5616423
-3.5331546	1.1811803
0.4345739	-2.6433861
0.4985968	-0.3926487
0.6263521	0.9200313
-4.0709151	-3.3719311
3.0622671	4.0326775
-4.9019965	-2.0218160
-3.1877497	0.5813683
0.4066033	2.7904695
0.8421895	4.2218577
2.7522802	0.5077091
3.7443103	4.8777801
-4.9105887	-1.2887800
1.5083183	-0.1863420
-1.3560240	3.0437879
0.4664890	-2.2215921
1.5643248	-4.5838221
3.5826201	4.2887000
-4.1435383	3.9070437
-4.7083891	1.5395745
1.9019381	-1.2430229
4.2424545	2.0127623
-2.2257311	2.2621386
2.6278629	-4.8101586
-4.9108671	-1.2365254
1.4677549	-0.4809902
-3.3337302	1.3000693
-0.2977628	3.4573371
-4.5799191	2.2871430
-1.7079756	-1.5569003
2.0055865	3.9126888
-1.0358294	-0.8093305
-3.4856174	3.5837254
3.6752086	-2.2543315
2.8273449	-2.3756073
-3.7058817	-4.2007315
-2.8461216	4.3310410
4.6415281	-4.5908510
-0.0063002	3.5877691
2.6618834	3.2467422
3.6759512	0.7637539
-1.1333213	2.4381853
0.6761700	-2.6230340
-1.4346968	2.2364078
-1.3003040	-0.4147055
-1.5860014	4.0629406
3.3583443	-4.2750679
3.6796891	3.1189740
2.3470908	2.7891604
3.9660700	0.1780777
-2.7942130	-1.3892737
-4.7926587	2.7869588
4.6426340	-3.1744424
4.5872197	-0.4531932
0.1873734	2.3535899
-2.8511951	0.9102584
-2.5798744	-4.0799239
3.2545984	-4.3014165
-4.3731170	-4.6836067
-4.3276880	4.1820875
4.5131559	-0.8079359
0.3986661	1.5482350
-2.8873468	2.0855009
-3.7814215	-0.5076603
-3.3662280	4.2470363
1.1620690	-3.7541664
4.9570717	0.7358441
1.9254033	1.9781133
-0.4026384	-4.4112699
3.5419106	-4.4509990
-4.2182401	4.6091746
-2.9587814	4.8571262
0.6951927	4.9924809
1.4625806	0.8352798
2.7549624	4.8470083
1.6284773	-4.4114079
-2.2521504	3.7412490
2.0741250	-3.2111616
-1.3531883	0.0386749
-3.5802887	1.0854961
-4.6538957	-3.8724066
-4.8237660	2.0208535
1.6027738	3.5703287
2.7055089	-4.5729258
3.5192680	-2.5167837
-3.8498894	-4.8883156
-2.0789530	1.8063549
-3.7528196	-4.3069800
-0.3938910	-0.8234029
-4.6914938	-2.7535222
-4.0271252	-2.8088648
2.4589502	-2.0210998
4.0283559	1.9875284
-1.5171256	3.4381744
-1.7486987	3.1598696
-1.4021033	-3.3001799
0.0795636	-0.6646817
0.0187689	4.0245351
0.1981244	-0.6324528
-1.1453781	0.6385857
-2.9644800	-4.6683933
1.6391258	1.9920273
3.0823159	-0.9120930
-0.9712669	3.5282271
3.6525527	2.0852311
3.4361757	-3.3401119
-4.1798669	-1.8874241
2.9822967	3.3960295
0.3615844	1.0404345
4.1605402	3.4911424
-0.8650084	2.7067510
2.9345480	1.0883585
1.9215540	-4.9367021
3.6699892	-0.0437001
-0.0180974	-2.7816952
4.2084504	2.2852085
3.6718807	3.2817464
-0.2502365	4.7595647
-1.3286987	-3.6162520
-4.6679748	3.1414556
-1.2368746	1.8698443
2.5209261	2.5681673
3.1017243	-0.1399565
-1.1073495	1.1290740
2.3491537	-4.6285057
0.2413249	1.9141729
4.3451865	-4.1722109
0.9757035	-0.5163014
3.1286459	-3.8625903
-0.5956660	0.0642380
-0.5058877	-0.5965951
-1.1621702	4.9746360
-0.2160863	-0.7448639
-3.3532095	-2.4477917
4.5506972	-4.2650820
2.3835347	-1.4806611
-1.3473454	-1.3913904
-0.5761067	4.1306763
-4.7500564	-3.6433725
-4.3012905	-0.4318708
-3.8823479	4.2413399
-1.5115204	1.3704044
2.2057892	0.5347818
2.8606942	0.4769369
-1.5789433	-4.1632510
2.6350957	-4.2206674
-2.1842694	1.9273772
-4.2775319	-2.5950581
-1.4186799	-2.8687602
-1.2826070	-2.4004261
2.3818720	-0.5371342
1.0506882	-1.3473146
-1.2721155	-3.5457180
-0.8674435	-2.6702862
4.4122010	4.2397102
-4.1863006	-4.6506309
-4.2717067	4.7753550
3.6682520	-4.6430862
4.3326926	0.3817358
-4.9521049	3.3827593
-3.5843841	-2.8246123
2.0516050	1.4892068
0.8600219	-2.0368210
3.6632841	-2.6363861
2.9867087	4.0866790
-4.2902787	4.3292567
3.3341123	-0.3114938
0.7974134	-3.6880373
-2.2547307	2.4903256
-1.0761921	4.3294086
2.7669321	-0.8313827
2.4553780	4.3422085
-1.4691120	-4.2156574
3.2855001	2.6411885
1.2863416	0.9459084
2.1859016	-3.1332850
-3.9760537	-4.7857270
-2.2459700	-2.3541104
1.7599246	-1.8588235
-3.4709815	-3.3617994
-1.9776778	2.0908825
-2.7338462	1.3468624
2.7100494	4.5953917
-2.9239305	1.2084046
0.5786131	0.2059039
-3.1262762	-1.1708105
-1.6643254	-4.5249167
4.0765770	-1.3390289
1.5169955	0.3422626
-1.4094104	4.7071082
-2.7755734	0.0224141
-2.4641428	-3.8026652
0.1468579	-1.5446355
-2.7484413	-1.5324634
-4.9714159	-0.8799114
1.8797433	-1.2301652
-0.7664423	3.7547102
4.7385725	0.8734460
-2.2754953	-3.6848199
-2.7834519	1.1022920
-1.3620191	1.5419129
3.3932993	1.4993324
3.6833722	-2.2793481
1.7130803	1.6180796
-1.9758513	-4.4822076
4.8804184	-0.7534382
-3.5210797	-0.4801583
4.0439032	1.5094730
-1.2935288	0.8491573
-0.0821626	-4.2586054
3.9459070	-4.1262969
2.0252470	-3.2481471
-0.3697009	3.3313343
1.5577775	-2.5381092
-2.3078412	0.5987259
4.9763888	0.7524867
1.7113581	-1.7409568
2.4971384	4.9402894
-1.4377246	2.3045264
2.4773964	-2.8168706
-0.7550622	-1.3063421
-1.0518672	0.9398923
-2.8155072	1.5901491
2.0282582	-0.2171017
1.4010457	0.2699394
-0.7152601	-0.6231610
4.3499692	-0.7860253
4.1856671	-4.6900928
1.5143962	-2.9399105
0.9250936	2.7828442
-0.8644929	0.8978170
4.9474136	2.0294504
-1.6767768	-4.0279373
0.0348453	-3.9730202
0.8464291	1.4980604
-4.7340358	1.4117844
-4.1888598	-1.5437267
-0.5058899	1.4828342
4.6707178	-2.4122261
3.3928921	0.9694915
0.6231018	0.9771557
-1.4126648	-4.4146514
1.3895047	-3.5202813
-0.2710693	0.3823494
-3.9900986	-4.3168400
-2.8106682	0.9593152
4.3040935	-0.8887657
-1.5119700	0.9930532
-2.1796859	-2.1472761
3.1442205	-1.5588532
-0.4848829	3.0306192
2.7335491	-3.5431890
2.4131405	2.8172091
-2.0942864	2.1069846
-2.9289949	4.4450825
-3.8894154	1.8463309
1.3493455	-3.3232203
-4.9668978	-0.5542242
-2.0872092	1.2348692
-3.4724599	-3.5034466
-3.8375658	1.7979544
1.8140121	-2.3309334
3.6361928	4.5490495
4.2024104	-1.5644744
-4.4078060	4.2053942
-4.7896306	-3.5261216
-2.8421916	0.7792994
-2.0895772	-2.6932576
1.0181550	-4.8076775
-3.8567400	2.2114253
2.3475950	0.2508882
-0.9231678	1.8309552
-4.2876143	-4.2051876
-4.5208295	-4.3992625
-0.7517775	2.4092239
-4.9877058	-2.5546584
2.0482742	-0.9967856
0.1358371	-1.2554594
-3.9057036	-0.1009804
3.6884207	-1.3137819
-1.1581295	0.7979139
-3.6992116	0.2738183
1.1645782	-4.1611310
2.2149851	-4.9842285
1.2680716	2.7366928
-1.9672765	0.7078929
-4.7224214	4.1679036
3.2418114	4.9464107
-4.6079914	-1.6290666
3.6999365	-2.3278960
4.5119284	-3.0549130
4.1707480	-2.4017377
2.5768966	2.9282662
0.6509116	1.2426529
-3.4688458	-4.8077403
-4.5957264	2.4707666
0.3751650	-1.6953471
4.8357568	-4.3202612
-4.3925620	1.6984995
0.6819163	-1.6331463
3.2160165	-4.1219347
4.4346908	1.3747579
4.3348910	-3.2646950
3.6485174	-2.6670358
3.7599971	3.8943089
-0.8493834	-3.6300817
0.4958348	1.8977408
-2.4877430	-0.1505548
3.2887275	-2.4869016
-0.9022134	-3.3573110
1.3156939	2.7054667
2.9766300	-3.0188638
2.4384828	-3.7470321
3.6247904	0.5630655
3.5571919	3.1137128
0.9815267	3.6480081
3.5457541	3.7209061
-0.7395976	-1.8983140
-3.2710434	1.9487774
4.1743768	-2.8725512
1.3684523	-4.2585274
0.1121162	-1.5285559
-3.5212662	1.7966303
1.4095712	0.2212874
-2.5445482	-4.5496755
-2.7049595	-3.5544805
-4.7479379	-4.7110351
0.6222743	-3.5037267
-3.2215170	-3.7050061
-1.1946777	0.0388113
1.5229390	-0.7219569
-1.8425491	-4.6687750
1.7633060	-0.7058150
1.0413514	-3.2642767
-3.4575707	3.5863681
4.8694115	-1.8268466
-0.0760820	-1.3117711
-2.6726191	-3.8185553
-0.4572944	-3.0999186
-4.3092223	4.1137472
-0.3467915	1.5222614
-3.0250824	-2.1828865
0.4931137	-0.6125242
4.1215971	1.8515113
4.0041316	3.9633322
1.8355172	4.4014476
-4.8171414	-3.8382133
-3.1651883	-4.1951885
2.8660240	-0.3589255
1.5856994	-3.6946697
3.4034789	-0.1990078
-3.5709195	3.3373293
2.7856570	-4.1183935
0.4950820	-4.0990769
4.0363581	-1.8153888
-4.4722302	1.8597493
4.3984308	-2.3198638
0.5301954	-2.7708180
3.0824811	1.8147707
3.3691253	1.9426130
-2.9829241	3.5258694
2.1896864	2.3872618
2.9228199	2.2982546
3.9150554	-1.1219568
1.2963029	-4.2610798
-3.9282120	3.7852807
-0.5071310	0.0043892
2.5898997	0.6329139
4.9894246	-4.2568811
-3.9794803	2.9887257
0.6102031	-2.1744336
4.5726250	4.1282456
2.7349212	3.9240711
-0.7553199	-2.9501907
-1.3673147	4.0687697
3.1293605	-4.7062070
-1.3109623	1.4442813
-3.1047037	4.4981986
3.4360255	-0.8003338
-1.8973389	1.7576608
-2.8719804	-0.6603118
2.1392575	1.6805297
-3.2225332	2.1447976
-1.6862122	0.9783457
-1.9732292	-2.8070751
2.5970536	-2.6796045
4.3732293	-0.3464353
-2.5928844	1.3358097
3.2842534	-1.6495353
-2.1030793	-1.7678127
-4.4454673	-1.1343347
2.1040739	-2.7935999
-2.0215931	1.2862763
0.3691586	1.9810645
4.6754616	4.9995251
-3.6548775	4.8614157
2.5766986	3.3829637
2.7882996	-4.0986106
-3.9895707	3.0268551
-3.2915205	0.7409389
-4.3072732	-4.5810828
4.2129461	1.5189772
3.2588003	3.6704858
-4.1151520	0.4068300
-0.6808110	1.2827800
-4.4558725	-0.3068800
0.9688221	3.3882269
-0.3548425	-4.5118475
-2.1696923	2.5388533
4.7465935	-1.8178633
-3.2409795	-4.1678152
2.4876742	-3.0317352
-2.0258131	-2.5813752
-2.3683059	-0.4384159
-2.5491394	-0.9604607
2.5449100	-2.8359985
0.8822891	4.3399247
-0.7979887	-1.5321855
-2.7873348	-4.9320565
1.1023635	3.3833143
-3.3825937	0.3594457
-4.7015126	-1.9791273
-0.7256819	0.4035587
-2.3852380	-2.2663708
0.6398419	2.9130769
-3.6533141	2.7544620
2.5202336	3.1944262
1.0403610	-3.2430377
3.2903381	-4.9429852
-1.1579015	1.0524833
0.5624886	-0.8191670
3.5335169	-4.3772999
-2.1453373	3.1187863
-2.2140518	-1.7854514
-4.8338938	-2.1290826
-1.7285603	4.8581528
-4.5840495	1.7819862
3.9915734	-3.0056244
-2.7803000	-1.5633381
-3.0704196	0.4424463
1.9306403	-2.5931744
0.3709567	3.2660972
-3.5527462	1.3933149
-3.2099916	-2.8350943
-1.3105079	3.5808221
3.8900188	-2.6787910
1.7292844	1.2471563
-1.6906299	1.7515435
0.6395842	-4.9792230
3.4964207	-1.8325412
-1.3961722	0.3402789
-4.2349315	-3.3909783
-1.0259826	4.6514443
4.2415203	-2.1768580
-0.0909604	2.1102842
-2.6647176	-4.1787589
-1.4151161	2.4397067
1.1955072	2.0476050
0.9410745	-1.7823990
-0.6281409	0.2186849
0.9750251	0.6729587
-3.4302568	2.1836331
4.1959640	-0.4541240
-1.5227694	-1.6455714
-3.6769601	-3.5722507
3.1871737	2.5642645
2.1399169	-2.5318195
-2.6763939	0.1140592
-4.3581639	-0.7887907
-2.0917514	-3.2875627
3.1139756	-4.3978146
-1.7456506	0.6640149
-2.3168698	2.0430097
-2.3294123	4.0555620
0.2733892	0.5734336
-4.4961244	2.2998048
-0.5283952	-2.0754573
-2.1377954	-3.7182086
-3.4293545	1.7893870
-0.8655287	4.0725077
1.5639449	3.7063473
-3.0410291	3.2265533
-3.4087993	-0.4226654
-0.7544610	2.3672348
1.9771158	4.8069501
-0.8608794	2.9849737
-0.5106458	4.7919814
4.6030863	-1.9292902
3.0202437	0.5345595
-0.5964771	-0.4508739
-1.7023795	-4.7031864
3.1843086	3.0367404
1.3161842	2.0137344
-0.3978388	-3.3925452
-4.3258175	-4.8344624
1.7894745	4.6054394
-1.7728136	1.0768680
-3.8029436	4.8798542
-1.8252168	-1.3186587
-3.7725125	3.9907401
1.4187881	-3.3470589
0.0570613	-3.2740057
-1.9231766	1.3021122
-1.9599754	-3.9576234
-1.9356426	3.9276859
-1.7698374	4.8293564
-3.0200518	-2.3776335
1.8926947	-1.0492670
3.2783828	4.7003495
-4.3361639	0.0343646
0.7578332	2.2733361
-2.4655581	1.0408160
3.3595520	-0.0122591
-2.3937536	3.3699866
1.4040444	-1.7810146
-2.0678089	-1.7514710
-0.4824973	0.9673541
1.9623969	-4.0842545
0.7299417	3.3279291
-1.6615521	3.4127963
0.9257860	-4.7892575
-0.9265756	0.2590170
2.8616060	-4.3336584
4.6064903	-0.8101942
-2.9345089	4.2288378
4.6996231	2.2407309
2.7796871	-2.4249979
3.0668036	0.6169527
0.7289658	-4.5276401
0.2195135	4.5556171
-3.9310979	2.8028572
-1.7132802	3.0352614
-0.3454857	4.6545054
0.6596968	3.8791763
3.1464638	2.8942334
-1.5923172	-0.2925152
-2.8439663	-4.0502505
0.1785316	-3.8348287
-0.2096926	-4.5431918
2.5037619	-2.5784219
1.8612202	-0.0647175
0.9292045	-2.1421915
-4.8255116	-3.1581188
0.3741030	0.1523696
-1.1008867	2.0835275
-1.1957285	2.0479685
4.4291659	1.2708059
4.0333099	4.1638493
3.8648077	1.5940967
-4.9680042	-4.6597537
4.9098696	-2.7501334
-2.8487992	-1.3633997
-4.8174378	1.0162725
-1.4856091	3.8429497
3.0232251	0.2575170
4.5982940	-0.4205267
1.8282811	0.8004714
4.9839814	4.2917517
2.3012412	0.6403243
-2.1767972	3.8407654
2.5476411	3.6520674
-2.4760330	-4.4979862
4.5040922	2.8717075
-0.4907702	4.1959767
-3.6737855	-0.8320094
4.8424496	-1.7196908
-0.9909744	2.1836229
-3.8046235	1.5433020
-4.0574477	-3.2846157
-1.9324715	3.0403716
-3.4774451	2.1865907
-1.9769934	-2.2599035
-1.4956191	1.6593767
4.4493589	2.3406912
0.5712710	0.3644714
4.8226131	3.5789097
3.1551044	-0.0690354
-0.4275296	-0.5446765
0.2117436	2.7979634
-2.9686885	-4.7894974
-0.4608648	-2.8433606
2.3124602	-0.9257796
-2.0230198	-1.6374280
4.2963417	0.3652055
-2.9227505	0.4745629
1.3118350	0.7224235
2.0984493	-4.8163369
-0.0331231	1.6407513
-0.7544424	-4.2254706
-1.0954151	2.7578724
-3.3188471	0.9207249
3.4014445	2.8933177
-4.8116863	3.5232321
4.4843901	-1.9287353
4.2704171	-2.7610927
-4.6088750	2.6907599
-2.7552372	-3.1754497
2.7098090	-1.6738441
-2.4465787	4.1486685
4.6168714	-3.2507647
-0.7603097	3.0592273
0.0853923	3.1424648
4.4888118	0.6384026
-3.8351861	0.1979165
2.7489557	2.0787466
-2.2457989	2.4415464
1.7335405	4.6122026
0.1097660	-3.8262805
-4.3965171	3.2041369
-3.8201965	-2.7552510
-1.4425462	1.8114826
2.5415554	2.5075264
2.7651501	1.9037921
-3.0930788	-2.3705722
-1.0933720	3.3383069
-4.4176719	-4.8014405
0.7051371	-4.4472351
2.3403187	1.2166745
1.7738095	-2.5879659
-3.1258075	-4.6916867
-1.9122032	-3.7555435
-4.4687800	-2.9871942
3.9120210	0.9102198
3.4282975	1.3652275
1.8452032	-3.8540614
3.3258016	-0.9488595
-2.3415981	-4.1471017
1.1245439	-3.9198162
-3.5538888	-0.4024093
4.8528358	0.4092480
2.8178353	-3.4352431
-1.6150268	2.3499897
3.8321064	3.3998364
2.3554770	-2.8274242
-3.0306699	-0.3631016
-3.3989611	0.2489095
4.3349717	1.6842201
-2.8577069	-2.1737806
3.8809521	0.2451650
-3.1194894	1.8894977
3.7937500	-3.0974917
-1.5451049	-4.5257833
-3.1516380	0.6865727
-3.3451645	1.3036054
3.1961330	0.7829279
3.8605195	1.2091267
-0.9562051	-0.7656813
-4.4574228	4.1128027
2.8516895	1.0125820
3.4288429	4.3567824
-3.2771330	0.3626530
4.4157888	3.2122782
1.3181556	3.0172475
2.6542239	0.2527234
3.6906013	0.8151522
-4.2859123	1.8787852
4.6124735	0.8205838
-3.4060306	-3.2614389
0.7455989	1.7605753
3.2740074	-0.7262298
-1.8594580	-0.3751298
3.0380343	0.0165318
1.6329495	-4.4394081
-2.6647447	1.8339529
-3.5940179	-0.9627925
3.4498175	2.0080304
-3.4047295	-1.2887097
1.6432037	-0.2186879
3.2193710	-1.7968122
4.4932678	0.5787334
-2.2349303	1.7719516
-1.0274710	-0.7506316
1.8387064	-1.6319564
0.6363170	-0.8972216
-4.6528378	-0.4926735
-4.3489402	2.6694717
3.3400879	-2.4935307
3.5161326	0.7364829
0.9950819	0.3091865
3.6995102	-3.0392173
-4.8710086	0.9536769
-1.6260286	-4.8417009
4.7476126	1.0221607
0.6500372	1.3420267
-2.1045011	1.6621139
4.2632631	3.1507876
-1.6672622	3.0937685
-1.0849252	2.6582807
4.7377268	-4.9054496
-4.9886060	-1.0257316
3.3220842	3.9806769
-1.7897182	-4.6799620
1.0115373	3.6170729
-2.4558514	-1.2515606
-4.8794176	3.1393205
-3.0651396	-0.6949804
0.7552130	4.9878854
-1.0533081	2.4007946
3.0234982	0.7910081
0.8581582	0.7630134
-1.6678552	-4.2965115
-1.9763738	-4.6764017
-3.5292856	-0.2720114
4.0029008	3.1506839
1.0695468	0.0588629
2.8578763	-4.2384058
1.3927412	2.9704268
0.1003436	3.4802609
-2.5587454	-1.2325875
-4.6595001	-3.0051034
3.0539479	-1.7570302
-0.0168349	0.3932855
4.1105953	2.7643894
-4.6345475	3.1998877
-0.6406278	-1.2008886
-0.4260125	-3.7764837
3.9245696	-0.9213669
2.2746669	-1.8138318
-2.6085661	-1.1528374
-2.0979926	-2.9010199
-0.6635341	-4.7601552
3.9513706	0.1969384
1.5479861	0.3835615
-4.9450540	4.2068983
2.3616999	-4.8769623
-4.8380481	-0.1313552
-4.9218589	-0.6550601
-4.8149786	4.9808701
3.2225233	4.9488569
0.9397163	-0.3879495
4.6339825	4.6480553
0.3612535	-3.2471940
-4.9594064	0.1890639
-4.9867186	0.9345525
3.1533131	2.9976014
-3.0730432	-4.9491589
-2.7767271	-2.4420623
4.8653922	-3.9629652
2.9409681	-3.0652660
1.2100571	2.8432974
0.1323544	-3.2503290
-1.6953798	-3.4227368
4.1970279	-2.6529861
4.1074415	-3.1047388
-4.4607688	-1.5623060
0.3248477	-0.1422301
0.1187628	3.8018821
1.8551886	-1.3783745
2.2367657	2.9552959
4.0758435	1.7173606
1.4114052	2.4879379
1.2147111	-0.8242588
1.1255613	-1.7657850
-4.5005500	1.7486874
-4.2321622	-1.7716484
1.9315281	-2.7726441
3.8051680	2.3943291
1.9425651	4.5042805
-0.2623778	2.5847090
-0.8013367	-3.8332789
-0.5736514	0.3126866
-2.5883815	0.2971364
4.5289065	1.8390888
3.3913194	3.9048198
-2.2077618	-0.6063780
-3.1998189	0.5126889
-0.7659967	-1.7230267
-1.0110827	0.7922028
-2.9821746	-0.6969984
4.2054725	-4.4749492
3.9797398	0.9528504
-0.2624875	-1.0429396
4.7647973	1.4995393
0.2086795	1.4920292
-3.7202478	4.4636070
-4.8245447	-0.2596886
-4.4934500	4.5785504
-3.4624097	0.7742743
4.6893852	4.3482605
0.2946303	-0.0696606
-1.0239139	4.8962399
3.9960396	1.7925452
-0.8035047	-2.8969845
-1.0387067	-4.5431929
-3.2605463	3.2937375
-4.5012193	-1.0202690
1.6423643	-4.2758631
-0.1886408	4.2936984
2.6701196	-0.7604226
-4.0541938	4.7246408
-2.6273172	-4.4436352
-2.2618996	-2.6696189
2.1476594	0.7979075
4.2323963	1.3425507
4.3529649	-3.2420686
-1.2535750	-4.1807991
0.1392782	2.0951730
0.0994155	3.7633943
-0.7784434	-3.6477090
-0.5109491	4.3052926
-1.2856894	0.3975233
3.5027000	-0.7332770
-0.4494989	-4.7519552
0.4928632	-2.0456855
0.1442518	-4.1070385
4.0290932	-1.1300611
-0.7023178	0.1087554
-3.7980488	-3.9387499
-0.6626629	1.6934261
-0.0411832	-3.3980434
3.4217485	-1.7527822
4.4467410	3.5125782
-2.3167013	1.4864099
3.5542598	-4.5390181
-3.6582932	2.0407067
-4.3185427	-4.6414185
2.2946941	-0.6713997
0.9771174	-1.4355999
-2.2203003	2.5972168
-1.7813948	4.3568997
-2.3155347	-1.6237103
-0.0496391	-3.6986674
-1.4812665	-3.3324559
-2.6772031	-2.7808670
-2.2319975	3.2502647
-0.3677620	4.7851471
-0.9508169	-1.0437677
2.5274668	2.2843372
1.3366601	1.7903360
-4.1910116	2.1435628
-0.5540173	4.0533563
-3.4253135	0.6025710
-3.6300999	2.3245712
-1.0398180	-0.1312599
-4.9284699	-1.0286501
0.4800837	4.4004274
0.0377015	4.9629263
2.0087540	-1.4317096
3.6609277	0.5537434
-4.6564604	3.3192302
-4.3903398	-3.7799407
0.4977294	3.8056697
-0.4588362	-1.3685050
1.2460716	-2.3683679
0.3883870	3.0528605
-3.0065641	2.7733937
-3.7580238	3.9039592
-4.1207335	-1.9148375
1.1202254	3.7455562
-2.8808810	-4.1276251
-2.4821344	-2.7868942
0.2439202	-1.0208379
-0.7879032	3.7970463
-3.6048371	1.7110505
-3.8724558	3.2779975
-1.9745339	1.7210801
-4.0962021	-0.7438001
3.2267604	1.3890923
-3.1515097	-1.8603476
3.1275491	1.7120239
-3.5787792	-4.6196276
-1.3258503	-2.9703972
-1.8586496	-4.7581704
-4.5719179	-0.7373877
-3.5454838	-2.8697721
4.5328429	3.5711888
3.1969912	3.9990182
-2.1519720	-3.7884875
4.8754499	-4.2742964
-4.8216657	-1.4459995
2.5503289	2.7977535
1.4876450	-3.7754978
-1.2927967	-1.4506263
-1.8177175	-4.1027266
-2.6445410	0.5308144
-2.2585980	3.3494413
0.6658830	1.8403407
0.0960531	1.2296650
1.6050370	-3.6364201
0.6131329	-4.8016232
4.2536667	-2.8365115
-1.8532025	2.4815069
-0.2098898	-1.4665873
-4.4070123	-4.4371847
4.9646023	2.4330580
2.6510670	1.6262314
0.8210950	-2.6510506
4.7097005	1.5612268
-3.0859743	3.0238912
-4.7536698	-4.4738185
-4.1999491	4.4036427
4.0625283	0.7697450
-2.3824158	2.7488209
