jMRUI Data Textfile

Filename: dataset22_nWS.txt

PointsInDataset: 2048      
DatasetsInFile: 1         
SamplingInterval: 2.5E-1    
ZeroOrderPhase: 0E0       
BeginTime: 0E0       
TransmitterFrequency: 1.2322E8  
MagneticField: 2.9E0     
TypeOfNucleus: 0E0       
NameOfPatient: dataset22_nWS
DateOfExperiment: 
Spectrometer: 
AdditionalInfo: dataset22_nWS
SignalNames: dataset22_nWS.txt;


Signal and FFT
sig(real)	sig(imag)	fft(real)	fft(imag)
Signal 1 out of 1 in file
43823.9420000	-23932.9240000
43418.7720000	-24189.6720000
42991.5260000	-24453.6210000
42602.3380000	-24689.4940000
42186.0500000	-24935.6450000
41782.3300000	-25164.0310000
41354.2610000	-25395.5120000
40967.1770000	-25624.3470000
40543.3540000	-25846.2900000
40143.4730000	-26065.9290000
39735.8930000	-26272.9120000
39325.7720000	-26481.6050000
38922.9140000	-26668.8750000
38523.3300000	-26868.6920000
38122.2810000	-27065.4700000
37702.0840000	-27250.5000000
37321.7450000	-27421.6470000
36903.2950000	-27607.1730000
36507.6250000	-27755.9710000
36102.0940000	-27929.5510000
35705.3740000	-28088.3010000
35311.8290000	-28243.6040000
34923.2830000	-28404.9470000
34528.7570000	-28552.2840000
34151.9780000	-28689.4560000
33759.7930000	-28822.2170000
33355.8790000	-28969.5190000
32970.0990000	-29085.9950000
32582.1620000	-29197.3550000
32212.8190000	-29320.4020000
31815.4400000	-29426.2690000
31430.9360000	-29547.4710000
31070.3270000	-29656.2470000
30695.2170000	-29752.7980000
30299.6250000	-29843.9120000
29936.6810000	-29930.3840000
29570.8000000	-30029.8370000
29198.2120000	-30105.9500000
28839.9230000	-30182.9580000
28468.7130000	-30250.8720000
28116.1560000	-30330.4400000
27751.7580000	-30404.2020000
27408.7850000	-30461.0740000
27030.3040000	-30511.6980000
26685.0370000	-30570.5410000
26347.8160000	-30618.3630000
25994.7200000	-30650.6240000
25657.2180000	-30696.9950000
25311.9950000	-30739.6410000
24977.2360000	-30767.8970000
24649.3890000	-30814.7370000
24317.6720000	-30838.6070000
23971.5650000	-30850.4700000
23657.7880000	-30868.5990000
23324.5930000	-30892.1250000
23013.6650000	-30896.1120000
22692.8800000	-30905.2710000
22369.3720000	-30925.4250000
22061.3300000	-30927.9660000
21755.5830000	-30922.4050000
21440.0890000	-30916.4610000
21149.9420000	-30915.8160000
20853.7450000	-30908.0560000
20545.9990000	-30903.4230000
20251.8720000	-30887.7470000
19967.4340000	-30859.5210000
19689.4160000	-30836.0570000
19400.7630000	-30807.4080000
19110.8780000	-30783.6760000
18844.7120000	-30758.0960000
18580.0170000	-30731.3660000
18285.4790000	-30697.8510000
18017.2880000	-30660.7410000
17753.3860000	-30623.8580000
17508.5790000	-30584.7260000
17240.7820000	-30540.0600000
16989.8830000	-30476.1850000
16731.7340000	-30432.4860000
16488.4620000	-30385.2240000
16235.6580000	-30338.7500000
15998.6750000	-30269.4540000
15773.5380000	-30220.2010000
15530.9600000	-30169.8650000
15288.8390000	-30101.2790000
15077.4810000	-30048.2100000
14842.1810000	-29968.7720000
14631.0090000	-29911.2510000
14414.3720000	-29849.4800000
14198.2660000	-29758.5100000
13983.2100000	-29691.5560000
13775.8500000	-29629.4800000
13574.6500000	-29548.1550000
13377.9750000	-29466.1250000
13182.9660000	-29402.0650000
12981.4810000	-29305.3640000
12783.7280000	-29245.0440000
12611.1040000	-29157.0040000
12412.7320000	-29082.1970000
12233.2310000	-28993.2590000
12050.3570000	-28906.7800000
11886.5910000	-28811.3300000
11716.2330000	-28716.9120000
11536.7280000	-28627.7590000
11368.2520000	-28551.2120000
11205.2200000	-28450.2020000
11050.3620000	-28366.6030000
10902.9010000	-28263.2210000
10747.1600000	-28167.0620000
10600.8890000	-28069.1570000
10462.6480000	-27992.5150000
10310.2070000	-27888.6540000
10156.0460000	-27789.3000000
10016.6280000	-27694.7520000
9902.1450000	-27592.7490000
9761.2805000	-27494.2180000
9635.4065000	-27402.0960000
9499.6210000	-27301.9000000
9382.3560000	-27189.7310000
9270.2706000	-27103.2660000
9149.6367000	-26995.4240000
9025.8358000	-26892.4180000
8917.4377000	-26797.3120000
8826.2665000	-26685.4760000
8709.2303000	-26581.0840000
8609.2354000	-26458.5530000
8496.1787000	-26368.5950000
8403.2110000	-26258.2250000
8304.2024000	-26149.5660000
8212.6089000	-26060.9320000
8122.6398000	-25947.8050000
8038.1716000	-25827.7580000
7955.9304000	-25741.5800000
7883.8108000	-25624.5360000
7791.9983000	-25515.7520000
7708.0810000	-25420.5860000
7637.4580000	-25307.7970000
7565.2951000	-25196.5410000
7501.6205000	-25080.1690000
7429.9317000	-24984.2570000
7348.7045000	-24861.5730000
7305.9940000	-24754.5490000
7230.5400000	-24660.8010000
7182.6298000	-24540.7950000
7120.8707000	-24440.0150000
7067.5422000	-24324.5290000
7018.9910000	-24218.9350000
6958.4112000	-24103.9440000
6918.8203000	-23997.8060000
6859.1705000	-23893.2330000
6817.4165000	-23776.4430000
6765.4849000	-23668.7130000
6728.0268000	-23579.5950000
6704.1291000	-23463.3580000
6659.6527000	-23341.5410000
6623.9411000	-23232.9920000
6579.7065000	-23134.8470000
6567.5280000	-23017.9160000
6519.1750000	-22913.1660000
6508.3057000	-22805.9290000
6473.3961000	-22706.6110000
6457.6957000	-22589.8380000
6435.3052000	-22490.8430000
6404.0877000	-22374.2610000
6377.5686000	-22270.9720000
6361.7933000	-22151.4590000
6343.0643000	-22057.3370000
6342.5081000	-21945.0750000
6311.9756000	-21836.7870000
6315.0270000	-21728.2150000
6295.8029000	-21606.7190000
6280.7466000	-21500.4840000
6265.6411000	-21415.9150000
6272.0838000	-21297.0220000
6254.6131000	-21196.5100000
6258.4806000	-21071.2290000
6251.9505000	-20980.6000000
6250.5541000	-20858.8940000
6249.1267000	-20752.4300000
6255.0217000	-20652.3260000
6245.3300000	-20554.3220000
6255.7014000	-20431.7810000
6242.6281000	-20349.7140000
6244.8822000	-20232.0270000
6257.9832000	-20140.7290000
6269.2528000	-20020.7310000
6276.3908000	-19906.5740000
6293.2169000	-19817.5460000
6291.7850000	-19712.9230000
6287.4043000	-19605.6040000
6315.2249000	-19501.1540000
6321.5359000	-19387.1030000
6338.2701000	-19293.1850000
6330.3984000	-19182.9070000
6359.7177000	-19069.0040000
6366.0900000	-18969.7180000
6375.6185000	-18862.6260000
6404.6184000	-18764.9460000
6413.6059000	-18665.9970000
6440.4527000	-18564.3150000
6452.0628000	-18460.6880000
6466.7281000	-18355.2500000
6479.3868000	-18253.4410000
6493.0626000	-18141.1810000
6513.0881000	-18050.1460000
6541.4700000	-17947.0700000
6552.8858000	-17827.8600000
6573.5450000	-17724.6490000
6591.4194000	-17631.0040000
6614.3303000	-17518.4690000
6622.4860000	-17422.9050000
6655.2263000	-17321.4840000
6683.9371000	-17233.4550000
6697.3916000	-17121.4340000
6725.4518000	-17014.7210000
6754.4251000	-16916.2870000
6754.6867000	-16816.0300000
6776.6942000	-16712.5740000
6820.1918000	-16609.1450000
6832.7152000	-16515.3680000
6868.5375000	-16419.4890000
6892.0871000	-16319.3420000
6904.7909000	-16213.3010000
6913.4998000	-16109.0450000
6956.3947000	-16022.5730000
6963.7931000	-15914.5250000
6990.0277000	-15823.7890000
7018.5663000	-15722.8300000
7035.4037000	-15622.1560000
7065.9468000	-15511.0550000
7093.8734000	-15410.9190000
7113.0823000	-15325.8580000
7146.5479000	-15220.8230000
7148.6010000	-15116.4860000
7184.6646000	-15014.8520000
7217.5696000	-14933.0190000
7232.8886000	-14837.4550000
7253.0548000	-14736.7970000
7266.9980000	-14625.6640000
7298.7837000	-14535.1240000
7315.8395000	-14449.5580000
7342.2700000	-14353.3020000
7354.7756000	-14241.3810000
7381.0541000	-14152.6580000
7414.6343000	-14061.3780000
7420.9193000	-13961.1210000
7442.2552000	-13869.6360000
7458.9139000	-13775.3810000
7479.8522000	-13675.6870000
7494.8712000	-13574.8080000
7528.3561000	-13473.8840000
7545.7874000	-13389.9100000
7548.9012000	-13295.4760000
7568.0119000	-13208.4480000
7590.7281000	-13113.8880000
7604.8881000	-13017.6150000
7645.8860000	-12934.4370000
7661.3923000	-12833.5500000
7664.8814000	-12745.0900000
7680.7374000	-12652.1480000
7690.4821000	-12553.7440000
7720.8597000	-12460.6120000
7739.9202000	-12381.1260000
7730.4366000	-12285.4840000
7749.3654000	-12197.4720000
7782.9272000	-12108.0760000
7782.2673000	-12022.2540000
7804.2715000	-11935.9450000
7807.6035000	-11838.2340000
7815.3522000	-11761.0670000
7834.5373000	-11669.2120000
7851.9176000	-11587.0440000
7861.0609000	-11506.1820000
7865.5139000	-11399.2210000
7878.3197000	-11316.4830000
7885.7829000	-11241.7790000
7909.3693000	-11148.4600000
7921.0098000	-11066.3150000
7918.3162000	-10988.3260000
7922.7842000	-10904.0860000
7923.7287000	-10803.4920000
7932.1205000	-10723.2640000
7949.7535000	-10633.1950000
7940.7579000	-10559.0620000
7960.1784000	-10472.9920000
7970.8714000	-10395.3820000
7969.7847000	-10309.4660000
7971.6760000	-10249.8790000
7971.5446000	-10162.0970000
7972.4183000	-10082.9960000
7987.8715000	-9996.9547000
7978.8274000	-9909.0070000
7990.7982000	-9848.6166000
7982.3589000	-9773.7432000
7983.6610000	-9677.9568000
7984.1400000	-9613.6531000
7985.3670000	-9527.3394000
7977.6864000	-9456.9555000
7987.1343000	-9368.8447000
7981.2415000	-9314.7113000
7989.5815000	-9226.9289000
7974.3499000	-9146.2460000
7972.0733000	-9088.9468000
7980.0198000	-8998.3615000
7981.1395000	-8936.9523000
7964.0061000	-8855.0577000
7960.5926000	-8797.8985000
7949.1055000	-8723.0953000
7946.9741000	-8644.7435000
7950.6914000	-8592.6119000
7942.3554000	-8518.0390000
7937.0177000	-8425.1163000
7934.5660000	-8379.8735000
7933.1736000	-8305.6072000
7928.0876000	-8233.0414000
7920.0206000	-8167.2500000
7909.1819000	-8106.0844000
7891.6887000	-8028.7420000
7891.9689000	-7973.8235000
7865.9212000	-7908.0490000
7847.5976000	-7842.5772000
7844.3437000	-7774.1172000
7844.5212000	-7726.2666000
7820.3420000	-7646.8721000
7820.2618000	-7606.0226000
7799.4756000	-7533.6334000
7782.7119000	-7469.0666000
7778.1734000	-7418.8964000
7764.8494000	-7351.1435000
7743.6315000	-7292.7523000
7728.3316000	-7232.2712000
7725.4996000	-7183.5985000
7712.5066000	-7115.8384000
7703.4576000	-7065.2008000
7681.9578000	-6991.2408000
7676.3307000	-6937.6169000
7654.8976000	-6893.1774000
7638.9236000	-6842.9078000
7619.9520000	-6765.9357000
7614.5513000	-6724.9881000
7580.2620000	-6674.7779000
7574.1839000	-6607.6667000
7547.4373000	-6570.8513000
7540.0205000	-6517.1376000
7531.3954000	-6460.9507000
7512.7362000	-6409.8177000
7479.2890000	-6365.0077000
7464.2010000	-6302.0729000
7458.1659000	-6255.0611000
7431.7714000	-6202.8654000
7416.4560000	-6167.4088000
7398.4865000	-6119.1274000
7369.6135000	-6062.8414000
7351.7740000	-6033.2989000
7329.6207000	-5975.7748000
7317.7531000	-5931.0894000
7290.3713000	-5878.5212000
7264.6284000	-5834.8875000
7262.7073000	-5792.9231000
7239.9323000	-5757.4688000
7207.5922000	-5714.9892000
7187.0835000	-5667.6027000
7158.8401000	-5622.9482000
7145.9008000	-5596.4242000
7110.6736000	-5542.6151000
7108.9057000	-5505.5313000
7090.3254000	-5458.1021000
7056.5221000	-5426.9823000
7035.4513000	-5384.4632000
7017.3674000	-5331.2646000
6990.2015000	-5290.0215000
6959.1896000	-5257.4147000
6940.2356000	-5213.2640000
6930.8380000	-5191.5619000
6906.9492000	-5158.6896000
6867.0190000	-5106.9588000
6842.2351000	-5082.4013000
6827.1599000	-5053.8781000
6800.6433000	-4999.5753000
6785.0721000	-4977.0368000
6750.0730000	-4948.9021000
6736.4563000	-4916.3665000
6700.7431000	-4880.0278000
6695.7571000	-4842.3931000
6648.3559000	-4807.7306000
6629.6404000	-4783.7722000
6615.4674000	-4740.0895000
6584.4001000	-4722.9133000
6575.2250000	-4681.4740000
6530.0490000	-4654.3998000
6513.4928000	-4614.2811000
6475.1783000	-4588.1288000
6453.7299000	-4571.5438000
6442.1201000	-4536.6327000
6413.6490000	-4503.3268000
6377.7284000	-4475.0553000
6355.6153000	-4451.6203000
6328.1317000	-4419.2467000
6312.0664000	-4397.7612000
6283.3947000	-4373.1851000
6268.7546000	-4346.4888000
6231.3378000	-4317.1938000
6213.3646000	-4284.0345000
6190.9077000	-4256.6186000
6155.0677000	-4241.3440000
6137.8742000	-4223.1453000
6101.1666000	-4177.2639000
6073.7569000	-4167.7892000
6057.3401000	-4141.2239000
6032.3026000	-4123.3838000
6011.0590000	-4086.9275000
5977.5586000	-4083.2276000
5949.4374000	-4042.1377000
5920.9465000	-4022.1006000
5893.2954000	-4006.6834000
5872.3815000	-3976.9244000
5859.6094000	-3961.5664000
5832.1202000	-3938.7164000
5797.4136000	-3923.3246000
5783.5531000	-3893.0408000
5752.8538000	-3884.5359000
5722.6255000	-3874.3704000
5689.2441000	-3824.5429000
5670.7298000	-3815.7969000
5646.1368000	-3802.0365000
5607.7377000	-3775.2289000
5584.2091000	-3762.0309000
5563.0660000	-3731.5622000
5535.1548000	-3716.4745000
5509.4220000	-3704.5363000
5489.2318000	-3680.6888000
5467.0205000	-3684.4425000
5440.6892000	-3669.7763000
5411.5140000	-3631.1708000
5382.2210000	-3621.5482000
5357.7426000	-3601.1674000
5328.8702000	-3584.0871000
5301.8872000	-3573.4782000
5276.6864000	-3546.2524000
5254.7981000	-3529.1841000
5245.0317000	-3517.7246000
5202.6149000	-3510.4493000
5178.7424000	-3500.8609000
5145.2718000	-3476.9490000
5124.3100000	-3469.7673000
5107.6340000	-3446.0524000
5073.7654000	-3431.4340000
5061.1646000	-3423.5043000
5033.2570000	-3392.3001000
5013.4370000	-3395.4649000
4974.4964000	-3369.0187000
4954.3220000	-3358.5691000
4932.3132000	-3354.0669000
4910.0360000	-3350.8570000
4875.7678000	-3318.3056000
4868.3148000	-3304.1493000
4839.7048000	-3297.7594000
4811.6847000	-3288.8978000
4784.8385000	-3281.0521000
4765.5531000	-3254.4809000
4736.8024000	-3256.1408000
4711.6480000	-3233.4638000
4675.5967000	-3225.2262000
4662.9204000	-3223.7507000
4635.1461000	-3206.0933000
4596.6464000	-3191.4310000
4588.2480000	-3168.9636000
4554.8477000	-3169.1303000
4551.9746000	-3151.0216000
4520.6251000	-3137.4074000
4490.4612000	-3141.3139000
4462.0553000	-3124.1697000
4444.6164000	-3103.7514000
4409.7565000	-3104.5650000
4391.9000000	-3099.9816000
4375.3829000	-3070.8799000
4341.8224000	-3070.6685000
4324.3593000	-3066.0336000
4308.7658000	-3050.2154000
4275.0122000	-3028.0139000
4263.2454000	-3021.2499000
4244.6409000	-3016.9014000
4221.9383000	-3012.5614000
4202.0505000	-2996.0316000
4163.4968000	-2976.9651000
4132.1930000	-2979.6401000
4106.3869000	-2972.0762000
4099.3422000	-2967.8403000
4081.1233000	-2949.0534000
4050.5957000	-2957.3223000
4034.2703000	-2945.5846000
4008.7984000	-2917.8774000
3975.5302000	-2920.5002000
3951.7064000	-2906.4201000
3949.2894000	-2904.7742000
3925.6938000	-2893.0821000
3888.1588000	-2887.5485000
3871.2381000	-2870.2387000
3857.4782000	-2872.5392000
3828.2834000	-2861.4593000
3811.2745000	-2847.7595000
3780.4474000	-2845.1002000
3765.6079000	-2824.7225000
3753.9161000	-2823.3047000
3711.0733000	-2820.3185000
3705.8253000	-2806.1206000
3678.4318000	-2795.0756000
3649.0291000	-2790.7058000
3640.9001000	-2776.4327000
3621.8738000	-2782.3549000
3582.5723000	-2766.3100000
3576.9897000	-2750.7151000
3561.3765000	-2750.3256000
3531.5424000	-2750.9839000
3497.4663000	-2738.2600000
3493.2229000	-2724.3536000
3478.4745000	-2724.3626000
3441.1780000	-2717.1663000
3426.0878000	-2702.0015000
3399.6038000	-2706.7809000
3394.4569000	-2693.1666000
3353.6136000	-2686.5704000
3349.4162000	-2688.3841000
3335.1154000	-2667.6455000
3315.0980000	-2661.7802000
3289.6620000	-2663.5755000
3264.1753000	-2656.7894000
3256.3460000	-2645.9756000
3219.4470000	-2627.5465000
3212.0377000	-2630.7088000
3177.9282000	-2619.9433000
3167.3896000	-2622.5115000
3159.8966000	-2606.3076000
3132.7977000	-2608.6768000
3114.7245000	-2595.5623000
3095.7367000	-2585.1470000
3076.1580000	-2594.7101000
3057.5981000	-2581.2962000
3036.4949000	-2569.1429000
3018.0143000	-2563.8189000
3000.5952000	-2548.2099000
2983.7132000	-2553.7528000
2955.3246000	-2543.8293000
2937.0936000	-2526.2249000
2916.5662000	-2522.3748000
2915.9222000	-2519.4741000
2895.3285000	-2508.1813000
2872.7573000	-2510.4682000
2847.3121000	-2509.0676000
2845.9444000	-2493.1611000
2822.9261000	-2480.1970000
2792.3796000	-2482.0539000
2770.5594000	-2479.6559000
2763.0163000	-2476.2247000
2743.1929000	-2447.8781000
2734.6913000	-2447.6144000
2709.0622000	-2433.8588000
2687.3923000	-2441.1933000
2664.6676000	-2438.9699000
2661.2717000	-2419.9860000
2654.0640000	-2420.0721000
2625.2202000	-2413.9810000
2609.4284000	-2415.7344000
2580.0693000	-2409.8900000
2577.8955000	-2400.2696000
2552.1328000	-2381.9039000
2527.8206000	-2383.4575000
2521.0788000	-2384.9749000
2503.6006000	-2371.6977000
2489.0303000	-2375.5653000
2479.2539000	-2359.6801000
2460.0340000	-2365.3100000
2446.2828000	-2341.5267000
2412.9389000	-2339.0196000
2404.2952000	-2343.9791000
2393.2383000	-2333.0935000
2372.7556000	-2319.0076000
2357.5753000	-2305.1157000
2352.0001000	-2314.9243000
2329.4834000	-2295.1971000
2315.8248000	-2306.7812000
2287.9021000	-2289.6098000
2282.1938000	-2280.1501000
2271.7762000	-2267.7166000
2251.9793000	-2285.2428000
2242.0896000	-2277.6369000
2217.9654000	-2267.0193000
2208.8169000	-2259.8170000
2186.4930000	-2238.5817000
2166.9829000	-2245.3283000
2160.6378000	-2239.4136000
2150.3015000	-2235.9947000
2134.0887000	-2217.5611000
2120.1458000	-2221.8180000
2104.5444000	-2226.4296000
2094.2844000	-2198.6690000
2075.9559000	-2207.1295000
2065.6418000	-2190.6069000
2037.8800000	-2192.4171000
2025.7195000	-2181.7647000
2019.3074000	-2172.1043000
2004.8682000	-2169.6286000
1979.9170000	-2164.9224000
1987.4441000	-2151.7133000
1955.8058000	-2148.0679000
1944.4166000	-2139.1268000
1938.6676000	-2133.8885000
1920.6116000	-2139.1137000
1903.9382000	-2122.2788000
1887.6481000	-2118.0748000
1881.4798000	-2121.3961000
1868.8160000	-2117.1184000
1848.9380000	-2103.7596000
1847.1424000	-2085.1751000
1823.7675000	-2099.8777000
1816.8797000	-2091.6993000
1797.2917000	-2085.6321000
1798.8404000	-2062.7991000
1780.3179000	-2073.2344000
1765.5514000	-2063.2024000
1760.4231000	-2046.5090000
1733.0951000	-2043.5289000
1727.6195000	-2039.4427000
1704.1362000	-2035.3784000
1710.3610000	-2039.7306000
1693.2902000	-2027.6138000
1682.5457000	-2020.5909000
1675.8824000	-2013.0664000
1652.1771000	-2006.8745000
1644.5241000	-2002.5558000
1630.5505000	-1983.3154000
1621.8713000	-1980.2443000
1619.2808000	-1979.9659000
1583.3365000	-1974.0129000
1587.0067000	-1978.9308000
1572.6158000	-1960.0356000
1561.6348000	-1954.3557000
1536.2765000	-1950.2260000
1537.5506000	-1938.5063000
1533.4271000	-1942.9209000
1500.1668000	-1935.7687000
1497.7916000	-1927.7383000
1491.0405000	-1912.4275000
1482.7232000	-1916.2461000
1464.9222000	-1922.0153000
1463.8316000	-1910.2057000
1443.3039000	-1910.3689000
1432.8117000	-1885.9974000
1415.2287000	-1883.5219000
1410.0371000	-1883.4144000
1396.9819000	-1886.0499000
1384.4664000	-1874.9966000
1375.4696000	-1863.1885000
1379.2160000	-1863.7515000
1357.5040000	-1863.7178000
1345.4236000	-1839.1875000
1349.1231000	-1834.2774000
1322.5615000	-1840.1809000
1320.9638000	-1827.7024000
1310.2519000	-1832.3077000
1310.5715000	-1816.7979000
1285.1891000	-1810.5449000
1273.2176000	-1805.2935000
1273.3303000	-1800.6326000
1267.6358000	-1806.5708000
1254.9830000	-1791.8989000
1231.8180000	-1787.8208000
1241.8626000	-1774.3642000
1222.9623000	-1774.9691000
1202.6916000	-1772.6318000
1202.8185000	-1757.4100000
1202.4510000	-1750.8808000
1174.3207000	-1750.5155000
1175.1418000	-1758.5002000
1167.5432000	-1744.8432000
1157.2921000	-1727.4369000
1135.9470000	-1724.3453000
1139.6760000	-1729.2918000
1126.7143000	-1717.2855000
1127.9813000	-1714.3145000
1104.5633000	-1708.5549000
1109.6299000	-1706.9500000
1092.4822000	-1690.0399000
1075.5036000	-1693.9355000
1076.2805000	-1688.9020000
1055.2970000	-1674.5891000
1058.0387000	-1679.3849000
1040.9849000	-1673.9805000
1033.3034000	-1659.9149000
1039.6526000	-1646.7555000
1018.9286000	-1656.7630000
1022.2291000	-1647.4288000
1005.4782000	-1644.8671000
991.6856000	-1643.3791000
988.1552000	-1629.3369000
985.9964100	-1632.7774000
980.9140000	-1623.7542000
976.1131700	-1615.8850000
959.9822700	-1610.7631000
942.9032400	-1604.2096000
944.4409300	-1601.8876000
934.3523800	-1600.2909000
918.4193000	-1587.4225000
921.3787100	-1586.9057000
908.8498900	-1567.8503000
911.7556500	-1569.1631000
905.3472500	-1555.5713000
898.4253700	-1554.8652000
867.3229900	-1550.1427000
881.1509800	-1543.7902000
870.5793500	-1526.3754000
864.5596700	-1535.2265000
838.6271400	-1527.5338000
848.6313300	-1519.3284000
844.2854800	-1516.7389000
822.4459800	-1512.4657000
824.1730400	-1505.9114000
807.9263700	-1515.0274000
814.4020400	-1495.9815000
813.3073100	-1496.3682000
792.2262600	-1486.8107000
780.0332900	-1473.9198000
781.7311700	-1473.3925000
780.7821300	-1477.9194000
760.3058400	-1465.4886000
750.5686900	-1457.6822000
764.3238600	-1461.4116000
733.1007100	-1450.2438000
741.5991900	-1441.9768000
727.9983000	-1437.7928000
738.7029600	-1438.7073000
721.2726900	-1436.0919000
718.4251000	-1415.7468000
700.2392100	-1413.9012000
691.8546600	-1408.1570000
689.4430100	-1410.7950000
696.7635700	-1401.4711000
682.1898400	-1407.8489000
667.1549000	-1387.3292000
666.5606800	-1395.1575000
654.1782300	-1376.9072000
653.6048100	-1371.0646000
644.6315300	-1363.9558000
650.0836600	-1371.3907000
623.8262400	-1361.9397000
630.6657700	-1370.0959000
632.4257000	-1353.4657000
633.1769300	-1355.4419000
611.7756000	-1357.1317000
616.6174300	-1343.0781000
612.0156700	-1340.6959000
591.7582400	-1327.0738000
597.3438400	-1311.2499000
580.6988500	-1333.1105000
572.2983500	-1325.1374000
573.1106800	-1305.1181000
575.6024800	-1311.8061000
556.0098500	-1295.2834000
559.7824300	-1295.7549000
549.6877400	-1300.3320000
554.5819400	-1280.7031000
539.3840400	-1286.6175000
528.1779700	-1276.9161000
530.5731800	-1270.3835000
518.8066900	-1259.5868000
523.3791600	-1260.8365000
516.1322100	-1262.3236000
522.3420000	-1254.5908000
510.5550400	-1239.6493000
486.4527800	-1240.0537000
495.6933500	-1230.5771000
483.4712600	-1223.5625000
493.8731200	-1220.4742000
485.3216400	-1230.5580000
480.7444700	-1216.6403000
471.6763900	-1202.7950000
469.9236500	-1216.0729000
461.2490600	-1201.2155000
444.3409700	-1200.4312000
452.4609800	-1203.0618000
436.9585000	-1196.3308000
447.2963800	-1172.6642000
432.3220400	-1192.7175000
428.0260700	-1184.0712000
426.4952500	-1161.2967000
421.3552000	-1173.2159000
418.1325200	-1165.6106000
400.4493800	-1153.9676000
418.4878400	-1148.7061000
409.2840300	-1148.9475000
404.7115000	-1144.2934000
398.6239800	-1144.9586000
380.3059700	-1131.8382000
377.8883500	-1125.1359000
393.4104400	-1134.3494000
370.6711400	-1124.6062000
376.8464400	-1115.7172000
371.3926700	-1116.8576000
374.2954700	-1115.4955000
360.1356700	-1100.8416000
361.6715300	-1101.7546000
351.5398600	-1094.3324000
361.0253100	-1099.4445000
355.2323900	-1081.8732000
352.3625400	-1090.5021000
344.1584100	-1079.2245000
324.5406700	-1070.4523000
325.0798600	-1081.1909000
317.8002200	-1066.7259000
320.1956000	-1060.5976000
317.9928200	-1049.2073000
323.4462300	-1050.8130000
307.9099800	-1054.3350000
298.3295000	-1034.4210000
301.9001400	-1036.1713000
296.8772100	-1041.1928000
294.8245000	-1027.9629000
300.9908900	-1024.4811000
280.8714400	-1026.7328000
293.6671500	-1013.8840000
271.1015300	-1007.4927000
279.8087800	-1003.3215000
275.5774000	-999.1853300
275.8446600	-1000.2882000
254.9673300	-994.4203000
265.8534600	-981.1181400
256.9314600	-978.5217200
262.8074900	-994.2297300
255.4117700	-977.7336300
240.0504700	-978.1355700
255.3826200	-975.7240100
233.6154900	-967.4715200
233.9377300	-960.3753700
241.0609000	-963.6238300
228.6292400	-970.0067100
218.3409300	-951.3769400
238.9425000	-956.9416700
215.7869300	-946.3718800
223.7880000	-942.7797100
210.1583600	-934.1865100
211.0256200	-935.1524200
222.2093500	-933.0443300
198.7538900	-919.5528000
216.4254700	-925.5261900
209.1790400	-917.7948900
186.8213500	-905.7651300
203.5320500	-897.8472700
198.1164600	-911.1546100
197.4018100	-894.7646800
180.4019300	-897.6797300
183.3248400	-898.1509500
184.6462500	-889.8301600
181.9951500	-892.2442100
187.6281100	-883.6676900
183.3643200	-888.2875200
164.0035800	-882.5924300
173.0404100	-882.0312700
161.0006600	-881.1800200
158.4165700	-876.9681700
166.9759400	-855.0722600
151.2446900	-866.1241600
165.3738100	-857.2801000
165.3180400	-854.3080200
148.1496200	-855.9253700
146.4917500	-846.4573200
137.8925200	-851.1305100
150.9057500	-841.8884700
137.5569900	-830.1065400
126.0042700	-819.7100200
126.0962400	-834.1005600
138.9916200	-821.9974200
137.1496700	-809.2642200
126.4761800	-810.3430700
120.3508000	-817.7389600
129.4000600	-812.5486300
132.1393600	-802.9674500
115.0683800	-803.2218300
108.4089100	-794.0535400
117.2198600	-801.2790200
118.9872400	-786.8160300
105.7494100	-785.6192500
118.4186800	-779.2547400
116.4980600	-782.8721000
90.8458410	-768.6114100
101.9053200	-763.1818000
102.4834800	-760.8746400
104.6318900	-773.8386600
89.6177950	-757.0328600
99.3856210	-754.3602200
85.7967830	-748.9654000
85.4871100	-758.1657600
88.6969990	-753.6274100
91.4995430	-747.3510900
85.7844050	-734.0448100
77.5347850	-743.6440900
72.7841330	-739.6975800
84.1315210	-732.0272900
64.9772360	-718.3414200
75.0469200	-722.9488100
71.3534890	-719.3212800
71.7901470	-715.9223800
61.4422320	-717.6191500
58.5818040	-706.2837900
64.6948290	-698.3778000
64.2886930	-700.8972500
61.0249980	-695.3661500
60.1807160	-690.8954900
59.7682100	-704.5662900
49.2590170	-695.3265600
62.0774560	-686.1540500
59.9752950	-685.5617600
51.9717340	-680.5534900
47.0910310	-676.8998300
50.3908980	-671.4600200
45.2341460	-681.5132400
52.7332310	-679.6050000
49.5893360	-669.7322700
41.3686910	-674.3636800
24.7594540	-656.8712600
28.4511350	-648.5969500
41.5274170	-664.2797600
35.4392020	-658.5839400
31.0662240	-659.2395500
39.1630440	-652.5795000
31.7015730	-650.0230800
29.0683350	-630.0537500
21.1394170	-635.3257700
26.6196650	-626.9036800
25.7186940	-634.8693000
15.7865770	-623.6204100
20.2576970	-626.5211900
18.7339120	-619.8951500
23.1301850	-611.7352200
10.3615610	-609.0398000
12.1057300	-623.0361600
4.0106739	-621.6910400
19.5832990	-603.5025400
-3.2778205	-595.0295200
-4.4156886	-609.5254900
-4.3675104	-608.9801900
-7.5778317	-602.9687500
-5.1900409	-588.2864000
9.0609297	-584.5615200
4.4261229	-600.8893100
-8.4426463	-580.2244100
-13.5100880	-592.6381000
5.0418990	-573.0322500
4.7491912	-571.0191500
-4.2366045	-576.5052600
-7.3512843	-572.9448300
-6.1763377	-558.7414900
-6.6117272	-557.4663300
-14.2836110	-554.6663900
-4.1877843	-558.2034100
-2.2975855	-552.8697200
-18.7786640	-564.7861600
-8.4701963	-563.2936400
-7.1615895	-548.1264800
-16.1867680	-550.6039400
-14.9168570	-541.8643900
-15.3485680	-533.6569100
-14.0687640	-531.5315600
-15.7091210	-528.0024400
-23.8642590	-532.5164800
-25.8741680	-538.1768300
-32.7508550	-522.2597000
-17.0115930	-528.7332100
-30.4058320	-515.7649300
-34.1800150	-530.4382100
-35.4582050	-509.1447600
-25.6330510	-509.1797800
-23.1001720	-520.5433900
-22.1845100	-515.4484100
-44.4461320	-514.2715400
-44.1606070	-496.2501400
-30.0698810	-514.4764100
-34.9298070	-514.5791600
-33.9163280	-501.2310200
-30.7595620	-495.0251500
-45.6673740	-488.3843800
-45.6218720	-502.6465300
-32.2050360	-492.8904500
-42.5443020	-500.3225700
-48.0961750	-497.4128100
-38.9015630	-478.1042900
-42.1862090	-484.4868100
-50.1589930	-468.3133300
-55.4022510	-472.6876300
-49.3152180	-471.7226700
-55.6144310	-462.6414600
-53.1588820	-479.0050900
-47.8607660	-466.5997900
-56.8087140	-462.5142700
-48.0573530	-470.8592800
-47.1058510	-454.8802100
-51.8986080	-460.5373100
-50.8156180	-449.7637700
-50.7032730	-449.8250700
-55.2381110	-440.8746500
-52.6798000	-445.0841200
-56.8916320	-444.2740800
-47.6487180	-455.9578900
-67.7498060	-449.4179100
-61.3840870	-441.7553200
-57.5721260	-448.1830700
-69.8406020	-440.1504500
-49.1560460	-426.8189200
-70.4758180	-440.5238900
-55.2351930	-424.9211600
-70.3154890	-422.6603000
-70.6305780	-413.8821500
-74.7875770	-428.9255100
-69.2723630	-430.5060800
-53.5623830	-419.2848200
-70.5499170	-423.6844800
-62.1282790	-418.5285300
-58.5303180	-413.7201800
-75.0561140	-407.0685100
-74.4191780	-413.4401700
-65.1683480	-417.8825000
-76.7410250	-407.6813900
-78.9505800	-391.1893200
-74.9434380	-401.9728600
-67.2710670	-400.7045100
-66.1921940	-408.1786100
-77.6622060	-404.1124600
-68.2647270	-403.3641500
-76.5435060	-392.9275300
-63.9144880	-381.7113300
-83.5121780	-384.4734300
-65.7352520	-374.4074800
-72.3061890	-381.4356600
-81.2883870	-378.4102600
-83.7997240	-387.2750400
-72.4047220	-378.7865700
-83.6930790	-367.0866800
-75.8882170	-362.5673200
-66.0783400	-367.9647600
-67.5929430	-370.3671400
-86.8930840	-368.0232000
-84.7134500	-361.3185600
-74.6368280	-360.4616700
-77.0226060	-356.2588900
-89.0350130	-360.3444200
-72.6130000	-353.3198400
-85.1497130	-352.3079300
-88.7247590	-347.4611400
-72.6078280	-360.5975500
-69.9658790	-347.7227600
-85.9293830	-348.6301700
-90.8427760	-339.0355600
-74.6421080	-341.3956500
-85.0525860	-331.0876000
-88.9956650	-345.6674700
-84.5988390	-339.0059400
-87.2504570	-337.4070800
-93.1228970	-325.9752800
-83.2963990	-322.5317300
-83.0134660	-321.4531100
-85.2480980	-340.5481700
-79.3638390	-322.7398300
-97.9653260	-326.6212400
-84.0907340	-314.0268300
-81.3703730	-323.0952800
-83.9073350	-331.1795100
-85.1964980	-330.6098100
-99.4297920	-321.1462400
-77.3667120	-318.4962400
-92.3066310	-309.9954500
-95.2060770	-311.9722500
-87.5795080	-315.4642100
-92.9351760	-311.1626400
-95.9168520	-309.7266000
-81.6060240	-307.9083600
-91.8239990	-316.5722700
-94.1660990	-294.3608100
-97.2372380	-302.7530200
-87.4247660	-289.9407900
-86.6863870	-307.9344000
-98.5427450	-296.0679400
-92.5651590	-306.0035100
-84.7172560	-289.7953300
-93.4487610	-281.9316500
-92.8188470	-298.5168600
-100.3162600	-281.5998600
-93.4746410	-278.6428400
-102.2302000	-279.8969800
-89.2356650	-285.0950700
-94.3684520	-278.4537600
-87.9722620	-270.9215500
-92.6885570	-269.1753700
-100.8113600	-271.1165600
-101.8085800	-265.5279100
-92.6502450	-272.2051400
-96.5881260	-269.8768300
-96.3892360	-276.4702000
-98.7743820	-256.8958400
-98.9126570	-275.5002000
-100.9565200	-267.0343800
-87.1998640	-257.0119600
-93.4691870	-277.6833000
-106.6115000	-259.9284800
-98.8120010	-265.8840100
-88.3326970	-266.6274700
-96.5996760	-260.5912600
-93.7181370	-263.6269100
-86.4345070	-254.6378400
-92.2802360	-248.9650000
-98.7538750	-258.0840100
-93.5967380	-244.6133000
-89.7874130	-248.0476700
-97.0127840	-260.0377800
-96.2124130	-247.2896300
-101.2334100	-233.9155900
-106.8416700	-241.1285800
-98.9573610	-235.4637600
-91.7122760	-241.1889900
-91.8554390	-234.7383600
-102.7027900	-240.7410500
-87.6336960	-239.3011400
-109.9865100	-239.8030300
-97.9085110	-233.3113200
-91.8849400	-240.5989300
-94.7352100	-234.1821300
-107.4587900	-233.1944400
-102.7871100	-215.3817700
-94.0615000	-225.7428900
-94.0818800	-235.4635300
-98.2251880	-233.9261200
-86.4719210	-229.0219000
-92.2211610	-231.8869300
-103.9141900	-230.8081900
-97.6527010	-232.6859300
-108.8694700	-224.8474400
-87.5046300	-213.5062900
-104.1963300	-223.1185200
-88.5943280	-219.8897300
-106.1400600	-206.6888500
-94.7497990	-216.6514700
-107.8663200	-207.7181000
-90.0997830	-205.4538600
-104.3430500	-200.4216700
-91.2834260	-217.9947300
-109.0702600	-214.5586500
-87.7734290	-202.5221000
-100.0366100	-192.0663000
-94.2369680	-218.4738400
-101.4423700	-192.3698300
-88.3950360	-204.9065900
-107.1931100	-199.1587600
-86.0506400	-198.9805600
-106.6025700	-191.7720200
-91.2570610	-199.9661700
-109.2863900	-193.2648000
-94.9779580	-201.9574100
-110.8269200	-198.1442400
-107.5070500	-192.8411600
-89.1237160	-189.8585400
-99.4043610	-196.4264500
-102.5205400	-182.4797100
-98.1376500	-179.0836000
-87.6080420	-187.1284300
-90.9416440	-192.3951800
-97.6440460	-178.3569400
-92.1168930	-195.3790600
-92.6385130	-184.8726000
-101.9321100	-170.5846800
-88.2275950	-179.1617600
-106.2497700	-176.6369600
-92.6656310	-170.0711900
-100.5795200	-178.8595900
-83.9914650	-175.7892600
-91.8741150	-165.8890800
-93.0770740	-183.4049500
-94.5185540	-168.4042200
-96.5910790	-166.6701300
-106.5346900	-172.4502000
-98.4851210	-182.5876700
-95.9775580	-177.7226500
-101.2111900	-175.8039500
-85.0990080	-162.6304400
-83.9331920	-163.2249100
-93.1201250	-157.5740400
-102.2415600	-153.6179500
-89.4990270	-165.8998800
-103.8647500	-168.7019300
-98.3996630	-159.2307600
-99.3082400	-157.6540600
-95.3736320	-166.6180100
-100.0319000	-160.9728500
-89.6204440	-171.2277700
-86.9970820	-150.8055900
-108.4900800	-158.2167500
-100.2859100	-155.9814100
-101.7527400	-155.5693500
-93.7470570	-165.2248500
-90.6877860	-155.7229700
-87.9588980	-142.7415500
-92.1453770	-154.6243500
-93.8036260	-157.2434800
-105.2744400	-153.5613200
-93.2979750	-137.8994700
-84.4148880	-147.2890200
-86.9914240	-156.2598100
-88.1031700	-151.1558000
-102.3992800	-136.6799000
-99.8624190	-145.4014900
-92.6896940	-130.4476400
-77.5046840	-138.2907800
-103.4935800	-137.5535300
-92.9460580	-131.1377400
-103.1552800	-141.0137100
-85.5973000	-138.2130900
-82.2927710	-133.8649100
-97.1230120	-136.4414000
-78.1050010	-131.1946900
-100.3361400	-127.3359900
-90.8542020	-140.6865200
-77.9649090	-129.9513000
-83.5958370	-136.5803800
-88.7779000	-118.8835800
-97.3104900	-137.3469700
-90.6396560	-131.9014400
-89.7699900	-136.0034500
-93.7823930	-140.0377900
-84.0650990	-122.1962600
-93.9095890	-117.8575900
-93.3492790	-128.1291700
-90.2915820	-118.1692600
-78.2933740	-121.1219600
-79.6958020	-128.1595100
-81.3070510	-130.5548000
-79.1662490	-114.6982300
-81.6590110	-117.8900700
-90.2462830	-108.6184700
-93.8676500	-108.1650200
-97.3685290	-117.8999800
-93.9011540	-110.8862400
-83.5655450	-121.3103800
-86.1754300	-115.9697400
-95.9134230	-107.7004900
-86.3276750	-108.2480300
-83.0765940	-103.1326200
-97.6364760	-111.4705400
-81.8250660	-118.8421300
-75.6428580	-112.0710700
-94.6737530	-103.6993900
-74.4389600	-108.3459200
-86.3966830	-114.9134000
-92.3571520	-101.8574700
-82.8958960	-97.8292930
-87.3261890	-115.7360600
-72.2163550	-107.2865100
-85.8646710	-96.9608310
-100.2287700	-106.5933300
-87.7034680	-91.0476500
-87.8026760	-116.8715400
-77.5641850	-98.2321700
-90.6920580	-102.4433200
-85.9349740	-87.9621740
-89.2126810	-92.5301520
-93.1736500	-102.0193700
-82.9617680	-93.8682910
-75.4750310	-93.0183760
-79.0117460	-91.9960080
-74.4734880	-95.8906960
-76.8586030	-94.5622510
-83.3851820	-98.2972020
-77.0543070	-86.4773970
-81.9735250	-94.8226900
-81.4128100	-105.5206900
-84.6959110	-99.0646950
-76.5312980	-91.6975940
-85.8014640	-86.8110510
-86.9707700	-88.0672400
-88.2803640	-96.2357430
-90.6007280	-91.0527790
-89.8531960	-83.6059020
-77.2284540	-81.0203180
-89.8185530	-96.3269440
-85.6664530	-100.4939700
-93.9543270	-85.8932570
-85.7583040	-96.0321800
-89.4037400	-82.0050540
-84.0827090	-88.4115670
-77.0972090	-76.8256820
-66.7275830	-86.5625670
-91.5257240	-83.5651720
-86.7575750	-82.2710360
-73.7371290	-75.7476920
-67.2455670	-78.8281230
-83.2362860	-85.4133490
-87.5096560	-80.5757740
-86.0197000	-73.8018020
-77.3844260	-74.8122140
-74.9461570	-68.6210550
-77.7147640	-70.2165740
-73.3007270	-86.3698910
-79.5782910	-74.4351050
-82.6936700	-84.8833840
-88.0142300	-71.8203440
-82.4169920	-68.2769930
-74.3442300	-66.7202120
-88.4556970	-74.3277050
-66.8769000	-71.4232400
-90.2935190	-73.6093360
-73.1182930	-83.3679670
-85.7256780	-80.5662170
-61.7829690	-72.0721620
-76.1946830	-80.7760280
-76.3203260	-74.4706820
-80.3133820	-76.5950730
-85.5509120	-72.3819770
-70.4969180	-63.0832470
-72.7317780	-61.3877150
-83.0634390	-69.7927210
-79.0156730	-76.3266540
-89.0540270	-69.8923120
-67.1110420	-77.4289480
-75.3033650	-65.9830700
-64.8166500	-70.7586250
-68.1902150	-64.5746420
-70.0676280	-65.1709620
-72.7479360	-66.0103720
-62.9331150	-70.4662400
-70.2286190	-71.0042460
-76.3408310	-76.1712210
-81.2746380	-70.3474430
-75.9509080	-60.6031040
-58.2871560	-61.0767460
-79.1546630	-69.7893060
-80.6836050	-60.6020550
-63.7232980	-61.2287530
-80.3450010	-54.0831320
-67.9019850	-53.5655850
-70.2810710	-45.3483610
-76.3332940	-70.9509300
-57.7403850	-56.4309600
-72.5103980	-60.4736630
-78.9087220	-53.7245850
-59.4255210	-59.3495860
-79.4749160	-54.5602620
-73.5559880	-60.0729540
-61.3890670	-51.4310190
-73.0466350	-69.0298400
-73.7381010	-55.0384690
-77.0256440	-51.3570080
-67.1214180	-52.7383550
-77.3620770	-53.0951640
-68.7680110	-44.3031950
-52.8932760	-53.7596010
-68.8385750	-42.3690190
-62.3723890	-47.3019550
-62.9926570	-55.8278200
-79.5608960	-50.9703490
-53.7661500	-52.7147760
-63.4588240	-43.3331990
-67.3134240	-38.8895560
-58.7792500	-41.7521740
-71.0661500	-49.6279290
-79.5944630	-46.2894470
-65.6319960	-49.5086110
-72.8135720	-45.9922170
-67.6547640	-47.3683930
-68.6504900	-51.8214190
-56.8060110	-39.4119110
-64.9228810	-54.8994440
-67.3230870	-62.7605920
-67.5851800	-56.0805290
-62.4833400	-41.3637080
-54.8274610	-53.9663090
-59.2025990	-37.6769320
-63.7663200	-36.1252520
-62.0915470	-43.6461830
-57.8508510	-36.4136920
-60.6958370	-49.7951490
-63.2859400	-46.1360100
-61.5899890	-42.9703370
-73.8429190	-38.6533850
-60.8922660	-40.3242540
-70.2282760	-36.7174480
-57.6115480	-39.5384420
-71.4879000	-37.7189040
-65.7419870	-53.4629620
-51.2321520	-41.8565290
-47.5782410	-42.3508140
-61.4670060	-52.0524100
-67.2791380	-31.6585010
-69.0093500	-44.3599500
-60.0382750	-52.8277720
-57.1276370	-25.0177420
-58.3989140	-27.2064850
-57.2591110	-26.3432240
-53.0087020	-43.9719470
-53.2051840	-39.7234260
-53.9717920	-36.1932240
-59.7029050	-24.8254880
-58.2672080	-32.9239930
-56.0673180	-40.9751090
-55.7244440	-26.7033260
-54.3848740	-34.4035620
-44.4094290	-37.6235720
-49.7697910	-33.2122810
-54.4480530	-39.0641460
-64.7497660	-42.1428820
-55.2243400	-36.6120760
-55.8408250	-40.9199720
-45.8110980	-31.5492200
-58.1831280	-37.1446380
-50.9169080	-35.2632930
-54.6076820	-29.8841070
-58.4222210	-22.5084920
-57.1579030	-25.1060460
-41.4157630	-37.1147370
-55.8307580	-30.9757450
-58.9307670	-34.4929700
-54.5845220	-40.4195650
-56.6462440	-34.5075170
-48.3049360	-39.7536820
-62.9357870	-27.3202310
-45.2801030	-25.7545150
-53.5377590	-41.1324970
-48.9719600	-23.5759640
-55.7329500	-25.3028690
-45.5582230	-37.5530330
-44.1340250	-37.7525420
-44.8436000	-24.1792830
-46.7948700	-15.7397530
-51.7790840	-26.6401520
-55.4749710	-28.3239300
-43.0890830	-35.2716910
-52.6223380	-27.4272810
-48.2070750	-19.1135290
-46.0575910	-35.7564970
-50.0359750	-21.7487690
-65.6509590	-22.3565510
-58.7595830	-23.5696710
-59.4028400	-33.5251530
-50.4925300	-18.2787330
-38.7400080	-23.6158530
-57.9427500	-34.2106260
-48.0519210	-34.7762720
-43.4064220	-27.3488240
-54.2271020	-27.0590310
-46.6178710	-30.3146610
-54.1265080	-33.1879510
-44.5860740	-15.2095120
-52.2174050	-28.4537780
-61.0401990	-23.9314980
-46.5291620	-35.6524460
-39.4958250	-24.6374520
-52.8471880	-14.0421140
-45.6979060	-32.1283540
-49.8314070	-22.4806050
-37.4796170	-30.9701240
-46.3352750	-17.2337740
-39.4759370	-14.6251440
-38.8380540	-18.1903270
-41.0855080	-30.8728270
-46.3810110	-18.0575070
-40.9796340	-8.5012690
-47.7027440	-19.2234210
-38.4104600	-12.4135590
-50.8386670	-11.4206090
-42.5601560	-10.9008390
-52.6874040	-12.6982420
-32.1316250	-23.7791110
-44.9253320	-27.6530020
-42.6467080	-24.1699750
-43.2717890	-8.7110713
-55.4750480	-17.4679310
-33.9570760	-22.0201240
-34.8320370	-13.5575980
-41.8925850	-28.3404210
-48.3647060	-26.9076280
-45.7815380	-15.6906610
-48.9465230	-20.1906190
-46.1438840	-30.9991260
-48.2646390	-17.1303760
-44.9921610	-8.7598206
-39.3974630	-5.2702243
-47.9861700	-24.2335390
-36.3005230	-6.4993595
-40.2464840	-25.5741490
-52.4001220	-12.4084540
-45.2119750	-25.1233320
-51.0242200	-10.3235270
-33.7603080	-24.2830730
-38.3253190	-18.3927470
-50.8023170	-13.0010940
-33.7122630	-19.3095760
-40.8344810	-27.6254090
-43.5303510	-12.3206340
-36.2530660	-19.1198990
-36.7239440	-3.3283197
-46.2791950	-5.8311729
-43.1668380	-25.6089210
-30.4900080	-14.0766830
-42.5024700	-10.8847590
-36.8317230	-22.8209330
-43.4160300	-11.8878190
-42.0690500	-13.1371600
-51.1747160	-8.9907942
-37.8137750	-17.8183050
-39.9447910	-24.9620710
-33.9219210	-12.9008020
-47.9687740	-4.6138613
-32.2938200	-7.2818243
-42.7687930	-2.3320293
-51.0891190	-5.1988725
-33.4397930	-4.5794640
-36.5558100	-24.4007790
-27.1831150	-15.0130750
-30.5137970	-19.0544230
-45.6498410	-4.7202971
-40.8543430	-6.1053482
-47.1879440	-17.6368970
-36.8712890	-7.5911155
-43.2936070	-9.7907144
-36.2685900	-16.6143520
-33.2602950	-1.9150847
-35.6412200	-15.4426580
-29.4320960	-4.5978927
-36.3813850	-17.1790800
-41.0064620	-20.9020260
-27.0625900	-11.9039570
-42.7667290	-11.5472250
-33.9616630	-12.1851180
-27.1238450	-13.2573410
-37.3747660	-6.7480542
-39.3131080	-6.2184032
-37.5453850	1.2650032
-48.0773630	-4.8297378
-39.1129560	-6.8430884
-29.9906920	-14.9746670
-46.9123510	-5.0067539
-41.1053880	-0.9106290
-33.4762230	-5.3581004
-30.7331690	-20.4255900
-42.0861750	-11.4125310
-37.5633270	-2.6798355
-43.1463030	-10.6259070
-35.0121050	-7.5254396
-30.1033480	-10.8541700
-39.6883560	-1.5028928
-27.0124970	-14.8431050
-28.1863320	-18.9409480
-41.2449110	-15.2835100
-34.6081420	-15.3163910
-27.2226160	-6.3404556
-39.8116120	-10.4376110
-40.1049830	-2.1485817
-37.4137060	-6.5793731
-20.9626450	-12.3609760
-29.8006670	-0.2415949
-32.5298630	-2.6439446
-21.0834720	-13.4400000
-25.0281740	-9.9163997
-28.9984170	1.2434749
-39.2235920	1.5519880
-24.7764070	-2.7981615
-22.1813160	-10.1591710
-31.7359600	-0.1114870
-22.7466370	-2.1132312
-25.0611790	-12.6471480
-26.2104210	-3.8376564
-36.1806320	-12.2185310
-26.0481530	4.5119781
-33.6679830	-6.0338537
-39.8648670	-7.2759529
-29.0615810	0.5298599
-27.8131220	-11.4140010
-27.9937770	5.0837422
-17.7396910	-13.9787310
-22.5437790	-11.2281680
-18.7040880	-13.1585430
-36.7882550	-2.4068580
-41.6819080	-1.0240380
-26.9564360	-11.2164950
-37.7049070	-12.0318230
-16.2146750	-12.7594920
-33.7314040	-3.0340171
-23.5465330	-10.8309860
-25.1383680	4.7899477
-27.2210560	-8.8936465
-18.6165310	-14.7953460
-18.2715140	-5.2053443
-29.9361050	-12.5049820
-26.5445770	1.4687934
-25.1197790	-6.2715515
-17.7134630	-4.4532901
-20.9292510	3.1957024
-18.2088170	7.9467789
-20.6507570	-12.5144630
-15.5132590	-7.9463645
-33.6241890	-6.0173080
-28.4922640	-8.9973965
-36.0033110	-2.7877974
-20.4129030	-11.6369050
-22.1270140	-5.4754821
-39.0299390	4.0302515
-21.1917900	-14.4298430
-23.1748200	-6.8347222
-19.1134680	2.1748019
-30.6635240	-8.2719010
-25.5421120	6.2753311
-37.4726880	6.9491821
-19.3898690	-10.7614200
-25.7201650	2.4351363
-36.0547400	7.5264936
-27.4880170	1.3446448
-17.8630320	7.5770372
-13.3292540	-8.0394498
-35.4182120	-6.0729547
-17.9682170	-8.1368920
-14.9371940	9.1721774
-16.0100120	6.1651990
-24.7570930	-8.8298901
-33.0770350	3.6596223
-35.3187040	-0.7776626
-28.7773920	-11.2489570
-28.7637220	-13.2049600
-35.3769610	5.4718186
-28.4480190	-1.3161206
-19.7234920	9.9453946
-15.2393010	-4.5060215
-22.7901840	7.4924263
-28.8606290	-9.3224077
-28.2334370	6.7670719
-20.8270220	1.4257190
-19.9842850	-9.9131042
-12.6781470	-0.6843332
-29.2157080	-13.4160300
-11.8938690	-10.7420020
-17.1321480	-9.6495031
-24.8883270	10.4055400
-20.4350680	9.4156224
-31.2047150	9.2027532
-32.0476030	-11.6284040
-23.0792260	6.7862707
-13.3306080	-5.2888603
-10.6286430	-5.0604773
-32.0304170	-12.2386970
-24.7598200	10.5951220
-16.4537830	6.4259724
-30.3117050	-5.7166079
-11.5567740	-0.2441975
-19.9717240	8.8842346
-32.8175200	-3.4094169
-27.8501030	-3.4102739
-26.8795850	-9.6499962
-26.9610770	-10.6518820
-29.0562810	-7.3077860
-13.3629690	6.7197057
-15.9225270	-0.7523555
-31.1182460	5.1212179
-11.7941390	-4.4938518
-18.8467950	8.4195585
-11.3959500	-0.4404264
-28.4044370	-9.0781424
-14.2158840	1.2828109
-14.3414320	-2.3447092
-29.5004740	10.7300000
-12.7265110	-11.5698050
-17.8307990	6.1062130
-8.7873106	11.1016390
-10.6078960	-7.5751302
-16.2342930	-11.2383320
-19.0626460	-7.4928990
-28.1487920	-4.3428049
-8.3797543	2.4375960
-22.6317380	-0.7526899
-22.6430130	-3.0784287
-29.6295850	-3.8278446
-22.2446620	-6.8939722
-13.9792170	-4.5095170
-27.3307780	7.5976428
-28.6705310	-5.2885320
-18.2148170	-4.4926211
-7.7323840	6.7473405
-11.0415260	-6.5699454
-12.4867710	11.3035880
-7.5304609	-2.3247710
-19.5904710	-2.3531106
-6.8852019	1.7684129
-28.3433680	5.7746400
-15.0594500	4.3565352
-13.6791310	2.8330860
-27.1521270	-3.9179502
-27.2407750	5.1558185
-15.7641500	10.1813470
-16.0529780	-3.6014714
-19.3724200	4.8195492
-14.0450000	-3.5488141
-18.6462390	4.5937163
-10.3963460	3.2215687
-6.6906547	9.2975931
-27.0314260	-6.1143381
-10.9681690	-7.8125782
-4.0160403	10.4821980
-17.2320190	7.3594008
-6.9811395	5.1799043
-26.7944710	-3.7405541
-10.3686550	11.4212100
-10.4758200	9.6446737
-17.9070250	-5.6955570
-25.5005880	-0.8965165
-27.2950320	-7.3508756
-25.3210020	-2.2253258
-19.4463770	-5.5014983
-21.2175430	2.7240022
-7.2847991	3.5127107
-14.0699730	-7.8733189
-8.2178968	6.8003575
-8.2828771	11.4520750
-21.1468010	11.5460090
-3.7002075	6.6769170
-16.4346520	13.3368360
-22.0923300	4.8046621
-17.9778450	-1.9356055
-25.8142260	7.8955883
-2.7807306	11.3649190
-14.5798590	9.2878098
-20.3186700	5.8216518
-7.0777800	-8.6115334
-22.8921870	-0.6372505
-16.1108980	2.2426229
-22.2414710	6.1726007
-22.3574210	5.4051782
-14.9856420	-7.9116560
-8.2195024	7.2625153
-7.2836391	4.6350603
-26.7328730	-4.2196418
-12.2947640	10.2324720
-6.9583865	-1.5656759
-5.6719607	4.6481960
-6.9725862	4.8969384
-8.2353646	-8.5795838
-1.1458534	8.8987585
-21.6659360	-7.5111305
-19.3745760	-2.2855906
-11.6258600	2.2202346
-11.5550530	3.5478879
-24.0716340	2.6470962
-23.0350490	-2.4918710
-17.7946120	13.3653370
-22.7090240	0.1360572
-13.0392660	-0.3641385
-8.0095328	3.0324245
-24.0629870	-0.8907003
-8.9536149	9.0049802
-3.3821849	-7.4689180
-8.1948841	5.0084422
-10.4242020	8.8041124
-23.4201550	3.8469118
-3.2097243	12.4630520
-16.9166230	11.9774370
-15.4659790	11.2439540
-8.9612700	13.6223190
-10.4804210	14.3742900
-21.1901910	-2.0281126
-12.4070190	14.2227720
-22.0494990	10.2598740
-3.4419527	0.8713942
-17.4061260	10.8971190
-6.1246249	-1.3668788
-16.7969190	15.3526900
-10.4462420	-4.6063515
-25.2319220	-3.6791006
-0.0717382	2.4792350
-10.5519940	1.1800367
-17.1149330	-3.0970312
-9.1872826	-5.8605387
-2.4266042	11.1095520
-0.8024182	1.9594363
-15.1442780	-2.7031514
-21.2386690	1.6371304
-2.7473564	-4.4862881
-8.5054152	-5.1067633
-22.8596420	3.6215181
-10.1473810	5.4686645
-9.3434151	-6.8776628
-5.5166936	6.1546910
-20.0213970	6.5917163
-17.5833250	16.9478360
-6.8111756	12.2206710
-7.1110682	2.5152708
-9.6132077	8.7307269
-11.2631400	6.9367872
-6.6239290	-5.8645961
-12.1143320	-8.6111164
-6.3925995	12.5252440
-7.4121765	-2.1491565
-16.2425060	13.9030780
-4.4588545	0.6731286
-4.7637897	-4.5181363
3.6595855	8.9748307
-22.4017560	3.0346410
-1.1819395	6.0302580
-19.5892250	0.1379866
-9.2514364	5.0250325
-14.8633690	4.7731742
-2.4652848	-7.5300323
-4.7971022	-1.3790825
-12.3850620	0.5535684
-10.3898200	0.5927759
-17.1224700	8.5718286
-13.1928320	7.2610812
-8.9581166	12.4017880
-17.8605080	3.1163706
-6.7023614	-9.1559024
-21.1757550	4.0337244
-12.8035000	-2.7808160
-0.7204213	12.6982550
-10.4353540	4.9088302
-14.8043480	6.1339480
-9.8608257	3.8169354
-10.2175240	4.4367844
-0.1869519	9.3876025
-16.4335170	-5.3698940
-15.7210010	-2.4004314
4.7251746	6.7444675
-0.7812318	3.1106199
-12.6190190	-6.7919141
-7.1679716	8.1398695
-2.9617768	-2.6819375
-18.7563520	-4.2120651
-12.5884540	-3.5859022
-10.5111970	16.2534680
-12.7639660	1.5416549
-9.6200835	-1.4130210
-9.7832972	-5.2031721
2.3857074	2.3376090
-0.7989472	8.0419807
-13.5973920	4.5698334
-1.7034492	-7.2471440
-7.4747106	10.6964360
-16.5035390	12.1692480
-12.1877680	4.6861346
-5.4288023	13.5482100
-15.9620640	9.4843681
-18.3770960	-0.0936787
-19.3653630	3.9131894
-8.6068797	4.6530981
-16.3429280	-2.6519829
-2.2831852	9.1737123
5.1738346	5.9750936
-18.2419120	-1.9671789
-3.4330882	7.1023032
-21.4600680	-3.0283193
-2.1899336	7.1585527
0.0267784	8.6285981
-7.7332874	7.8809373
-22.3218290	-1.8603372
-13.2913850	12.3521470
1.3273349	6.7589695
-2.5166562	1.4963554
-1.9162132	2.6985724
-4.6603782	-6.9943862
-11.4330680	-1.6855466
-6.5935514	2.5434063
1.3261862	3.0217424
-6.8760717	-2.0767677
-5.1571636	-4.0519678
3.6533219	0.1349277
-5.6210020	3.5860020
-7.6152630	16.8568000
-9.5649632	7.2801276
-10.6495430	13.7372910
-18.0135990	-0.8882943
-7.0363277	9.0285558
-9.4526947	15.3666240
-2.2221957	3.6018514
-5.3501863	-9.3112632
-6.5466285	-9.8144987
-12.8437770	-0.9223208
-1.9774217	-9.5794983
-0.8986777	8.5552977
-19.6567240	1.0220955
-3.8350189	-0.7844941
-2.3716778	-11.8682670
-9.3295158	6.3627078
3.5308180	6.7840089
-12.6487790	14.1397570
-16.8906770	-1.7577699
-5.6907709	-4.7937559
-16.1924390	7.7880514
-19.6269270	-0.1715173
-11.1504730	11.7821360
-6.0749076	-1.9224179
6.0227978	2.3347729
-2.6811483	-3.3666235
-4.2313304	10.2940880
-13.6719610	10.5191780
-6.3813726	-2.4076856
-1.7690167	-3.5677950
-4.8593241	-3.8652649
-7.2190196	-9.2788811
-14.8785930	2.8248230
-4.5511159	3.8928660
-0.0576195	1.4928058
-14.1518840	-4.4151610
-4.7587791	0.0981970
-9.6794250	16.6515790
-2.5482058	-10.3732170
-12.3215120	-3.2316303
-17.7966530	1.7310654
-15.4805940	-0.6823020
-4.0312019	6.9795229
-11.4704340	7.1892044
1.2236085	10.7149540
-0.2254920	-3.3923624
-8.4097839	-6.1574091
-9.6870415	8.1444174
6.3192239	8.8568036
-8.7588961	-5.4800966
-9.8298417	16.5365230
-4.0793787	-6.9825661
-13.6999770	6.7502210
-13.8508050	6.3865424
-10.2793860	-3.6855625
-16.5929220	0.9927306
2.0344429	-4.0036135
2.8535974	-4.8835349
-12.4618570	-1.6285991
-11.2934330	-3.7477715
-16.4944860	1.5237730
-1.4918343	-7.2729048
-5.1298109	10.6138140
1.3167914	10.9831810
-6.5991071	-8.0406911
-9.2723554	-5.0625228
0.7707064	11.9633380
7.5235884	8.0256544
-1.5824636	-3.4244193
-2.2996367	-5.1244281
-6.6680204	9.8637311
-3.3804385	11.3660460
-4.1403104	-2.4333797
-1.3881144	12.2089040
-11.1554280	8.8551430
-7.0210686	17.3923810
4.2553110	8.0233119
6.4476493	6.8783227
-13.6888130	8.7812623
-7.5194605	-0.6156130
3.2401901	8.9206399
-11.8701970	-2.3024150
-5.0368896	4.9739518
0.8634401	8.3886528
-12.0017670	2.1210353
-9.8191848	14.1965470
2.2185458	-0.2355813
-15.0451480	5.1725523
0.0890265	-0.6754558
-11.9966530	5.6147567
-3.8867998	-6.4558333
-6.6074532	1.4623018
-9.0842494	1.2503234
-1.7927762	-5.5493477
-11.2526910	-3.7012210
-6.3904883	13.4241330
-0.7938383	-9.9607854
-2.8698721	0.3644997
5.5326951	0.7299235
-2.8599910	8.2142549
-13.6190900	-1.6130665
1.6325139	13.0911760
3.2794114	10.8026180
6.5417306	1.0999979
-12.7241970	-2.6596836
-1.4335545	-9.6498019
-0.1309131	2.9862532
-4.0726484	-9.9095065
3.2157039	-2.6041994
-13.6289920	-0.9747207
-13.8820910	0.3374655
-3.0685549	8.7061169
6.6581927	-0.0252376
-11.6616510	-1.9426362
-9.3510053	9.4718175
-10.4478350	-5.9529070
-11.0058090	-2.5271695
-7.6612109	14.6809640
1.6501149	11.7787470
-3.7068266	-11.4470000
-0.5992670	-8.9961456
5.4939892	-1.9554192
-14.0928430	4.3261143
9.9459314	3.7497361
3.5885534	-0.3132396
-18.0143620	0.8033770
-6.7426936	8.3716923
-8.7988942	-7.3922036
-7.0108323	-6.1632331
4.4996745	-2.2929222
1.8594262	14.2602420
-4.8410820	4.1983121
5.3442513	-1.4931499
-17.2230130	2.2777636
-1.4010153	5.7985584
-0.1574672	13.9090650
-8.2689719	13.6613960
-5.9985531	-1.9630338
9.7858403	4.3235635
-6.1906676	12.2985940
-15.9529820	3.8240090
-1.7342712	1.5074851
9.6085782	3.0597217
-6.1003513	-3.2960903
-0.3818131	5.9921618
-16.0843180	4.1886254
-4.1472366	15.1078930
-4.6453003	15.6959030
0.4783875	2.6430413
-13.1765370	-3.4522764
-1.9086083	-1.7407151
-14.0643880	2.2354952
-2.2427232	6.4381574
9.3411868	0.7040312
-9.2652105	5.1488772
4.3578373	-5.2772108
10.5697150	-0.4991872
-14.2888050	6.1862872
-9.1479367	-1.4981299
-5.2702117	-10.8038580
-14.5292590	-0.6450791
2.4433613	-0.2969317
-3.4990322	-6.1714058
-16.0516640	2.7328297
2.6167469	-6.6727081
-10.8771460	5.4996883
-7.9184551	8.5379441
0.8062985	-9.2334929
-1.9010290	6.6068721
-5.9078472	15.1773190
7.4257561	0.5391683
-5.0773332	4.5031039
-0.3657600	15.4813170
2.9402739	5.0238447
4.4661750	-0.7220350
-3.9351157	-2.8837190
-1.0241946	-3.3288481
4.7228552	7.9374120
-4.3921696	3.0225487
-14.7600840	3.9349655
6.4961104	9.4380921
-13.2994710	6.5865520
0.0709754	14.8774920
