jMRUI Data Textfile

Filename: dataset4_nWS.txt

PointsInDataset: 2048      
DatasetsInFile: 1         
SamplingInterval: 2.5E-1    
ZeroOrderPhase: 0E0       
BeginTime: 0E0       
TransmitterFrequency: 1.2322E8  
MagneticField: 2.9E0     
TypeOfNucleus: 0E0       
NameOfPatient: dataset4_nWS
DateOfExperiment: 
Spectrometer: 
AdditionalInfo: dataset4_nWS
SignalNames: dataset4_nWS.txt;


Signal and FFT
sig(real)	sig(imag)	fft(real)	fft(imag)
Signal 1 out of 1 in file
56491.1240000	3.7407266
56313.2050000	-5.6229171
56140.4920000	-12.5997920
55992.1310000	29.8466500
55889.9980000	-6.9445428
55742.7990000	-26.4961760
55553.2440000	-30.3916500
55399.5710000	-13.0024920
55262.4960000	-30.5549590
55097.4150000	3.8109900
54959.4270000	20.2806450
54822.1500000	27.8427100
54675.9260000	13.1307590
54491.3170000	14.2949690
54347.2180000	24.8268030
54184.3930000	15.8176800
54055.1520000	15.5561630
53914.7040000	23.2363690
53790.8490000	-26.5324060
53642.5200000	24.4692710
53497.2690000	-27.6060360
53315.6120000	11.8831610
53194.3020000	-22.4023750
53022.9760000	-18.5124170
52858.2980000	21.7617340
52748.2860000	17.0608600
52586.0930000	16.5708490
52395.9690000	-2.2959909
52281.5550000	-12.3925330
52100.4860000	10.9849510
51968.9660000	16.4656930
51843.3680000	-6.1867658
51674.3860000	-22.8156630
51508.6650000	-9.2865772
51379.9920000	16.2151770
51216.2590000	8.0792567
51055.7190000	-5.8055772
50910.0650000	-24.4967720
50810.5140000	5.9311968
50651.1670000	25.6874790
50478.2350000	-3.5291862
50349.6630000	-14.2979790
50173.4010000	24.3957350
50039.3750000	30.2206300
49921.4280000	10.6857100
49735.8450000	17.4565170
49613.5950000	11.7087920
49443.7560000	23.2634770
49343.0990000	27.0798530
49153.1270000	29.7623060
49024.7300000	30.4081030
48859.2760000	30.3729880
48717.3680000	-22.1253130
48555.3340000	16.9467530
48424.0230000	29.9311210
48286.2040000	-3.9210441
48145.0650000	-4.6430608
48029.7790000	-12.6005850
47875.9590000	-1.7186102
47691.7630000	20.8881650
47568.2220000	-13.5897950
47455.2700000	-4.4775407
47247.9820000	-12.3276860
47150.7120000	31.4115120
47016.2860000	20.8146710
46829.5490000	-6.3732820
46676.5140000	-13.5613260
46558.1930000	-31.0223160
46405.3980000	-23.8034530
46273.7720000	-9.1538471
46145.6370000	13.0684170
46008.3880000	-31.2947810
45854.9780000	-28.3407370
45720.7200000	-7.4827658
45578.3440000	29.5475630
45436.5680000	14.0261210
45270.8300000	10.7359580
45120.5290000	16.0411020
44967.2430000	-21.3019170
44811.8480000	7.9449462
44712.7900000	19.0670050
44554.0910000	9.8951386
44422.8780000	17.4394840
44277.9930000	12.8372620
44116.2220000	-5.4618656
43994.3370000	-28.7117470
43848.6560000	25.1300370
43720.4700000	-31.2851770
43563.1790000	11.3578630
43414.5050000	-10.5302840
43295.0900000	-22.7492330
43123.3690000	-16.4492910
43039.3950000	-30.9764110
42875.4320000	20.8805740
42735.1770000	1.2116897
42601.4210000	-11.0199560
42473.1810000	15.1229730
42292.9960000	-8.6654458
42201.5600000	3.4253925
42045.4860000	-12.6146890
41909.5850000	17.3797470
41784.2060000	17.9000830
41591.6620000	-6.8792543
41488.3180000	-31.6957190
41358.7140000	-24.9030770
41222.8380000	10.9317420
41097.9990000	-4.1114714
40949.9340000	-15.1068960
40796.8670000	4.7704401
40643.0890000	-23.2190770
40525.4540000	18.1988800
40368.0460000	15.3491300
40235.2700000	24.3221840
40101.7030000	1.0497432
39985.0280000	-17.3344020
39835.6370000	-26.8644610
39719.3470000	-2.3524326
39586.8910000	-4.5287575
39458.3750000	-6.5088507
39333.5280000	12.2038830
39177.7860000	2.8178171
39047.1190000	-25.0491760
38916.4560000	-10.6537230
38791.4310000	17.5147290
38622.8540000	18.0204040
38518.1930000	13.4362300
38389.3830000	-8.2795406
38241.3890000	-2.7504966
38080.8820000	-14.4352810
37991.1920000	4.2704788
37834.5560000	27.3085120
37734.0960000	-11.8119830
37594.9270000	-9.6431983
37442.0530000	29.4781580
37324.8530000	18.0835520
37161.5080000	30.6846880
37030.4970000	-5.0557646
36948.3190000	-11.7436790
36799.1360000	-26.2225830
36642.4880000	30.4861110
36527.3670000	-17.9596820
36437.1030000	17.6613710
36297.1350000	28.0095270
36117.7570000	-31.7621710
36008.8160000	-15.7323350
35887.4320000	7.4723981
35747.4550000	10.5273330
35651.1930000	-7.4632736
35528.4130000	3.7523909
35373.0950000	-24.6721760
35268.3900000	-21.0059080
35107.9710000	17.5515150
35010.6270000	-17.0293170
34853.1630000	23.3325540
34736.4680000	-5.9325532
34646.5820000	-26.6547460
34491.9200000	19.4286100
34372.0660000	-23.2042980
34251.0740000	-14.4519550
34116.6170000	26.2084710
33987.9980000	14.9413930
33870.7820000	11.4874700
33709.4820000	16.1526680
33616.5720000	9.1000354
33518.8510000	13.9988690
33353.4180000	-3.4223305
33219.1000000	-30.6098680
33145.3430000	28.2449310
33012.2740000	-29.7205150
32849.1280000	-10.0704940
32720.3480000	-29.3411260
32608.6540000	12.4592630
32509.2300000	8.2767626
32376.1920000	-24.4671040
32278.0760000	21.6272330
32158.7000000	-10.6378320
32051.6910000	-6.3636048
31905.3890000	1.9247720
31790.3730000	19.4391280
31668.8690000	-23.7061740
31571.1970000	21.8231280
31449.7350000	31.6142250
31332.7640000	21.0506640
31177.5950000	1.8873366
31054.2470000	28.9736090
30926.1520000	22.4480200
30846.1200000	2.2959168
30732.2010000	-16.9264380
30607.5990000	19.1901230
30501.8050000	-19.2935240
30322.3650000	-1.3725293
30266.3500000	-5.6782206
30146.4090000	22.3822960
30033.8440000	24.2306050
29878.6940000	-16.0520460
29759.8790000	1.0711098
29646.2970000	5.2750351
29527.9430000	-21.8262590
29437.7970000	14.6261310
29322.3430000	31.9173080
29219.0440000	10.8520830
29096.2680000	-15.1052170
28991.2290000	22.2452420
28851.6400000	25.9622200
28730.1240000	11.2436200
28627.8380000	23.8135470
28541.5450000	6.1446489
28395.5740000	31.2032310
28316.3870000	-13.3089200
28142.1110000	-6.9536976
28076.8130000	-26.1183330
27940.9640000	-27.1626350
27831.2910000	-4.9693077
27756.3480000	28.3729550
27607.0990000	12.3191890
27520.6420000	-19.7946880
27414.4140000	-20.2409940
27281.7790000	25.8683940
27187.8460000	3.2927720
27033.5970000	11.5116620
26936.9040000	6.7344503
26823.0010000	26.3632620
26706.6240000	-7.0821182
26608.1390000	1.7464622
26532.2240000	-31.9642060
26431.1530000	1.2809222
26322.4140000	-27.3350190
26204.2590000	-27.5722790
26077.0540000	12.0025250
25954.8930000	23.9937710
25852.2120000	-0.4838034
25781.4140000	1.5118343
25688.5430000	-11.4515040
25561.5040000	19.4970010
25442.4130000	-27.6575390
25340.5530000	17.1521490
25240.1390000	-26.4302540
25140.6460000	3.5472519
25065.4260000	-20.8567070
24933.2060000	21.3078800
24831.5070000	24.3898130
24751.0080000	-19.4565740
24633.3490000	12.5411870
24531.8580000	-22.0449490
24436.6770000	-0.6902661
24305.1920000	28.1856650
24236.8080000	12.6750240
24093.3350000	-31.5441520
24017.8730000	-19.4587350
23875.4930000	-10.9633700
23802.0500000	-20.6838850
23731.2870000	22.3345610
23572.9400000	8.0677915
23471.3490000	-1.9317058
23395.9830000	-28.2682870
23283.9290000	18.4532000
23221.4530000	-23.1381390
23112.4620000	14.6844010
23026.0040000	-30.9376350
22919.3940000	-9.2635521
22788.3700000	-0.1033866
22680.9060000	-11.4191110
22583.8820000	2.2647645
22516.6040000	-12.7073270
22409.1690000	-18.9451300
22345.9480000	-26.0329480
22227.9880000	18.4035360
22094.6010000	29.1992000
22007.5450000	14.2596060
21928.6700000	13.3360890
21842.3670000	14.9343510
21750.2990000	30.8711810
21649.8650000	-18.2431650
21537.4070000	32.0257790
21453.3810000	13.6980680
21363.4000000	-8.9207030
21247.0690000	9.1244423
21203.4550000	26.2300730
21088.6200000	13.6326070
20985.4900000	-10.4334820
20912.0440000	15.5294480
20833.8700000	-19.5723880
20746.1370000	-5.7583311
20594.1140000	-23.3591280
20528.4360000	12.7273760
20432.3180000	17.4915620
20318.5760000	-16.4597410
20261.0490000	2.8826040
20160.3360000	17.6783520
20070.0850000	-1.1866015
20015.4490000	17.6564960
19904.4970000	1.4203890
19823.0990000	18.6972720
19725.8450000	2.6562946
19649.4380000	-22.5671560
19531.4550000	12.4451190
19441.2060000	-24.1561560
19336.2550000	-3.4400789
19251.4760000	-21.8519620
19166.8440000	15.9495540
19089.5370000	2.4097132
19020.9020000	-30.3427740
18919.4830000	24.1527950
18864.1590000	12.6547360
18745.7080000	8.9109353
18703.1280000	-16.4196360
18609.2720000	-19.6881380
18527.5640000	28.3793300
18401.3160000	5.1013717
18313.2140000	7.1201854
18215.1460000	-7.3141076
18193.1630000	24.9651220
18081.2640000	-16.7174910
18000.4720000	-26.2341370
17934.6690000	-18.9554210
17804.1130000	20.2374660
17714.4080000	20.0816710
17633.8510000	11.8755270
17559.5390000	2.6521837
17469.6080000	15.5720420
17444.9590000	-18.9345600
17343.1900000	-22.6967560
17255.7620000	-6.5903842
17174.5370000	6.4116124
17083.2410000	-4.7358333
17025.3060000	-2.0161777
16923.4000000	-22.2487470
16849.6810000	8.4495553
16759.2240000	25.3492810
16697.2800000	-8.7749346
16599.5290000	-10.2665180
16550.5680000	16.7865160
16446.2950000	-22.9325180
16356.3440000	-8.6068646
16314.5720000	-12.4704110
16221.4390000	4.3739627
16133.1700000	3.9846691
16099.5140000	19.4285070
15994.9610000	-0.8947496
15942.2450000	-7.5071267
15835.6230000	3.6664032
15795.4330000	20.2712790
15688.8230000	-8.1549638
15627.1350000	10.8628980
15533.5900000	-2.0671986
15476.7770000	-14.0562460
15364.0820000	-27.0306830
15323.1180000	-2.9190066
15216.2700000	-25.2793830
15177.0660000	30.3173420
15070.3420000	0.8997108
15010.9310000	-14.2888560
14958.2910000	0.2061661
14844.3480000	16.2751010
14805.4510000	6.7881793
14715.0430000	-14.8762630
14669.7210000	-0.1809025
14598.4330000	20.3487280
14520.5910000	-18.8723540
14450.3940000	7.0248398
14371.4780000	-31.1476510
14325.9230000	-9.7282332
14205.4590000	12.2098180
14160.3900000	30.0222140
14088.9330000	7.7856665
13993.9400000	31.4324280
13952.8540000	1.8139309
13882.9820000	16.7200370
13794.5650000	-12.0050760
13764.1530000	-6.5382420
13678.6020000	-4.3100316
13622.0360000	-6.0548624
13507.3220000	19.0929120
13460.6150000	-8.1542204
13395.2580000	-5.1839051
13318.7680000	6.1141587
13284.4470000	21.3026910
13233.9620000	22.7413510
13107.5140000	14.2115850
13086.7170000	20.6290600
13030.1060000	-15.6212650
12963.3940000	-20.5357370
12882.4370000	3.3180467
12832.7830000	-7.8222292
12748.8750000	-1.9259186
12694.7540000	2.6829380
12636.3680000	18.3659470
12566.5030000	14.9882390
12492.7730000	25.1214770
12439.7590000	5.0976450
12371.1960000	0.1113702
12302.4540000	16.1031580
12237.3010000	-10.7825910
12174.2870000	-14.4621050
12123.6340000	11.3736470
12073.9530000	-19.6599950
11989.5230000	-3.0215222
11932.1320000	0.2216137
11853.5530000	31.3452370
11815.8680000	-30.4700430
11711.6900000	10.4669340
11657.2720000	-28.1621130
11647.2460000	-4.6734063
11564.5910000	-21.4575310
11528.6840000	13.3054550
11416.6290000	26.2416020
11387.8410000	17.7585670
11341.8880000	11.9002720
11288.4170000	-30.7859830
11203.3830000	-30.5061720
11123.4440000	-31.0121430
11071.8610000	21.0473120
10997.9170000	-28.0616320
10956.7150000	-19.2709760
10933.9090000	-31.5654810
10843.2660000	-1.9057271
10774.9290000	1.9741305
10753.5340000	-13.9671330
10693.0000000	-19.2306060
10634.1470000	13.9171720
10600.8910000	-13.3370900
10534.5820000	15.1668850
10486.3730000	-23.9936190
10429.8370000	-4.3634834
10322.6570000	-13.2430230
10296.3130000	1.4331112
10224.6100000	21.8898820
10205.4190000	-2.3997720
10145.4050000	16.9975560
10098.7110000	7.0908171
10021.1110000	23.2200580
9982.6629000	24.3709890
9928.4883000	12.9081180
9834.0468000	-13.4256210
9811.2551000	-1.7397257
9734.8705000	-27.1821870
9688.8371000	11.3473460
9629.2047000	17.8045040
9579.8540000	21.7893680
9565.3131000	-31.9127130
9506.8177000	31.3534420
9417.0184000	16.4382110
9360.3828000	-20.0472080
9322.4143000	18.8686080
9257.0613000	1.4582251
9240.4001000	-24.4438200
9178.4637000	23.6328120
9139.4222000	13.9274760
9081.7410000	-13.5714840
9011.6563000	-6.3564541
9003.8867000	19.2677120
8912.0303000	29.3118640
8910.7795000	13.0881200
8835.6145000	-16.4726600
8807.1270000	15.1921320
8740.8773000	-1.0775056
8692.6056000	-26.9742870
8624.5768000	-18.5046700
8621.3208000	21.7599660
8577.8905000	-25.7326290
8510.7009000	25.5928630
8442.6700000	31.8666730
8386.6492000	-6.5310208
8347.9007000	12.4510660
8294.1242000	-29.4544270
8287.5011000	-25.3307440
8250.4692000	-3.1463503
8176.7124000	0.4440037
8131.2153000	-26.4684510
8090.5145000	-19.8041370
8065.4348000	-17.3112660
8003.0803000	-26.2703880
7941.4464000	-6.9041653
7881.6224000	-25.7305850
7867.7653000	-17.4202840
7829.0457000	-2.5910347
7804.6682000	-3.8426681
7729.7074000	4.3480562
7686.7663000	26.5136980
7633.4340000	25.2369860
7578.7150000	16.4659050
7571.3947000	8.6900927
7526.1639000	-26.5689210
7498.9818000	-14.4374340
7438.3131000	-22.8452030
7360.6067000	-13.6519690
7342.1156000	-20.1771220
7277.4391000	21.5925200
7282.0191000	21.3056850
7202.6073000	-18.6163400
7179.2376000	30.8608350
7128.8279000	2.8520887
7072.6265000	-12.8951500
7044.8163000	11.0392620
7012.4705000	-10.7099820
6995.1483000	9.9140090
6945.3135000	19.5451110
6924.2581000	1.6367594
6839.7021000	-11.6975780
6835.3624000	2.9036049
6785.8948000	-24.4906390
6747.4487000	-28.0679510
6682.5277000	18.5187390
6673.6371000	23.6191810
6642.5296000	8.7161915
6561.0061000	11.6713530
6520.1184000	3.5098451
6487.1263000	10.2870710
6454.8396000	13.0163420
6397.9802000	10.0511300
6373.2896000	-12.4637680
6358.3824000	-6.7601419
6300.7634000	-18.6186080
6287.2313000	-19.0299530
6264.2977000	-25.6582410
6218.9141000	-6.7040104
6156.0291000	-3.1250083
6130.6106000	6.1634946
6068.3748000	14.1858800
6089.5031000	20.9289970
6030.8007000	-0.6360616
5993.9429000	5.4172167
5950.4933000	30.8333160
5891.8574000	-9.5314921
5859.0042000	15.2685160
5840.4153000	-8.3144234
5813.8422000	20.3542970
5784.9269000	-2.8450959
5754.1166000	17.0006510
5677.9027000	-30.8911960
5675.2053000	-18.3535080
5631.5835000	-4.3479245
5593.0883000	-17.3983670
5546.0381000	-14.5804560
5541.9519000	-11.7653150
5527.5134000	10.2444740
5456.2046000	20.0105160
5450.3224000	14.0473210
5398.1751000	-17.3726030
5400.1680000	31.2076190
5325.4951000	27.0444570
5325.9689000	-23.3821320
5250.2034000	15.3259720
5241.6827000	12.0621960
5221.3534000	13.4150950
5180.5146000	12.6973310
5163.8231000	24.4690110
5107.1467000	-2.6122271
5081.1830000	-27.0873060
5034.2170000	8.2416085
5007.3622000	13.5256580
5019.4567000	0.3633091
4943.9585000	28.5870760
4929.8837000	-16.5491910
4900.2119000	25.0845640
4888.8293000	-19.1589500
4817.6040000	-16.8769460
4830.5994000	2.2957591
4797.5946000	-10.1187640
4756.1791000	-11.5365880
4725.9376000	-0.6506069
4721.5855000	-6.3167317
4686.8947000	20.3403300
4634.3142000	26.8255420
4632.3128000	-1.0868160
4572.7749000	-27.0934160
4576.4905000	-7.9442223
4534.6129000	-15.5510700
4473.2119000	28.4375490
4482.1235000	11.8681870
4446.2931000	0.4815369
4400.3200000	-8.0792010
4365.4756000	19.6393850
4335.1881000	-16.0510750
4305.9431000	-7.4317502
4333.3832000	-9.8334788
4301.8316000	2.5347508
4281.4658000	-21.6665930
4234.3766000	22.5455210
4183.8770000	-21.8442220
4175.3582000	25.5174460
4144.1300000	-21.4201430
4127.6002000	20.4040690
4116.0148000	4.7048211
4049.0892000	-21.7531430
4045.4091000	31.4150500
3985.6320000	-6.7841198
3973.9646000	-19.8917730
3959.6613000	26.0753570
3945.1579000	1.8382300
3909.9161000	11.1581860
3874.4980000	-4.9270059
3885.8818000	-20.1451740
3809.0985000	23.0482700
3807.7421000	16.5383650
3818.0237000	24.7037650
3780.5854000	-2.5673272
3712.0140000	-28.9989850
3715.6835000	30.6818920
3669.8405000	3.5323451
3639.2396000	-5.7734163
3666.4330000	-10.6995420
3649.0883000	9.6673552
3585.8645000	-28.9461900
3578.0662000	-21.0683800
3561.1792000	13.9591890
3558.8785000	23.8040850
3477.4538000	-28.1826640
3503.8419000	-11.8103220
3492.9082000	18.0017960
3454.1970000	27.4670510
3392.8923000	-29.5017720
3405.4488000	25.6435870
3386.2678000	-6.1818079
3336.4915000	-13.3040020
3312.4922000	-7.3347991
3319.3566000	4.4815704
3298.3151000	9.1416199
3293.9700000	-1.3509661
3269.5370000	-29.4017140
3252.1422000	0.8680696
3200.8307000	9.4853036
3161.7020000	-4.5656407
3192.5077000	-23.3947050
3143.8623000	-11.1421390
3122.3453000	13.3853930
3105.2274000	11.5315960
3082.1140000	-30.1686340
3032.5830000	30.8078190
3053.4933000	-18.0284140
3002.0828000	18.0415790
3014.9390000	-0.9749458
2998.0561000	27.0267680
2953.4567000	-21.3411290
2963.2245000	-30.2842400
2942.1441000	-2.0997424
2907.4973000	10.3084680
2858.7667000	24.3364680
2875.4068000	-22.6332040
2814.3440000	23.2212100
2831.8591000	14.2829580
2822.0912000	-1.1404145
2769.2436000	-31.2839430
2782.0634000	-31.7658750
2765.4964000	3.5054627
2752.8216000	13.8685100
2715.1246000	-2.1862514
2721.1708000	20.9158990
2662.4694000	8.5360974
2667.5010000	-2.6460119
2626.2650000	23.4893770
2652.4269000	-26.5130490
2634.3747000	-15.8249780
2569.8789000	6.2342659
2556.6583000	-22.6049570
2540.2438000	-10.9509500
2502.4729000	13.4094570
2485.9729000	-8.0281787
2528.0944000	19.1535740
2512.9590000	-20.3182910
2469.9504000	2.3195168
2470.4186000	-4.8424461
2452.8722000	12.4821830
2435.1235000	22.2290000
2392.6042000	26.3772930
2371.5327000	-15.8074710
2351.9171000	15.2261830
2323.6724000	30.8040120
2325.0111000	14.4139660
2328.1947000	7.7881795
2297.0941000	31.5818380
2274.4773000	-9.5045212
2270.6008000	31.9385510
2281.2845000	-31.9830920
2229.9167000	13.8408470
2197.3422000	30.6506600
2180.0459000	-30.1749500
2187.9070000	-9.6462083
2186.4914000	-13.3740170
2158.9237000	5.1763561
2156.8442000	-8.6948866
2108.7993000	-7.6322953
2145.6822000	-20.1690980
2125.9545000	-0.2275668
2092.1499000	30.2165810
2048.2662000	5.2071867
2050.5016000	-15.1628710
2065.1894000	-24.7366030
2011.2051000	-26.8074850
2014.6119000	-24.2492580
1982.0199000	22.9928540
1998.3068000	8.4058162
2008.1543000	-30.5211090
1976.9814000	30.4222610
1945.0220000	21.5666200
1955.9999000	25.3761230
1947.1667000	-2.7112529
1886.1430000	26.2696320
1875.3527000	31.9711410
1879.0641000	15.3527410
1865.4313000	21.7863160
1829.3340000	15.9087770
1850.4181000	9.5621383
1833.5945000	30.7465090
1813.6254000	-22.2752390
1785.0136000	-19.4346540
1768.1648000	-15.5004770
1796.5820000	-27.4643720
1777.8308000	-26.4228250
1749.8566000	22.4166570
1749.2097000	9.5012264
1709.7980000	9.8665025
1691.3502000	18.8862720
1697.4003000	30.9997000
1690.4478000	16.4075250
1710.0368000	9.0795136
1636.2454000	-3.9143119
1623.2799000	4.4558426
1675.2236000	-30.1817580
1634.1574000	32.0781690
1611.7184000	-24.3849870
1584.0509000	-22.7889200
1596.5376000	17.4987480
1577.0150000	8.5307918
1602.9958000	29.6014450
1573.0442000	26.7584080
1548.5411000	-15.7230660
1513.2352000	11.2421600
1541.6691000	11.1124660
1488.2635000	13.1858020
1486.1309000	12.1262130
1520.9832000	-17.5056650
1501.1295000	-14.2596780
1480.7359000	-6.2371709
1449.2668000	-8.2808394
1443.4403000	14.0475420
1462.0702000	-16.0175990
1442.0778000	-31.8433560
1407.9916000	-18.2355920
1397.4543000	-10.1892620
1402.2281000	2.0646553
1365.2977000	-24.4342310
1409.9819000	-5.6616540
1364.5720000	-31.1498940
1367.1901000	-19.0216540
1360.1646000	-29.9765330
1356.3621000	25.0688630
1354.7536000	-20.2330080
1343.3381000	-20.9497470
1329.6083000	-24.3329240
1319.4739000	-27.8406680
1265.2219000	27.0672210
1288.6738000	5.6428645
1248.2580000	-9.9852185
1289.7723000	-28.6904000
1261.1239000	26.6736910
1253.7098000	29.0014560
1222.0481000	-6.8613386
1240.6862000	23.1635380
1214.9502000	-17.6129630
1239.2490000	18.1847230
1227.4769000	18.9066800
1160.9659000	14.2355280
1198.4478000	11.6189500
1189.5548000	4.5359701
1168.3341000	31.0758240
1152.7758000	26.9740770
1137.4726000	-8.0200216
1158.2656000	16.6817380
1160.9811000	18.2871420
1120.2379000	-20.7523110
1132.4481000	-1.2111048
1105.1523000	-10.0018610
1100.5527000	-12.5827050
1080.0970000	-12.6551780
1087.3739000	3.0951913
1086.7497000	-23.1720460
1042.6844000	14.2975130
1056.7842000	-6.9643744
1058.2474000	24.5701280
1063.2168000	0.8890538
1062.2830000	-5.6894103
1049.4545000	2.7762502
1046.1700000	10.8168230
993.3432500	21.5042400
980.6183400	30.0357450
973.2023200	-5.3102066
957.0359400	8.8190050
965.4683700	-31.2049110
944.4034200	-17.8305270
946.8609800	9.4837646
983.7768500	8.5795765
946.5144700	-1.8150771
918.6722900	25.9125560
941.9587400	1.1983621
909.1980100	-24.0122100
898.3531000	-7.6791776
911.4181800	-13.8345640
909.7874600	6.0538469
921.7678800	13.1875180
867.5885800	-20.5445620
868.0256500	5.8815789
865.4497100	-0.6730899
882.8535500	7.5077332
865.4616800	5.4750393
865.5123400	-2.2282911
826.1476200	20.6837680
858.4342700	-30.3233810
855.8421100	13.9200300
863.1499700	-6.4710412
825.9471000	-6.8763739
798.6735300	-6.3417184
838.6577200	25.8370380
787.8788600	-12.3559690
792.2408900	-21.9109210
781.6174300	31.3914360
772.9990000	24.4557000
779.8787700	31.0072600
753.1975000	30.2395100
802.6245600	-15.3979990
767.3113200	-13.5737650
765.6582400	24.2426830
763.4175600	-5.9762705
719.0648500	-9.1156352
754.8507500	-1.7896937
729.8287700	-28.5009700
754.8305200	-0.5327881
707.8995900	-22.1977100
735.0445200	-26.3086740
698.5655400	-28.0877900
703.4388700	21.7852990
682.1180600	-9.1638258
719.9071200	-5.3164918
694.9295300	14.2742370
707.4556100	-17.9359800
674.1517800	13.9467310
668.6646600	-1.5609511
688.5040900	-8.2188366
673.4868500	3.3944282
660.4279800	15.0594920
632.5511900	11.5943880
664.0271300	10.4002900
643.4541300	22.9253200
649.0440900	-6.6595592
654.1420600	18.7356390
634.6726500	6.8103730
604.1562100	-16.8518280
630.7991000	6.6884725
600.5215500	2.0052130
597.3158800	25.8609020
619.9403300	-0.0240805
587.2402900	-32.0573700
590.7870000	-26.4458030
609.0880700	0.7407599
580.5256400	6.0650063
592.4987700	15.1032370
587.4023400	-13.0840220
590.6447900	-7.8722916
562.9917100	4.4837315
554.1336300	-15.4288410
580.6317700	-3.7353165
578.9483200	-31.9021770
563.9329400	26.7562740
556.2906800	-6.4679679
528.7021100	-3.7430649
522.1318200	21.3878370
526.0391600	-12.4066990
503.1762700	-16.3910240
495.6499700	-18.6835960
511.2364300	0.2736986
510.0173500	16.8826120
527.7612200	-4.1232957
517.6980500	20.6298300
506.0893400	-3.1684964
478.5434400	22.3424220
511.8438900	-30.6093840
514.3259900	-11.4378740
464.6811900	28.1119050
507.0659600	24.5213710
453.2061000	9.6497865
455.0508800	-29.0235580
441.2626900	-6.2381509
471.4364500	-8.1444507
458.1500700	-12.4216040
442.1956300	19.1446180
480.3773100	4.8251642
440.9052100	30.1494400
430.2903700	-21.4955920
436.2481100	-7.2380618
457.4151500	6.7246787
435.8516500	31.0637330
409.2606400	-28.1809030
401.2546100	-31.1575540
395.9511800	-5.7030581
447.7545300	23.8071070
437.2046500	13.8809420
416.7238500	20.5996530
394.4450700	-4.3219052
433.4443800	13.5484360
382.3293000	-5.5682877
368.8201500	18.4493240
367.4412700	-11.4580880
378.0388200	-11.8156650
395.3418100	23.8630170
366.8631100	13.6150910
390.1821100	-29.7263240
358.1663200	-18.2904990
359.7507800	27.9994530
362.6408600	-15.9942610
361.4916200	14.1137730
341.7621500	-18.6749640
372.9382400	-25.8408450
361.3042300	20.2078710
376.0815200	-12.8334360
363.9588000	18.5732140
324.2288300	25.7927260
377.8868200	22.5174690
338.9589100	-14.9295960
375.9538300	-9.5887098
321.1138300	-22.6924490
349.3418800	0.0174992
347.8975500	-5.4136520
302.0777500	-22.7175520
329.8818500	-1.4681416
296.0961800	-29.0759940
335.6201000	-7.4925676
304.0107800	-9.1825297
317.3911500	10.9206320
311.6658900	-14.7734800
340.1168900	-8.4528601
287.0739500	12.2178200
330.0454700	13.8667880
311.9267500	31.0501540
287.6831400	-2.7198513
327.5923200	6.8015734
306.3647900	6.6145006
291.4038000	16.1347960
303.0793600	-15.7683770
261.5474500	15.3108980
292.5204200	-13.4961720
261.8811100	9.5864866
270.8461600	-3.3150685
307.4617400	-22.1824510
272.0898700	2.5746491
256.9379200	-12.5665990
259.4517800	-0.7408982
282.1982300	28.1379810
275.5454400	27.8982350
245.6291000	11.4527030
259.8435900	3.7126574
279.4833500	-8.1706854
292.0123000	-16.7348650
284.8046400	-27.4162020
265.5084000	-20.4797670
277.5269100	-8.6560770
260.2486200	-11.0126890
240.3867300	-22.7944190
249.7863500	-1.1530155
256.8763100	14.2921040
262.9102800	-31.4950080
246.8327000	26.9740590
269.9609700	13.9993500
238.9005100	-30.6777280
214.4816700	-17.6502160
237.0427100	7.6166643
203.5364700	29.8866000
197.9139500	9.2879708
228.7364700	-14.6813490
214.4550600	21.5994510
243.7607900	16.5176040
242.1394500	19.1220280
195.7823400	29.4097650
192.6529500	-15.1836290
214.8601600	-24.9407310
206.4485400	14.1590800
191.9293600	-28.8426840
236.4894100	4.2370604
202.7505800	-1.0844618
212.3084000	-21.9997270
223.5176900	7.7761084
169.8965000	7.5062096
229.0837100	-7.2768483
228.0232800	-17.6942850
195.4034300	-23.4965690
223.3058300	-5.5222254
205.1347300	-0.0270543
176.1854700	26.8520950
181.0573300	11.4234980
166.9397400	-16.6280390
193.3750500	-21.7783880
167.7218000	12.8275070
161.1345000	18.4041370
171.6477800	-0.7213725
197.8132000	1.3474167
159.6131800	22.0708630
147.7053100	-15.6087060
165.7517700	-10.9808120
177.5379000	23.3313200
199.5887500	-3.5886746
152.9320800	10.4279180
184.8437700	5.0538308
163.7336700	-7.4510802
139.3099500	-6.7898553
186.3271200	-13.0337980
157.9875100	-13.2957860
167.1424000	6.2490271
160.4654300	4.9996229
140.2853800	6.6539909
142.0430100	-16.1522380
124.7147300	-21.5797580
184.8370600	-27.0419190
153.8811800	-9.0838886
122.5447300	14.2228820
120.6801800	14.0735390
152.5233800	-11.6484380
176.0557200	-24.2827480
120.5607300	-31.3219010
134.2121900	29.5614320
156.5043000	-17.2553690
130.0696600	23.8803930
125.6611900	-12.1821840
125.7546300	-29.8944770
161.7174000	26.2076700
134.4917700	-2.4858569
136.7157700	-17.8772690
151.4894400	6.4530463
109.6497200	-17.0957650
125.0608200	29.2447870
110.8840900	21.6751210
143.1676400	0.9520462
137.0375100	-20.8724720
107.2833800	-11.8321480
132.4672000	26.9419370
127.3523500	27.2472780
155.2683000	15.9607430
133.3638400	-26.0293350
108.4083400	1.7708185
150.2301300	-23.1120860
99.3383010	14.6568930
124.6650700	15.3868780
87.4082310	5.0902830
131.2571800	-11.4650110
144.0561500	-8.2500450
127.2085000	4.0085506
93.2965910	6.2002941
131.5583000	18.8412180
125.8883000	8.4649271
127.0914700	27.9904350
99.3449710	23.7540360
81.1023840	-26.1118740
114.3617900	23.8115600
135.9529700	23.9984510
99.3620370	-26.3557620
131.5398400	-6.3727035
101.3390000	0.9839469
130.5605100	18.0350260
79.0617500	19.2398220
85.9008930	-3.6353151
125.9171100	-16.5658640
89.7473240	-25.5222590
105.1376700	-3.2620423
69.2505250	4.6775207
71.8774350	26.2733320
77.9440490	-22.3439410
118.0283700	-20.1955030
106.4279900	28.6016920
118.2452800	-15.2400920
59.4318650	28.8756570
105.8614100	-12.0348720
60.9215210	-0.8442535
69.9660840	6.1306288
72.6492680	30.1091270
113.1013000	-28.1249320
77.3516370	13.7258160
97.3687870	23.1603010
66.2787310	9.0089180
68.0712330	22.0083720
52.6398940	-15.6950890
112.7972500	15.2381340
107.0756700	-23.2902160
69.3975910	28.0519530
85.8951380	-18.5342140
49.3384650	31.8414440
64.1823680	-18.3091210
71.7946210	5.9971748
61.3442970	12.4336310
58.6532780	25.9064310
88.5544120	-5.4470743
58.9686600	8.0651967
75.3462370	-21.6247350
104.2577800	17.7381460
64.3747290	-26.1513990
64.7419120	-24.8496800
87.6077810	16.4980950
90.9736570	-11.1377880
45.8931810	15.2191030
99.0995840	1.0013101
61.4325450	18.7715650
95.6872670	28.9773480
43.3833250	-4.5075881
50.9213840	21.7455450
97.0213480	18.5935080
62.7359790	-1.2604459
66.4104870	-29.4457030
84.0111420	23.2897320
88.9743560	22.7512460
64.6891940	-23.2360720
63.9332080	-19.7024460
80.2735830	-17.1993620
53.2515630	-25.8644220
58.1829130	9.4386138
50.6419270	-3.6929346
28.8736710	22.9713550
64.7514420	-30.8854400
52.9594710	12.1276900
45.5878820	18.2368450
55.7873290	8.4561233
73.0099490	17.7200680
59.2289100	-8.2615852
84.7365680	10.3042110
40.7662030	-30.5361100
58.8494510	-21.2741160
61.1418510	-4.3842795
32.1167920	-20.7647740
74.2323940	-26.2491250
45.5561720	28.7889930
39.3495470	13.3512650
37.3723480	-8.4841639
66.8764240	17.4251420
26.3042120	19.5181000
49.1953630	14.1256900
38.6679560	-13.4050110
24.0543960	-1.8099755
47.7400360	5.8828482
61.2446320	-24.0628740
17.9169320	11.8081770
15.9672180	-17.5577310
22.0181930	-13.3595070
42.9494840	-0.1233323
66.7537730	-20.2505980
52.7856900	7.6023666
16.4464000	-5.3599763
45.6308380	-31.5069010
26.9680130	-23.7607730
28.6873610	24.2791970
63.2475600	26.2574620
15.1751560	-27.8525490
39.8667950	-2.5659855
70.5018820	-9.7372447
44.0099380	-4.9880563
13.0238630	-13.5795100
39.9438410	-9.0761129
30.1095920	16.3311090
10.5266820	-20.9524050
37.2693120	14.6244080
45.5453440	23.4437850
10.1306060	-1.7143991
8.6941043	-0.5517048
35.3249980	-13.8101300
34.3568350	17.4674570
39.0815120	-15.9696980
45.9621070	21.1560940
34.8867180	-26.8176160
8.6196664	24.5254610
64.7083220	-28.9119170
18.9347160	-10.0857890
7.9711840	22.9637070
63.4054260	9.9079308
65.8295730	-12.5650060
2.3813493	-4.8814062
11.5107930	30.3984700
16.0663770	15.4879480
44.3693130	-17.5956010
24.8496810	18.7951310
15.0742400	-30.8084420
24.4959550	-3.8214736
61.0547130	-24.0695250
43.9767680	31.1254550
49.8311980	-4.9932593
57.2680730	21.6809890
25.9230960	-18.7396000
59.2997340	1.5048462
23.5226940	9.9293996
2.6426951	16.8041240
54.0555260	-22.2455390
17.7509550	30.0391040
-1.8720029	1.0922633
-2.3741635	3.7677648
51.6930440	15.4364280
28.6117810	0.3017893
19.8229000	3.4390690
52.0253630	22.2643710
7.9095490	-15.0792870
19.7360520	30.7500420
58.0751100	-11.5473720
54.0146160	-7.0399756
22.4096440	-3.1217127
21.5007020	18.9934380
39.7657990	-31.0331040
36.6236990	-25.8890910
47.2056670	0.2830208
3.4044326	-18.6818580
34.1928900	-13.1819120
5.9844932	-13.7815750
-8.0063445	-24.0767780
1.5738053	-9.2106739
32.9554890	25.6600070
28.9851650	-6.1924730
47.9973890	-19.5803460
48.2133100	19.5684820
-3.4770521	27.8162830
-6.1289687	15.2773080
-1.8337083	-23.4806110
49.4707370	-27.4948040
20.4594480	-13.3581530
38.0566030	18.4694760
36.4953010	8.7405003
40.3918860	14.9472930
52.6216710	-5.6135908
-9.7932158	-15.8750690
36.7542120	5.6728914
47.6406650	-2.2844389
12.5827480	28.9468810
0.5572205	-14.2864340
43.8412170	11.0377290
7.0723269	-19.1771680
5.9820840	8.0296787
30.1547720	2.2587586
32.6197290	22.2062840
-9.4882259	-0.0632948
15.4231170	2.6767492
25.9513820	-2.4389882
10.8970650	-9.6719243
45.9829560	-18.0400820
4.7339918	-29.0857240
-0.5296014	-28.3887280
16.0036290	31.7323120
21.7974580	3.9668422
24.1329440	26.4560120
9.3139871	13.8593900
16.4827000	5.7358267
33.6377440	29.9621180
10.9816250	19.4142660
31.4890580	-3.8382037
16.7668440	7.3435976
-0.9405265	-6.0878408
39.5514170	24.7303190
21.7979580	-11.8010370
1.6132049	29.8457750
-13.9358890	-5.4366816
42.3212810	28.3538740
-10.1527470	0.8673673
2.2930840	14.1081580
9.5104713	4.1137122
36.1453330	-2.1242153
2.4690575	9.3310712
20.6070340	-30.3271590
29.0662220	-7.4696384
4.1049075	13.1660800
5.1292915	23.1220730
36.7712630	29.3121130
22.8524260	14.9447090
-1.7877268	15.4755980
-2.8723375	10.5715070
23.0250780	14.9111790
37.0240860	31.8789430
-5.7752751	-21.7254920
22.6178410	-14.5401700
-13.5036020	26.3379620
-16.3559090	0.8690337
17.5241080	3.7835576
37.4861350	-15.3375530
9.4987377	-7.9931862
11.2721310	-20.5369390
23.8362970	19.8371610
-12.5431450	-16.7473120
-3.6002001	5.8158687
-1.1117416	24.7613910
31.2580870	-14.5651180
-15.9219530	-28.4789230
42.7967990	-6.5886403
-14.5101810	-11.0262190
0.5892254	5.1692000
31.9819080	-7.8044783
4.7935550	15.2790060
37.5802310	-16.2538180
2.9809054	-1.0404431
6.2687855	15.8874650
-21.8341270	14.2277700
-12.4549100	-6.5067587
35.5619880	-2.4202106
-6.6477051	-11.1116650
-21.6453140	-18.6678150
29.1403700	29.9828210
10.2375410	7.5508176
-8.2615638	6.8384062
-19.9680940	-20.8434170
6.8032951	16.0188320
30.0294790	8.3234333
-22.6938630	29.7260100
38.8678850	8.6067666
33.8763970	-11.8778600
31.4164940	14.3447750
17.6358570	-30.6109570
32.4098410	0.1499064
36.0947280	-9.8439118
24.6975630	7.8208919
-8.4277892	0.4545289
10.4111020	5.6395441
10.3704000	-30.7490100
29.7277000	18.7910010
4.7660482	25.7146360
26.8622420	16.1652160
29.0750740	-3.1868814
-3.2855268	-10.1522880
31.7451670	14.3501640
38.5257510	-7.6729822
24.1291000	-20.3651860
28.9625380	18.9295150
33.0144160	-2.8072914
10.7314600	4.6284762
-11.8328010	11.4292290
12.5349290	-6.2717007
22.1415280	-25.3594220
-0.1542252	7.7836355
0.7936527	-17.0794150
-24.3263760	-0.4531800
13.2406880	-26.5720430
-15.7286300	21.4857300
-16.5281370	21.6377570
35.7382210	1.7345921
14.7438670	4.9543625
2.9656758	14.9494740
27.1591910	-6.6313855
-19.7492540	-25.4085600
-9.6784218	13.1211850
-10.1002940	-22.8347190
-22.8256560	-27.0069640
-22.6268110	26.6575360
-0.9175248	-4.1307076
31.4614480	32.0120200
11.4610720	-17.8239100
26.2992430	-4.3251281
26.0076340	-30.7963390
-11.9273720	12.0658160
-14.1281380	-8.8332798
-15.7812360	-29.2428090
13.3179300	25.5525020
11.2371770	-20.6633360
-5.1239777	-19.0928320
-24.8199890	-16.4142560
-18.1222680	22.0160860
-20.7925100	-6.1184912
-6.5526720	-4.9887004
5.0366026	18.7300090
-23.4561080	16.8310620
14.1241530	-11.1970280
31.3692660	29.3502150
-12.5768810	-24.3895840
-7.2351448	10.5746950
-16.9405760	-15.9621480
-26.4118130	20.5201680
-22.7476730	-27.2038280
-10.1045110	22.1175570
17.4071260	19.6201340
28.9347530	4.9975894
23.6302260	-28.4423130
-6.7797353	-22.9858930
1.5853740	8.1761034
-3.1774583	-5.7372245
32.3454930	-28.8864340
34.2237260	-14.9698140
-15.7359510	-13.3689640
3.9991579	-21.8937200
5.8035967	10.7335460
-19.3769110	6.0067904
-14.4736730	-19.8059000
-3.6630139	-28.5058650
28.2479910	-29.5948920
-10.7493400	-24.0392920
20.6251360	-14.9615880
6.2058291	16.9611730
34.5548220	17.8649240
30.3719020	29.6749200
3.8679034	23.6076140
0.4705122	26.0258300
-3.1386664	1.4372686
-19.5635260	-13.8427320
-0.4596044	-4.5225511
1.0964542	20.9012660
10.0015120	0.9292904
21.7863170	-9.4820267
14.5108730	-18.2060260
16.4340310	-21.9919630
-19.8757370	-7.0246311
-8.6846794	17.3887680
4.9651427	-14.5803160
-3.7313838	-5.5562859
-13.5104730	6.1589774
-22.2210520	31.8628080
15.5593980	24.3231520
25.5430920	17.4860920
-14.2726380	-1.4648327
-1.3016081	1.9575276
0.7915660	21.9032360
-21.9485540	-7.6770231
26.3949140	6.7315009
12.3427140	18.2941460
16.5287090	-24.3153070
12.6698010	27.1619610
14.4574610	6.3435028
22.0636700	-18.2992500
-8.0861346	24.9518290
18.0723140	-22.5604250
32.0291050	-2.6547804
-6.8582745	25.3751360
0.6922950	-13.5850310
-17.2840300	1.2376763
-12.3137530	9.2492324
-28.4376910	16.9276150
16.8503920	-0.3865831
-24.9005430	-5.0693515
-2.7203036	-13.0984550
11.1662330	2.1992732
-27.1577850	9.5755109
-23.1823450	30.0851720
-9.5164223	-23.6179910
-9.8972423	-15.4739010
25.9967880	30.8494930
21.2506710	-27.9436840
27.2149230	-20.2971190
1.9184698	-29.6837320
3.5519972	-2.8765023
-1.3746361	29.4409540
-1.0928212	15.0168790
26.6728540	-4.2916765
7.1159726	18.3722560
10.5850530	23.7470840
-3.4314379	11.2719470
28.2892620	-1.5483567
13.5441190	-7.5205554
5.8408722	-5.9117338
-11.5385630	25.2864790
-7.7058060	25.8472270
-11.5314500	17.7078530
1.0628764	-19.8838580
27.4789910	-30.8835290
18.6427420	28.4062930
29.9334860	11.3088880
7.2540853	-8.9902757
19.2603380	-3.7677591
11.4219830	-3.8315149
-18.2689690	-15.6409360
5.1958970	31.0497120
-3.8556221	-20.6570650
22.8958860	-29.9118370
24.2874860	-5.8565951
-10.6284990	12.5725410
22.7923690	31.5433850
2.3200066	4.4034810
24.9028740	-8.2089068
-22.6298380	26.4330350
-19.6247940	2.7835272
5.2239488	-18.9017780
6.8406817	-30.2298240
-30.2780050	13.7065000
9.9871773	15.6194870
-15.1366010	-18.7576330
-23.3997920	-28.0272050
-26.9605920	-27.3894870
13.3008200	1.7755547
10.5746470	11.3815110
-12.5875700	-5.9008518
30.2801740	-27.7983100
6.4199071	3.2356379
-0.4577322	22.0467770
3.4371808	-26.8588920
11.1152750	19.0962740
20.8327000	11.0579400
-16.2953810	-32.0460450
-17.5262040	-24.7512180
-8.8530071	-17.1171880
6.1471500	-1.1257672
-17.7526570	27.1714790
17.8549820	-12.4118000
29.0087610	-25.9789280
32.0243120	-22.2643820
-6.7948984	11.7628050
-21.5961870	-17.9401750
32.0330680	-27.3281870
24.1108240	-17.8465890
-21.1049370	-9.9047823
-2.3349895	12.7421980
19.4917620	-6.2350816
0.4798780	10.8491930
-22.3017000	-19.0641850
-20.7591110	-16.8089060
-20.6406150	13.7672790
2.2317426	-7.0540034
32.0349750	-25.4233830
27.3144710	-8.4308222
11.3152920	-25.3889060
30.2654070	-11.6021130
-8.8163151	28.4923960
29.7129960	-31.7140710
-25.7814470	-2.1571158
32.1795300	-18.4752240
20.0728560	22.6063730
-15.4558150	4.9304378
28.9371030	31.5566530
0.5146991	-19.4422610
-11.9857450	-8.6942445
-22.8834640	-10.0183570
15.0358280	-16.1040950
12.1000680	0.5967448
29.4462870	2.4728187
-7.6117108	20.9960320
11.8776370	10.1398710
-13.6400130	-26.8285630
29.7093700	31.0637840
32.7839800	-26.9960390
19.5959050	-1.4985600
-28.8003780	12.7615550
-30.3703090	4.2839594
-1.3273192	19.3725050
-31.3383020	22.0580070
-5.1057552	0.5976321
-4.4293105	-23.0710080
9.5248174	12.6114040
-31.3272240	2.3839749
2.7899284	3.7678416
15.2739960	-15.1116510
28.7894440	-23.3055320
11.0683770	-21.7375070
-14.7100580	-18.9715790
-1.8361371	-24.3544890
-22.9062870	-6.3511923
7.0030405	12.1557340
-28.5763970	12.6540950
-31.4963140	26.1202820
-12.8479300	22.4048710
18.6225900	1.0381741
2.6548092	28.6051190
-18.9704440	26.0562340
-5.0820917	-9.9065343
-16.6560480	-3.9317979
-23.0510130	-18.9735990
-27.6989400	-13.2826410
7.0136366	22.2313380
5.3273632	-24.1924420
1.1812367	13.8603010
-6.2474682	24.2617720
-6.5619229	-29.4881850
29.2015420	-13.2863920
-0.8942592	13.7851070
29.8627670	-31.3530780
-1.9601200	4.9485180
-14.5988160	-25.2132590
-24.8906380	26.7304590
26.4528240	12.5150350
-28.5939230	20.8858740
-24.8788620	-4.9553940
-15.1727120	15.7446250
-15.6200670	-8.9348803
32.4459120	-3.9811664
-22.1848100	-31.8082060
-4.3417844	1.0592308
12.7333840	28.5174880
-27.9061580	3.3480151
30.4780640	0.6296376
14.1304020	-22.4741840
9.0370679	27.0109250
-20.8202970	8.0088491
23.1069190	-19.8256380
19.8655730	-10.8261370
12.5812670	-2.2775079
-3.1464500	14.3197400
23.9727280	14.9913010
-8.3010260	-15.4838440
7.2267918	9.0740618
-1.2137158	8.6128625
-8.6830796	-31.3258700
-9.3381505	2.9822341
15.4741800	-1.0718215
-19.0080360	1.9057407
11.4289520	-3.5098518
-10.0897920	7.8239206
-31.7552360	24.0160680
-0.0626480	7.1463602
16.4928270	-9.0500402
19.1620190	15.6999780
14.4283930	11.1216720
23.4728140	30.0316790
-28.0568710	-11.8124810
-23.6364810	30.4276200
-19.0155010	17.6996200
-19.0495710	-7.6097518
12.6921780	-25.0810100
-28.6320210	-7.0386724
27.4432560	22.4645950
12.3812600	-17.8332610
-27.2351140	8.1306404
-8.3237430	-31.1967590
21.7319880	-17.5025380
-3.3718197	3.4177042
0.6580954	21.7110690
10.9466410	9.4559114
0.7967538	-12.9557780
-29.1255930	15.7509740
19.1563270	-0.1320500
9.8487837	-14.8441080
18.9353030	1.1663156
20.2067330	-12.6849890
-1.6562970	-13.6677270
-25.3079690	-14.0490640
-2.5694546	-11.1010670
-1.0938095	21.3961620
11.3173900	-27.4298550
26.0176090	20.0484300
15.8178280	-2.5363211
23.8373360	13.9072990
10.5300160	26.6933810
6.7640539	12.0512790
-5.6919496	-28.4879870
1.3727166	0.5803136
-12.0070470	-18.3909460
10.8120180	-0.2455536
-17.0379810	-0.4942298
18.1331980	11.8503050
-7.5317855	-30.3793600
27.4502760	14.6270990
-7.8226313	3.2577997
0.0800031	-25.5124800
-27.1370630	-13.5444280
-5.3316087	-9.6944980
-22.0051380	-10.6765260
1.2737391	21.9374780
29.1831410	18.2169220
9.5535072	-30.5300590
24.8465800	22.6051870
6.5551835	-5.2867139
-27.6232610	-11.3826460
24.9445830	7.8314161
-10.6051810	6.4193297
-0.4951157	-12.6644540
29.1208140	5.7916144
20.7123320	15.2694720
12.3208490	3.3877868
28.6100080	31.1592640
30.8623170	32.0952170
-23.3310200	26.4831050
-21.3587380	-0.6621228
24.2392220	-16.9525610
4.9159545	0.4497089
-10.7505900	4.5917340
18.5467350	-9.4482172
6.8106463	7.3651002
-27.5339520	-24.6450230
-27.3182210	24.2881180
17.8785460	10.4960260
-8.3075376	0.8366504
10.9776470	14.4981600
-8.8930521	18.2660340
-6.7389233	27.7441780
-9.9365067	-4.3943378
28.2660330	-6.7562715
23.6558010	-17.5298510
-15.7685400	-14.9713850
-21.7019050	29.5825500
-16.9506060	-28.2898480
10.2685420	-7.0190805
16.1182640	13.2851130
24.7058570	11.9197180
10.2714150	16.2667620
21.2426740	7.5826392
9.3178388	-8.4060351
1.3700593	-29.0696610
8.0182669	15.9624530
-8.1431094	13.5062630
1.3806905	-0.9467751
16.1855920	-1.3787062
7.3118716	0.0381002
-2.9623725	4.8299479
25.9876530	-0.5395586
-20.5600310	7.7632534
5.8314825	4.4592144
-21.4724930	17.7993080
-25.0531660	-8.0879529
-13.6209740	8.4335850
29.6571550	-28.1957120
-27.3587740	-31.4872730
-7.4864940	3.8042396
18.2321780	-31.8526380
15.1478800	10.6315200
-31.0503250	-27.7053210
-9.5392498	-27.6915530
-13.9051930	30.2321390
28.8987900	-0.5894184
21.9601810	-14.5963720
22.3722020	25.1409040
15.8878540	16.2146720
-9.8816422	16.6832920
-0.2039138	16.5680680
-7.4676621	4.3171015
-10.2544360	21.4131700
6.1279023	-19.0105070
2.0715389	23.6948750
-13.5643910	-10.5107710
-16.2583820	-21.1250130
-20.7754930	29.9085760
9.4538701	-1.6589672
21.6130860	30.2702920
31.0796540	-8.7290584
-30.1337490	8.9525014
24.8816700	24.1957640
30.5234200	-4.7674257
-14.3176570	29.1894360
2.3076507	-30.4636470
-6.4161209	-25.6158820
-13.0942110	-6.1396665
28.1397140	-28.7896780
-19.5942630	-15.9432340
-2.7403815	-28.4734850
-4.8991930	3.5697187
-28.4755590	-27.8590510
23.1482010	14.6374590
13.9105590	-22.1296180
13.7307860	30.2498980
-25.1288410	7.1209327
5.1364743	-24.9009030
2.6076604	9.7190352
7.6542369	-27.5924570
-18.0995020	6.5389408
-26.6676840	-18.2123040
-22.0787310	-26.4534910
4.5648010	-18.6675770
-9.2799531	-18.3561850
-5.0050366	-30.8630000
-6.4598087	22.7543410
-1.7564677	13.7969550
16.3124690	4.3823479
-23.8298010	-11.1806250
23.0232450	-10.3827820
12.0448830	6.3093124
9.6906647	-12.4767740
15.4269100	18.0938940
-9.5986279	7.5009141
29.7556970	11.5991070
32.1305280	-21.6747550
19.2382650	1.8481699
5.6291959	27.2730520
16.1680020	25.9146070
30.1289640	23.3871910
11.2878800	29.5519070
-28.8390560	-31.4931530
-18.9027220	-26.5011110
8.5823252	15.1152270
3.6482902	-19.1780590
-5.2955027	26.0314830
-22.9912750	4.1482198
-16.4744690	-1.6976401
-0.3389424	27.7608380
-24.5490330	-10.0032930
28.6513150	2.8105872
0.0739749	-14.4693000
7.0081449	2.1767428
6.1962278	-20.7350640
10.1427080	-16.4737110
15.4232170	18.8522940
0.8434675	-2.1437203
27.0591040	-26.4288340
28.3251150	26.4422480
-23.7934690	-14.5689370
0.6389746	-29.9625960
-23.5290890	17.4444480
16.1642370	25.8573210
29.5161680	-7.4145839
0.4030187	-31.4805660
-26.1561170	10.7971520
-10.2006120	3.5398434
3.2920061	-29.8745740
9.6603276	0.2781653
15.2076270	-24.4732640
28.8312300	9.2129118
-28.4052980	21.6651880
-30.8166330	-3.6595760
-25.8767140	7.4347903
-5.2866053	-6.3546531
28.0087320	-0.2253007
-0.8198984	-9.5254879
-28.6051480	-31.7025770
-19.8809390	15.1832460
31.0001240	-18.6840630
5.3508707	-6.4807589
22.3255710	-29.7594240
11.9955200	8.3886387
12.0465810	9.2847394
-27.4013200	-2.8418524
-26.2170960	15.5927040
27.0873440	-24.6224870
-23.9772150	-20.7021240
9.3711258	-7.0728124
-17.4421260	-19.9872440
0.6555589	-9.1750686
-15.0444660	-2.1653105
-11.3652010	0.2812467
22.6799980	31.3380280
30.1192700	-4.3706608
-8.3026258	27.0465580
-23.3940400	-23.4254920
-7.6844782	-25.9966570
-17.2451650	0.1081791
25.4717670	4.3295503
-16.5898100	29.3743810
-2.9364145	25.2638130
-4.5251818	-21.6697260
-12.9643790	-12.0261310
-19.2322580	-14.7587160
-10.7234150	17.5432620
1.1603007	11.4881800
-17.7677500	3.2557896
7.9867265	26.0259480
21.5587700	-5.6374111
21.5331910	25.0824770
-16.2581200	-0.1724805
12.9589130	31.9272170
14.1975070	28.4966710
27.2535470	-28.1029990
1.9751348	-19.3399680
4.7348425	18.6194880
-8.3521782	19.0673810
17.8558000	25.5532700
-8.2527665	11.5672840
-16.0774600	-18.4164730
1.6557252	-26.9645020
-1.6188463	-2.8706166
3.9300451	-6.9135217
-10.2550260	-12.4872170
-22.2505910	-11.1880950
-7.4320470	-4.1440506
2.3107915	-9.1163898
16.6824950	8.9767632
0.6712138	-3.8345769
-3.2742302	27.4376920
17.3671900	9.9809122
-5.9559610	-1.2115858
-8.3967358	-9.0739990
12.7498820	-1.0978775
-10.5545090	1.7824796
-12.8503680	-15.1114990
-3.8026879	18.4029740
13.7763970	-11.7319090
-23.7953170	-19.6653490
-11.8347410	-30.1930730
8.3810503	19.4923100
21.1068360	-21.3130060
0.0873026	-1.5167519
12.1613210	31.8016360
29.5984810	30.8716270
-17.3930520	-22.0855430
-26.8765190	-8.4773756
1.6778069	8.4915509
-30.6989840	31.1625450
-30.9952980	-2.3019345
-27.1430070	26.1923740
-3.1581732	8.6297777
13.1506830	-30.8942940
-1.5245581	-5.2883568
-4.1800093	24.1706210
-6.6532153	-17.1058520
19.8107360	-32.0359350
-5.0824216	23.9832220
1.2638860	22.6166760
4.1740229	-9.8512123
17.5881250	21.0200750
30.6848060	-18.7080960
22.5401780	10.4357920
18.2996020	-26.8018480
14.0435540	-11.5995990
6.2412374	21.1869380
6.1461167	6.1813859
30.2784190	-2.5798901
13.3648250	-23.9680780
16.1163070	6.6502555
-31.5809320	19.6385890
-27.4232670	-8.5322481
-17.6082710	-22.1093720
-3.3091380	-26.1607680
13.6687100	-0.5844386
-28.5776550	2.9202500
-30.7540060	-0.4991392
-26.9788050	1.3061126
-12.3494220	20.8259910
-22.2612000	-13.8664560
16.7233390	26.2673790
-25.9254700	-9.1643583
24.1348210	-8.8000673
29.4422450	25.4637320
-16.7556960	-4.4258342
-30.5107520	26.1845360
18.5772130	-29.4439580
23.7083770	-30.0452900
3.5643011	-20.7660870
-24.5116460	-12.1536580
-14.8403690	20.0008000
-21.4862880	-25.7648480
-0.3172695	-1.3125396
-31.1071760	27.1099800
29.3796340	29.6735620
-2.6824676	-26.3081440
-23.7273490	0.5279327
22.4173330	-22.1960160
8.7457884	14.7146410
4.7738719	21.3205020
-16.0785810	-7.2953876
-28.7105120	-3.5836721
13.8750070	12.4078490
6.6539589	28.9583800
-10.0527590	28.2699940
5.4774895	1.9502954
3.3323530	-13.8679000
-11.2142860	22.4797930
9.8392892	-17.7871300
12.6812530	2.7515746
-28.5232560	19.3788850
-24.9238970	-9.2367355
-10.9611120	23.2519590
26.1261780	19.0451200
25.2554500	-15.6712180
19.9545460	8.2348456
22.4712210	-19.6382280
16.4843760	9.1536863
-27.8479540	-16.6716760
-20.4871220	31.4045710
-20.3499140	-22.4344220
-25.2300440	30.1943330
18.8172670	-12.2803450
-28.7965010	26.6259050
-18.9191750	-3.7120329
15.5880130	-8.7005629
-17.1045680	6.7565203
24.8199410	29.7732630
4.0628505	-14.8277730
-9.4068825	17.6818900
6.9054170	-31.5358690
6.4327560	-14.0752010
25.0349660	-15.4190170
-14.5143180	-6.1364249
-2.3523417	23.4191580
30.8883330	4.2919832
22.8277450	-5.9608945
-26.8881270	-24.8582000
6.9708849	15.7938370
-31.8824110	21.7347060
-13.3622740	-8.2725734
25.1023090	30.7362240
16.0167230	11.6641780
-18.3286640	-7.0382809
22.8210670	13.9916060
24.9058150	-20.3082050
26.4950630	10.2995970
22.9693040	29.6388830
-12.7553090	-30.3225390
-14.5461080	-7.0281667
-8.0516227	8.1472728
-28.7003280	-32.0808310
19.3635530	20.2551850
-21.1837200	21.3913440
3.8853338	-23.1925100
-5.9635769	4.8272595
7.0089170	18.6701530
14.5478540	-3.2394929
-14.8742490	11.5585760
23.4165150	-11.0952720
6.5555024	-18.4396800
3.1024836	20.5500570
27.3312970	-15.2327280
23.5709580	-7.3119906
-6.3124086	21.8031780
30.3673750	-14.0499180
21.5196920	26.3837660
-4.6539606	9.1367123
-6.3760175	7.1952634
26.3607010	-9.3701426
-3.3366940	12.1010660
-12.4412920	-6.9874957
24.8773400	4.5247540
2.7827332	-16.9727810
-22.3747690	-28.0999030
25.4265730	16.1196930
4.3912420	7.5922440
-14.2126360	29.6149770
-4.2211657	8.8231967
28.3253510	5.7418363
-30.5337100	-29.2621980
-28.8809630	31.1076490
15.3855310	-11.3015390
-2.1674454	27.1755360
-3.2471673	-15.9739820
-12.9758480	-19.8192990
-23.0561650	30.4398990
-19.6486880	20.0800530
10.4739750	-29.1007890
25.3518680	29.7634060
-12.6078830	-3.2652232
22.2102540	-26.1546020
6.4481316	29.5560360
-21.2138230	-2.0542939
-5.5106787	-18.2939040
9.8785829	-12.0893300
17.3644750	-8.5559705
1.4758857	17.1749860
-9.9250199	-5.7512953
26.5392240	-2.0745284
3.4372098	25.5520210
-17.6060090	0.9281782
10.8643870	-3.4407062
-4.6354744	9.5024103
-10.1177760	-20.7159960
13.9721200	18.9721350
-14.9533140	-24.3874010
-29.7997920	1.4146987
-26.6456170	15.2855490
-23.4611720	-4.8452264
-20.0715230	11.4927200
7.3781590	7.0106533
-6.8153550	-11.3041550
29.1945410	23.9745100
12.0231450	27.3464480
-21.1763570	-25.8629720
-19.1263450	23.3266870
-6.0764299	-2.6079580
-7.2921786	15.8198920
-13.6156020	4.7096187
-31.9573930	-14.0411030
-17.8485550	-13.9356560
18.5337170	15.4802740
21.5221180	21.9672620
24.2532580	-31.9225570
25.5671850	13.6387440
-28.3431770	-15.3464200
17.4914090	-0.7353926
17.6114860	10.1157050
26.6142410	6.1538540
30.3410430	-6.2122721
23.4173820	-4.5112645
26.1960090	-11.9891470
-31.6904510	13.4753070
