jMRUI Data Textfile

Filename: dataset27_WS.txt

PointsInDataset: 2048      
DatasetsInFile: 1         
SamplingInterval: 2.5E-1    
ZeroOrderPhase: 0E0       
BeginTime: 0E0       
TransmitterFrequency: 1.2322E8  
MagneticField: 2.9E0     
TypeOfNucleus: 0E0       
NameOfPatient: dataset27_WS
DateOfExperiment: 
Spectrometer: 
AdditionalInfo: dataset27_WS
SignalNames: dataset27_WS.txt;


Signal and FFT
sig(real)	sig(imag)	fft(real)	fft(imag)
Signal 1 out of 1 in file
209.2460000	-89.7154860
362.0393700	-176.5507700
229.2231600	-305.6448300
44.7836810	-331.7620600
-94.3805050	-278.5217300
-188.7229100	-161.0242500
-207.0592200	-38.2824350
-145.8592400	81.4183170
-50.6585580	113.8274700
53.4562850	100.2486400
103.1641000	36.7392680
103.7488600	-38.8357680
41.3230400	-91.3990400
-10.6297920	-108.9412900
-78.5228840	-85.0888750
-89.2656730	-33.1330390
-78.8814000	19.2714150
-53.7580030	45.4638090
-10.4762910	45.0252940
7.3485958	9.5080379
-0.5576002	-16.3514390
-25.4228840	-29.4276590
-45.1311620	-28.8454830
-73.4293360	1.6927551
-70.4677330	45.4469810
-49.8642320	88.2092180
8.6134289	82.7086710
51.0251520	74.8136460
82.1340260	34.8002750
86.1568140	-31.1419340
54.9787500	-73.6791940
-5.1706622	-101.0560100
-54.8615870	-91.6826170
-86.1744480	-50.6492200
-116.7001300	4.4368397
-91.4023160	69.4564230
-38.6990380	109.2138900
11.5098970	115.9130700
72.5589890	76.3833330
96.2653710	47.5598660
94.2344920	-12.8438930
66.0630800	-51.7346270
42.9862640	-68.8981560
-5.7741612	-69.7778840
-34.4373530	-52.3350440
-40.9540740	-3.3385932
-32.3012130	23.0704820
5.8541225	25.5927090
17.7089420	28.7538350
44.6889720	-2.8953878
35.9080070	-39.8519340
11.4214180	-46.3781910
-7.5159651	-71.6091540
-45.2105750	-51.9442870
-78.0723540	-23.5835690
-80.3345340	26.7324210
-43.0863610	63.0162850
-14.9081790	78.4126760
18.7989290	78.4383230
53.3828740	41.0085170
49.3948410	10.8059590
44.3409210	-30.6744700
16.5464130	-28.7553600
-17.1796680	-36.6670820
-30.1055870	-9.1508094
-27.3601040	13.5806530
-12.0892950	24.3655140
-0.9361789	46.3927650
31.0680820	30.0970090
41.2889870	5.1403733
38.0621620	-32.8874470
11.7047440	-43.7570020
-0.2534673	-49.2856580
-38.6140330	-27.8379770
-38.3603120	-13.8565980
-31.5992670	3.2362572
-11.1845500	15.4609580
-2.7464405	13.4976350
11.4764960	8.1477180
5.3509842	-11.8872140
-14.2518150	-29.2583210
-34.0749210	-28.4045950
-52.2513590	2.7867877
-39.4439020	18.2894130
-26.8657340	55.0528120
-8.8177389	61.0984120
30.8038830	56.9600680
63.8057040	42.0462230
62.8082170	4.4160051
68.6194400	-20.2913570
42.4165020	-49.6150080
-1.3022103	-53.1704720
-28.1512060	-32.7732780
-39.9632580	-14.2503190
-36.5199670	11.9164380
-16.8351070	18.4525130
5.9637025	19.8999360
34.4316650	7.4353372
30.9743050	-8.5959116
17.9255870	-23.9655430
18.6453880	-28.8757660
-5.6892436	-39.1282750
-26.9215040	-32.4270890
-27.0710390	-18.0771660
-22.9893180	-4.6964640
-16.0688890	20.5862540
-16.8393580	23.1707690
0.7785651	11.6636750
-5.3319158	3.3160074
-2.2084142	7.6657096
-10.1419380	-3.7003741
-18.7150440	15.2065310
-16.2214030	20.0603040
2.9504878	32.5455820
7.6835675	22.7851000
17.5444980	16.2151650
37.2011820	-4.3015497
16.7827870	-14.3692300
13.7202090	-31.9830320
5.6640036	-31.9134530
-0.7258647	-26.5644480
-17.8477260	-17.5409380
-32.3307460	-6.6069973
-26.3044900	10.5780730
-24.5831280	3.7855154
-11.2611420	16.2224900
-9.2575276	3.4521035
-0.7272518	6.3066465
0.4898596	7.4668325
1.5601597	8.4220000
-13.3116510	3.9885359
-8.8238201	5.9296923
-11.5744780	14.0105740
-11.2148370	7.0644404
3.2639346	14.4503070
7.8476272	19.5910010
13.4160280	1.4721099
29.0906090	3.6627239
18.5224290	-12.2286440
18.1643550	-21.4753870
10.3850080	-13.7029060
-2.1519425	-28.9584850
-6.2856878	-27.9581750
-11.8934470	-15.6585400
-5.6408483	-15.8567630
-4.9377896	-20.6108500
-12.5360630	-2.0630791
-10.3203580	-14.9425350
-25.2821290	-9.6426945
-18.4068640	-0.1078801
-22.7344860	-0.7812495
-18.3482310	5.4364486
-18.7278780	18.0989310
-10.0656490	17.3337660
-1.2396599	11.7626950
2.1761607	17.9221830
20.4533430	19.7151540
23.0890010	-2.8494947
19.9741040	8.8147664
8.3365410	3.2787398
7.7490552	0.8981961
8.9576253	0.9147782
0.5148438	-14.7733300
-9.4867873	-5.4750835
-4.0635248	-13.4196150
-2.8123978	-4.2535556
-7.6286782	-8.3765805
-8.0254491	-0.2462783
-8.5067540	6.4295831
-11.6598950	5.6095301
-21.6080360	12.2211480
-14.5994780	21.4502330
-8.0525142	21.4758570
-15.7065080	20.2208260
-0.3077839	21.5008970
1.0101444	18.8268180
11.3560410	27.5873920
15.7333290	6.5893635
34.7131630	13.3991560
35.2231530	-0.9131464
28.4644500	-10.6929940
30.4844260	-6.2978512
25.8634940	-24.8745320
17.6341060	-23.1542210
-0.7507859	-13.0826380
7.1724337	-12.6756720
7.4162220	-18.0798530
-12.5702840	-23.7217890
-3.3300437	-20.8131760
-16.0595920	-22.4489200
-19.8662160	-7.3206553
-18.6688510	-13.4870060
-15.7913350	-5.0141627
-26.6857380	0.7121649
-20.1104980	21.5828730
-7.9075311	13.7376720
-1.0819041	26.6507740
4.0734759	12.5324370
14.0775540	25.6412350
11.3640260	6.7135872
24.3577020	6.4312953
22.0514920	9.0821389
1.1569932	4.4474808
-2.8248461	-0.6102296
-2.9213181	-13.8111460
-0.2477657	3.0946152
-8.1279965	-8.7598428
8.1863385	-8.7657423
8.7930979	-8.3732730
11.6818720	-13.5949060
5.6180927	-0.7509420
-0.0214089	-20.2398380
-21.2097740	-5.0067759
-8.0410082	-8.6241061
-12.9787710	-1.6771172
-16.3769330	17.6516150
-2.6915702	25.6934080
-11.6757360	28.0759260
7.8814303	21.7587700
9.9048091	20.8928510
6.6416995	15.7139190
17.7512410	-1.1409808
19.9067070	7.9293762
9.4907422	-9.8577463
15.7619810	5.3985739
12.4876270	-9.8721442
4.3676749	5.2750850
18.7671970	-6.5486761
4.8596874	1.7814962
17.1318190	-14.0049180
-3.5722042	-8.1767860
1.7623086	-26.7912160
-4.4317492	-19.7157670
-12.5438960	-10.9173120
-10.4155190	-10.0898390
-22.0540710	-0.8596072
-0.9667604	7.1328879
-3.1976562	11.7037910
9.0014936	6.9418611
6.3971391	3.5078926
11.6741240	2.4928069
-4.7762871	-16.8136600
-10.5240570	-14.5150840
-6.9506546	5.1379461
-18.4027350	-0.7020130
-10.5803770	8.8848336
7.8823302	4.6498777
2.6562208	7.6218387
16.2568630	-1.8704391
19.6041970	-11.3926890
15.4647360	-18.4380920
1.6222326	-9.0694707
-17.0060090	-6.2833331
-6.2077147	-8.7491256
-20.0201430	2.6524717
-13.9418200	21.8678730
-9.1378352	24.3036600
6.5323315	5.4230848
18.8140240	18.5460680
20.1131530	0.6785920
9.4630732	4.2021376
-8.1239444	-11.5996310
-8.5468256	-1.7399336
-14.7725160	-6.2036501
-7.7838076	4.9776980
-6.1126124	21.7078680
10.8439940	9.4414521
6.4322403	8.4531215
13.9421700	13.6985940
24.8533650	-4.8610180
18.0083030	-9.4764669
-1.1872549	-23.8898640
2.2077662	-19.9452220
2.2262295	-8.8419766
-7.5418195	3.0705242
1.7109767	4.5241841
-4.2887316	2.9318079
9.2592841	1.7260476
1.7621392	4.0656100
12.3653440	-10.3827560
1.2765301	-12.6599080
-15.7619720	-17.8752830
-4.9219648	-10.6725970
-10.7963040	6.0387442
-4.4373566	11.8404930
0.9482320	-3.2542572
-9.2026898	15.8171400
0.0606038	-2.8543816
8.5838734	1.4825144
-9.7452539	-8.1877601
-7.0344977	7.0189652
4.2891452	7.6738628
-1.7913139	-0.6145733
2.3202024	3.9043654
13.3010570	20.0108950
12.1331980	1.9025325
18.0143380	-3.9518902
23.1794010	-9.5546776
18.5373210	-6.5262070
9.2415401	-16.1345540
-7.5778754	-10.9690700
-16.5981720	-19.4644050
-15.1151370	-5.2548964
-16.7783820	-8.9802176
-20.0680580	12.9167430
-14.5500920	1.9978575
-12.1543080	11.8780760
10.3692940	9.5844935
4.3974310	-3.5327369
4.4125458	6.7821693
-4.5832276	11.3628240
1.3984095	1.2642256
-2.7763690	15.7842130
-2.5650939	18.2325860
6.1520483	14.6852480
3.9308891	19.7779050
17.4589100	17.7876100
14.5498080	10.8747930
20.6426600	-10.7855650
17.1822970	-5.1928368
13.6216090	-10.6729870
4.2011606	-17.0369510
-1.3291161	3.3202036
-0.3280890	3.2838039
7.0484603	-4.7692786
5.9043529	-12.7429560
7.9077539	-0.9691233
7.3468447	-5.8791095
-6.4274319	-8.2317704
-4.6574131	-18.2400650
-16.2615300	1.1800862
-12.1844010	5.2525807
-2.3375162	4.4468671
-12.3401640	12.7640410
3.3691938	13.9861610
7.9644458	6.1190554
15.8669090	8.2106557
4.4652015	-6.9052157
2.7971596	1.9929827
11.7947080	-12.5492130
8.3907020	-6.2914766
3.9296853	-5.5379480
-0.6721703	-13.1051420
-5.9271440	-9.3891931
-6.8087965	-8.1368056
-0.3375899	-15.5960820
-2.1863200	-11.6870970
-19.9320730	-10.2152620
-25.4039640	-0.1094737
-23.8650810	-0.5980056
-15.6077280	11.8210330
-3.1486684	9.3750980
2.6662451	22.9358270
11.0222760	18.3855780
21.9306910	15.1313920
24.8869790	3.7425663
6.2159459	-5.0908384
1.2825973	-16.1865950
-5.7845306	-14.4478890
-4.0183678	-0.1477177
-13.2602290	1.0425262
0.2622462	2.0963845
-0.1966381	5.2601490
7.3508680	7.7675122
16.8523070	-8.7917608
4.0993575	-6.5591941
-0.9485255	-6.5770668
-8.6458572	-16.4359500
-12.4393400	-8.1860261
-5.6533356	-16.2952350
-28.2750950	4.5465242
-27.6173920	6.2328344
-12.0051570	4.6214281
-11.6800270	7.8412949
-11.5018730	9.9719895
2.2064855	6.3000092
-1.1463535	5.7723662
5.4189933	2.6153486
-0.2923392	10.6171850
6.8220418	15.7460510
2.2726359	5.0824781
4.7148747	15.9110200
10.5315890	12.8041650
19.1694540	6.3646248
10.5689780	-0.8370530
20.9077640	-19.0554490
11.1178790	-9.4788243
-7.9339153	-14.7371930
-14.9239020	-13.2403620
-8.2326854	-6.7755213
-2.4836425	4.6687952
2.3837732	3.3393718
12.2140780	8.5169869
18.9413810	13.4251720
10.6870370	-8.5288588
5.1613469	-5.0279241
-5.8030722	-11.7434580
1.9619006	-9.5114554
-14.5381070	-10.6467670
-8.2676549	0.1545086
-8.8491546	12.3261170
-1.7110323	3.2521739
1.1600566	4.5317701
22.8215260	2.0308287
24.1366470	-0.4728435
6.6951912	-5.7778077
-0.4388677	-15.7948690
-11.9421790	-23.1537410
-6.8875174	-7.2499831
-24.0522030	-6.0487266
-4.8787066	11.6965530
-6.8327336	15.9681720
9.1703603	14.5766810
8.2843987	1.3449163
2.7631023	1.5297504
2.6160983	-11.1207460
-13.4137730	-20.3616240
-12.1164630	-5.8053846
-17.7500850	3.9202957
-14.6764960	4.7288247
-22.7634040	24.4774700
-10.8235170	10.6423070
3.0457091	12.3008770
14.3556010	10.4349460
10.4343640	13.2473940
0.8775516	-0.0268273
9.6253993	-13.4613480
-0.1784667	-10.8778090
-12.8008410	-2.8806177
-9.8666197	8.6943290
-9.7701890	11.7560160
-5.9237171	8.0583052
5.1678065	11.1202700
9.8672722	11.8495650
14.0406720	-12.9469290
-3.2693829	-13.6247510
-9.8542291	1.5152565
-16.2762920	-5.7428279
-4.3011656	-2.5895483
-7.2506595	10.1482800
-6.4903209	5.6440719
0.7639900	7.6868234
8.3131297	13.5256040
11.5665490	-1.0667980
11.5851490	-1.5204146
3.5055822	-24.0541920
-0.1760856	-8.8686845
-9.0286068	-19.1597590
-16.3708950	-8.6975670
-12.7594830	-2.2639801
-10.2495010	5.5128218
5.0417488	5.5958495
2.7444341	13.1534140
6.3806432	-8.2533007
9.6856222	-6.3239419
16.5845870	-14.7760510
2.9773380	-25.3758050
-0.7035878	-22.4391840
-6.9644403	-12.1728870
-7.9263697	4.4924306
-2.3920305	5.2226664
-0.7011884	9.1905270
-4.8873001	9.9106226
-1.9990627	-1.4577743
-5.1580269	-6.1106961
-7.8975449	-0.6380227
-3.4814495	1.5668731
-10.7097310	7.8348383
-8.0100233	6.1067041
-4.5689516	8.6452601
3.9295296	14.7898610
5.5943349	12.0672700
0.5763244	3.1812947
16.4445640	-5.3128655
6.0031807	-1.0325481
-5.0224472	-0.5078132
-10.5705570	-1.7954962
2.0639298	-12.3399250
1.9085690	2.9103825
5.3949119	11.9181220
-5.0497502	10.6679310
12.6983710	3.4064796
14.5815850	-0.2369560
9.8884585	-14.6576790
2.6827547	-15.1338770
-10.5744860	-13.1141950
-21.2957470	-7.6130088
-8.2860177	7.9622680
-23.9705720	17.2275840
-8.1384287	5.2588182
-2.2545980	8.6303275
-3.9961591	15.0032640
5.0875248	6.5931123
9.6991483	11.3302610
14.3773490	1.4731018
-4.6456230	-4.2313842
0.3255766	-4.2119021
-2.6055158	8.2153164
0.6797326	2.2429985
-4.3356530	13.2326670
13.8653260	11.9873230
2.3543296	7.7162938
13.9407420	-9.0487904
1.5014991	-5.2716557
-5.4490565	-5.0151216
-1.0903057	-5.3828455
-8.3361707	-10.6399180
4.9516770	-12.3580510
4.1134501	-0.7872060
-3.0838376	-1.6616283
-9.1802968	5.9784928
-1.0281486	5.2451964
-2.9094624	-3.9596067
11.3793080	0.1417975
3.3614561	-8.2538272
3.0407302	-4.1242555
7.3144903	-3.0499924
5.1616073	-3.9868033
-6.1546471	10.2804600
15.3679230	-2.6488637
16.2658400	5.2126752
-1.6733329	-8.3064932
13.8379610	-16.0390640
-9.1353831	-5.9317781
-6.6873482	-10.3898660
-13.9814180	-8.6905069
-7.1185394	-10.8492830
-16.7106980	5.5115191
-17.3114900	7.7439883
-14.7093010	2.5590791
-8.0503389	-3.3098215
2.0203979	13.3855540
-4.7808003	-2.1621634
-3.8723890	1.1931197
-2.9756037	-6.9943380
-10.0027350	-3.0918396
-2.1119290	13.6025620
-8.1562551	3.1962175
7.0299202	15.2098200
-3.4558477	-0.1369410
2.5316154	4.9533649
14.6570520	5.9716484
10.9197580	0.3430459
-2.8708810	-3.0946698
1.0607020	4.1950741
6.4037800	2.7825971
4.2170646	1.7890906
5.3251908	-9.5215799
-6.6665432	-6.1843919
-0.9565684	8.4041730
-8.1767633	-9.1230674
5.1961404	-5.1128720
7.5161845	2.8553168
5.1174599	-6.9322523
-6.7298374	0.6421239
-10.4621730	-5.9038823
-9.4930064	11.4825960
-7.2770736	-2.7913144
-1.2084004	10.7605260
7.7422720	4.4998537
11.7585160	2.1246747
3.1964480	1.1123628
-1.2283211	-10.4582850
-1.8425332	5.7470502
-0.9116043	5.2368596
-7.0492317	0.3356460
-3.5775425	8.5936736
6.8540815	-2.5307018
-4.2113354	-10.5889630
3.2324524	-8.9149458
-1.3294640	4.7588856
-5.5793028	-6.5635861
-14.2207140	-4.9771242
-3.2703163	-5.5665891
-11.8142650	-2.2502083
-7.8111331	4.5106724
1.0947108	0.4555618
1.9479348	13.7566780
-3.8301485	14.0291720
-2.0473498	-6.9918381
12.4949540	-10.9022090
12.6732310	5.3244276
4.4404527	-9.5812667
2.0626517	-11.2539120
3.7671835	2.9259832
-10.3651990	-2.8754624
-5.1561089	-4.0824315
12.8781120	0.3758887
10.2981110	-9.5526337
2.0279629	4.9781537
6.6805716	3.9581668
2.2165798	-2.2325838
-1.2179393	-16.4628990
-1.9961426	-6.0489906
-7.3011195	-3.8838137
-10.8646580	-0.3439609
-9.9580388	9.1262744
-1.3238229	-6.8535361
-2.3889687	10.9396870
4.5921491	10.4290350
3.8580223	4.6952586
3.9455812	-7.8837013
5.0283263	1.7551836
7.0121956	9.5636851
6.2737027	9.0558240
-6.3386733	9.0412173
2.4172085	-0.7037667
4.0523451	-3.0865670
-0.7051162	-7.6722586
5.6380154	4.1134298
-1.4356994	-5.8241247
-8.0342976	2.3169468
-10.1451900	6.9936508
-3.2131008	8.8179874
4.5511779	0.5770632
-1.8797121	6.5096301
-2.6327468	2.9985275
-0.1507907	-5.4136265
11.8873610	-6.8473380
12.6524210	2.4014483
5.8027032	0.0633749
-6.7612649	-12.1110270
-7.5317455	7.9161885
-9.7787956	10.2240190
-8.2358166	3.9029565
10.1982140	12.4980500
-5.7803247	9.7627109
4.7495807	-4.2342342
-3.5032804	3.0183461
-3.7078406	-5.3030190
-8.6005612	0.3323564
-6.4258797	-3.8993778
-5.1760552	-6.4910805
-3.6306744	3.0830507
-4.9904427	-1.9299433
8.3770425	9.7209557
-1.5125343	1.9066590
6.7411794	-6.0274314
4.1355953	-10.0276000
5.3071772	-12.0586470
2.4786904	-7.1374589
-0.3164346	-6.8004169
-8.7678693	1.9270788
-0.5662678	-4.7819767
-1.4462041	8.1615440
-2.0087642	8.6631336
-9.7547739	5.7291033
-6.2487634	10.1578360
-2.8492621	-7.5329699
4.5073585	-6.2015412
9.9306767	0.6420278
1.5235078	-7.7661004
9.5487189	10.1350510
-9.2752202	-0.8058924
8.7664471	-8.0576532
1.5420357	-6.1031584
10.4252710	-4.9608801
7.5605633	6.1683911
8.1842707	2.1566599
-1.9333497	1.7826821
-9.4667500	5.3160853
6.6823536	-1.8538606
7.8107083	-9.1962906
-11.0435260	-4.5980872
-7.7787634	5.2442643
-10.3961780	6.1855368
3.1717792	1.0114676
1.0216710	-3.2378466
-2.9445367	-5.4223485
-3.0652378	-5.7702453
-1.9095051	10.5323910
-0.9801452	7.1131834
0.8336636	10.4516820
-5.4796147	-3.9367032
5.8534687	-4.8381910
2.4814874	-5.2303034
-5.4780508	-6.2577257
1.2111124	-5.4546451
-3.0604845	-9.7289234
-5.3983061	2.1572822
-6.5443803	3.5523600
-3.5940902	-0.4063306
-7.9488299	5.2871778
2.0356841	0.4856143
-3.7680132	-2.1041607
-3.4411219	6.7003465
0.5422772	-8.4609641
5.6000040	-1.9220587
2.8957940	3.0094766
8.0016989	-4.6762385
-11.2121920	-9.0039403
1.5726465	-5.3540962
-5.0444578	7.4001574
4.2021695	-1.4201907
3.9212050	3.8734395
7.6543721	1.7607694
3.9712141	2.2074308
-5.4381324	0.8998989
1.6594876	-0.2805084
-6.5709065	-4.6272465
10.4846380	-4.4640781
6.2842839	8.1678867
4.1047764	-6.6864505
5.6836840	-9.4148142
7.2067424	-0.4847339
-6.3242036	-5.2559342
3.8679742	-5.7359360
-3.2815863	-9.0194635
-9.4813958	-8.9607864
-11.6600420	0.3379404
4.8370235	8.2923077
-1.6381867	2.1618624
-0.9027429	-2.9397981
-5.0418124	-2.9732367
1.2994402	-7.6218787
-4.9706730	-1.7123917
-5.7676685	-7.1158370
5.1583217	4.8079883
10.6429760	-6.5014119
-1.3829587	8.4887756
1.1439678	2.0368138
0.7265198	1.5117099
-6.9967621	0.0212782
7.1086402	2.6225347
-0.5134995	0.8432866
-8.7648916	5.8860774
4.6249671	7.1536093
-7.5706667	-3.4333472
-8.0155719	5.7268019
-8.3297199	0.6896977
5.1892532	3.2701779
6.4152504	6.7210427
5.6378969	4.4173587
-2.5005199	4.1704366
8.0568170	0.6995689
-3.9903898	7.2934263
5.4395804	-1.2530737
-6.5634248	1.1080344
-2.7263045	4.0695150
9.9137483	9.9458980
3.0615294	0.7780156
10.0807090	0.0535339
2.2582200	-8.9462880
-1.0660213	-9.8639355
11.7845360	7.2159619
7.6880758	-3.1396167
1.3879411	-8.2307714
-1.7796923	3.1509162
7.6641317	-2.2636735
-6.5460262	3.3951715
-6.0959330	-3.7598760
-3.6723762	-5.7670846
-10.0846480	-6.2008077
-3.1906562	5.4221278
4.1714571	10.0765830
6.0322981	-0.6178613
0.9068717	6.1856004
7.3502708	6.8058115
-8.1086209	9.4511274
6.3815719	-5.3926656
-3.4303744	3.5494585
7.1148727	-0.4206182
-1.0167492	4.5249702
6.7906256	9.7744179
-4.7815005	-0.2389084
-2.1304632	-6.7728998
-0.9695379	2.2879224
9.2534262	9.0159192
1.6936506	-5.1937174
2.9377112	6.6541315
-8.4375736	6.2467361
7.3230182	-6.4192489
6.1309617	7.2423269
5.3559162	1.8743170
0.3656392	6.8537936
-4.6163536	3.0609472
-5.2051038	10.0006850
6.4107677	-2.1212239
7.0800031	2.8536712
-3.7316529	-9.2551477
-6.1617289	4.4657429
8.7793102	-7.5225001
8.2618614	4.7732575
-4.3387544	3.2891771
3.4119873	-0.7145717
7.3868755	4.1997806
2.6339341	-6.3844976
-0.2275705	9.1576112
-6.0530569	3.6710496
10.7125970	7.9597143
-4.3812642	-8.8882476
-5.8399660	-6.6530439
4.6150808	-4.3368641
8.4875158	-2.6508682
1.2459962	-5.8518077
4.0917333	5.4882896
-8.2586910	1.0897289
-6.1329279	4.4226571
-1.3655527	-5.6924295
-1.1074296	-4.8570840
-9.4144575	-8.2304767
3.0459599	-8.5459508
-5.0196045	3.0931941
3.9992759	-2.5023284
8.2584972	-8.9869832
-0.4550027	6.3421130
2.2623192	-1.7004799
-4.7791545	6.8175892
2.1204390	5.8380428
5.3785717	7.9153855
9.4518997	6.7492381
4.3916167	2.3739903
-0.0228794	3.1938652
-3.6413683	-2.5432050
3.6160474	5.0450217
-0.7681541	4.8698535
6.9089035	8.0387422
-7.7142616	-2.9065279
3.2847695	6.9097466
-2.6443016	-8.3282716
-0.7725120	-0.0340272
8.1519632	-4.0752435
-5.5206361	8.7134801
7.6603753	5.0307076
-4.6493152	2.2064385
-2.8506968	2.2136423
8.0876478	8.9826142
8.9942110	-8.8736596
6.9543398	-8.5107980
4.8464139	-5.7795828
-8.9809599	-5.7459740
-5.2666154	7.8222377
6.8879179	1.4642420
3.5081628	1.8464274
-7.6295590	0.0945312
-3.6998797	3.1848848
-1.9650518	5.9775174
3.7062316	-0.1058239
-5.6476539	-1.5468543
9.9424238	-0.5958867
-4.8037925	-0.4084281
-3.3573108	0.1775529
-0.0062395	-7.5563766
3.2926306	5.4438683
-5.4500280	2.7846925
-5.1467024	-3.5761189
7.2598281	-3.6905113
7.3203301	8.8324116
-6.1516651	-7.7931385
0.2068179	-3.1592922
-10.8350930	-7.7731468
-1.7195912	-4.7055695
2.2469200	-5.4215108
-2.6684034	-3.3181051
0.7178739	-7.0478135
-8.1424266	-2.2499020
5.6572536	-2.3954233
12.1693480	-4.8228037
10.7248680	2.3750035
1.9144666	6.1979740
5.6991512	-1.7803103
3.7700469	5.5391380
-4.9185377	-9.6483818
-10.7688300	5.5190951
-8.6952346	7.1753062
-4.3133341	2.9527160
-4.1063890	5.6590767
9.2416314	-2.6561124
-5.5764460	-0.2141804
-1.5128666	-9.4343273
-11.4427730	-2.1203004
7.1173102	-6.5140863
4.4056872	-6.5062325
3.3913804	-0.2240232
1.2451778	12.2893300
4.7916134	3.2369618
-0.5656144	9.3716936
2.6246326	-3.5460449
10.6267770	-2.1343777
4.0550601	-3.5391553
-8.8654157	3.4551909
-1.6783522	-5.1771497
-4.3952129	-9.2458794
3.4403917	-8.3400009
-2.0365075	-2.0016938
-0.9000151	-0.2702168
2.4663869	-1.1852288
-4.4734606	-11.1091020
-4.0690365	-3.6939734
1.4799077	4.4923710
-5.1429959	5.5989212
-8.9797954	-3.9689856
-10.6182080	3.9454595
6.3551809	11.6974060
5.5308876	-5.7012798
-5.0928404	-5.4123994
4.8156127	4.5788153
7.4102721	3.9504660
5.4212773	-10.7538950
2.2040525	4.6398843
-6.5932284	1.1399355
-1.5460449	3.4494662
6.8041849	9.3438937
-4.5062693	3.5493112
-7.7500670	5.8790256
1.6205933	4.7494149
-5.8699265	0.3222803
-4.3118587	-4.0120155
-2.2732727	4.1793237
-5.7044536	6.2017376
-9.3030555	5.1269510
-8.7440549	0.7507643
-0.9897642	-2.0374109
-10.9440630	9.9513287
0.4430439	-6.8850043
-4.0323195	5.4981361
-5.5135491	-8.3856508
-7.7249381	-9.7030918
2.6957367	0.6354498
-5.9972997	5.0530726
7.9283552	4.0840922
3.2897676	-7.2545002
9.4747138	-8.9312873
4.6723828	2.8467503
-0.8767344	-1.0334569
3.3965557	2.1198683
-7.0757461	5.5142582
-6.0632277	-4.7764417
-1.2453865	-1.1676308
0.2068541	2.3524140
5.8171723	-3.2101370
-5.6312679	4.5939495
-1.9937085	-4.5757846
6.0989437	6.9594195
-8.0335164	0.3253268
-8.8174714	-3.3434377
-4.4262505	-4.1009964
-6.6987163	-1.1466835
6.5264175	-8.7378799
4.5688008	6.9271137
-6.4160769	-9.3810525
-9.8596524	9.5088553
-9.7985031	-0.6199337
0.4038570	2.1692549
1.0558682	6.1064945
11.3999070	6.1279257
2.4294505	2.0757874
5.4894531	-5.5606927
1.4284549	0.1637510
-1.4345497	-0.2825856
6.5343524	7.7056514
3.8143634	6.9593974
1.4227653	9.4846107
-3.1046814	5.5395917
3.6735637	-7.8410222
2.3481082	-2.1087105
-1.9996718	-1.1527261
-0.9673957	-5.2732686
7.6377405	-7.2052615
-0.6831819	8.5281213
-3.9783902	-6.3590022
-7.3434365	6.2424383
-2.2807488	6.0259061
2.5426450	-2.3818344
8.1876329	1.5758580
-3.7944603	-8.9930540
4.6104767	-0.1523377
0.0052928	-4.4214098
5.0243916	7.2807940
-0.6149134	1.3192254
-3.6183146	-6.5711187
-4.9893865	-2.9989992
-1.9980564	-2.3438327
0.7174251	7.8391559
-2.6215771	-9.6363122
-8.5678432	4.5656370
-4.2063057	5.7898041
-10.3904490	5.0329425
8.4504115	2.0015547
-8.2685265	0.4721899
-2.2069210	0.1160265
-10.2901960	8.0305858
-5.3277225	-7.5535537
-5.5017357	-1.2014936
-3.4400751	-7.0915219
-9.8938276	7.2293642
-8.7633272	7.0907235
7.5314924	-1.5445790
-1.9463003	9.9830024
1.8471887	-7.4881848
1.3578434	-2.0626057
7.8305945	-5.8867277
-2.3296964	9.0566519
-0.8672290	2.9842822
8.8856591	-1.9631595
2.5289337	-0.1858343
7.8053951	8.4446138
-6.3949852	-3.6208733
-5.6576181	-6.6536978
-9.0363604	3.1668741
7.9229314	-9.2907399
-2.6001230	-2.4708895
-3.0268925	-3.0636544
8.1705805	-3.5302430
4.7862911	-8.3700622
7.8488328	7.2444527
-5.7033771	8.8730319
-4.7549889	-8.1006814
0.9771532	6.4994719
1.3338198	2.7067247
-3.5287044	1.8027351
8.5974960	5.4298355
4.4543444	-5.8879578
-4.5078630	7.3635413
-7.6114812	-4.7241201
-6.8025902	-10.6817650
0.6822805	-8.3191783
0.5181738	-7.4586133
-3.1295145	-8.7245257
-0.3066686	-3.9669892
-2.2703918	4.5444834
8.6996826	7.8911818
6.8426067	-7.1118233
-4.4690301	6.1433155
9.3099915	-7.2299679
4.9888729	-5.9590551
4.1971359	-8.5347465
-9.1617930	-8.1658470
-9.8027901	5.1745696
-4.3465071	-7.3570891
4.1268366	-5.9999051
0.6525595	-1.2825297
4.4061467	6.5676085
2.3930230	1.8520116
-9.6742640	-3.9413398
2.5983076	-7.8381830
2.9762868	7.8336498
7.5334075	6.1874384
-4.9643419	7.9823218
2.5178772	1.9316173
-5.7820014	-1.5421771
5.5192045	0.7413256
1.4746458	-5.6919256
-6.5317587	3.1542230
-4.6472399	-5.0880201
7.5958281	-0.8021294
-9.6199559	-1.0287069
1.8126355	-5.2976499
8.5748524	5.4682071
6.3523375	-5.4789692
3.8574008	-4.8645423
2.6399414	-5.6123988
-6.0178703	-2.8102427
-7.9564016	-8.9884094
9.2212742	-5.7682863
-2.3527879	8.0498217
-1.4975544	8.9223848
2.5070228	8.3247405
0.2574198	10.5542490
-6.3857861	2.4518063
-3.0229518	-7.4461675
-6.7307434	2.3578483
-4.5997612	-8.0992153
2.1241898	0.4084244
8.3577728	-4.5567703
3.4117220	-3.6277159
6.6028132	8.7934569
-2.7399035	7.2841796
4.8480831	0.3278968
10.0558950	-4.6393487
-7.8951723	-2.1216967
-3.7057079	-3.1003545
-9.2616530	1.0415793
-8.5114721	2.0567360
3.1013093	-0.0110174
-1.4914017	7.6935680
-1.5135410	-2.0435798
-7.2295547	-7.4938644
4.5581620	-4.9436809
-6.4416972	4.7952120
-3.8869158	-7.1067542
7.6890526	-5.6255708
9.2345924	3.4470328
-7.8765601	-9.3106346
1.6803085	-0.9679494
-9.7259421	-4.2474055
-8.4977725	-7.0011502
0.6965346	-0.2222807
-1.0540562	9.4899778
5.1924275	2.5488078
4.4449927	-7.5716509
-3.6137974	-5.8659620
-6.6555491	-5.9926179
0.6574375	0.5598059
6.7210808	0.1113950
2.3801671	7.2037011
9.0747306	-5.4894034
-9.9039966	-6.3831297
-7.6363966	6.1399078
-6.9068322	-1.7988047
8.8570093	-6.8531442
8.4184584	-6.5190262
6.0231992	3.3669950
3.9443867	1.8829284
2.3849873	-4.6815951
-9.4289919	-2.1610023
-9.2148713	-2.6083892
-0.6298961	8.5850620
8.7088847	-9.1766762
4.5187700	5.3288972
-7.3909343	8.2194393
-3.7442779	-2.5638677
4.6514590	-6.0333728
8.4342293	2.6950011
-4.8855984	-3.9216972
-5.0224869	-0.4369338
3.6289156	9.9801818
-6.9662583	-5.0318973
5.6941304	7.4905386
-0.5890707	-8.8813605
-4.1550519	2.1222863
9.1702381	-1.9003105
1.3747059	7.4799735
-6.5836455	2.8291418
4.7151199	-1.2996690
-2.2279392	-6.0338558
7.2918733	-5.4651191
5.8415610	-2.5599828
0.7748634	-4.0562101
5.8673892	4.3160863
3.8059824	8.5863644
-3.0305707	4.4350343
0.5811922	0.8781258
-9.7514675	-7.2438582
4.8160557	-7.0913916
-9.3294697	5.2871505
-7.6734054	-1.0281395
9.0659064	10.1397140
0.2741272	-1.0595212
-6.8841081	7.0147024
4.0213429	7.8429531
-4.8221815	0.9366162
-9.0657798	-6.7020715
8.5010233	-5.9524983
2.3115823	-3.5166156
-5.0147402	-2.1186074
-0.8590418	1.6308231
2.4900479	3.6186983
-5.8141406	-3.5258900
5.2386732	-9.1350373
7.5566106	-7.3200338
7.5852988	-7.9948515
9.2980120	-9.5230462
3.8191174	7.4664891
-1.2858663	0.7636843
4.8789123	5.9836547
5.9668593	-0.7309589
-8.9960043	1.0919354
-5.3704992	-1.5021997
6.0064118	3.4743601
-4.0944897	9.2646173
-9.1738087	-4.6187018
-9.6186346	-4.3176960
0.8017104	2.8673754
-1.5109909	-5.1148573
0.3936028	7.1651576
1.3720740	2.3893692
1.5276173	-7.1532409
0.7068062	6.7860697
-6.2014748	1.9270550
9.7857308	-9.9214068
-3.4329077	-3.6386482
-6.1762570	0.2535689
6.4030680	-0.6933012
-6.8044695	-1.3164143
-3.1571188	6.6182203
3.4643394	5.0544998
3.7930490	2.9196412
3.5736304	6.3662370
4.8127450	-2.8235921
-4.9390158	-9.1299458
5.7625694	-4.7155111
5.6194001	4.9906580
1.4379707	-9.7803325
1.7582713	4.5228894
6.7222445	-2.0303559
1.7480857	5.7897094
-7.1071554	4.5875583
1.8159506	8.8711557
6.4476130	9.5381659
0.1798109	6.6054495
-6.8468947	3.7451227
-9.9050334	7.1739269
5.5685447	-3.5297333
3.7898971	0.8942625
-5.4143807	-7.3326059
0.5810804	-0.6567780
-6.6433780	1.1303788
-1.2627080	2.7892388
6.8173689	5.9134105
-1.2356439	-8.2912325
-0.3556812	0.9666726
1.9694535	-2.6832535
-3.9417847	2.4441354
4.2192486	6.6295768
5.1818069	8.4272103
-6.8554675	6.5558387
2.7659806	8.9616476
6.8588998	7.4218582
-5.9196833	3.2626332
-3.6890350	-3.5457765
-0.1035887	1.6451921
7.8443750	8.9303276
-9.4388235	2.3239624
-5.7605395	-9.0626757
3.1522297	2.0310747
0.7664082	4.3908184
2.0954626	-8.7704491
3.7169837	-3.6548770
-3.6794257	-8.7982641
9.0579922	-4.6326911
6.6474649	-1.5962773
3.1991653	8.3171350
-0.4349990	8.2832976
-6.4102303	-6.1365419
1.7557106	-3.6597790
-8.0152481	-4.8241433
1.4056313	9.4406941
7.1188151	5.8204717
-6.3750605	8.3413031
-6.9197014	0.4192109
3.6209034	-8.6392338
-8.5864960	3.3388454
3.0887693	2.7971533
-3.3670585	-1.3331920
-4.6310247	5.5865018
8.7891886	-7.3470880
1.2977607	-8.6669347
-7.8145918	5.6269411
5.4008351	-3.6589508
-6.1305695	7.4868765
-9.6876343	6.0215933
2.2025141	-6.5715983
-6.8144223	-5.0520512
6.5914727	-5.5208272
-7.1038315	-1.0085058
3.4946488	-7.6236284
-8.8027869	-9.2425234
-4.7075499	-1.9993175
-8.5506743	-7.9222346
-1.5997061	0.6585097
7.2138750	7.9468548
8.3395494	-2.4586048
-4.5727251	-7.6773779
-1.2579282	-6.2288548
-3.9718292	8.6946785
6.2762518	8.9555935
5.0037077	-3.5768779
-9.5334918	4.3119734
-2.6785564	-5.2473023
8.5839103	8.6000755
5.4125833	3.0652407
5.7770342	-8.2792148
-6.2121451	3.7820086
2.2604596	1.9474648
1.9838208	5.4067759
-4.7253862	-7.5277854
-4.1924673	-4.8761522
-3.3691319	1.9105739
-6.3476032	6.0655008
4.6036480	-9.7800402
2.1257010	-7.5815212
-3.3737727	-1.7426200
-8.3380996	0.6721236
6.8999227	-6.3454636
0.3470910	9.6101943
-3.5895661	-0.8404804
-6.8263875	-7.5051804
-8.9786487	3.6148293
-6.4614831	9.6638374
-6.7817564	-1.4455339
4.7604669	1.5187275
-7.4980762	-7.5569955
1.2540104	9.7259152
-6.7551251	8.4052827
-6.0159769	9.7476446
7.2163448	-5.8431288
8.3516630	7.2756256
-8.0789736	1.3720508
2.4825149	3.1952050
1.2131497	4.4418303
9.4177439	-8.4074077
6.0577071	-2.6927511
6.3877874	-2.8568385
-5.8345623	1.5999550
-0.6872326	9.4541777
8.3579792	-5.9679156
9.5413293	4.5062534
-4.6759090	1.6781718
0.6382040	4.1440803
-6.9117671	9.3242463
0.1344004	-2.5955476
-9.5282159	-4.9717097
-5.7859667	2.3305520
1.0586748	-3.0498299
5.7331670	-2.1661898
-1.7080023	-2.4372588
-8.7413323	8.8281737
-8.0520070	-7.3175633
5.5744380	-3.9459256
7.0659958	6.3874037
6.4025468	1.4305773
7.3907458	-1.6086589
-0.1984320	-3.3794700
0.7156472	-5.6795413
7.9620495	-7.5242609
-6.9255708	-8.9497630
-1.5451541	-8.4463324
-8.3857732	4.8840074
-0.3034054	-5.5326600
4.0885925	8.1467271
3.3924184	1.6659996
0.6337653	-9.3293200
-8.7757839	-8.7548191
9.8030905	3.3492254
4.4156770	6.2597049
-8.6853800	-8.2822610
9.9407353	5.1907455
-1.0638290	1.1135420
2.2257309	-6.0780902
7.1910434	2.2781875
-1.0542916	-7.4663569
-2.9044644	9.4283994
0.4188560	-5.9806744
-9.0883888	2.3561161
3.6179907	-1.0995323
3.0130671	1.4421976
0.1198259	1.1826273
0.8415225	6.9929714
6.2973119	-7.2959969
3.1092884	-9.9106337
1.3146788	-6.4293754
-9.9243827	-0.0631380
6.8610617	-3.4492498
0.6717921	9.0504618
3.4561686	1.1322296
-3.9699539	6.3679541
-3.0678955	2.0663019
-8.4029860	-8.9429297
4.1107196	-3.3432230
0.0909623	8.9756251
2.2731716	0.5875997
2.2769900	-3.7486746
0.9641076	6.0587286
8.9855186	7.7914858
9.3185637	-5.8062961
-3.1262863	-7.7163577
8.9572082	4.6648204
-0.7040194	6.9740281
3.9321323	6.5898297
0.6526028	-3.0495324
8.7271630	8.8004991
5.9312824	2.0012396
-6.0920224	-1.2429313
2.6769927	-4.2178911
8.8449989	2.3523916
-9.0722195	-6.9891736
6.1429933	8.8261279
-3.7861253	9.5230024
8.7457800	3.8955503
-0.7351175	3.9042524
-9.7180595	9.6558262
1.4616553	-2.3272833
4.3519085	4.9703320
-1.2589254	-1.1323066
9.1514676	-7.6192001
6.6962818	9.4178260
-9.0617336	8.7908618
3.0788500	1.2123810
1.3433622	8.1976023
4.2600573	-1.5049885
3.4946856	-6.7684073
1.9044887	-1.7371116
6.5261969	-4.5775758
3.0774409	9.7024484
-9.1438394	7.2192468
-3.2647099	9.2734174
-1.1441941	-6.5967994
-0.8853581	9.8540574
3.7635964	9.9668062
-8.7862665	-0.0981813
8.3613372	-5.3464956
7.6664653	3.3479566
1.6537463	-1.2807664
-7.3339560	-5.5475330
1.0816685	4.5163877
9.9354226	7.7736859
-5.5489691	9.0978329
-3.4849185	-8.3357111
2.0711237	-6.8650947
8.9045892	9.2522375
2.4007056	2.6778346
-7.6353092	3.3845001
4.8398955	-6.0610743
0.9694056	-5.0625897
-2.1056926	-5.6306232
6.7526739	6.1088103
6.5543330	4.2089936
-6.1438498	6.3352309
-9.6489057	-7.0049990
6.4584005	-6.2047584
1.3920058	-5.1190443
-4.4734670	-9.4960652
-7.4458512	2.1110414
4.7791142	5.7232157
-5.3623905	-2.9225828
6.4739494	-9.1255531
-5.1806992	-3.8164148
4.2369299	-6.1629896
7.1392471	4.5957905
-2.8068965	-9.6246727
-9.8907592	-4.0600988
2.4936296	-9.4145186
-0.4567463	3.6878432
3.1706665	7.6923987
-7.3243870	-9.4499331
2.1628163	5.4427483
-2.8902001	1.9378133
-1.1444736	-0.8107173
-0.9957644	-2.6067379
-5.1576539	-0.7148465
-9.9480534	-6.3295843
-0.9398509	5.8680663
3.4060500	-3.8448201
-4.0289986	-9.4449243
8.0751007	5.0487779
8.8726546	2.1836559
-3.7539052	6.4825221
-5.4756095	4.5709101
-2.4219804	6.0801137
5.2789567	-1.4601523
2.1678930	-7.3794906
-4.4313064	-8.5499598
5.7798329	0.7887014
9.2604702	-8.3442575
-6.6379123	1.4189313
-2.8144468	-7.5711217
-1.9147922	-7.8753608
2.8222359	0.1262920
5.2169217	-2.5861681
-4.6032383	-4.2422449
2.4492296	-0.6272349
5.6299580	8.3666967
6.4227378	-5.8715550
-9.7014011	-7.4878934
2.9075043	2.2134036
-0.0480675	-1.6133209
-2.9669093	1.6390330
-9.3392457	6.2895473
6.3321617	-0.1521612
7.4272795	0.1423876
-9.0369562	5.4537535
-0.0749125	8.0829333
-8.6573955	3.6350102
-3.7172916	4.0446831
0.4088579	-6.2418786
4.5450059	-3.7283034
-1.9188621	1.1879166
-6.0847997	-8.6797798
-4.5576971	-7.8028097
-1.4933581	1.3890846
3.9030457	3.3815267
-7.7026512	3.0523528
2.0991015	-5.4390717
4.3537380	2.5599023
-0.7993399	8.6639124
-3.8028114	6.5337608
5.4626670	3.3747760
1.6243979	-9.9836655
-4.9098956	9.2311282
-6.2539546	6.3822683
4.9369509	-4.4280943
6.8841293	8.5847385
9.3851365	-8.3498928
-3.7084940	-0.8433501
2.7737519	6.0556274
-3.1776671	-4.8055343
1.4247660	1.4885408
2.0789865	-8.0269268
-6.1201785	-7.7923420
4.2188846	7.1295952
9.1024853	-6.3336762
7.9981925	-2.3782876
0.1580917	-0.8500549
0.6660753	-0.3058950
-5.7289899	-5.9095166
-0.6673401	8.8537419
-1.0879730	1.3744011
-4.7915303	6.8041204
-4.7842856	5.2737166
4.7011705	9.7011010
-8.6459519	-8.7668450
-1.7746562	-8.0187306
3.8405101	1.4771239
9.2524375	-8.4800903
6.3676196	5.1633611
8.9679511	7.6238764
1.4108286	-4.6539795
-9.7536194	9.4780691
3.4731363	-7.8770540
-2.4760235	-7.5491328
-2.3242384	7.9927796
9.3621966	-6.1168595
9.8926166	-1.0683157
9.6536812	4.2486767
8.3772616	-2.6347635
-9.6426731	5.0984425
8.2431953	8.4222243
-3.0192743	9.0026793
5.7234242	1.3233674
9.4344260	9.7153919
-3.4642533	-4.3564471
8.5244487	-3.2541324
5.7181838	10.0470890
-6.3757470	6.7383534
-8.5476680	-0.3135063
-5.0644877	7.4442648
6.8734324	-9.2713095
1.8410318	-8.3814667
-5.4773806	-1.8239294
-8.2025912	0.5233290
-2.8945532	2.9866484
6.0966279	-3.8683478
0.5721249	-7.7146339
-7.4953908	-1.3089551
-4.9376660	0.9220914
7.0801591	1.6322540
-1.7863227	6.4088811
-1.5862294	-6.9010766
3.3430594	-5.6130538
0.7660760	-5.4547530
-7.0097472	4.6474835
3.8606768	8.8258267
-8.5271342	5.1130960
1.1208291	-7.8181744
-3.4261918	1.2476766
-8.8995515	-9.6822217
4.3564743	-3.3606640
-9.5441528	7.5283943
5.3483235	-5.9691450
-9.4836729	6.7484343
-6.5269204	-9.4480718
8.4609870	-6.1338064
-7.6361930	5.1759439
-3.0507816	1.8726909
-1.0633209	1.8781952
6.7007761	-3.4092365
-0.4193134	-6.1069094
-1.3239896	7.9988698
2.2024146	-8.6424575
-8.5337214	5.8678564
3.0619971	7.1199247
-0.2456807	0.7268106
-0.6073123	-2.8134824
-9.6452512	-7.8556345
5.5474235	9.2641504
-2.0667795	-5.2905942
6.5747728	1.4059464
0.8246741	2.7829382
-3.9030315	-3.0100077
-6.1961345	-2.8842102
0.1125365	-1.8808815
-0.8329071	5.7873938
-3.1631480	9.4442765
5.1800352	-6.9148053
-0.9654762	-9.6651580
9.0108319	6.2812843
-7.1461177	-7.8795420
-3.5039351	0.1774463
-1.2695862	-1.0494879
7.0494626	-5.2452035
6.0117898	-0.9153450
-9.7089104	-3.5096490
8.0309314	-9.6186764
0.3803836	2.5480536
6.0923486	4.6698438
-1.2161959	6.4745402
3.4024456	-5.5176767
-1.4435194	-8.9111173
5.3226191	4.6332611
-9.3120976	-1.8261660
5.4637380	-4.0424621
-0.2857969	-3.7860856
-4.0813262	3.5845753
-5.0970281	-9.2638155
3.4488744	-1.7569348
1.9949885	1.5861220
-7.7338396	1.4278326
7.3037187	-6.8321194
5.2890189	7.1291264
-3.9039769	6.7834340
-6.9265887	-0.6632279
8.7150887	-5.9600003
-8.9552419	7.2765778
-0.2544737	-0.0243134
-4.8008386	7.6307654
7.8987896	-5.7611878
-7.7783595	-1.0171018
-5.4030096	3.8667971
5.4635096	-5.4193730
-8.0996256	-3.7148546
0.3216156	9.3166911
-7.6505551	-2.7991156
-7.1777324	-8.5290955
-6.3280628	6.4376488
-8.6235470	-8.3531458
1.2039912	2.7964476
-6.3995297	-9.6362252
-8.4160690	3.6987871
-6.8030589	-1.3595210
-3.2871993	-6.2094056
-7.8623994	-1.7583399
7.6574541	3.1725751
-1.8252535	2.8195586
-8.0572005	-1.3530730
5.0713540	-6.1161651
-1.1965278	6.5639455
0.6813429	-4.9150590
-2.5731126	5.8451496
-2.0466830	0.5911058
-6.9161748	-9.3116748
8.9283149	2.2059752
6.2419179	-4.3566097
2.4070842	0.9265279
-3.4694141	-1.1972416
-7.0063590	8.2357103
8.4135732	-0.8741504
-1.6218496	1.1382074
6.0774171	-5.1648292
-9.7064030	8.3860246
7.5635231	-4.6651443
4.4787522	-9.5381142
-2.6350575	-4.2608865
4.7132867	-7.4090204
9.8202962	-9.6616906
7.6125665	-8.9077838
2.9807050	-6.5181086
9.2990483	-1.0701193
-5.9032495	-9.0745864
9.0143678	-9.6099245
-0.1541032	4.0592485
0.7216142	-9.2518153
0.4897799	-6.6308574
2.5935337	-5.4730123
-1.9464401	-1.9308462
-4.8899015	-5.5492342
-0.7315634	0.8896093
-5.3650366	-9.0449227
-0.3548221	7.4304307
4.4885009	-8.0787238
-9.6712284	6.5701639
5.4426812	7.0300579
-6.8384127	5.7924312
1.2202405	5.7371638
-8.8286807	4.1135557
5.1463188	-8.5457492
9.7340615	1.8419908
-8.6153139	7.8768380
5.0354333	-8.6074091
-6.6078699	-6.7209921
2.5977552	-5.1272783
-8.1922821	-0.4311282
1.0948119	0.2865993
7.7690827	8.1760999
-5.1173075	9.2471642
9.8538455	-6.9026985
-5.4171500	-4.5061332
9.0050382	-4.8207096
-5.5573990	-3.1356248
1.2182684	4.9876177
1.3106347	-1.7823252
9.7617275	4.2270786
-8.1645724	5.9281831
-3.9831754	6.6877017
7.1661179	6.0647509
-5.8595008	-9.7896247
-1.6749707	6.2129169
-7.3132111	4.2329024
0.7706150	0.3118616
2.5157192	-2.9453006
-9.0216791	4.7972277
-3.2123882	8.8137629
8.3693172	-2.5256343
-1.6062909	-7.8904454
-1.9161481	6.0875988
2.1936800	0.9315354
-4.7942528	3.7000823
-5.2308872	3.5894484
-9.9558120	-2.0016330
3.2246554	4.1206796
-1.0275948	2.6414572
-1.4423656	2.1732550
-5.9992013	-3.9399315
4.5815486	1.7535140
-3.0625543	1.4638929
-8.1361531	-3.0852563
1.4463071	-5.1665032
-3.4703624	9.5260764
-9.3472652	-1.7761914
4.2138832	0.9154335
-4.7696634	8.8715073
8.3567469	-4.8680509
-9.0419665	5.0210446
-3.2885917	-2.8341572
1.6598660	3.2449461
6.0838143	-7.8357462
-6.5446260	-4.3102164
2.1670445	-9.8990360
-0.9834083	-6.2052706
8.9152834	-7.1022690
4.5625331	7.5303542
-0.4748588	5.1432018
7.0392900	4.3085354
4.3138525	-3.2210944
-6.3315751	-5.4223688
-8.6536357	0.2250952
0.5213159	-9.0561458
-0.4584152	1.3032183
8.1068989	6.7857276
6.5004909	3.2417585
1.4613193	-7.6751377
0.1123082	-2.3146237
-2.7788308	-3.7070203
-10.0288310	5.1250772
8.8046725	-7.4477853
7.9272376	-5.7519379
-1.0337250	8.0947559
6.1059093	6.5261500
4.4015583	-3.9812024
-0.5765943	-4.0192635
2.7208078	7.6227966
7.4119376	3.4692776
-1.1139958	-6.2629123
-8.2279597	-4.2491006
9.5814681	-9.4253576
-6.2668385	10.0096560
5.0225359	-3.9733743
-2.8355788	-5.8143540
8.7505356	4.4727993
6.0740826	-5.8033993
-8.9114325	-8.0238802
-8.4197080	3.2326800
-9.5600521	1.6984315
-4.4271432	2.8620389
-3.2423990	3.0755332
-2.7318651	-0.4162298
-3.7363350	6.0391024
-9.1108371	-0.9721259
4.0731248	4.9206845
-2.9806516	3.3815531
-0.3670795	-3.5859193
0.4901299	-6.6644551
7.1904100	0.0220586
-2.4793555	-7.6768992
3.3948457	2.8222501
-4.2462769	-8.9600233
6.3483810	-5.0640403
0.5077622	-9.6741030
-5.0767642	7.1327707
8.2086454	2.3275038
1.1621257	0.6942826
-6.9630216	6.5414219
1.1486610	0.2983900
-5.4168759	7.7957573
-5.0792774	-4.4111379
5.7224208	-0.6924618
-9.8449035	5.0748833
-1.2906897	5.0815356
-7.6467047	-3.3823478
-2.1778675	8.4511572
0.5700163	-8.5820367
3.0889619	-6.8735199
-3.8939897	8.3189284
1.1053866	-1.7745038
-6.3980079	8.5418342
2.7487364	-5.7064334
-9.1403204	-3.1683109
-4.6759806	5.5855755
-6.7364163	-6.4685544
-5.1053367	-8.4162080
0.7463076	-7.3214142
-3.9138338	-0.0694456
8.0608205	5.4403199
-8.9238973	-0.2171148
-4.0949155	6.7601269
-0.8176788	1.7274495
-8.2086919	-3.9986303
-9.4807808	7.5654043
7.8490165	5.4648254
8.6038819	-6.7322484
-7.3016724	-4.3483759
-8.6664563	2.2611363
-7.7704462	4.8096148
-2.0281121	3.7226393
-2.4576763	-3.6910216
4.6385611	8.2333625
5.6188157	-0.2842760
5.8422411	-1.1675412
5.4374299	-7.8752907
3.9568146	-3.3621473
3.2915328	-0.2065238
-3.3628285	9.7421494
1.5925711	7.0251064
-7.9426836	5.4268724
-1.2635025	-5.9023269
-2.0189788	5.5170333
-0.0208665	6.7694257
0.8532833	-0.2953555
-3.0923438	-8.9700316
-3.5962091	2.7389548
1.6322531	-7.5690151
-1.4302006	2.6690187
-7.6910798	1.3630081
0.7835088	3.7224789
8.9928912	0.0599688
7.3939012	4.1283877
-3.1923595	-9.8563375
9.5187982	8.7061626
5.5170860	3.0507244
6.7411755	2.2379873
2.0565738	7.1935668
9.2920093	8.3618089
7.3776247	3.3655595
-1.2483136	-3.1101774
-0.6073836	3.9514644
5.7713335	-6.1394207
-1.1591749	-6.5930230
-2.1956626	-7.7533851
4.3064649	8.6244023
-3.8616573	-4.0513644
2.1850628	1.8013074
-8.5340365	7.8429613
5.5824949	-5.6750534
-9.7054337	-7.2130861
5.0008477	3.1272267
0.6660241	-8.9643615
0.5392318	5.1758660
-9.0874507	3.7592646
6.4959516	-4.5496549
3.2790885	-1.5847135
9.9012788	-8.7470828
8.4810467	-1.4223599
0.5650670	9.6226893
-0.8147325	6.9567498
3.2893839	3.2085531
-5.1937576	9.3058857
-8.6843852	-4.4699913
-0.0319019	-2.5125751
-9.9429529	-4.3061332
-9.9499337	9.4556501
6.0511054	0.9521985
6.1814211	0.7953941
-9.3112216	-7.7119908
1.6441235	-6.3342529
8.5052831	-9.2871086
-2.4397807	-4.3760703
-6.1095889	6.5523924
5.3715158	-6.3166272
-3.7124326	8.8689484
1.8992952	7.5537532
1.4796528	8.2667283
2.6875678	-5.5546117
-2.8746414	-6.5296262
9.9875458	-2.0632864
-7.4768152	-6.4436730
-0.4365877	-8.9778697
-7.1783741	0.7053552
-2.4818701	-3.0423223
-6.2940952	-5.7320494
1.1933624	-9.9858635
-8.0981446	6.1825930
7.0167712	-1.1978725
-4.8228445	8.7698924
-9.1029928	-2.2877544
5.5738405	5.4557182
-9.7617208	-1.1343351
-2.5300765	-2.1125971
-4.5058032	-5.5246216
-6.4315675	-8.0941930
-0.5011928	-5.9518713
-1.6891840	-9.3695065
-3.4387777	1.3347410
3.7747575	-8.4735040
4.0401614	-5.0997499
8.4352861	4.3664861
-0.0326004	9.5904100
8.6873606	-8.7730104
-7.5506953	-4.6484297
-6.3240760	-8.8896964
-5.0602122	-4.5217502
-3.3291735	8.5287958
-4.7381191	-1.9014197
-6.0924936	6.8791538
9.6605970	4.8614237
-7.4633602	-4.5693816
-9.0469055	4.3231125
-4.4036016	9.4010262
5.9155561	-4.5022391
-2.9578554	3.1132572
-9.0711719	6.9103412
-7.8864936	9.8336967
-8.5815434	-6.0637703
1.2232301	-4.5111427
8.8820591	-6.9370672
7.9085603	-6.4632098
-2.8895064	-1.2773283
-2.1529668	9.6380451
8.4913494	3.0422191
-9.3947502	-3.0666318
5.2081070	-0.5971231
-8.4875118	-2.6652110
9.6869886	-3.2639052
-1.4550762	-4.3202292
-2.4902147	6.1734833
-5.7115671	-4.9927760
9.5549384	2.7181465
4.9512459	-0.0960108
-3.1349965	-7.0493759
-2.8642840	-4.6383316
9.2100061	-5.2512292
7.3767371	7.7023778
-3.8256298	-8.9945622
-1.7186502	5.4562227
8.5397757	0.9879177
0.0343153	-8.3193414
-1.0095212	1.0428422
-2.0054206	3.0011060
-4.2077330	-5.7063666
0.9787122	-6.3132895
3.1755971	-5.4584381
-4.9207793	0.9290937
-0.5992768	0.3871571
-1.3952909	-0.1150738
-3.6040879	5.5896046
-3.0765120	-0.6506101
5.1071462	9.2907849
-6.5631481	-3.1586553
9.0688975	-0.3812874
-0.2335931	-7.0921080
-5.4102670	3.7530390
-0.7482157	4.7459202
-7.1233706	-7.0179305
-9.2899433	-5.3533414
-8.9895351	3.1541150
-3.6282077	-8.7461975
2.3226379	-6.1431260
5.4571176	-0.5288583
5.8955791	-7.4695304
-6.3676950	-2.1561618
0.2247752	-6.7866576
-2.9317028	-6.4101008
-5.1576738	9.9149883
3.0753719	-3.6417782
2.2496133	-5.3212739
2.3810338	-5.0085035
-5.6262170	6.1844573
-3.1718010	2.3746239
-3.9189695	4.0391344
-2.6290866	5.6761503
4.2687254	-4.2704188
-1.2987402	3.0713780
8.9994084	-5.1022348
-6.2144907	0.2524454
-9.9012851	-0.9994566
-6.5338928	0.4697853
-4.4257997	-5.6581826
-1.1762636	9.8080563
-7.3842150	-7.3811393
1.4958775	-6.8296775
5.0447080	4.3699092
9.0894432	2.0333636
-5.4264447	-1.5811625
-2.7963025	-6.8150792
-2.7482194	-5.2760946
9.4303158	3.9128111
-1.4847329	-5.3808867
9.3287879	3.9080882
6.8982182	7.3214264
8.7768894	9.5431355
3.2700818	-9.3812449
7.1438916	4.4309766
2.1390820	4.1158378
8.1431271	-6.5412169
-3.5234541	7.8413028
-8.8782450	-6.6373043
-9.3898901	-8.5591821
-2.1291665	-1.3494238
5.2056191	-1.8129147
-9.6221804	1.2753699
0.2290374	5.9617430
-5.7113286	8.8819418
-0.8299256	-4.4134587
-3.9786209	-2.5182353
-1.5200410	-0.0141338
-6.6159357	-0.2838898
-2.8842295	-8.2105219
2.1488448	1.5975014
9.9377436	3.9944149
-0.8450607	8.5156809
1.1198472	6.1215633
-4.2813072	-6.5881709
-0.7066638	-8.6872617
4.2561743	-3.4834884
-0.6536671	-6.5082127
7.4085187	-1.4566071
8.9307984	-1.4284636
9.2739961	-0.8991246
6.7451519	3.7455114
-5.4506209	-9.9157437
-1.4444310	9.0691581
3.7019426	7.3742171
-2.7222705	-3.6264775
-5.5418229	-3.8434335
-2.5159805	4.5145332
-5.9709431	7.0881216
9.7150457	3.7695899
8.6822775	2.7386631
-3.5583616	3.4801983
5.6112148	6.9562011
-8.4915857	1.9069447
1.8558583	-3.8013938
8.6736293	-7.6152348
4.0413943	-3.4861155
3.4883766	-2.2625255
-0.7428209	9.6394469
9.5524890	-3.9138369
-4.7054825	-8.8590911
1.6519060	6.6296586
-1.2290097	-7.2568903
5.4891747	4.0237770
0.7119047	-7.9076375
3.2294231	-4.7312026
-0.2021112	-7.5456218
9.2791822	-3.2006590
2.9308789	2.6635666
8.1320655	-3.0909747
6.3490059	-0.2624861
8.6630453	-6.1718353
