jMRUI Data Textfile

Filename: dataset3_nWS.txt

PointsInDataset: 2048      
DatasetsInFile: 1         
SamplingInterval: 2.5E-1    
ZeroOrderPhase: 0E0       
BeginTime: 0E0       
TransmitterFrequency: 1.2322E8  
MagneticField: 2.9E0     
TypeOfNucleus: 0E0       
NameOfPatient: dataset3_nWS
DateOfExperiment: 
Spectrometer: 
AdditionalInfo: dataset3_nWS
SignalNames: dataset3_nWS.txt;


Signal and FFT
sig(real)	sig(imag)	fft(real)	fft(imag)
Signal 1 out of 1 in file
40432.9710000	11.4028390
40026.0400000	14.2102020
39651.6690000	14.9484350
39286.6560000	13.0558020
38932.4760000	16.4948140
38560.0050000	-4.8714438
38200.6270000	-6.0752128
37837.2320000	0.4638082
37500.6990000	6.7152320
37140.9210000	-8.3749894
36787.0320000	-3.8876593
36448.3990000	-16.0191300
36098.7150000	-9.4046997
35750.9860000	-9.3475892
35417.7760000	-1.7287415
35087.1090000	8.5275318
34778.4610000	6.0161036
34429.8620000	-4.7611502
34111.4620000	12.5830810
33799.2610000	6.9052658
33476.4770000	-4.8407214
33160.3970000	10.6278660
32862.3140000	9.6401881
32559.1240000	-9.4063556
32243.0230000	-7.1878074
31925.5090000	12.7628740
31648.5000000	8.7983187
31324.1450000	-11.8063200
31038.3540000	12.8782430
30766.1640000	-10.6199760
30469.9410000	-1.5149188
30164.9220000	10.2914820
29892.5310000	-11.0554470
29631.3830000	-15.6610860
29349.4390000	7.9979807
29063.8830000	16.1210290
28803.8760000	3.2103838
28503.4960000	-3.4488216
28247.7090000	-13.2436330
28002.1360000	14.6838400
27723.3710000	0.9730436
27462.1490000	-13.8627640
27214.1890000	-8.9025880
26968.3150000	6.5902265
26714.5170000	-6.3682188
26442.5680000	-3.8537386
26197.3840000	14.8705160
25951.4220000	-15.5861230
25708.7650000	-0.4165461
25457.1030000	1.6940382
25224.1810000	5.1901150
25001.0210000	-12.1783520
24767.5690000	-2.6270076
24515.6660000	5.6041579
24305.4460000	-6.5316675
24057.2680000	-0.0239370
23843.9340000	12.4132640
23603.7390000	-2.1594209
23389.1410000	12.0702060
23179.1140000	8.4245550
22950.0220000	14.6757670
22762.9490000	11.5371980
22542.8200000	-6.2014247
22312.6080000	-5.8437158
22127.1870000	-3.3718749
21917.5050000	2.6147401
21705.1850000	14.7021970
21511.6910000	3.2522604
21293.8600000	-0.9080297
21107.4060000	-13.4025090
20907.7140000	-12.4791540
20710.2760000	16.3526550
20503.0110000	11.3648650
20328.7480000	4.1944161
20130.8720000	-3.8928275
19929.0550000	16.9316440
19748.8280000	11.7018550
19565.4690000	-12.0418710
19385.4300000	-1.2705891
19183.0890000	10.7277890
19020.8770000	-10.3047310
18823.7620000	-10.3635660
18647.3780000	9.4307059
18502.8310000	-14.0806510
18304.3890000	3.9338351
18131.2140000	-8.6908280
17960.1100000	14.5161790
17804.5980000	9.8380200
17651.2700000	-8.1189731
17472.4990000	10.4069210
17296.7930000	13.2982650
17159.9540000	-16.1825900
16980.7290000	-6.5302977
16834.5480000	-0.9372888
16675.9300000	13.9415930
16517.5800000	-5.3794245
16353.2360000	-8.1370313
16212.0490000	8.0405074
16043.3470000	3.3553517
15905.3940000	-14.9641220
15747.9320000	15.9350130
15592.3570000	4.7458120
15459.5170000	14.4135290
15308.8440000	-2.3965273
15177.6560000	10.5553880
15013.3380000	-16.9084040
14877.4750000	-4.2177336
14737.8000000	-15.7641300
14604.4060000	7.1539139
14468.5330000	-8.1790500
14337.5690000	-0.7449225
14189.7210000	-1.5840569
14063.8970000	-16.2617640
13947.9840000	-16.7291900
13815.3780000	-7.2493821
13682.3730000	3.1849029
13559.1050000	6.8616393
13403.5180000	-10.6223360
13278.7820000	15.9754930
13151.5530000	7.8395622
13029.8830000	-14.3609910
12936.1480000	11.1497210
12811.2060000	-7.4322471
12690.6190000	-13.0295200
12548.1640000	-10.7771410
12450.0940000	-8.6887587
12322.1000000	15.9197910
12199.5510000	8.7551655
12082.9470000	0.1412514
11974.2980000	-3.4868343
11861.6040000	0.6676663
11759.4960000	-8.1671492
11656.2440000	-10.8485080
11540.6610000	3.4693555
11438.5270000	-15.8540080
11327.6860000	6.0614363
11204.1860000	4.2887608
11100.3390000	14.4521090
11011.7480000	-8.5088471
10905.2720000	11.2039020
10802.7400000	-11.6659070
10704.5370000	2.8380855
10609.7420000	0.5681691
10490.0780000	-8.2535729
10393.2340000	11.2400810
10318.4680000	7.3045968
10203.7500000	-2.1057792
10104.9800000	-6.4881107
10005.4810000	15.4900450
9934.0446000	-9.8555295
9832.6853000	15.0378530
9732.7101000	-15.4774630
9636.3300000	-14.1052250
9545.1942000	6.1140992
9481.2070000	-1.9865220
9371.9217000	9.7482052
9277.0702000	-0.4862145
9191.0243000	1.1619325
9114.0016000	-13.8755240
9016.7890000	-16.9369550
8936.6070000	15.7453550
8859.4131000	6.4778926
8773.2154000	2.9766293
8708.8577000	11.2974580
8611.7755000	4.6074229
8520.4363000	-3.6765251
8445.8945000	16.7423460
8369.1123000	15.1189770
8284.0696000	-9.8778537
8206.2660000	-11.2282250
8133.5977000	-3.7171243
8070.2720000	17.0184120
7992.7440000	2.4387397
7912.0283000	7.8727762
7853.8805000	0.0120868
7759.8671000	14.4615980
7692.1704000	8.1896930
7615.3983000	-13.1490930
7552.8160000	2.7245781
7482.3933000	4.3778528
7418.1040000	14.4668950
7333.4941000	-0.4496129
7266.1164000	-13.0640480
7211.7487000	9.7674733
7152.0409000	16.0780440
7060.0361000	-14.1107850
6986.0876000	-8.7206354
6937.6378000	-11.3195270
6871.9907000	1.2990734
6802.2422000	-11.0304770
6731.6192000	8.0269801
6693.3136000	2.6102677
6631.7269000	13.8118550
6555.7391000	-5.9312328
6477.4644000	12.8802510
6439.6677000	-11.0782520
6369.3734000	-9.5782459
6304.9473000	-5.3136486
6244.9132000	-3.3942932
6207.0821000	-2.1727824
6139.8373000	2.7900824
6082.2747000	16.8901740
6023.3570000	-9.3986325
5965.7692000	-14.0289130
5909.6465000	-4.1049466
5842.9972000	7.4131591
5791.1859000	-9.8042635
5748.6646000	-4.3062122
5692.0517000	4.5973831
5622.0137000	-8.8375809
5570.6935000	-1.4303381
5543.9105000	-12.9332590
5465.9474000	15.3836030
5430.1987000	-11.6632430
5392.1369000	-5.8670929
5311.6135000	3.5199821
5282.1939000	-9.6380922
5218.4794000	-6.5838897
5165.0401000	-5.8066348
5143.9279000	15.6818340
5078.0529000	9.8847167
5025.2220000	-11.5653340
4989.3346000	7.1469914
4954.7438000	2.2480254
4882.3995000	-8.5120575
4864.5965000	0.4655261
4795.5294000	11.7684030
4769.9095000	13.6770460
4698.7892000	-4.0756055
4686.3925000	-8.0595265
4609.0211000	-9.2192313
4575.5053000	-14.4412550
4555.6174000	-14.2753920
4503.6284000	-10.4374520
4470.2570000	-16.2710570
4414.7971000	-8.0415314
4376.3855000	-13.3538040
4333.3549000	16.6058050
4304.1718000	-8.5098942
4233.9765000	-3.0404577
4213.8235000	-15.7689860
4182.8129000	14.5383680
4142.9999000	-3.1730729
4078.8503000	16.2711760
4054.0134000	-5.3732967
4006.3938000	-6.7405807
3963.4115000	-5.7668362
3928.5515000	16.3083090
3902.0137000	-6.4170159
3855.4650000	-11.4738370
3815.3001000	11.9416960
3790.9183000	-9.9327408
3744.9081000	-17.0952390
3710.1201000	-1.0611627
3680.1117000	16.0403580
3666.6887000	-4.1366161
3625.4953000	-2.5171163
3594.1052000	-2.9469527
3541.1479000	6.0840067
3512.4518000	13.7590950
3494.2263000	-3.5478203
3442.3684000	-4.1962736
3419.5660000	-6.0728352
3392.0763000	-7.8853780
3360.4848000	-15.8232040
3310.5239000	-6.1099470
3309.2729000	-4.1270408
3268.0945000	16.9305190
3231.7928000	-13.5619180
3213.2532000	-6.1485754
3168.0519000	7.4036790
3152.9579000	9.7074350
3127.6118000	-16.3099740
3069.4372000	6.4624878
3056.5981000	-0.9383608
3043.4727000	10.4306410
2983.5296000	-8.7693845
2953.6234000	12.8285650
2935.5481000	15.4037400
2922.1533000	9.6923047
2904.6464000	14.5995330
2872.3610000	16.2252290
2846.4137000	-1.0042585
2805.1981000	0.9104534
2780.2672000	-0.4992993
2761.2690000	-16.7545340
2744.3929000	12.6918570
2687.8125000	14.6680750
2676.8751000	-10.2156740
2666.3915000	-9.4537553
2638.4686000	5.8931216
2604.0320000	-7.8958342
2577.3024000	-9.4719151
2565.2845000	-8.6146941
2537.1188000	11.8934270
2496.9163000	13.6670350
2485.9621000	-7.4877338
2460.1503000	4.0407415
2425.1200000	9.6655567
2411.8055000	-14.5597860
2384.5528000	16.0764660
2375.5720000	-3.6834786
2361.2347000	-5.6457570
2323.7569000	-6.3266053
2296.4600000	-15.6866110
2293.7893000	-4.2780565
2265.3450000	-13.1766650
2227.4758000	2.1321921
2231.9069000	10.3148870
2204.2105000	1.2373578
2185.2527000	4.0782000
2147.0078000	7.0038473
2143.5965000	9.3771155
2123.9401000	-10.7711990
2112.4118000	-11.5352030
2090.3491000	-9.2312378
2041.5645000	-16.6287370
2037.7710000	13.6874800
2018.2396000	15.1051430
2005.6607000	-6.2737430
1973.5082000	3.9764483
1964.5141000	16.6560220
1954.2347000	13.3077310
1933.7296000	13.3809870
1898.9178000	7.1185772
1895.9453000	16.1347780
1855.4399000	-11.0079990
1857.1076000	-15.1692490
1821.4402000	7.4642803
1834.9883000	-2.9017472
1805.5457000	-5.6962158
1768.7246000	13.7275520
1783.2232000	-3.0773795
1768.0907000	8.7333168
1740.8163000	8.0048067
1715.2861000	-2.9696109
1710.5095000	-13.2076590
1703.2557000	-13.1482820
1688.4939000	-13.5985380
1658.3702000	12.9105610
1651.8564000	6.7946907
1618.2502000	11.6305700
1593.8100000	13.7346910
1577.5780000	-10.5955420
1581.9817000	-4.7060203
1581.9633000	12.4303310
1543.9179000	4.5467361
1530.5196000	16.5141490
1537.1035000	4.3756673
1490.4200000	-16.9426880
1475.8586000	-4.7447040
1467.2829000	-16.9273560
1475.0948000	2.8175578
1441.8440000	-6.2705202
1426.2836000	0.5227981
1425.3452000	-5.4284912
1424.0464000	-14.2316220
1386.7070000	-16.6551160
1395.0892000	8.8675997
1360.6472000	-4.9958583
1361.6065000	1.1768602
1332.3588000	7.6868884
1333.3520000	-0.0173623
1335.1135000	9.5079419
1315.8060000	12.2112920
1303.9538000	-10.3809770
1290.7364000	-0.0907694
1261.0903000	-8.9555604
1269.9607000	14.4707960
1250.1953000	12.6431370
1240.7541000	4.7157578
1237.9007000	8.9679045
1223.5533000	6.3663519
1190.6767000	-7.5414402
1181.9782000	16.8351400
1174.8017000	10.6439110
1166.5072000	14.0348990
1141.1654000	-13.7670860
1145.7553000	15.0521200
1144.8928000	3.0009389
1120.0565000	13.3679660
1124.0789000	1.6355245
1089.3319000	-7.0257453
1091.0353000	4.3665097
1079.3065000	11.4997790
1067.6243000	-11.5901800
1050.1581000	-1.0633705
1038.0427000	-5.5579069
1045.9670000	12.5531330
1019.4585000	6.8149563
1013.6630000	-16.6627040
1021.1569000	2.4819371
1002.7359000	-8.7288169
993.5318600	4.6258670
998.6463000	-15.2109800
987.8766900	16.5899210
976.4790100	0.2607893
955.2402300	-0.5996659
950.0374800	-2.3588525
946.7884900	16.0326720
918.8467800	-16.5493920
926.8231700	-14.8214670
918.9948200	-5.5314005
891.4742500	-10.2942840
892.2501400	-13.8829700
874.6973700	-9.2555780
876.3248000	7.5383211
863.2285600	8.9254099
848.1893800	6.9223563
858.6961200	-3.0314596
859.8847500	-14.3340220
837.2684300	-9.2544559
832.9206800	6.5397309
828.6151100	0.5581453
812.1482100	16.1150310
792.6365100	-16.3657980
803.2927900	-10.7146780
806.6660000	16.1860420
784.7450700	7.2402838
764.4549500	11.5403570
785.6129000	-9.3715486
772.4924500	10.7590650
759.0405900	-2.2848374
740.1684900	-13.0574370
740.5162200	-7.2221718
723.2517600	11.4546210
713.2783500	12.1309890
738.3923100	-7.5694635
728.9629400	5.5648099
692.9046100	5.1392993
690.9834500	-16.9380530
684.9989200	-6.2272563
680.9605400	15.8656590
696.1731500	-11.4934200
680.3919600	4.1074306
653.1392300	10.1493060
667.9206400	1.9481220
653.4012500	0.9528140
646.3206600	-2.8288439
661.3404100	-7.7759401
632.6939000	-1.3667364
641.2912300	7.4548521
627.4880400	13.1294310
638.4250900	-2.3544200
610.0058800	-12.2890310
611.6050100	6.2217776
608.7425200	7.6847793
599.7972100	7.5704317
586.3552100	16.3063300
579.4697400	-7.1553678
590.5416600	3.7459247
584.3644500	-9.3953385
573.6819500	5.1605739
569.5596900	-10.3864230
543.6923600	10.3535020
548.7835600	11.4983650
561.1959200	-15.8791690
547.5306900	-8.0816014
535.2369300	-2.8158477
547.0903300	5.0807062
542.7123700	-10.8177020
531.1712900	14.6540530
512.4821000	10.4770370
531.0106600	-11.3071690
521.6272300	-16.5659040
504.9842100	-13.2150870
487.8024500	-2.0590398
507.6744900	-2.9534321
487.3107300	13.9458850
487.1066900	-3.3286709
472.0690400	1.3939006
468.8819100	-15.9402620
476.0589600	9.5888975
466.6655300	7.6295417
476.6006900	-13.8697360
472.7579700	-6.5968337
470.3934700	-16.5611140
452.7419700	0.7632225
438.3316500	-16.0204160
455.8970500	4.0018243
427.6776900	-8.4592523
445.1257200	14.5594270
413.3147800	8.8628860
414.1238400	8.1141076
416.8969600	-0.2034626
426.2663000	4.5382700
427.0595600	8.8172593
413.5425100	-8.0053908
392.0334400	-5.1640958
404.4194800	-3.8485431
402.3426600	-7.1647761
399.5028200	-9.4153581
383.9421100	-15.2791890
382.8194400	5.9899491
389.9349300	-12.9421520
364.9017700	-5.1482536
364.8044500	-5.2297151
373.0627400	-5.3222417
356.0717200	10.1156860
377.4363300	-14.9473930
359.9420700	-13.5511110
367.9751000	4.4434915
351.8443700	14.7703160
355.9429200	9.3387700
364.0638400	-12.8876030
358.3171100	14.7044270
326.1416000	6.2076901
344.8913700	5.0540491
326.4117800	-9.2997132
339.5768000	12.3939590
325.8845100	1.1565102
311.5272800	-2.6815337
327.3669500	-11.1040990
318.9052200	-7.5074014
327.0323600	8.9382015
312.5565900	-9.2784396
305.9601700	14.9593190
293.0196300	-4.8446175
307.0320900	-10.8200580
307.8718900	-0.4651507
310.2072100	1.8658912
298.6802000	11.0871930
286.9466300	12.4702470
303.0885700	6.1032926
289.2203400	-14.0411930
286.9817600	12.6401920
272.1125200	-7.6229687
282.8232000	-15.3422020
274.7890300	16.3085140
263.3312200	12.7889700
261.4570600	-14.6820680
281.7277200	6.6615974
270.0496900	-3.7294550
278.6616800	-11.7584080
278.4257900	-5.7746162
257.7802100	15.4976610
248.1042600	-8.9238290
266.5197600	-2.2580448
264.8922600	-9.8016123
258.6807400	-15.9467560
241.9226300	-7.1579231
256.4663200	-15.8080640
251.8745400	1.2025343
234.2101500	-9.8068383
246.2787500	15.4857830
245.4929000	12.8913360
244.9854000	10.9363180
243.5837700	-10.7193130
219.2031900	-9.6551390
212.1797000	3.5225201
222.1531000	6.8035810
233.6300100	5.9724260
238.8701200	-10.8243620
223.7346900	-12.3516400
230.7957800	-12.2663460
213.6377800	6.3412398
203.8676200	6.4103796
222.1127400	16.9252210
226.4221900	-11.3732970
222.2058600	4.8122717
200.4845500	-6.1707413
203.7094000	12.9358530
213.5578700	-17.0591510
189.5994000	14.5089720
212.6158800	13.7809160
210.5522100	-11.5183570
193.6312900	0.6926174
194.1995600	-13.6443330
190.5816200	15.8308250
194.0731100	8.4103490
188.0424500	13.0164960
177.8509900	-14.3811300
175.1290600	-7.1662506
170.8186600	14.9385520
170.5222900	13.5750840
186.3891900	-7.5767963
175.9349100	-10.8369920
160.7105900	-1.8773456
158.1221300	-13.9945990
174.0640900	-3.8663900
162.6974200	-13.8630660
166.3259000	-5.8100956
174.5056200	3.5251370
153.8693400	-10.4015550
148.8679800	6.3294830
150.0826800	-10.9327320
169.8100500	-7.9545095
144.6080100	-8.5087771
154.7023700	-1.2820813
147.6385900	-6.3933592
171.4510000	12.4684890
170.2361700	8.8408879
164.1678100	2.8383546
141.7635300	-2.3695732
146.8689500	-12.5198290
162.2878600	-9.5335460
145.0656400	-0.5557777
160.2664800	0.8637518
133.1519100	-10.8311980
131.3749100	15.6731170
126.9065000	7.4131884
128.3668400	2.3742216
144.2346800	3.4361741
131.9338300	13.2768060
121.0799000	0.2702477
136.4215300	12.2074710
141.7105000	-0.0829478
117.1564600	-15.7344140
116.2601100	-5.7857240
129.1404500	9.9696751
114.2938400	-15.3013940
123.0410000	-2.5326263
121.9269700	14.1236770
124.9000100	-16.5993210
109.0509000	2.1179844
138.1884700	10.4263750
131.8206300	3.5014893
122.1672500	-1.9990542
136.3944700	-6.3014287
119.6698400	-14.7300580
131.4983700	-13.1863010
127.3460400	-5.4260558
131.2250300	12.8490750
130.0461700	-3.8018740
111.6929000	9.5491430
117.6124400	13.5237890
121.0621400	1.7490845
124.0245000	6.3072439
114.2524800	4.9517528
116.0594000	5.8645451
112.1460100	8.2074370
115.5709600	-4.8798139
97.2687620	-17.0602270
92.6463290	-14.4833700
117.8500900	-16.7533420
90.9043610	-6.7516960
95.2910770	2.6382228
106.1804000	0.4221156
95.0826640	9.8296136
99.9861060	-3.7472818
113.2278300	-9.9289331
85.9131920	-7.1390987
84.9460180	-0.0787281
79.4967240	0.1310755
98.2442300	12.8237490
90.8588620	5.5817777
108.8190800	8.6532735
107.6002900	17.0749140
86.9684850	-9.8685391
89.4971180	15.9991780
83.2483550	-5.3669501
79.4791570	-11.2054930
70.0606500	15.0598130
93.7209320	-5.1759397
101.0354900	-13.0941600
73.6932990	-11.3999830
70.4881900	-12.6534120
75.7728840	15.8383310
93.3563570	15.6191590
78.6611060	12.3542230
66.8285170	7.1693227
94.5225740	-4.8540776
84.1993610	16.7815640
73.8205840	6.8440380
69.5245860	14.2833830
79.5927650	6.6346533
73.5818560	-15.8668770
81.4175640	-13.0957230
69.1793440	-14.0361750
82.8846040	-1.1577211
70.3551070	14.3176950
76.4452550	-10.8879180
57.3163070	-10.4839150
62.1750490	-4.4568851
64.8964640	-8.6061290
53.4814780	-9.3124383
67.9831710	7.0454610
64.1529440	3.0371042
74.9538400	13.9535330
79.3062850	-16.8922750
56.6217160	-0.2680253
57.7839310	-12.0235060
49.1403140	0.2735115
79.5072950	14.3911910
63.1510070	1.6247359
58.9870480	-15.0352480
51.5953790	-5.1806667
69.9018870	-5.4744657
47.4991050	4.0920928
49.0178560	12.2757880
77.0516380	-6.0009898
71.9128330	-15.9141070
49.4438690	-4.5703666
52.8473410	3.9276721
42.6189450	9.7116054
54.1004690	-11.9546920
41.2117150	-0.9010015
45.3196680	5.9117241
58.9186800	-1.3215905
65.7660990	13.2347020
42.3973590	0.1374013
60.3805180	7.0895884
52.5957230	-14.2487510
47.4501630	-10.8141120
38.5485080	-8.7013653
44.2917660	2.3306379
56.7308380	16.4519070
37.9594330	-4.5316045
37.3254240	-14.0341070
53.2551870	8.9887368
61.7626560	-14.4833270
61.6874090	16.2590440
42.3601010	-4.6485602
47.2196640	15.6974080
36.9986380	-3.8117443
32.0713400	7.7430725
53.5205180	-8.0912950
33.1023810	0.3062284
42.9719640	-14.1412240
42.5084310	-3.6958099
54.5255620	-15.9361080
59.1922130	-2.5581670
61.7385400	14.5997800
33.1655080	10.7068260
31.9186940	-11.0315660
46.8030930	0.6696772
36.0821180	-14.1187080
52.4759490	-3.4124591
57.5521350	13.5050430
36.2359390	-12.5655260
37.8246030	0.0926490
52.6933120	-15.2338760
29.7561710	-13.1986740
27.9048480	8.4725584
36.4766640	3.4180395
53.5114330	-2.5319877
22.8987360	-6.8171249
30.3615690	5.1417619
53.9844590	-14.1933570
21.4588980	-2.7712966
33.6163610	11.4539060
48.2101080	-2.9310471
41.9872790	16.6794790
31.6328110	-11.8353220
29.5293040	-10.6012930
22.0638160	-13.9689650
26.2084940	2.4847516
37.2773120	-4.0858199
22.6821840	-9.8336838
45.4005320	11.4624310
38.5921600	8.6352030
49.4233660	9.9900635
21.1391940	-13.9235470
32.2822300	-14.3897450
17.1414530	16.8398380
46.3406840	10.8210890
21.5848090	12.8156570
30.9320200	4.1994341
22.9864420	-13.2999260
40.2235800	10.7870440
47.0977420	-16.5229330
40.4886230	1.7250352
47.6280100	12.2749630
32.7464070	-2.3313174
35.2998860	0.3700368
32.0462810	0.4284848
17.2539330	-15.9990110
22.3498290	15.0041580
41.3693150	-10.3088870
12.0294770	-14.8486110
23.2000930	-14.0741750
18.7273890	7.6411295
33.7586170	16.8922090
35.4767640	5.8375733
34.4136550	-11.5887170
12.2484090	-2.1194473
17.8948650	6.9817768
32.5152920	-5.8832179
11.7800890	6.2030246
22.6063350	-0.2464257
38.4594590	-12.0291330
36.6124890	-16.2791970
29.3778750	14.1105110
16.1640750	-11.4406450
12.9952290	-15.7834570
20.8624140	1.5020381
41.2805150	13.2343410
22.7603360	-1.8371166
13.9723840	-7.7157462
11.5101860	10.7213720
26.1300800	-14.4172160
14.7172030	-5.8229082
17.1120110	-11.8311820
10.4633070	-14.6829040
24.5446380	-10.7133800
26.5028100	4.5604787
18.6585130	14.4425190
37.4662200	-11.3645000
21.6627550	17.1165960
10.7153990	7.3930705
10.8517750	-7.0563912
26.6534350	-15.1727490
28.1082670	-10.6809470
37.1723310	8.8894005
36.5145830	6.5037840
25.0588410	-1.6764695
23.5417510	-6.2916266
3.9142398	10.8598190
8.0516444	-7.1290823
9.5259134	12.9484860
26.6021620	16.1920850
9.6038763	-3.8208867
30.1376450	14.2037830
7.9639670	1.9742514
25.4601810	-6.4168988
23.8901750	3.4976189
35.2077820	8.0590805
1.7303830	13.0040990
28.2932790	-10.7362180
0.9164284	-10.8365030
33.2049050	-9.4046837
2.3712747	-14.7181900
7.4032022	-14.3821190
15.1828810	7.0440177
27.2397570	-11.6867310
23.0610780	-10.5974060
5.6184134	3.4366378
16.3659860	-16.1026920
8.2866005	-12.9827540
29.5204970	-4.0357192
11.9120700	12.8950920
32.6919110	-3.4513710
1.5063781	5.4823319
18.5314910	6.6213700
26.4778250	9.6555086
15.2519100	-5.7316266
18.3633680	0.7922070
11.0565080	-6.7556887
12.7257580	-9.5470357
20.9023150	-2.6690009
12.0972580	9.1142979
-2.3437709	-15.5694360
6.8861632	-1.0658750
13.2552450	16.9916190
3.2207450	-5.6680337
8.6430614	-1.2589758
12.1439710	10.8096860
2.9209638	2.1723623
-2.1243597	-13.0110640
25.7406740	7.5444855
6.6214898	-0.7064267
2.1880405	-12.7745570
-3.2203972	-3.2619319
1.6566039	-14.5011290
8.8245822	13.9615710
2.5213927	-5.5662376
20.7198770	-4.5266069
24.0781480	-15.8038700
21.9069810	9.6506949
8.6274619	5.0586521
27.0646620	-4.9561222
16.3395300	-14.7181590
18.5741560	-9.6954355
0.9515261	-6.9172399
-2.0064307	-12.5924990
-1.0162588	5.9699584
-1.5794915	-5.1228463
4.6481655	3.0498550
6.9460796	-14.1267890
-0.2633688	-13.1886370
18.4977860	-5.7343078
23.7279330	-3.9697352
-2.4321171	1.3282930
15.7231630	-4.0155264
21.8572600	-15.2866540
0.7822604	8.3275103
-5.7679248	-13.0130800
7.4903065	4.1766221
4.5238982	13.7590710
20.1699350	3.3084871
13.6002180	-3.4232895
16.7239590	-0.2285055
16.3908660	17.0479640
16.6911810	1.2420169
4.7065798	11.7653730
23.6777290	-1.2155169
20.2914120	-11.5415220
23.6837540	-6.6968028
14.1501970	-5.7338694
-5.3654807	4.3117890
19.7446680	-12.9364110
-0.2860244	-0.3776879
-7.8235848	1.4746873
-3.4232864	-14.9129310
18.0509950	-10.9178600
4.5116818	5.5112954
10.8035840	-13.4981660
1.1514676	-0.3570978
16.0862220	15.7711930
-3.0823082	11.8840450
22.4100230	-9.6802014
18.2393130	6.9461637
21.1824860	2.6161755
5.3246829	7.2183105
9.2846399	-11.6100450
9.8493165	15.7132070
11.2964200	12.2088240
-3.5397129	0.3474428
12.2282420	14.1962940
17.4537830	-15.2858420
-7.7127219	4.2375006
13.2851130	15.9362820
-6.3103086	16.6351660
17.8628320	-8.6465168
-8.7581363	7.0852184
16.0867470	-8.7421179
-6.9826706	-11.9300240
20.0634190	-6.7392367
8.7766781	-14.2202720
-2.8642765	-9.9774686
12.8148750	-16.6492970
-5.3196760	7.7666329
-2.7249853	-2.2533020
20.7447350	-7.6172461
-2.2554569	4.0850246
13.5862430	-7.2546804
-6.6880483	0.1660768
21.0146030	-15.5728180
14.0659340	-7.9424826
15.4042150	-7.5915830
6.3255470	-14.0623250
14.1473100	-12.1660750
13.8529160	-8.8302624
-5.8255213	1.2783126
19.0026880	-5.6393534
18.4874040	-0.1300288
22.4099930	6.3307225
12.6212550	7.5055960
16.2358250	14.4814730
7.6291526	12.9794630
19.0585690	-12.3368510
-8.7241834	-9.8374704
19.1307100	1.4425432
7.9546507	-0.2740332
15.8358410	-5.2316866
13.2149910	-16.8868620
-0.5223264	-5.9961201
-9.2979416	15.2273490
-4.5786593	4.3603371
0.6723370	8.8467803
-9.7764901	7.7158869
8.7984224	13.6314010
-1.6986887	8.4970090
20.4269480	-5.1027414
6.1300914	-9.0524706
-11.7316000	9.4295336
18.0730280	-14.5878240
-3.3975239	13.9868580
-5.9926397	13.0710320
15.3226930	-9.6409322
15.7607020	7.8213533
-1.0647760	-2.2870724
13.6541210	5.9070824
13.4255590	-14.9577410
18.9722510	-16.0572280
-10.3920270	3.8184099
18.6306770	-4.3034514
13.1558230	-3.4893609
-11.6835920	-15.8567810
5.6432767	14.7800560
18.9261640	-9.6974535
8.5781868	-5.1886632
16.8106310	-15.3716020
17.0902680	-13.2219280
19.4022950	-3.3985947
-1.0356673	-0.8689371
17.7152010	15.8927000
8.1334402	-5.5873502
-0.9483669	-9.7944847
-3.0396823	-4.5816006
20.1197190	1.9680488
16.0881820	15.4906090
14.5488870	-9.1813294
10.1585280	-11.7593460
2.9208626	2.1954553
17.2891840	-14.3097210
9.0109256	2.9291231
4.9051968	9.4903387
7.2584644	-9.0683744
4.9146664	9.3036504
-6.7134500	8.2163887
-3.9095373	-5.6858262
4.4159305	-5.2588513
7.0427186	-13.3965380
15.6164060	7.0449571
-9.2531473	-9.2873887
19.7413220	-7.5306197
-7.7553223	14.2779970
-0.0772074	-10.8459100
16.4346510	13.8619460
-7.8423378	-9.3914443
-11.2282300	12.0917490
-5.2361435	2.8310201
17.7034250	-0.9263645
2.7882849	0.3047204
-4.4299700	2.1245484
-5.7955021	2.3281984
-12.3692320	-16.9350240
-9.3022384	-10.5682860
3.0489703	1.8870328
-6.7540580	11.5603430
2.8877676	-11.1351510
11.0583570	-4.3295189
-13.5394130	-6.3913970
4.1888311	-8.0076952
-12.6228410	-16.7216860
19.6917000	-12.8101150
5.6843089	-16.5857460
16.6160970	16.1645580
10.3734100	0.1414650
1.1613967	11.6862610
16.8259070	-7.0601120
10.9396380	-2.7327743
-10.1309290	1.1832399
1.1697966	-1.4617886
3.2857011	9.1495194
-10.9621900	-12.2747440
18.8067780	-5.4457673
-3.4498680	12.0982890
-10.3923670	-10.3038010
9.8890624	6.7654048
2.0734250	-3.5340913
15.9761580	6.5270379
16.7103470	0.2610185
11.2888230	13.5153060
-7.3851204	9.8490811
-0.0065802	-16.8587290
8.9986821	1.9241012
1.4848571	5.7448303
-13.2123060	7.4191988
17.5928240	-10.1798960
-9.2596760	10.4359530
5.5163695	-11.5837650
-1.2564320	8.3254907
-8.0544707	-1.0188487
1.8442440	2.0433477
3.0486518	4.2415743
4.7937686	-4.9449926
8.9660224	3.2993372
3.3061481	4.9737067
15.5133930	4.0899908
-6.7455771	7.8587798
4.6190846	-12.4924440
-5.1822920	3.6731599
15.8940830	10.6681650
-9.6713971	8.9328413
-8.7443966	-6.4152593
-7.0254151	8.7681015
1.6784690	3.9980214
13.7108990	-9.4686633
5.8312413	-7.8854663
-9.9640480	-12.1249770
-14.7584720	4.3987918
6.7906805	8.3627628
0.5700640	13.2675750
8.5126517	2.2356370
-5.5979570	9.1977399
-13.4262630	-14.3953380
-8.1856419	12.6585520
7.4867449	-13.4150340
-0.1407732	-3.1160035
11.6773970	2.1746764
-12.4156940	-4.1494463
4.2712906	0.1757503
-5.6119593	-15.8157920
16.8736200	6.9644677
10.8061830	11.0014490
-2.7188248	14.4540550
5.1972999	-15.6446640
8.2870575	14.9888630
-11.1397750	-13.6234610
1.5064890	0.1583383
-8.5630466	12.9398400
-0.8864292	0.4403131
1.2838640	-14.1776680
5.4515960	12.0228120
3.0554542	-2.5957637
-9.4197610	7.2560403
-8.8746380	11.9908570
-12.7630140	-0.3096614
17.5465710	-8.0834647
-6.0370595	-5.9974391
3.8110279	-7.2101431
-9.1970036	-16.9801610
-5.6981560	-15.9002120
17.8409280	6.5237098
-8.2221359	2.4629281
1.3456731	-15.4369110
9.8470327	0.2460282
-0.2399306	15.9745870
13.1801220	10.4492730
7.8768462	-3.5942345
-8.3270243	12.9818680
12.9149600	-6.5601101
4.2157718	4.9967931
-3.6110375	-11.7313440
-10.3049340	-11.7621910
-9.1054741	-14.6994060
-3.8182696	5.9799450
12.8095290	-5.9158551
11.3917740	-13.3500610
2.8866933	-3.3470030
-15.3592260	-7.3003739
9.2785378	12.3344520
-7.1444006	-6.2803904
12.4542060	8.9482106
-10.9775930	-15.5508750
16.4070820	-16.9363460
2.4736636	4.0458694
11.7525630	16.7374780
-5.3970962	6.2584102
-6.3406801	5.4650873
-13.8329490	2.1023876
13.2081270	-0.0339650
-15.9942940	0.2151472
4.7311877	6.2736469
4.4941186	-15.8170020
-1.4866682	9.2570366
2.8743172	-2.7732058
7.8515888	2.8584149
3.3773703	7.9017484
-1.1682343	-11.8374970
6.1127781	12.5783430
-1.3599400	0.4841807
-3.6635505	0.8091901
10.0657360	6.5604314
4.0926297	-8.3219286
0.0047350	-6.7144011
-11.6648370	-14.0799590
-6.5376909	-12.1460450
-14.1172790	8.4074744
-11.8080260	12.5538410
-15.1115780	15.0546290
-3.3351619	16.4666350
11.9628900	2.1744225
-3.1503359	11.8184470
16.9659880	3.8137903
13.5913430	4.0565519
-9.3285169	-3.6028989
4.2532776	9.3595467
1.8720141	5.1027770
5.1314608	-4.9334271
0.7955789	4.9782922
-5.0734303	1.7747254
16.3172940	-9.3718514
4.9498407	0.2692997
10.1987800	-1.4704152
-14.7613420	6.7191150
15.3233890	12.8235280
-5.5570038	-16.8918450
8.4839953	8.7973155
-12.4467550	-3.7927193
-12.3092170	1.2578242
8.4744170	-0.8421603
1.4124254	5.4482057
0.6311124	13.4914970
0.5780090	7.3001450
12.1683120	-11.8916950
1.7133806	-6.7077748
-5.6033597	-7.6271919
15.1073680	-7.2723261
-2.6412909	-8.1724920
3.0056310	-16.0693450
3.5657590	14.0652490
2.7012282	1.4168514
-15.7514420	-12.7992970
17.4507290	5.6925199
-12.6990510	-10.1008800
8.6050197	-3.4110311
8.2942274	-14.8420390
8.5592546	-1.6611725
-2.1489104	-8.8022720
-2.2481693	-15.5636770
-0.4645780	-14.7086760
-12.9482530	-10.7651070
2.7850786	-5.8047213
-0.1618150	-12.7234640
-2.2245994	12.3272340
-13.4138500	16.7610120
-13.1984330	-16.0508940
-9.3731962	6.1179065
-11.2071730	1.3858383
1.4488233	-14.8585870
-7.8218406	4.5948387
-15.0404420	-9.2481648
3.9339466	6.2164567
-12.9007060	3.9923086
6.0089852	12.7146800
13.6028150	-0.0717925
-7.8904246	1.2787537
-0.5816297	-7.4608667
-2.9625670	-14.4975490
-5.4348536	-12.5169990
-3.6009608	2.9377405
-8.3204617	11.7715060
-8.1624777	-14.9408380
15.2602810	15.7448700
9.0017427	7.1814997
16.7051930	8.0204702
16.2939750	7.9832253
3.2666642	12.2150980
-5.1234408	-3.3484496
-12.9454470	-13.0642730
7.5395670	-6.7453666
-7.6244626	13.9821700
-9.2138410	-13.5471310
15.9494300	-0.4098446
1.0675597	9.9595044
5.0811934	14.2429580
-14.0762040	-3.2703998
8.3206029	7.6492805
10.2920100	17.0066800
-12.1997390	11.9333690
6.2343085	14.7880280
-1.1683802	8.0624949
2.2297241	-4.5592393
15.0143480	16.3528840
-4.1485262	11.4007580
9.2150337	8.4475647
15.3139280	-10.0494950
-13.4860300	16.2308970
-0.6748816	-12.0859760
11.5710610	3.4149181
4.7965195	0.8233525
-9.6887334	1.5626107
9.4097808	-8.9969734
14.3029320	-5.7144284
11.1046690	8.1351784
-8.8909576	2.1397521
-10.1936880	-15.0627650
13.0358730	-16.6966480
16.5925230	-10.1941540
-10.8226590	-5.9205912
2.8079336	-9.8836634
-8.0520087	10.1035320
15.3966410	14.0660050
-0.9652499	-11.4341960
0.3708654	-6.5097226
-14.2255640	-11.0983860
-16.8019380	9.8107765
-9.5632108	2.6906877
-12.4506850	3.5590134
14.7691850	13.8684230
1.0512982	-11.8812550
6.3256795	-7.6211575
0.0649835	16.8337650
16.8307720	16.1552960
7.9663502	-4.8296122
-13.5629460	-0.8131346
-13.6734980	-1.8182055
2.3209915	0.3612214
7.1037241	-10.3796560
-15.3038990	3.4765959
-6.8474138	-9.6921045
-11.4510050	-4.9286038
-1.9408101	5.4024037
14.4869080	1.7229409
10.3459770	-2.6120475
-1.7656977	15.8892990
-3.7904964	16.3523730
15.9439290	-12.1576150
-7.6403177	-16.5636050
1.9352351	-13.1756590
-6.1450955	-4.8878523
-16.1642180	14.9054870
-3.0616908	-2.4956490
-6.0347682	-12.3092680
10.2248000	-15.4702100
2.5232301	9.0348528
-11.9715500	-3.4768492
6.6741565	12.2624410
6.5687614	-1.3031766
3.2111696	12.1148800
-10.0801440	-10.9436170
-15.5698420	-8.1703381
-0.1023675	11.1368380
11.7517780	-14.6527260
-5.7478645	-16.9548920
4.3217181	-13.0605610
5.4091097	-1.9057244
15.7238240	1.2100202
9.1074952	-8.4261747
6.0063221	-12.9973650
-16.1917210	0.6684290
3.8994010	-1.6718187
-15.2104340	-14.1700440
-11.8386970	-12.8339450
6.9354232	10.2560100
-14.4928920	6.8477764
-1.6519222	9.8924452
0.0510228	-6.1924819
-1.9533731	-0.3169778
0.6583290	15.2083140
-1.4720116	-12.0730090
12.3566360	11.0324080
-10.1197870	-14.2966750
-12.8051640	-16.8001210
8.5019948	12.5462260
-11.8281810	6.2128281
6.4222071	-16.2207150
12.8201960	2.1193602
-4.0745995	-6.0862527
11.4661730	-11.9375790
-0.0169863	-2.7940495
-11.3207500	-11.1701810
4.2872808	-14.1171400
1.3486189	7.2328973
-3.0252202	-9.9778913
16.3898630	-9.0769067
4.2938527	-4.5279363
4.0518776	-8.9055136
12.1921990	14.6967090
-3.7268284	-8.7436357
14.5998470	2.6127791
-12.2053000	-11.5018310
1.8928378	16.1395440
-12.4760390	-6.8427961
-16.9567760	-8.8319391
-1.2913703	-3.4399843
4.6795984	-2.8619844
-3.0102867	-14.6717260
-16.4127220	9.4932678
-5.7486603	-15.1897730
-1.4783042	5.4843003
-15.6115250	-15.7883200
-1.4688861	9.2139838
-11.1101110	16.1184270
-11.7136700	3.1770521
-5.9588044	-13.8113810
-4.0665249	10.7442430
5.3840700	-1.2507661
8.5751966	-9.4835554
-13.0823310	-9.6805914
6.7646412	-8.9640311
-5.7051469	-13.2445910
-2.7262551	16.7961110
-3.0538614	-6.0545948
-4.5593815	-4.6036503
-8.9707173	11.1910190
10.6561810	-5.5631873
8.1217518	-16.6428120
-13.7248680	3.2420323
13.5638900	-11.7385950
0.4546626	7.8215117
-0.0315766	-14.1503740
-2.3897085	12.6773200
5.9777049	-6.9458809
-3.0841175	10.4653900
1.4034629	15.8404210
-13.8429280	6.8195267
-4.2453349	-2.0864610
5.4534527	-16.1601090
4.1354752	-5.5753073
7.2694417	12.5371980
17.2205280	6.7957557
-11.0763170	7.0966207
16.3281640	14.8463150
-7.5766161	-9.3050419
-8.3023853	-11.3916560
16.9929680	-0.5685347
-5.3700568	-16.1010690
13.9048160	1.3399271
-8.4909032	-5.5498613
2.8450158	-15.4230950
5.2859499	9.6924968
13.5281440	-1.0085633
-4.5654934	-4.9460339
10.1068510	-7.5577927
-15.4636350	-12.6218390
9.9128891	1.5746933
4.3262221	-8.0828467
6.9084580	-10.5725210
14.0317620	-10.5772480
-13.7994160	-7.1119765
-3.7206770	2.7035629
-13.9785060	13.7676970
-1.2653434	4.6678652
-8.4168569	-12.5822950
4.6221520	-3.4062645
-10.7034060	5.4219325
-9.9638514	9.6273419
-12.5748740	2.0969901
4.4157994	7.5801059
8.9608123	11.5454980
3.9652370	-15.3516090
10.2460240	-7.0976009
7.4132394	-3.5028537
14.4984340	-0.7378244
15.9088090	7.1546758
2.9481474	10.8348730
-10.0970950	-10.9130730
-9.9149988	-8.1933678
-1.8716216	-6.4684554
15.5259710	-1.4632235
-13.7274810	2.5072585
-15.4566350	17.1165420
-10.6106430	7.2316697
12.9436130	-16.7717010
-4.6641906	-14.1456630
-4.4337638	7.9567750
-1.9372401	13.0658250
4.1556993	14.7333140
-11.6134440	-13.8853180
14.0390480	-9.8369857
8.6215253	3.7291820
12.1951600	-4.3128079
-13.0401960	4.4073525
4.0845078	0.0273331
-2.0917000	-13.8922540
-14.5483500	0.3838596
5.2770776	5.1696268
-16.2664080	-4.9254729
-4.7616777	-14.6818330
6.7241406	12.4835510
11.7100060	-15.2983750
14.6089420	5.3502838
-6.0155663	6.1916798
12.0439340	13.2199960
0.4515805	6.4414359
8.5862370	9.8281946
7.7872891	-14.1622600
2.9255301	-11.6167420
-7.5015850	-9.5258094
-14.3299230	-2.6804575
-11.0452430	4.1884626
12.9154600	-9.1032541
-10.8916410	3.0333819
15.3299860	-4.1442298
3.8642363	-4.0161983
-3.3532568	-6.1935406
12.9344070	12.9002760
-1.7398759	14.4604650
3.5103964	-1.6258361
11.9164760	0.0179493
-1.0161898	4.4978806
-13.7121030	-9.0003863
-7.0663587	13.3881620
-11.7213910	-7.7620334
-11.0778690	16.3334610
-15.3964180	6.2333012
-3.4734737	-8.3244845
-13.3194250	0.8860341
7.4106855	-15.2688190
13.1764030	11.4408670
-10.0403580	-7.9330986
9.3807704	11.6434210
-10.7368490	5.9674824
10.7558250	2.4806634
12.1681720	4.4837324
-3.2152712	-5.8082686
-6.1838867	-10.7697540
-14.7452170	-6.1849600
-7.8763417	-14.7150290
9.4732893	16.5500330
3.1589114	-11.5401020
3.2561346	-5.8227135
0.3289660	8.7167878
4.7420152	15.9569700
7.6471795	-6.5852868
14.1506190	2.7709559
-16.7684230	-0.6654797
16.2405210	-15.0108110
-15.9082610	-2.0363656
-11.1136990	3.7211412
15.6281820	16.6418040
-4.4334528	-9.5815065
-1.0852803	16.6993710
2.2530664	-5.5956775
-13.7113390	17.0462570
-13.7953030	0.9112874
3.7843563	8.3176702
0.8605990	9.2368174
-7.4834439	-13.9124390
-12.9455000	10.9929580
16.8378540	9.7322128
-12.7601240	6.8083261
-4.6740346	-4.6479621
-5.1156480	0.2854180
12.7431450	-13.8015860
-4.8421990	-11.4881270
10.6178660	-8.2357277
-8.4076044	10.7096000
-0.2114358	12.3121740
14.1649070	1.2762467
6.4187579	1.6065234
9.3086737	11.5103950
-13.4959670	-14.7596220
7.4085587	-12.0081510
12.4342420	4.0533037
0.0527158	3.3734794
10.2268110	-7.7827002
-1.1513287	-11.1668830
11.4837240	-8.4379793
-11.1833900	-16.8131000
-4.1338533	-5.3258409
-8.7884649	2.9380790
15.1152870	8.8116839
12.0633700	-4.8422336
4.3586131	-10.8954330
11.6971360	1.1766720
10.5071520	4.0686735
1.2084672	-12.5367790
11.2279350	-16.3076260
-6.6397304	0.0102476
-6.5897692	11.0076550
-7.9153168	3.5940364
-8.0140578	5.9109859
16.2591860	16.7839870
12.0346260	-0.7430845
0.4459183	3.9784080
-6.9716795	-10.3908810
-13.3852220	7.7816698
7.5272675	13.5328700
14.6969120	-3.2436731
-0.5573277	-4.0930008
-8.1929386	6.6851028
8.3089592	-6.4628596
5.6986331	-0.7193979
8.9368138	16.3262670
-0.2674303	-7.3529430
15.1908150	4.1799049
16.4097090	12.0635570
16.9110360	-4.6913172
-7.6912519	14.2736490
9.8392186	-7.8068756
-8.3718697	-12.6559070
-6.8871389	-12.0669610
6.1279587	15.1912520
-4.2335114	-0.6219433
6.6536019	3.6054626
-13.7388650	-11.7421570
8.7202523	13.6617370
-1.1503450	-13.8974560
10.8639270	-8.9415956
16.9184170	-9.1202366
-2.4148221	3.4430287
12.0880460	15.5634090
-12.8050720	-8.3596739
-3.6299108	3.0891473
-0.9967928	1.1564447
-13.5509760	12.4666260
2.8811708	14.1950300
8.0951467	-4.2943878
-3.9810257	-16.3156250
-6.7553926	-10.2017060
5.4456503	-14.1277890
-12.9720210	-14.9291020
-7.5023684	-8.1336821
1.9107017	-10.9538550
-14.7422480	4.6499726
-13.6865110	-6.4586417
-2.5256816	-11.7121380
-7.7774952	15.7268870
16.6337730	-8.4406906
5.4986604	-15.6641380
16.0546140	-0.5546108
-6.0097763	3.0159619
-0.8618001	-10.0428530
7.0937343	10.4764950
-6.0338946	2.2171359
14.6311760	-0.0284039
-14.0469640	-14.0992130
0.6151028	-3.7202146
-15.8423840	7.4622332
-5.1875762	0.6457918
3.6811214	-11.3773280
-14.9298980	11.3899350
6.1946337	7.0755474
-15.2695220	7.2231168
4.8055675	-0.4253768
6.3751049	-6.7128157
-8.2947087	-12.6349990
-13.5768640	-11.9465680
-7.1800110	7.9433999
3.4853983	10.6371510
10.8417750	9.1931639
12.8762170	1.5219526
-3.5841784	-2.7467148
-16.0288600	3.8710886
-14.1501020	-9.0943128
-13.9914520	-7.3515562
9.6919649	7.2912304
-9.2247960	-15.8780930
9.4812957	3.8540436
-0.2587455	0.5510003
-12.6873190	-0.1013228
-5.5144760	-8.9805622
14.3144100	9.2836085
-5.0499386	-1.3140831
16.4945870	15.6760680
1.7990409	3.9679371
3.7704190	-12.3223980
15.2918460	-9.0682869
-4.5918442	-1.0939701
-2.2871104	-11.5061700
5.5706742	16.6909050
-7.3794099	-1.1339087
16.9379570	-13.1040460
-5.9710128	1.1914700
-11.6855190	0.2199971
3.0632772	3.8704458
5.2283561	2.8153632
-1.4693559	9.5717496
-0.2683478	-4.3407575
8.0816908	-6.7263882
8.5772448	-16.1951460
1.0310258	-14.7956670
0.2658188	10.3636200
-7.8404240	16.4821340
-13.9868000	0.8171105
7.2946813	13.8307880
16.2740220	2.7012372
16.1086050	-15.8368240
10.6012170	-2.6372863
11.1635910	-11.2876650
-12.8117540	-7.1542157
15.5446970	16.1887400
-0.3145672	14.2450620
-11.5637910	2.0303706
10.3707790	4.9097009
14.8200310	-5.3755057
16.4007120	-14.4054260
10.1272630	-0.6427069
-7.6386642	2.8070725
4.8390312	2.9626977
14.8426170	16.0892340
4.1206703	9.6402766
6.2264412	10.9426740
5.3856738	10.4045640
8.5451338	0.8726590
-3.8823173	-14.7351960
-4.4879422	-0.3030871
7.4114594	-1.3429228
-6.2232918	-8.3489688
-12.5423990	-15.9650250
-16.5884340	6.5401420
8.6621022	3.2087790
9.3385026	14.1106440
-15.3429540	-4.9464215
14.1112960	-12.1526690
-9.1951339	16.7439410
3.2209060	-4.1379422
11.2887060	4.7056270
2.4847954	-3.6531448
-14.6059340	-0.9597569
14.9671410	0.7787909
-13.2707690	-0.8077053
11.7060960	-10.2607990
0.0943805	-1.9134446
-7.9830933	-8.7770284
8.9584371	8.3422562
13.5328850	4.0164335
14.0262780	7.1735078
-10.2005660	7.6440409
-13.5743380	-13.7121240
3.2945923	12.5010560
6.0454591	7.7019299
2.0443251	13.7482400
-11.8064660	9.0160753
-13.5768390	1.0630552
3.0528042	5.4149515
-8.0474847	4.7163937
-15.5304580	13.3393090
-7.2908668	-3.8808602
9.3540529	-15.7866730
3.4926948	-7.1517576
-13.7637730	-9.0675244
-1.9681893	-0.0015711
3.2662763	-10.5698110
-3.4353647	-10.7033450
-1.1154571	16.1125250
-16.3372070	-1.4316273
-6.9890049	-5.4674756
-13.8497560	14.7383650
6.1888749	0.1975471
-14.9247230	4.6107402
-11.3720510	-3.2876662
1.4384592	-9.0942696
-10.0123480	-13.3471080
-3.1964275	14.2452390
-2.9105766	-4.1245835
6.7224780	-2.4815749
-16.1216830	-10.8787000
-16.8213030	6.5686789
-2.9743503	-15.0537550
-12.5395370	-16.2752550
-15.2386670	-3.5784043
2.7914935	0.8465292
-7.7963340	4.8682279
-4.7752169	7.3418766
6.1390514	4.6564368
4.1578762	11.7895420
5.3887434	-16.0909580
15.0584370	-3.2893544
-7.6651203	9.6937552
-6.0348279	-2.5212975
-0.2280264	11.8742140
3.4934169	6.9581189
-10.9979950	6.9592810
-9.0479579	13.4617480
16.1563030	-3.5755955
-9.5497796	-12.2434800
-12.3209150	12.0440270
-2.1929429	10.3918120
8.8591923	2.6808093
-2.0420943	-4.8083571
6.3550719	16.1159010
16.5729730	-13.5120950
-11.1796640	-13.4987230
-9.9369947	4.1632065
0.3673360	16.5012860
11.3415220	-6.5359147
6.8456015	14.1791390
1.9024993	-6.0472489
-11.2955880	15.1685800
9.7507038	11.0711660
-1.4675946	5.9806045
3.7458997	-0.5660672
3.8792294	8.9833526
16.9941860	14.5361120
12.9845500	2.8095863
-1.6674951	-16.2088720
7.1114531	-5.1135666
2.6187171	16.9480180
15.1054160	10.0781600
8.2374733	-9.1441571
3.9196153	-3.0553459
-13.4724290	-4.7410132
16.6704750	-11.2727750
-16.4644990	-5.5061084
12.6416030	10.9950900
13.6927960	-5.5294149
16.8822210	9.7309124
-1.7503427	12.8888660
0.8979222	-11.3502460
-13.7040210	-2.0050241
8.1900272	5.4904039
-7.0038200	8.1722595
10.6493190	-11.1849840
6.0515756	-0.5726756
-10.2693390	-11.7131340
7.9158851	16.3372390
3.5435720	10.2162030
-11.3360320	-2.1321512
-4.6227521	-8.0271018
10.0012520	16.1646290
-3.0868804	-8.2592735
-4.2199139	-15.3798770
6.7680437	3.4639837
-10.7622530	-9.5065977
-5.7404124	3.5551466
-3.9515308	5.6430774
-9.7513269	-7.1737425
-6.0146781	11.2458880
0.5376107	7.1352444
3.3036332	-5.7065682
-14.9708510	7.5912336
3.5323272	-10.9685570
10.4022910	3.4569427
-2.8182821	0.1172521
-3.5438070	-5.9920537
-2.4373993	0.4927490
14.2195580	6.2342109
-6.8759849	14.3740670
-15.7334450	15.2231900
-3.1498803	10.3475290
7.5648145	-12.7742750
2.0697772	11.0821930
-2.4053844	-0.1625907
6.8840253	-15.8508320
-15.8922310	9.4606556
5.8884268	14.2964610
-8.0528578	-12.3413340
-7.9828844	12.1675200
9.1323315	8.3123068
7.3911952	14.9067660
11.9958220	-1.4094247
-14.2498250	-4.9247324
10.4015270	12.0339280
10.2486200	11.3072220
-4.6489063	-3.1558264
-6.6429646	13.4688330
-6.0808735	-16.7345570
-0.2538260	7.2252138
-4.9752291	13.6129780
1.6535736	4.4348109
4.2610459	-14.3027150
-10.5203730	15.3893880
-10.7106050	-10.0455520
-7.6656273	-10.9984880
-10.7863680	-12.8653930
15.0776880	7.0590270
9.2334509	4.0647818
-12.7257790	-3.4145599
-2.8024206	-9.1735109
-12.7233010	-12.2177580
12.0859250	-2.6149292
-2.6626854	7.3939884
3.6068376	3.3879524
5.5607781	-13.8052120
13.7036830	-3.1181025
-15.4353780	-13.0905810
9.3591438	16.3911450
-16.5718490	9.4303507
-9.5112583	-9.5694162
15.0427410	1.9690936
16.3435430	13.3929270
4.0471018	9.8899671
-15.8986940	4.4230416
-2.0731292	11.0100470
-2.6049630	-6.5055074
-13.8540920	-11.1540020
0.1378536	12.8179680
-5.0109057	-11.6066000
-13.2491230	-2.2149723
0.0997660	-7.7308639
-2.3015299	-16.1532060
7.1862524	-11.1001310
3.5344641	9.0716076
-1.3745645	16.7584910
-7.2194144	16.3289370
-9.7815844	0.9144324
8.6097676	11.5084720
-1.4313185	2.4936840
-6.6046596	5.5281768
-5.1525755	-12.9020300
7.4129947	16.2103640
-0.1766567	-3.2653582
13.3533130	-9.9922634
3.2270030	-14.5426230
3.1591099	12.8112870
10.8310630	4.3936917
12.1022110	-2.6529918
-15.8755380	-1.2682935
9.8138495	4.6308616
14.4196200	11.6197260
4.6691376	8.8963346
-15.5341010	2.9913345
-2.1313581	-5.8185785
-16.1002200	8.9934133
7.1460385	-10.2373440
-9.5964344	3.0362728
-3.6964571	-4.0079044
8.1558812	1.8356864
1.2729747	2.6130721
2.8338271	-4.7143238
14.4034190	15.5617630
-13.9058640	-15.5562410
-2.5349153	5.1109960
14.0569180	16.2493280
11.9120990	-12.5493640
13.6161360	-5.3027829
15.1818870	-16.5202330
8.4717472	0.0713891
6.6518887	10.3763640
-3.2259839	-0.7823923
16.9182020	-7.0177096
-12.8629490	-4.9635978
7.1135104	7.9964851
2.4160681	7.6822664
-6.4567320	-10.5162710
3.0292722	15.0693760
14.9458330	7.5367402
-16.2639570	5.9522609
-12.4760430	12.1572310
7.8140617	-6.3119667
-15.7827170	-15.7748040
-12.8989550	-11.3088950
10.4786880	-6.7523870
7.2278280	-10.1318590
-10.6714840	11.5070350
-13.4365650	-0.6821444
-3.2738475	-7.7896862
12.0709360	0.1514420
14.0439140	-3.3349005
5.4961536	4.3240941
13.6656570	-5.9846632
13.8034930	9.3176269
13.7431470	8.1372121
-12.3279830	-4.1771421
7.4636390	15.4847690
-15.6076800	0.6118082
-0.3141428	14.6622110
-2.0176325	-14.3950920
-16.3808470	0.0727629
9.9246295	-9.1305273
-2.4127963	-0.7640995
-10.1236540	10.3036480
-8.7875617	-2.0624053
-4.7537891	-12.7724700
-1.6142314	16.3555140
-4.4303121	-5.5464975
10.8967860	0.2590670
15.6040680	-8.6959416
-2.1203989	-5.7182880
2.6374861	13.3367500
-6.1910814	12.5256260
5.5916857	-6.1827624
10.5905300	-8.2506362
0.3031385	-5.8187696
-17.0534310	9.5967169
16.2331630	6.0567439
13.6343110	-13.7933990
-3.4223586	-16.3820910
3.4710022	4.2485262
-9.1947795	-4.0421577
0.3897403	2.9559785
10.5998520	-6.7142205
-11.7695680	-3.5081884
1.7268605	-5.3602919
-2.1180675	3.0194775
5.7773506	-3.2605066
7.7202118	-13.0299070
-9.5346651	-14.7008440
4.6317881	4.8513250
-13.1297190	-14.9708450
-2.2916971	12.2592770
-11.1749630	0.5830374
-4.7175415	5.9763813
3.2074077	-9.3109171
-5.5336294	13.1290630
7.5929798	-16.9394940
15.7353060	10.8131650
1.4775504	5.4198939
6.5291578	-3.8607853
5.9444546	15.7651670
7.3362346	4.6475030
6.2357983	-12.4763560
0.0544827	3.6955346
-7.9780258	1.5836286
10.5850890	13.3510940
2.6998322	-13.6844270
12.3245250	3.6832707
13.2142250	-15.6782410
-14.3178800	-2.9023702
10.3245630	10.6016070
-3.3487836	-1.2449356
0.1243470	-13.6286800
1.4850140	-7.4305996
-13.4051170	-16.2857240
-4.8546153	17.0410100
-14.3857620	1.0026392
8.4684810	-5.4903316
8.9912489	-13.2301730
9.3155963	4.2315910
11.7383370	5.0841609
10.1941460	5.9488934
-8.8494960	-8.4202084
-7.4694885	-3.8078974
6.5704213	-9.7452645
-2.8197481	6.3817110
-14.6409830	8.6819734
9.7161455	-12.0371990
-6.0618101	11.1684860
1.8107290	10.5590460
-6.6107551	-15.3967190
10.1442190	10.3408060
9.0342335	-14.9885910
-4.2796585	-2.4390171
-11.8072850	-10.9450580
7.2977571	-11.9924880
8.1699620	0.1499192
-7.5429656	-4.9210023
6.5023637	14.7850790
9.2524632	9.3200378
7.7992031	-0.3608243
-13.0426960	11.0948400
7.1124970	-0.9655175
-4.4523151	-4.9266482
1.3720245	-13.7194350
-1.8449618	8.8001413
2.3660700	12.9446760
13.3217210	-9.9186209
-8.1585955	12.1013510
5.7850554	14.6024980
5.1098062	1.5716869
6.8279745	7.8584022
-5.3265157	-16.9557790
-12.9680410	6.6294670
9.1147499	0.9662621
8.0557692	-4.5867898
10.5457800	-0.3594096
-6.9720335	-7.7028878
10.9418000	2.3713155
2.8612616	-16.6508580
16.1984370	8.8961065
-3.8670994	5.4781996
-9.3513152	4.6623620
-2.8598881	-5.3488323
13.3002290	11.3252420
0.1028262	0.4567033
-1.4530519	-3.0458142
3.4276005	10.9024670
-8.8353881	-8.8395590
-13.2906450	-16.9675160
-0.9012010	1.5492987
12.6107500	10.8169230
-14.9584350	7.6972165
-4.5238656	5.4309544
14.5156240	-13.2635620
-11.5023210	9.4956779
13.0351000	-10.9177530
16.6315850	-15.5143190
0.8421090	-16.7760730
8.0570381	13.9305430
15.9688750	4.8127333
12.2828020	4.3987285
14.4278690	15.0618670
14.2441650	6.1707943
12.9992020	-7.9326446
11.7187780	-2.7241101
-2.6627973	-1.1922138
7.3308392	15.7505310
-4.1314679	12.8260450
-16.6007360	13.8893090
-12.4192450	15.6725910
4.0660257	15.5867340
2.6302813	16.3068550
6.0054203	15.7810050
-6.9648178	-3.2399199
-9.2194024	2.2876911
3.6667228	-11.9202410
7.7299054	-5.6893250
4.5399336	15.1595500
6.0122755	-10.5343530
-16.9755800	-3.2247104
-2.0100340	3.1341219
3.6869236	13.1391710
15.2535510	0.3592131
5.0086679	3.6216958
12.7975950	2.2475468
-17.0872350	-2.1209088
11.6156030	4.1722875
-14.0694210	-13.3571510
-11.5423620	13.9751080
0.8577076	-6.9034237
14.7942590	10.4321930
3.4648142	9.8586307
