jMRUI Data Textfile

Filename: dataset14_WS.txt

PointsInDataset: 2048      
DatasetsInFile: 1         
SamplingInterval: 2.5E-1    
ZeroOrderPhase: 0E0       
BeginTime: 0E0       
TransmitterFrequency: 1.2322E8  
MagneticField: 2.9E0     
TypeOfNucleus: 0E0       
NameOfPatient: dataset14_WS
DateOfExperiment: 
Spectrometer: 
AdditionalInfo: dataset14_WS
SignalNames: dataset14_WS.txt;


Signal and FFT
sig(real)	sig(imag)	fft(real)	fft(imag)
Signal 1 out of 1 in file
230.8241200	-78.9147860
435.8930600	-190.5432200
307.9305600	-329.8578600
136.7783300	-357.7085200
-42.2093970	-358.5855100
-141.9648200	-249.9761400
-195.8648200	-157.2602500
-167.7708400	-48.1004610
-127.5674500	10.3932260
-43.4367080	40.6689340
-4.5740450	25.1514080
18.8856920	12.6127100
32.5624640	-44.0695450
-13.4269050	-51.7716130
-44.7666300	-93.3975790
-57.3453430	-67.4284420
-55.3631390	-45.9264150
-73.7731960	-42.8229640
-87.3899680	14.2338640
-76.8625330	18.8681240
-74.1827700	48.8781320
-54.9075310	43.9472310
-26.9761240	77.5327600
-4.6605300	63.4413730
38.7417160	57.5510720
35.5191990	32.2625850
39.9069080	8.0491142
38.3865710	-11.7543100
21.5235400	-47.6322250
-8.9126673	-18.3891400
-42.8260750	-3.0848929
-42.8918060	16.4862890
-38.2845240	46.7104830
-44.1715310	53.2652040
-1.9794015	91.1695570
47.5938550	56.9835610
58.0459230	62.8224270
63.6715960	36.3824160
83.5548030	8.9683735
74.7149770	-19.3904090
55.6875040	-29.4383980
56.3482010	-62.2752310
20.2906230	-68.5006870
24.9144270	-40.6417740
-24.1691650	-62.2707560
-16.2719950	-15.1890700
-38.2753290	-31.0622850
-9.6251041	14.4192720
-0.1257836	23.5594410
-8.7669383	0.0330135
-5.4776722	-0.5025939
19.9584850	-16.2152320
20.8595370	-37.8067380
-36.8306590	-24.7971130
-39.6058180	-24.6707080
-47.2216920	-1.5673013
-52.6778010	8.9634474
-47.4844950	47.8031450
-14.1617960	48.0740930
19.2065120	65.8827500
40.5435260	30.7459910
57.6595800	5.8135308
51.1608340	-24.0300080
31.9624190	-52.8266980
15.5049130	-76.1277200
-18.9364860	-57.1446670
-23.2085850	-56.8682230
-54.0649670	-36.8905400
-37.4732500	5.1604893
-30.1035310	26.3489650
-40.4724950	2.4491120
-26.5128040	16.9356810
-4.9126022	39.4297520
-6.3754739	3.9675588
-7.0420110	16.6970110
26.0111780	-1.3201074
26.5762140	-0.7053752
21.5205030	6.4052917
8.5010733	5.9656853
-6.8589675	-15.4375930
-40.0629030	17.8260970
-5.6744196	32.0894970
-15.3900380	27.3736910
-10.0998880	56.4152960
13.3013540	34.2850950
22.2927120	29.6456840
26.6559560	27.1303500
31.7927030	-17.3781820
45.8700540	-37.8555440
-3.3299320	-40.8412250
-22.2160720	-35.5169080
-14.2640500	-14.6724030
-48.4425790	11.3850810
-41.3797150	26.2637150
-11.7414240	47.4537370
15.9382530	22.0495710
29.5894210	40.8052270
36.4068410	-2.8231182
47.0474060	4.4913825
50.5492570	-10.8776720
36.3429340	-46.3339000
19.4155460	-47.8384580
-14.9244910	-51.4408120
-28.4115640	-53.0338100
-23.7971980	-50.7921460
-38.5343260	-22.8372050
-55.5170800	12.3781470
-51.2246720	27.3381600
-13.3091150	36.1927200
-23.8838050	28.7292670
21.1892660	42.7506890
2.9475611	14.3633540
33.7321600	3.2491824
29.3315310	-14.7308650
18.6615680	1.4887777
-20.1446780	-10.3738670
-9.7577436	-7.3130187
3.0994901	-9.9680145
5.4845835	10.6740710
-16.2862290	12.8202420
-5.4959401	15.5672200
36.9471530	-1.3090128
31.3259880	15.8077920
26.1476470	-9.9233625
10.8074390	-41.5190460
11.7352120	-27.3697390
-12.0651030	-10.3428560
-22.5517030	-8.4091866
-8.9462373	-8.8393120
-47.7265260	11.1020980
-12.5605630	-0.4880699
-17.9750280	7.8053894
-13.4667610	22.4877680
19.1317270	20.7176730
-3.6137767	41.3068730
1.5326872	23.3372300
33.0771270	33.2243400
29.0414070	-15.2583610
44.5716340	-6.6927798
12.8829070	-12.4225450
18.8035700	-44.8325290
0.3104892	-42.9177300
-25.5925560	-10.8239260
-28.4219860	-24.5052400
1.0157860	1.3581585
-25.1477970	-14.1093630
-5.6636182	19.4158830
18.9715430	1.8261751
2.4088335	-27.1514500
-5.7152925	-7.8100137
-28.9771140	-13.1243460
-33.2392130	-20.7195020
-17.1119760	6.6267797
-28.2702650	-7.0202670
-24.9636470	34.6122040
-10.4844420	15.2597050
-14.8131420	14.4985560
-0.6151940	36.6045300
37.0705520	4.2834265
9.6608892	28.8680170
11.7312300	-2.8391652
17.5518090	1.7941761
3.1955113	-35.3941280
-5.5371456	-40.6432970
1.4265137	-18.5069280
-7.7818493	-31.8865740
-30.9512800	3.2073166
-22.8386300	-0.0218588
-43.9227440	15.9463590
-13.8665050	19.5822310
-16.6165310	40.7381470
1.7331980	35.8543450
30.6700020	47.2377960
22.6344280	22.5734430
27.5486400	4.1742449
26.7470030	-12.0581160
37.5688690	10.0066970
2.5600351	5.4722136
30.0052900	4.1916692
28.4425290	15.3992340
30.3504180	9.7669151
9.4292589	-18.6133090
34.7510710	3.0351140
23.7209400	-18.2657910
21.6606750	-10.2555130
5.3992372	-12.3974730
-14.6241440	-25.5497470
9.4793941	-18.2714870
-10.4810800	-15.5619230
-26.6276300	-11.9520190
-25.7035850	-11.2479620
-35.8332590	-11.0669120
-44.8433260	2.7523642
-34.5940170	19.6165090
-8.8472940	27.6558080
11.2941610	5.3868329
11.4491490	12.2973890
-7.0225239	-5.7316854
12.3124880	-4.0798455
27.0201620	-3.2204717
-9.7680207	11.9230100
-9.8937799	10.8284300
-7.5547205	11.9909260
-22.2801240	-7.8890462
-17.0826280	-10.3855430
14.3890180	27.0760250
-3.4445832	-6.8494433
-0.6564285	18.6180860
12.2195360	1.1173239
-2.2528564	3.2457959
1.6356891	-4.3849648
3.5422944	7.6610795
-15.9614750	-10.5191330
-15.9887500	-2.5012453
3.4256557	-12.1485580
-9.6732596	23.6166120
-12.3587120	21.6501400
-5.0487806	38.0072540
1.4895026	19.6496860
8.4307294	17.2714750
13.1784630	-6.0535227
28.1829680	7.8208765
42.7726780	-23.2993960
34.2294960	-10.1854120
24.4939320	-15.4035670
-4.3382361	-31.6555760
3.4374164	-32.0155550
-27.7775580	-5.2087696
-30.6996520	-0.6227481
-12.0712190	2.2151286
-7.5774354	3.9467854
-19.3013730	24.0490700
-8.4423671	4.9511957
-9.2790347	-6.4113462
-1.8867714	-15.9027010
25.3167340	-2.8646415
3.0462633	-24.6533170
4.7483325	-14.0221990
15.4053390	-18.5492860
-3.6541887	-17.8252240
-2.3780545	9.7235109
16.4927390	-7.4987636
-14.0822080	15.5141510
-17.2755020	-3.7363388
3.1563546	9.4493471
-8.3877117	-17.4980900
-12.7539840	-1.6526681
10.1720190	-21.5867080
-27.6656760	-2.8652774
-7.6787540	-13.6312120
-25.7258550	3.6057164
-5.1075362	-13.6652790
-35.6722760	-9.3945539
-10.9758620	15.8227050
0.8460356	2.4850560
11.7975420	6.5349072
7.9117614	10.7085080
-4.2220959	28.0388090
23.6050020	15.4773930
-3.0310074	21.6650370
-2.5782612	-6.4500952
7.5849463	-18.6516320
-1.0307618	-11.3445500
-4.4485481	-19.0900250
-14.7118870	4.4933905
-8.7844088	15.6590240
11.0636900	5.9987929
-2.8758901	14.7627620
5.5874171	1.7448038
5.4712578	2.5068897
25.9104420	-2.7371670
-3.5745963	-1.8948795
23.0941460	3.0736175
-8.5634087	-12.5519620
5.8297055	-15.1705700
-19.2449120	-7.4783664
-16.1534970	0.6459206
2.0007284	-4.2358958
-20.1154220	18.2273410
13.9641190	6.7093015
16.0651240	16.3725490
18.0439880	-16.6463380
23.9813610	6.9669143
22.8233510	-20.7263980
-12.8197950	5.7243923
-9.6741051	-9.3701499
-9.7674910	-8.3196508
-27.1781990	-5.1392112
-7.1197879	-21.0737740
-17.6881830	3.4873591
-12.9096610	14.8958340
-16.2376300	8.3858625
-6.7503494	2.6140268
-15.6581610	2.2732160
19.0296960	14.7777600
2.4753926	11.5999780
13.7275540	-3.5317493
27.9530290	2.5071567
1.1907120	9.1174564
20.9825740	-26.2070400
16.6317810	-14.3980690
4.5455876	2.7132388
-0.3938702	-7.5162398
-19.7993140	4.6250729
-2.5474470	1.1294051
-19.8707120	-1.0821537
-9.7785631	-11.7621260
0.2609383	-11.7183070
-18.4479670	-8.0508677
-14.0603910	13.7978060
12.2166040	7.1443382
2.9278481	-10.1957120
-25.4521340	-7.0696512
5.3285744	-2.8336507
-8.6864066	13.4599390
-20.7151790	20.9288340
21.7949600	16.7773240
-4.0104448	21.0395650
14.9527550	-5.7026421
10.5069990	-9.2820801
34.8601120	10.4439280
0.5305533	-6.4126928
12.5118460	4.0354878
-7.0854875	-21.7332660
-13.1116820	-2.4556373
-6.2339339	-24.3830280
8.5507501	9.0973918
7.5292596	-23.0319720
-14.4164230	-1.4506114
-0.9771275	16.5654650
-10.8948150	10.9996920
6.0999922	-3.6778657
-9.1229171	5.8276420
8.1210877	17.6245570
-1.6937664	17.7934620
-16.7331750	-18.4188350
-19.2096570	0.0450600
-12.5429870	1.5633352
-9.2658445	13.5730370
2.0547855	-6.7978609
-18.1549040	-3.5578247
-2.7943832	-10.9744790
3.1718466	8.4669723
11.6535460	-15.3554890
10.0758750	-7.2685009
-7.2347545	-17.4964910
11.4222930	15.2856330
-10.9764950	-9.5109299
5.6001314	-0.8054537
8.1690172	-14.4962210
-16.2340220	28.4402890
-13.5391440	32.5986500
-17.8287740	9.7111222
6.3670685	1.4732355
6.4241812	31.5135160
6.9389727	27.0133480
28.1928070	0.2556682
20.0522440	2.3463880
16.9936660	-24.8466140
26.6682270	-26.2470730
14.7329050	-10.9237260
2.0351997	-28.7163930
5.8647784	-0.7693289
-16.2078610	-4.9120846
-6.6776876	-21.5773540
0.4064457	-2.6909592
6.8609738	5.7271763
-13.7843560	-7.9467370
6.8260716	4.8086127
1.2699234	-8.2241215
-0.5949841	3.3177755
6.8396828	-6.7113039
-13.3298040	-16.4222010
-11.7733790	-5.5234276
-14.1691100	10.3162250
-26.9438470	-9.6579306
-3.6135327	-6.6897106
-4.0242686	20.4391250
-0.5820383	4.9287345
-5.9875069	20.2504440
22.3814360	20.6263990
-2.6541744	-0.6279028
-4.6993828	-13.7925290
11.0240720	-21.1434610
-3.7892833	-7.1205462
14.7482200	-20.1558270
-6.6749064	-0.2583802
-0.0966880	-1.7710223
-25.1467010	9.9190093
-1.1821652	-8.6130121
-11.8208080	-10.0849380
-22.8916940	4.0576350
-14.1815620	14.8213120
-13.9365780	-2.5686270
0.1695983	21.3024700
26.6337910	19.3716940
-6.3579837	18.1521720
-9.3180856	-21.6598670
-4.0203282	-13.8570840
9.3108914	13.3074740
-8.9952933	-11.3247220
10.5375400	-19.5734810
1.5363586	-11.2883670
15.1248900	22.9306380
-17.4355870	7.1878318
18.7316910	-10.4285020
-8.3288803	15.2903750
10.0451330	3.3009668
-14.8624070	-24.8255360
17.7883310	-23.5806250
7.3250078	-15.0916470
-10.7273990	-2.5187691
11.8297430	-14.8634640
-3.0628131	14.3980260
1.6844534	10.4363290
-10.4598000	22.8551880
-0.2788996	25.2780280
-6.4256598	-1.9758371
14.2847760	-3.1214609
17.3663300	1.8972029
-1.3905740	-16.6470460
-0.7092376	16.2162990
13.1917910	4.4693979
15.0502840	-1.2700563
-1.7429596	9.4814190
-4.6474700	-3.9800138
7.0019501	6.4549328
5.2012913	2.7007364
-12.7848490	13.8312520
-10.1065860	18.0542340
-21.3669810	-17.8855830
12.9043500	13.0780820
9.6732706	2.0108235
-8.1700137	12.2273900
-10.5764430	21.3463900
0.9628393	-10.7812910
11.1071880	7.3768707
13.2651490	16.8169850
9.0605952	23.8274370
2.4366144	20.1588150
16.6345980	-4.1783081
24.9531920	-1.8038073
8.6303348	3.0510339
6.8314471	-2.5949009
3.3802445	-11.6338330
2.7048104	-6.9546255
14.0621670	3.0270528
-3.6734903	-19.9980220
15.0355980	-6.3122184
-3.3122325	3.8155921
-16.5470360	10.5738790
-17.9007060	19.8250110
-1.5782577	1.9372500
-4.4287762	0.5097556
-0.3207289	-18.8323680
10.4357770	-0.1176310
21.0169710	-13.9133670
0.9040438	11.2643220
-14.3662610	10.4356660
-15.8104590	-22.3113360
-19.4349540	1.4974340
-0.8373317	15.9601790
-7.8845771	-0.3963811
6.3336847	-11.0856810
-8.4999551	-1.3795366
2.9311926	-12.6368470
-5.4949316	-3.0920488
-14.7981650	20.0386740
-0.6801035	-0.1045075
18.6102520	-13.4198280
-5.4671595	9.3676961
-15.4707340	12.9790630
-23.4194640	-3.3180310
9.1956643	18.4317790
7.0595282	22.4505630
-18.7294360	19.2938040
12.4970440	11.6619350
-10.1817840	10.9694150
6.2832949	21.3005580
-11.1784660	10.1713250
17.6777240	-2.0516268
22.0491170	-9.6136569
23.5007670	-6.8456033
-17.8921860	-23.1445300
-20.7073240	7.5783368
-15.3522020	13.0384090
-22.8484750	-17.2720890
-11.3686250	13.3006510
-21.9432510	7.4075647
-18.5978150	-5.3549980
-13.1648990	0.7716555
-12.4624600	0.3492470
20.1961140	-7.5505228
-5.4017548	0.8643986
21.1990260	15.3361290
18.6286080	2.2426653
-15.5135970	5.9480022
-14.0188020	15.1302860
8.4736218	0.2664395
-9.2330909	-6.5893648
-1.6981622	-2.5504428
5.9341769	-8.5174569
-8.3687700	6.0541309
6.2226043	10.6701360
2.4350499	-0.6965833
14.0471910	8.6297779
8.7589922	-3.8898509
9.3318580	8.5981944
-10.4477730	-16.0627950
-6.3466312	-12.3875910
-7.5757017	-9.6390260
-13.8918340	-15.6345110
-23.5335400	6.2714638
-20.0173310	-1.4616293
9.9911045	7.3779724
-1.6967916	-14.3811520
16.5655590	12.9499600
-12.3728440	15.5821350
11.8588990	2.0642434
19.3591900	16.0276630
-3.0621260	10.8263390
-11.9684340	6.9584095
13.2897960	15.8276100
7.3306905	-6.1726956
12.3160310	-11.8504180
-19.1661310	7.2395430
-14.5380480	-0.3928419
17.3251370	-16.2315410
-0.3451399	2.3751332
-0.0149829	9.8462922
-0.0179844	4.6149031
6.7979655	-15.3395290
-17.2198140	17.8913340
2.0995878	2.6120756
-3.5407012	-13.5733280
-15.1687720	0.3736552
18.2809340	20.1898620
-15.3585460	-5.1871438
18.8205790	1.2860561
5.1376982	-13.2646080
-2.9462739	-20.2703470
11.9492880	11.8239140
-1.9979530	-21.6454590
10.7693790	8.1530913
-8.1898873	4.2686611
7.3934315	-24.3384380
-4.0286651	-5.7770420
-1.0841012	9.3815916
-8.2631207	-14.0554900
7.6625188	15.5787410
-5.7967338	14.2584690
18.9188810	4.2104640
11.3282290	17.9578310
-9.7569958	19.5335990
15.8177920	8.1113607
-0.7067241	4.1649965
-11.8850440	-12.6273790
12.5080710	-16.6847680
-16.1402070	-4.0610538
15.8879070	-7.0451046
9.4582740	-6.5630750
-9.8494702	-7.7683927
18.8187030	-13.9956620
-10.0183090	-2.5679262
12.5149890	-1.9551155
-15.8383730	-9.3701747
-8.8881911	-2.0119655
-9.2396056	-8.5389136
-9.1953022	-23.9141430
-20.9864530	-15.9965120
-8.0359063	15.4826280
-5.5878437	3.0426598
12.8078000	-8.3644191
1.0335394	-4.9153869
-9.5357386	-4.8325537
-13.6916200	12.9870450
2.1667510	2.5785157
4.9123031	-12.2331810
-10.9149420	13.9278730
16.5929120	8.3590913
6.5878016	-18.0209500
-17.8119390	-14.0725260
-9.0583303	7.8410189
-9.7272335	-9.8510246
-19.7758470	-3.4853795
-15.3913950	9.3200679
-13.3379040	-13.8507680
19.3354790	8.7235292
10.5478560	6.6877137
-13.2664180	8.1418317
17.4328690	12.7657480
17.0922990	-3.5533185
-3.9712645	7.2198393
16.8744900	16.4068330
15.9104700	-5.2634143
15.5548500	0.7793132
-22.5271300	14.7622170
10.1689270	1.3157378
6.1879845	11.2852360
-15.3974740	17.8676860
3.8213170	-8.2602700
-6.0072533	11.1833860
8.8435858	12.8900530
-16.6591700	-7.0835022
18.3529050	-14.4373220
-14.1441470	-3.8147923
5.9988501	-2.1051397
-16.2803060	-1.8745732
-17.8135630	14.4346110
12.1231210	0.8576220
-3.8411035	1.5987219
11.1095630	18.9551880
6.6278924	23.0990940
-8.7781136	-9.5337017
12.6031220	21.7214350
19.4941320	18.0026720
19.7277130	3.0294935
14.6168940	13.1439960
-14.5662570	1.8733079
19.4873040	-16.8047820
-12.7110160	-10.7432740
-18.7619860	17.8536610
-17.9592280	-8.5114051
-7.2050008	2.4831715
4.0896756	8.0434678
13.4541340	-12.8327700
-7.6207113	9.4908432
-2.8352728	-10.9146590
5.2352789	17.6975940
15.2789530	-6.6433780
-21.3413960	15.1703750
9.1036668	11.3096650
-19.4244950	-3.0163018
-9.6410044	-10.8572120
-11.9459030	-14.8763950
5.2228203	3.4955567
2.8681116	19.4938950
14.4851890	12.2920690
-14.8749360	9.8103047
22.3796540	-18.0050140
3.8596215	-9.3256671
-18.3210550	6.8974810
8.4345038	-10.4396890
6.7029246	11.8669960
-0.6246504	-15.1010580
3.1186190	12.2268320
-4.9227109	1.1383636
15.9570980	16.8965010
-8.7494569	-17.7573650
-0.1070968	14.8847620
-5.3157854	-9.0035399
-14.7561060	10.8212750
11.5331390	-10.0027530
-16.9348290	-15.2776030
-12.7218550	7.6955603
-19.7294430	0.7580636
-20.6642620	11.4516890
-10.8781490	-13.1058570
-17.4521570	-17.0492460
4.7764564	-16.4844760
-13.6188560	15.2570290
17.4749740	4.6245837
4.1038759	8.3716808
-15.8945690	-4.8150299
-1.8923603	-17.6027570
9.4094900	-8.2719901
9.8145514	-20.8955620
-7.9641563	-11.7204140
15.5892180	-14.2441050
-12.9551310	-6.4353663
-3.2533806	-6.2110048
2.4962193	18.2660150
-5.4740581	-14.5592400
-3.3061364	-2.7152161
-13.0805500	-6.1974915
14.2355210	-13.9461530
-0.1911180	20.9438590
-6.1072965	-6.0892371
11.1975340	13.4571570
-14.4542470	-15.7943290
-4.7072013	4.6629944
19.3750520	-8.9099417
18.6050480	15.3152020
-14.8570260	-12.8153310
-2.7184373	1.5113193
0.5691519	3.2548694
18.1730260	-14.5626470
-6.2172521	-4.3029395
-11.4144160	-15.6598410
12.0435650	-10.1556010
-10.9870790	-4.7774427
3.9443017	-18.3324460
3.8309859	0.0050698
7.4235388	6.8544180
-2.5883385	8.4181213
14.1912530	13.9673900
-2.2406487	3.0386949
-17.7870470	22.1604140
21.3444320	18.8541980
14.3000020	0.9812176
-14.0795120	-1.0006236
-11.9949070	8.2346644
6.5330838	15.2727760
-4.6561723	12.9535420
6.0127125	-16.5425880
-1.1178321	16.8042850
-9.4720034	15.3256260
-14.8884120	-3.8828159
-17.7680220	-6.2141979
-9.9827602	-11.3908400
-19.9173130	-11.6583350
2.9853954	6.4573373
-18.0332180	-12.5290430
8.5125564	-9.5058633
-7.6490910	6.5563074
-18.5893310	-9.4324516
-1.6832109	-6.5498040
1.6386592	11.9162400
7.7645773	-3.7544685
-8.5602449	0.7167759
-10.2392170	14.9191960
11.4497510	-14.7203980
1.3025270	-12.1432420
20.8808540	14.3951300
6.9639474	15.0219960
11.2459680	-8.8030168
-5.3700593	-10.4755480
-11.5144580	-4.2354919
0.7044227	-10.6680590
-17.0010190	17.9129020
-19.8548780	14.6716640
-17.1216070	-4.9770047
-7.8053726	-8.0945154
-4.3392971	15.7370870
-8.3058873	18.2943150
-14.6635590	22.2190050
-1.1596982	-0.0086703
17.0069330	14.4143510
-13.7291600	17.5002060
-4.3047497	13.6396820
18.8594380	-7.1012355
3.7347552	16.8774180
-12.6030820	-15.9810830
7.0077777	-0.5405681
8.9868951	14.9730420
-11.0383360	2.4952846
5.5242872	6.8531880
18.0714010	-17.0407940
-14.2436760	4.1573625
-1.9995332	6.4318790
17.5173060	-19.9912090
2.1669293	-19.0058590
-7.4383959	5.5337977
-2.1055473	8.4861538
-15.5459440	2.9798600
-4.9886673	16.3802560
7.3433254	-13.1781280
-8.5902827	5.1648707
-18.4402640	19.7296590
4.4044102	-1.9568830
20.9156550	13.0949700
-2.2385689	9.8586541
-5.3502609	8.7122023
2.8011307	19.0883870
6.0260732	2.2157563
4.8103989	-1.0201623
-7.4100228	-0.7060726
-20.4100070	9.6536023
14.8029720	10.8560680
-8.6291280	6.4209180
-21.0908550	5.9726237
5.4873617	19.5267300
-12.7355200	5.6132631
-15.4960780	7.0656098
-3.2673349	-5.2808061
13.7859810	-4.5652742
-6.1201682	-5.7683629
-13.4543970	-15.9582030
14.0197700	4.4997852
3.6268146	13.0705830
-3.9677380	6.9942703
7.7949215	-5.7577122
-6.3446043	11.7246300
16.6996160	-16.5986260
8.0850141	10.5653540
-17.7389480	9.2495988
5.1336908	-15.5004310
-2.1605591	-15.6760870
-5.7242761	-14.2776180
-8.2726095	-14.5412590
10.6107690	-14.1014380
1.4403977	-0.2760760
-18.1764530	-11.1535120
15.1419520	18.4575370
10.3231570	-16.6415140
-0.6626399	-16.2398110
19.1547730	-3.7509351
-8.3583691	-9.7167516
-10.0832950	-12.8619640
1.5440079	18.6035400
-13.6775580	-2.4560707
14.9194840	0.7746960
-6.5223617	5.0458363
8.5786486	-17.1609210
-8.7658498	-17.4391510
-16.5103570	9.8089932
-0.1704899	7.5678694
-18.2783320	-5.3160708
17.7313700	-0.8033785
7.8069919	19.8440070
6.5432792	-4.7041167
11.3608810	19.0239920
0.0377535	-17.8557430
-8.9299683	1.0577429
4.4329141	4.5679798
13.4093650	-9.5067522
-12.3520860	-2.0016939
-0.3658269	6.7569270
-15.2037120	-2.6915318
-2.6976920	4.9130103
-6.0385330	-1.2620570
-9.6750978	-7.2874617
-6.8692479	-15.3809250
9.6881327	-14.7876260
10.8852240	-18.9451580
1.9745485	8.5579751
19.3368440	-3.0441362
9.1029708	-0.6874646
16.3283430	-16.5378860
-3.7390455	-6.0888486
-3.0413430	-12.0148230
-15.6076350	20.5082440
-1.0767609	0.4667989
-18.0126690	-0.2653552
-18.9081420	3.9711014
3.2516718	12.0657750
-5.0644738	18.2044910
-5.3358882	-19.8185650
11.2162240	-8.6918298
10.3083820	18.1097650
2.4354948	6.5453121
-3.1612020	9.8414112
8.9364060	-5.3935227
-11.0561110	17.3483230
13.6349440	15.5219560
5.9632823	17.6822120
-2.5887845	8.5068681
0.6812313	-13.0631060
5.4832719	-14.4624360
-0.5553413	7.5513730
15.1064490	0.9712788
-0.6706864	16.8127510
-19.8042720	-3.0900347
11.9268250	-14.8622390
4.8276300	-0.6330644
3.4311071	4.6301970
8.4961247	14.9664830
8.7768665	-17.1753960
-7.1806814	8.3496961
11.8717300	2.6984582
5.0525305	-14.4034970
4.7145929	13.7114200
-10.7782360	17.5173780
-18.7640370	7.9991453
-14.9071870	-11.7971780
-2.6192043	18.6177360
1.8771288	6.9318055
11.9984890	13.9907140
8.2663888	5.0425778
-1.6512003	11.9355060
3.1682554	-5.3635064
-13.6778730	-6.8377941
-12.2021140	-12.3118460
11.7489190	-16.0071640
7.5137120	-1.9410350
6.4936344	-16.0295420
1.3096462	2.1462856
6.5467826	16.1407480
-5.0152317	-4.0048816
12.9057990	-4.5133897
19.0279450	5.6913417
-1.8884884	4.7037057
12.5591210	-0.7392580
8.6859436	16.5994490
8.4163701	-20.1467890
7.7632779	6.7376702
-13.1326310	-12.7602820
-11.8352970	-12.7693220
-6.4281602	4.4450308
12.7366410	6.1954420
17.5106780	5.3654223
-2.5134648	6.6130912
-3.8411572	-0.9217526
7.2793888	-11.0963370
-15.5438900	16.5370170
15.7066530	5.7133972
-15.7357810	-9.9474257
7.1647037	14.1221290
-12.0019680	15.7563050
-3.6413751	14.4841840
6.3426444	8.4726301
-6.7587779	-18.7869350
12.3366320	14.1226870
16.4189920	-3.9190352
-3.8566793	-17.6612140
-17.9357370	-11.6496770
14.9202310	8.9736928
3.2671007	12.9325520
-15.0388400	3.3878213
-17.9113400	10.4083720
-6.0570141	-15.4551770
13.5895470	-16.4288740
9.2212096	9.3095506
-13.9222470	-1.3734442
-12.3064250	8.7371588
-4.3262802	9.6862412
10.6899790	-17.2449570
-3.9767561	-7.5532298
-9.6716356	17.8767200
15.2308350	-8.9745906
-13.5664910	9.0433224
-2.5321926	-6.6509079
9.8736217	-19.5535900
14.0320830	4.2072363
-14.3048630	-0.8150174
1.9920314	17.5603390
-11.3799040	-9.7055173
0.2729832	-8.8335796
-5.6422687	-17.3408350
1.4832878	5.5762239
-7.1094749	19.4579140
-8.2155080	-12.7007470
-17.9817200	6.4456729
6.3205236	-14.5873990
-18.6898700	-13.2904800
5.0517917	-14.8826070
5.9564989	-15.6586500
-7.0397169	-13.6727180
-9.0614079	7.5076624
1.9052830	-7.3076466
-5.7281007	4.1516742
-11.6498670	-2.2313516
-13.3942210	-14.1071720
15.7172030	3.6726029
-6.3069441	8.9687431
-0.2349520	10.4035950
-8.1264733	5.1086323
8.3600676	-7.1284160
10.9972070	-20.0808770
18.8946580	5.9699327
9.3114676	-15.9410240
0.7135429	-18.2864600
-0.6355693	12.3322830
-8.8045618	18.1756390
1.7742495	0.2114674
-17.3970690	-5.1714769
10.2134260	-4.2547909
1.5899786	-5.6154635
3.4432288	-0.8894262
-3.9797671	-16.2726500
12.9904570	18.6202090
-12.8678020	-18.4728700
-7.9152968	6.0041469
16.7563050	-17.4599230
-8.0822192	3.0521444
16.9004970	-12.8767830
-7.9208089	13.5456920
-6.0290295	-13.0724080
12.7268780	-1.0779538
17.6873350	14.9009060
-0.1966206	-8.9626420
18.7027260	15.0291360
-0.4280618	0.0004848
11.6174390	-16.1166760
-9.6294767	-0.6916867
10.9205160	10.5555480
-2.9470889	-17.1137800
12.4746890	-18.1278980
4.6625867	-10.9345230
16.4268660	3.3857010
-1.5205497	18.6946360
-4.7036500	-5.7014473
1.9899504	-5.3993716
-18.5602240	-6.0066412
10.2635820	7.4680886
-15.6777190	-12.1571570
-16.5012550	9.2609790
13.8157630	-10.8905620
-13.4279460	9.0843089
-16.4994020	-16.2624190
15.8351030	10.0261220
14.8422370	-6.3983790
-11.7089650	-16.8371030
-7.9573135	20.1279040
13.3586720	15.7624120
18.7830300	-17.0900910
-7.6682899	12.9498830
-11.1127920	13.0972000
-12.2479850	-2.1120660
7.2092448	3.2860629
-18.8418420	1.3811259
-6.0482831	11.1328520
3.8111524	-2.8662319
-5.0189187	1.4131571
16.5646740	-10.5267540
19.5036660	16.7730180
-6.5657090	10.7244710
1.6785275	-12.0085030
16.0018770	5.3917025
-14.0851210	12.8322900
14.9865840	-0.3842641
-11.9484320	-13.8663010
10.2076280	-3.0737872
3.1633983	-14.6887490
7.3157100	14.9594440
-16.6978270	19.3061970
-2.1523385	-1.1699043
-8.5303917	-18.0008250
6.3760155	-0.7034154
-11.6524040	12.5015710
-2.1602704	10.8073440
19.0302400	3.6907244
11.9133700	-8.7914825
-6.4524320	-16.6414940
-1.0550427	6.0873702
-7.8456559	13.2643470
-5.9987922	17.8512630
5.9611860	-14.5808030
-5.1521716	3.6774743
-20.0554830	-8.1830661
-5.3345272	-2.0816293
15.6420230	6.7931045
17.9645270	-19.3787310
5.7435662	17.0952350
-9.5239704	6.6767782
15.0472160	-13.4737430
-19.5713940	3.4695446
-12.0357890	-2.7149527
18.3669640	-6.3132003
11.9242030	-4.7501962
11.8114950	-8.7823643
-19.3765640	-3.1939627
-4.3744761	-0.7140648
8.7446400	1.2905884
-6.4658969	2.2590747
-5.6300644	-19.3422820
-13.4994610	18.7012260
-8.5010606	-18.8269950
-12.6420890	-17.9599570
-11.5825250	17.3692580
-20.4603970	15.3353380
6.8910086	1.5384622
13.4819890	-3.5509686
1.3459746	-9.4822953
8.0713683	9.6768113
14.2078680	2.9305959
3.5125611	10.2165720
-14.9115650	11.4163120
4.4134254	-5.5629759
20.1019730	-14.1000080
10.0991430	5.6387825
0.7940850	1.6493730
-17.9182870	-12.4178920
-2.9709689	-14.5467620
6.0342433	14.6730460
12.6625960	4.5697891
-1.4857788	-0.3804673
-3.3670149	0.6112073
11.7567100	-4.6337566
-8.8085109	15.4157330
11.8434350	-3.6093327
15.8106160	-3.4331394
-0.8431350	-0.6042333
-15.0311430	14.9127970
16.0959950	9.3144601
-7.4627554	10.1881260
9.1292383	8.3175448
8.1813562	4.9662828
14.8453540	14.8168620
2.5419185	19.2927750
1.5318111	10.9595350
17.0062180	-18.4252210
-16.2264300	14.8290010
-18.7402750	-7.1441615
-11.3135650	-2.6598431
-15.3339160	-15.6049830
-11.7993460	12.1935920
-14.0605890	6.7159135
-7.2786817	19.7057400
-2.9365500	10.4995440
6.1456142	-9.4455208
14.1890900	-19.2006010
15.2481790	-3.1242438
10.4114840	17.9157500
12.6314730	-1.1062398
-3.9552087	18.4843530
-10.6007820	-17.2311040
-18.3242630	3.7879336
-8.7009872	-5.8489928
11.6813770	-19.7988230
13.4095970	-0.6454319
-18.8473250	9.7070502
-0.0951869	4.6459794
8.2417894	2.0676502
-4.2593425	15.1270280
18.9587910	15.3809410
-15.2816040	16.6920580
18.4892010	9.2448913
-6.4118358	10.2971340
-14.3478430	-19.5201480
3.4503322	15.8255750
-9.7191215	-10.5736740
-4.2691862	-2.7153028
7.3832148	-19.6134640
-19.5480350	-6.8516182
-9.3986073	0.7063438
19.7910980	10.3325620
-17.0533440	17.0832700
-10.4777330	18.0460320
8.2201295	7.8473374
-2.7345686	-2.0996853
13.5068860	-2.3635697
8.8753989	15.1996000
-11.7955440	-9.1895614
3.6040319	5.9950288
9.3481107	-3.8813239
9.9275111	-10.4545870
16.5930840	-12.6897400
0.2331813	-7.6318837
-8.1602013	11.6938910
16.0140830	10.3024740
0.8922680	12.3959560
-13.7160650	5.1855764
7.8199350	17.4905310
-8.4094654	-18.5530020
12.4644140	-2.8704896
-9.6356899	0.0383400
-15.3347850	-7.2998073
-19.1397140	6.8633041
-6.6712345	17.3325700
-3.2220114	9.7153080
-8.4457868	4.0614990
-10.1185520	-3.2402499
-9.3971801	18.6216480
6.5905008	-11.0724240
2.0120715	2.1888412
-13.3429420	-0.8886189
-17.5411500	-12.3855360
-4.9917131	10.4646120
-20.4888370	-5.7793836
-13.3127120	8.0019361
16.4400850	4.1116774
-16.5475350	-2.8674818
-11.6285330	6.2553527
2.0865457	-14.1685220
-3.9189333	13.1309580
9.7669564	14.6696750
-4.3024882	17.1047610
-5.4056807	2.7916899
-3.4213366	2.7329256
-14.7220230	5.7319310
-20.0224410	0.3995702
10.0117660	1.7023300
-18.2078910	16.7388730
9.1101598	11.1884510
-17.6014440	-15.6554200
2.2365945	14.6423980
13.5518980	-2.6656628
-10.1184790	-9.0323490
11.7760800	10.3073190
11.7025170	-0.8235858
15.8947790	-16.3757640
14.5049600	-17.7877170
11.0959730	-8.0451718
-12.3609220	18.1886730
-4.1755966	9.1370951
8.4497488	-8.1365082
-15.3445400	-8.1335014
-16.8190980	-9.0817587
-18.2852620	-13.0928870
-8.0928081	-3.9253301
-10.3975500	17.9544430
0.1640119	-18.2921830
0.6136793	8.2766091
-4.3929226	6.6016234
-4.8102934	19.1841140
12.1294930	-6.4770465
12.6540530	12.7943450
12.2212680	-2.1352248
1.0748714	-9.5425502
15.8613460	-13.7561510
-7.5135258	-16.1956390
-14.7301400	0.9810788
16.9820980	11.4897240
-7.5101063	-5.6477906
-11.8179580	8.3171827
11.1441050	0.1455874
-9.8060948	-16.8363860
-0.3827283	12.9585400
4.7380097	-9.5714899
17.7057220	-19.2705120
19.5625560	12.0741670
7.2346323	10.0560230
-10.9500120	5.3433603
16.3705220	-6.7138675
-0.5191567	-19.9314940
10.4248880	-18.6682220
7.0234176	-12.2905420
0.8239426	16.5470400
16.7676520	17.9311970
-17.5304650	-4.8381203
12.9687720	14.2904240
-14.2481070	-2.8344101
-9.4685636	15.2648880
4.9654121	-10.9506100
10.8892440	6.7678740
0.5697441	-1.1448520
-16.3372400	13.0141870
8.7938601	-11.2698510
6.3501225	19.4844660
6.7703049	10.9930970
-2.1295561	12.5064120
-10.3717770	7.4416704
14.2007400	-12.2285070
3.1527180	-15.0171040
16.0795060	-15.3634320
19.6213130	12.9458000
6.6215786	17.2715140
-2.8228861	-11.8750230
-14.1019920	9.9279038
-13.9971760	-1.7550462
8.6577945	6.1683380
-18.5356990	-8.1000408
-2.8748551	9.7019988
13.6356350	-3.2630874
-4.1470212	-0.0320687
-0.4273116	5.9551081
18.0273540	9.0613848
9.8806671	5.9593165
10.0933930	2.6108089
-12.1310620	11.8386730
-14.2323560	13.5835810
9.0037911	8.9176154
10.1262450	-19.4901420
13.0773220	1.4970590
8.3142226	-12.7070420
-15.5640520	0.2248093
-14.1316230	-19.7721420
-12.7915590	18.1431230
11.2092750	-17.9850010
-0.5321910	-10.5211610
6.5974766	6.8971204
-2.4556886	15.4693130
0.9300629	-12.5621330
-16.4534610	-5.5539968
-13.2994680	7.1126906
-3.5934714	12.3800350
2.3958529	-18.5486830
-9.5011814	-13.3700050
-17.6771940	-16.0108520
4.1103807	19.2014220
-5.8598665	10.0516060
14.3399830	-2.1387197
3.6636478	-2.0964032
-14.6669690	12.6110170
2.2195960	5.3538130
-8.4710026	16.5947170
11.7840030	1.1646383
-2.5000907	-18.2216990
16.5456490	6.3400543
0.3211154	-9.4900521
-6.1109838	0.2666108
15.1504110	3.0533447
-14.7691510	15.1007590
-16.0504980	8.7776362
-13.3197700	1.9866667
-16.2492550	12.0466050
0.4802977	-17.2991240
-8.2815036	-13.6538640
16.2175610	-13.0269650
-16.1790570	5.4883752
2.6628891	16.8786750
15.5810640	1.5094271
6.4522541	7.4908795
-12.3786210	5.5961340
12.1174510	-19.5455280
-15.1072190	3.1199728
-13.3923010	-3.2834586
-10.3683170	-8.2587908
-10.7503600	10.3703290
15.7358270	15.1280670
5.8820990	-10.3041780
10.1471050	-0.7014697
4.9934280	4.9197315
15.3685920	-9.5491650
12.2406250	14.9762940
-0.7502724	0.9710613
15.2833350	-9.5030309
-3.7043459	12.0004710
-3.4956010	2.5017157
4.2233442	-11.0562310
-17.2726540	-8.9143856
-10.4995760	-16.9521310
-1.7592898	-19.3323580
-17.2934740	14.1112500
-5.9661544	-5.4693943
-18.9401330	13.7379110
12.2560360	3.2391387
0.9770616	17.3600120
3.5644848	12.6712630
-3.4257498	-18.4222520
-18.5952250	0.5274652
-1.6379783	19.6350850
-0.4255587	-5.6328260
11.6260880	-9.8180392
18.8753350	18.8729790
-5.1919216	10.7994390
4.5079461	7.4565838
16.2137040	2.5334724
0.2607021	-5.5353963
-19.4557860	11.2354980
1.1203865	4.2922047
-9.3267703	18.5503010
-9.3280459	-9.6086205
-12.8144230	7.0334713
13.4132210	-11.5518710
15.8428970	17.5509100
13.2539830	-1.8361257
-18.7112430	-14.5192940
2.1260466	3.4131813
-7.1800851	-6.2149532
14.8401680	-19.2511260
10.2577670	3.7422855
-2.9503871	-10.9607070
-6.8460384	-0.5792306
-7.9980708	6.1027992
8.9856586	-17.2208150
13.6399030	7.4353496
13.3799520	0.4122891
-5.2461363	-15.8453340
-6.3733658	9.6834914
-7.4074547	9.3820279
-9.8336203	-1.8176280
-6.4618830	-6.8883013
19.3555150	-5.1888487
-16.3519420	6.5823915
14.8698330	2.3532925
-7.5125431	7.0569519
18.7833830	4.0706229
-4.1526401	15.6046610
5.3211362	14.2329760
18.3081410	-4.8496682
6.2393859	15.6757000
-12.0603950	-5.7488267
19.9341510	-17.1984030
16.2794080	-2.9798635
8.8349476	9.9063712
-10.8657630	18.4242910
1.5872443	12.7601530
-2.6172423	9.2992203
-12.3157640	-7.6104344
-13.6351410	-11.4759960
-0.7478310	17.9986310
-9.9261585	-7.1502191
6.9993156	-6.0919567
-10.7421400	5.1491493
8.2702734	6.0415342
-1.9209535	12.9526250
3.5100328	-0.5587289
6.1366123	14.8954760
-2.2451752	-1.5689969
10.0305850	4.8689129
-1.9290473	2.9095931
4.2112234	-4.8033096
0.7327074	-2.6008420
7.1837513	11.3813280
-13.3050450	7.7306040
-18.1275260	-12.0236890
-12.2888230	-15.7865800
12.6786650	15.8365170
6.2801217	6.4759360
-0.7487748	2.6337484
5.7121640	-7.8622020
5.0652451	6.1963563
10.1975240	1.1790224
-1.2798993	17.8340400
0.1224941	-13.9566270
-13.3940910	-19.7133080
19.0158300	-15.9199640
12.3387270	5.4653671
-10.0140330	-15.4521230
7.6926800	9.6418130
19.0969400	-6.5995781
17.9572650	-18.6713610
-9.0075434	-3.8906220
-11.8352940	-11.0646250
13.7186500	-10.3171670
0.8816629	-17.2673190
6.0959073	6.5030547
-1.7485843	14.7879470
18.1218260	16.7285630
8.4240472	-1.8123842
-7.5910733	12.3493700
-0.6873829	-15.9522440
12.9883140	-17.1694050
10.8009130	-7.1006414
-5.8065299	-2.3636304
-14.2946710	15.8627790
-9.6948081	4.8170662
-7.8387149	-3.6397246
8.7150199	9.0739578
-12.3813010	-19.4980940
-0.3344962	0.7608585
6.8071660	-10.0064910
15.4599430	-17.0078090
-17.1557070	1.9208464
10.0527800	12.0363860
12.2659310	-9.1923948
6.8976768	9.7892757
-7.3577057	13.6757800
13.0354380	13.4840980
-7.2082867	20.0523620
19.2011040	-15.7418020
8.2270262	11.7610810
-14.9205810	16.5747270
-16.6818560	3.3207293
-13.0400730	-17.6737610
9.3240434	-17.0487200
-6.0605009	-11.2503710
4.7240712	-17.2848380
-11.4963680	5.7453384
-10.4924160	16.7734680
9.3100824	-3.7647319
-18.1040630	-4.4780947
13.6059330	11.7806890
11.2179540	3.3540953
-16.4418890	-15.9491350
5.2495208	19.4383420
18.2870140	-15.1502920
-14.4741350	1.6137014
-18.4444920	13.9192330
13.0873500	4.8841301
-7.1597366	19.7006650
-4.2693735	-8.1444128
16.9156050	-14.7358030
18.2840030	-5.8733559
13.3231380	1.0123209
-15.5921730	14.5923200
-3.3917894	-2.7963578
-12.4496580	-10.3772310
6.6152803	-6.4032669
-7.4964357	-4.7368996
-6.7374507	-15.2057700
-9.1199334	17.3368950
-6.7845605	-2.2241981
-2.4151073	8.1003201
-8.4958503	4.4250950
17.4582160	0.4099188
-9.9617277	0.8009329
-3.6069161	3.8915355
6.9379578	-13.1956920
12.4117570	-1.4308817
-3.6039933	-3.9635042
-10.0913020	8.8269439
-9.3541917	5.1640473
17.5879760	-13.0648300
12.1666570	18.7465490
5.8773915	-10.6855430
-19.0198140	-0.3642334
-4.7223813	-2.6425275
4.5090373	-5.4801766
-7.2678947	7.1712276
10.7604080	6.7095706
2.4477775	5.4253244
16.4375380	5.6766164
-15.1734690	6.0470485
0.8539686	4.1605474
9.8435661	12.6586810
17.7342940	-15.1245210
15.8305380	1.1943097
10.7806870	16.4049050
-11.3621830	11.6552240
2.1938610	4.0402719
12.2902460	-3.6775697
7.7175741	-18.1314700
-2.9558911	8.5805019
-18.8270390	-2.2642616
12.6822490	-8.7058285
18.1772720	-18.4296490
17.8647970	-16.4365010
-11.3860330	-4.9913086
12.0122120	-15.2583030
-13.2074250	-19.2308310
-14.2033530	11.5710200
14.6478430	-11.0602710
-14.6345860	6.6630280
7.5874773	-2.4061306
-16.2068110	14.3891210
-3.1240639	-1.0995432
-10.0830350	-1.0946120
6.2028571	-19.8779030
-13.6064810	-6.7578721
-6.9198105	1.8293354
-16.6100640	12.0587510
-3.7645986	13.9108610
-14.3886290	-10.2806560
4.6597687	16.3957180
2.7420286	14.2782320
-8.2334614	-17.7149630
-0.4200655	2.0195675
-18.6363790	-0.3551138
-8.4339339	-3.1601391
17.8058690	-9.6167257
14.0853320	1.4008568
-19.2184840	-9.6355530
3.3449718	-3.1201341
-8.5976131	11.6488630
-10.0913610	-4.3253523
-8.9327991	-6.3662773
0.1075988	-4.0235871
4.6954693	13.4602130
0.2494418	-17.5780560
-10.3209320	-4.6731486
17.9651110	-7.0187639
19.0398790	15.3193680
10.8321640	11.1715190
3.2145864	10.5027840
-6.0212376	4.4724635
-0.5226388	-8.1907235
17.8414080	-17.4685130
17.0603140	-9.7665943
5.5408628	13.3939690
1.7128396	15.7778210
-3.8113514	-12.5674270
18.4331800	3.9185853
-5.0198420	-9.3308843
3.4343625	1.9330071
-13.7538310	7.1614932
5.9570106	-11.1842570
9.4533461	5.2910415
8.9274097	-16.5208810
-19.8629900	7.1796985
14.4462720	18.2447040
-9.9940229	-0.4741148
-10.9955260	-1.7834057
7.8429213	8.1766111
16.8769410	-16.3659360
-18.7363150	1.7507084
3.1231010	6.8235523
10.0889250	-1.9055329
-7.7008063	11.5590280
5.0715167	15.4735520
-12.8969130	-3.5326415
-14.4222670	-15.4821630
7.3193253	-0.5360734
3.3623629	2.2423581
11.3141290	18.2950140
16.3252000	3.1763224
12.4314610	9.4010840
-17.6998870	9.5246299
-3.7283369	-11.4236660
-5.9091077	5.9702558
9.4236035	9.7515418
-14.4708550	8.4112650
-12.3382730	-6.2688652
2.6603664	10.3253740
16.4231750	-16.8419300
18.3724510	-4.3021120
8.9360677	-1.1540389
8.5236204	-16.5668260
-16.6519930	-8.1970348
-3.7249235	2.1203179
-6.3249647	10.8485900
16.1297160	-19.8968980
-14.2714790	-8.6850484
-18.9985160	-15.8863670
-0.6700966	-12.4459930
19.1619480	-13.9481510
5.2485204	7.0719455
-11.3588530	17.7230250
-1.7684607	13.4127600
-8.4389437	17.6973960
-8.6596588	-0.0987875
19.9906970	16.9904910
-11.8555560	-13.2757720
-13.9334490	19.2652510
-2.1642289	-10.2156530
15.9910630	-0.4208516
13.1363660	-0.4448670
-5.1953235	-17.6450470
3.8609730	-9.1418516
18.8505120	-18.6745280
-3.4280030	-15.9919860
7.5256472	13.3192000
-4.7839591	17.4579270
15.2808110	12.3752050
9.0741248	-11.9035610
5.4100091	-9.3422879
-19.7399120	-13.3669540
0.3668817	2.7414681
19.9528230	6.7370892
-16.3798280	6.1351950
12.4754770	-8.4268554
13.5170490	-14.2959000
-5.7475257	-9.5837032
4.6727424	4.3927055
-3.0174990	16.2912680
-5.0084361	-0.0553758
-7.9698071	-7.7844151
-3.3558643	-19.2695580
-2.5360084	-15.4114630
-14.5006190	-10.9638130
0.4873237	4.2500705
-10.7415380	-3.1743579
-12.8464420	-17.6301670
-8.0514646	-15.8947100
-17.2193350	-0.8567641
-10.7645880	9.6348687
0.9068136	-13.3230080
19.7758470	18.4328630
-4.8723636	13.3553800
-18.6463030	-17.3976220
-11.6864040	11.7044430
13.0517010	-2.8542999
-6.6050382	-9.5555148
-0.6451971	-13.4166530
4.7029224	-17.9399540
0.6584098	-17.1585200
1.7871355	-19.1246680
-18.3925690	-18.7744940
-15.0343150	15.8026980
-1.3843378	-18.6894560
-5.5576881	12.6972350
1.8524831	9.0973607
-16.6738570	-14.5094600
11.2411090	-14.3137150
1.2749541	-1.1562693
-15.8141900	6.8244369
-13.7300630	14.3022140
-8.5701990	1.7376086
19.0707630	-3.5479941
17.8478160	16.2484810
17.1592110	-14.1186750
-1.9938077	-5.9981499
15.7164630	5.9586272
-16.0275460	16.8909320
1.4939770	5.3614197
-5.2658131	-4.5903805
15.3643910	10.0989170
-4.8611411	-1.9534403
-5.2799145	13.4793430
-9.8592404	-3.8582404
-1.5230530	-3.9706392
-14.6517330	11.5466520
6.3523190	2.4163313
-7.3058464	2.0871931
16.0323510	-14.8873650
16.9324940	-11.8232280
8.0164402	-6.9377927
15.3807100	18.1277030
3.7257996	-12.6029040
19.5191710	-12.0948590
14.9280560	-1.6892854
-2.3248108	-1.2779947
-7.9808967	2.6139953
-19.3131630	2.2625990
-12.3530590	5.8239030
2.5386577	9.6148520
17.3496940	-9.1734850
19.9218450	-14.9097780
-11.7610600	17.4019450
8.8981363	16.5855300
5.4797854	-10.7877820
0.4616523	4.7774084
-11.1847910	-15.1724730
2.8460078	13.4398880
12.6282550	-7.6612178
-9.1369380	18.6831730
-2.1313372	18.4626330
-14.6324970	-10.9921470
-11.3497760	-14.4210120
7.8679198	17.1730920
16.0763070	2.2954097
10.1988400	8.7258997
-10.4172640	19.3634750
-18.7686440	-13.6025320
-7.0328344	-12.1202220
-17.4547390	13.2373380
-5.8482511	-1.0483059
17.2249080	-10.8231810
-4.8621363	7.2165721
-11.2908320	3.0424071
7.9288983	13.2821080
13.3216950	-19.0591380
9.8067106	-11.7511890
10.4645160	13.5345020
13.0955140	6.0449683
-11.1863080	16.1837770
16.3246170	-0.4641122
1.2745056	-9.4657337
12.5351680	9.6759978
-0.9130511	11.2779360
3.0455893	10.0727730
3.2237016	8.4896475
9.5128371	6.2831767
5.2876902	-3.8183434
1.6678299	8.3676226
-18.0501950	-19.8619550
12.0120510	-15.8633730
1.3045686	13.3814400
8.9596962	-18.9232170
-18.1249390	-11.2283880
14.5179550	-7.9188161
9.5778805	10.0422720
-1.5964150	-5.1598947
-14.7906860	-12.2527460
-10.3595760	16.7160380
-3.9529397	-13.5162210
-1.7196203	0.2582368
-13.4564330	3.8091973
-8.3882687	-1.7114011
14.9312570	14.3932550
-14.5755270	16.8270140
11.3225440	14.8051590
3.3713303	-14.9726880
2.0318491	3.4509569
-11.0456670	-12.1642640
0.4680715	-5.7460934
-15.2558540	14.0729720
-8.2225899	-17.6316950
-6.2797737	10.3958790
-4.5740564	15.6321930
4.1579610	-12.2377970
-6.2258134	8.7113045
5.2194065	-18.0707430
-17.6459690	-14.7885770
0.9020542	-16.2020640
4.0200826	10.0534880
12.8239460	-11.6863920
-15.6231750	1.1059844
19.7298350	-18.3223640
12.2608420	8.5368114
-2.1260381	-3.9631093
-4.6977281	0.9648070
-16.7419580	-3.3310349
3.9279116	-11.6702090
-12.5464980	12.5046310
-17.5297280	-6.2796776
-10.4049550	-1.8415800
5.4778152	10.2519770
14.1266710	-2.9775959
10.0274300	-10.5571120
15.2589350	2.0687407
2.0975801	-9.2832131
0.8427123	-6.6147833
15.0281300	6.7023627
-9.7030155	4.9599431
1.3537110	-14.1644190
0.3869633	-16.9954530
-3.8112630	18.4189600
-16.6395080	4.0031966
13.5446640	8.9841967
3.6008027	-7.3756471
-2.7409271	-12.1724540
10.1659630	6.0369848
16.0615490	13.7957780
16.3184100	-11.6132280
-1.7167106	6.3040241
6.5692134	5.1307712
-16.2519060	3.3394966
12.9618670	-16.8856960
-14.3652090	0.2572224
14.5852920	2.2319050
-3.2155065	3.8509782
1.5710731	12.1648290
-1.2964503	8.0419432
-0.1438491	16.3275050
-0.0780593	-5.9915574
5.5714210	0.5689494
10.2596040	6.1828736
-5.0912446	-1.3344934
-12.9536650	2.4560317
-3.7719079	-15.3670710
3.2106039	-16.8736920
-0.3834774	10.3896610
-2.7346084	-2.4947303
-13.7732770	-12.0448820
-12.4933660	5.9953274
-0.4268132	2.7427147
-9.4827858	-16.1249730
16.9043670	11.1519250
0.7402235	0.8655393
16.9630270	5.4326906
-7.0334360	-9.9106897
17.9189380	-19.2844810
-12.0732990	11.5180250
6.5656508	-3.8590138
13.9007430	4.5700693
15.6957770	-8.1590416
7.4576830	-17.9429490
-9.5533320	17.5739430
7.5437805	3.8210532
-12.5919160	0.2911410
-1.5100339	-6.1040169
13.0394460	15.9542760
10.4866170	-4.6431927
-13.1975560	15.3496980
15.9078960	17.1657370
-18.9645400	11.7258560
-13.8920100	14.8925580
17.9824800	-5.7161101
5.0687171	-0.9275921
-17.3896390	-15.2011910
19.7787630	-16.0089510
7.1008127	-9.0276581
1.7015699	-11.7113510
17.8481760	-15.6061360
-8.5023498	3.1822313
5.8286313	5.7289934
3.4876543	12.0583250
15.3998630	-2.6767227
5.3135653	0.1077615
10.4387010	-8.7262324
11.3266630	-1.4264976
6.9680105	14.2712540
10.2398110	16.6740420
11.4249800	17.9234850
-10.8904260	3.1681104
-13.9049630	2.5407018
-13.0777510	3.8999688
-14.4013160	19.0248720
-12.0895030	3.5924931
16.5674350	4.1590210
4.9611411	-9.2779439
-8.6429982	-6.0384045
17.9644490	3.7380318
-14.6217870	-1.6375448
-1.4317165	-13.3385440
0.4161857	-7.4402941
3.7911623	9.6829901
-11.4985100	5.0390272
19.0128210	9.9047793
6.1745275	-7.8221981
18.0361950	-7.7797234
-6.0469319	3.8185070
-8.6017277	13.5524710
-13.0775450	19.9467260
8.1754369	-11.0562120
5.3703558	5.6462606
6.6710213	4.5321609
6.6367955	11.9133010
-1.4926477	14.9501520
-5.8955277	-9.2955054
14.8013420	4.6554374
-17.6986000	-11.4723190
-13.5301350	-4.3414643
-2.2456768	5.3858930
-16.0994790	-0.9034886
-7.7892109	18.4891680
-0.4145925	1.1852660
12.2386460	-15.6358030
-0.3142657	-0.4351037
14.1379760	15.1113040
-13.0263200	10.0578390
17.0620000	14.2954570
-12.9695180	17.2802100
8.8662338	-16.5225290
-7.5499023	6.3097444
-13.8976890	5.2812587
15.7598650	18.9582950
-15.9463660	-3.9232658
-19.2202080	15.9985950
-17.4218090	-14.5267420
-10.8043420	4.8183374
18.4050550	15.1194990
2.9705855	-18.8079980
1.4659485	-3.0412011
7.3330023	-15.0014310
5.6030847	2.7864856
1.6671707	14.6108070
17.4611240	9.2269338
10.5285230	-4.6784598
-3.1605581	7.9599093
12.4927670	-0.2997779
14.6352330	7.4161420
-5.8364798	-3.1416156
-13.8442250	-19.4667470
13.8261920	5.5762940
16.9905180	5.5314974
8.8485573	14.2974290
-2.7133973	-10.0182100
19.9518380	-10.0569790
-17.9390960	1.6330764
-3.1892823	17.5294750
-12.8001320	-14.4312770
6.8640858	-17.1233790
11.9568820	-17.3577380
18.4317640	-18.1960060
17.8684210	9.8130366
-2.7436724	13.1435930
16.9434840	0.4664852
1.8006073	-13.5039880
-8.7025862	17.8162370
5.9484402	-1.4572077
-14.1170590	-0.0555514
-17.5884610	-0.9526413
-15.0617670	-19.9727680
12.9672860	-1.8373398
-10.2604760	11.5792720
9.9099055	-3.6047051
-8.5050092	-15.9856320
-19.2534900	4.0045931
7.1592026	7.2017316
-1.3450423	17.6484990
-16.6770230	6.9184586
16.7083010	-17.5655690
2.7191783	6.8902889
-0.1204943	2.5365562
9.5036528	-0.5658427
-4.1129258	3.4693971
13.3248870	9.3708869
13.3003110	-8.0509791
-11.0619590	-11.4504690
4.3895874	0.8457574
3.8508982	-4.9508718
11.8791460	-10.4792310
-0.4658569	-0.0889953
3.7917513	-0.0201592
14.8330690	12.0901660
-15.6324850	-15.7150760
17.2956250	-15.5722350
-17.7045690	-8.7174649
-4.2338738	-16.1844880
10.3013580	8.9948730
6.5064069	8.1543667
10.4498070	-13.0350190
8.4175157	-13.5646380
-12.7967540	10.4904880
8.4058833	-9.8724025
4.8798073	-10.8895250
-2.1837700	-9.0538567
15.6504680	15.6224670
1.6214621	-9.3677338
-18.0294640	-19.0435610
-14.3204660	-3.4130599
8.2262152	-5.4052453
14.0239400	-4.5510708
-2.4725166	-16.5438070
-6.8765105	4.6952907
19.7894590	17.1843650
-10.3488350	-5.1193324
17.2389570	-5.9449505
5.7627811	-5.8878822
-5.0135692	1.7958158
-3.4746559	-11.0131060
-15.1239450	2.6585170
-16.4308320	-7.9904173
6.6356966	-6.2908374
-3.8998636	-3.2962305
15.5058150	15.5522390
-0.7558968	5.5887746
-12.6231640	3.6275780
9.6204859	0.9897889
-9.9812732	4.3364323
15.5484230	-3.1622649
-10.8966550	-11.9959840
7.8591375	-1.9291150
14.1483330	1.3129952
-9.3213911	12.6007220
-11.6960760	-15.6782060
-1.3007525	-11.6413270
-14.9230210	-1.5086829
7.7705400	-11.9397930
19.6010180	-3.0419131
-6.9844050	8.7380983
0.9300163	17.5642390
5.9672590	15.2513950
11.4694910	18.3349080
6.7582830	-4.2210844
-16.3141270	-6.2599886
8.9875837	17.2470770
1.9367865	-17.6001060
-11.4406680	11.7843410
-12.5245950	16.9104790
12.1669320	9.1724938
18.1111260	-13.5577120
16.1828170	-18.7626500
-16.7454020	-10.9461870
18.7108420	-15.6056360
-3.6162433	13.2913620
-3.8602545	11.1175400
8.4267090	14.8061090
5.6749574	-14.1177970
9.5321780	-16.0185300
13.4335520	11.8858840
4.0407542	-9.5347751
-5.5841397	12.6802460
-7.8967999	12.8925400
16.2972970	-18.8643780
16.7100890	-8.5808348
2.2616523	5.5292360
-1.7522019	17.0474870
-2.6583522	7.0957374
15.9478450	-1.3510688
-9.4730308	3.2718380
-0.0029729	4.3606829
-15.6249770	-6.6718563
-15.4587650	-11.5969610
-19.4932230	6.5767466
17.0109470	17.1656800
-18.7597100	-1.5305566
-19.4316250	3.6006592
-11.6667360	4.0862411
-8.7516417	-1.5555932
9.7537438	-15.5430080
-14.6689150	11.6701890
-6.9162359	15.8135550
-19.0440200	-1.7047554
-12.8792730	-9.2569854
-17.6139440	18.0915240
-13.4097590	-17.3010980
-19.3137860	-13.0934170
-15.7743430	-17.0494380
-18.1112160	9.8014438
11.7407140	-10.9267780
-8.0013119	18.4633170
-18.9470630	12.1997060
-5.1663976	19.8877900
4.1002390	-0.6363634
-15.8854650	-19.0428720
-16.4281690	0.8318004
-1.6346994	-11.6312390
14.6887390	-19.7555250
15.3526790	0.3687972
-15.0145530	16.0699810
-18.8933320	-15.9934570
16.4183670	2.8171845
-0.0966993	4.1193797
-4.8917468	-19.8330320
-2.7987139	-1.5843774
-12.0920430	-9.0053339
8.3622564	4.4913491
8.7179053	-17.0195300
3.0582596	13.4182800
-17.6795440	-1.0907496
8.5973185	-18.1456110
9.8075053	11.2900090
-9.2834005	8.2911839
