jMRUI Data Textfile

Filename: dataset6_nWS.txt

PointsInDataset: 2048      
DatasetsInFile: 1         
SamplingInterval: 2.5E-1    
ZeroOrderPhase: 0E0       
BeginTime: 0E0       
TransmitterFrequency: 1.2322E8  
MagneticField: 2.9E0     
TypeOfNucleus: 0E0       
NameOfPatient: dataset6_nWS
DateOfExperiment: 
Spectrometer: 
AdditionalInfo: dataset6_nWS
SignalNames: dataset6_nWS.txt;


Signal and FFT
sig(real)	sig(imag)	fft(real)	fft(imag)
Signal 1 out of 1 in file
56471.1780000	-1.8779751
56324.8270000	2.2944591
56144.2270000	-19.1342700
56002.5520000	15.3915540
55859.8130000	-4.8109805
55705.3540000	20.2486420
55551.3500000	-6.6440742
55379.7440000	17.4932900
55196.1550000	5.9537009
55045.0140000	-20.0760050
54870.9750000	18.7949390
54706.3630000	17.4210120
54545.0980000	11.1671310
54341.1620000	11.9641170
54200.9270000	-12.9718280
54024.5940000	16.9760610
53822.9540000	-15.0885910
53664.8690000	-19.0067550
53461.1710000	-20.0817450
53297.0810000	4.3661937
53118.2480000	-16.7755000
52915.9510000	-4.4972800
52742.7430000	18.2402970
52554.4830000	-17.9925210
52386.0590000	17.1299690
52178.4910000	-6.2444575
52006.6270000	15.3831640
51801.0000000	0.0405434
51608.7270000	-9.7096315
51413.8760000	17.1305620
51205.3750000	-17.9120050
51021.4980000	-7.2780459
50831.5170000	13.0763140
50631.8830000	-9.5786950
50427.6850000	-19.8143530
50190.8410000	1.8066463
50007.1680000	-13.0105400
49808.7050000	8.3998244
49591.4880000	-20.0189990
49378.5170000	-17.3994580
49161.3820000	-18.4690000
48978.8190000	-8.7674402
48739.2360000	8.9249987
48534.9990000	-16.5069220
48336.3310000	9.8316876
48132.3890000	4.6801280
47915.4380000	13.3169190
47691.5350000	18.7673980
47490.6110000	-7.9775260
47271.9320000	-18.9867840
47025.6580000	8.7716723
46834.7390000	9.9359495
46599.8410000	-16.8378430
46367.0090000	19.6330980
46153.7640000	-7.4199952
45962.7100000	15.9972870
45743.8910000	-10.1036930
45515.0050000	-12.5468490
45290.1250000	-17.5777450
45039.8750000	2.1839294
44829.8640000	7.9065179
44586.4280000	-14.5392660
44385.1970000	-4.3801980
44129.6260000	6.4765101
43933.0060000	15.3495570
43674.5580000	-17.9259240
43481.6220000	11.8170790
43248.5570000	-11.4397930
43014.2460000	-0.7897215
42795.3800000	-13.4074880
42555.1620000	8.2501983
42305.7700000	-0.6911646
42078.0130000	-6.3700503
41863.9360000	16.7885400
41612.1820000	20.1568450
41386.6290000	8.2141349
41176.5470000	11.2732690
40929.2790000	-8.9504779
40673.6100000	-18.6260890
40462.0990000	-1.8900016
40217.5650000	19.2687560
39995.3920000	6.4551210
39756.7550000	13.6088460
39501.9890000	15.2004650
39306.6540000	-2.2213731
39053.9350000	3.0728677
38797.8120000	15.3682090
38600.6470000	0.9640769
38339.8660000	7.4697335
38101.6600000	-17.1165620
37876.8600000	-6.7772776
37661.7600000	19.2389620
37417.2340000	-7.5437268
37189.0430000	5.0412892
36955.7560000	-14.5842810
36682.2900000	0.6736078
36472.3970000	13.6059180
36237.4900000	10.1325020
35978.3190000	7.1085586
35774.6520000	-1.4249832
35548.1250000	20.1299350
35314.6980000	-16.0922230
35051.5660000	4.5399104
34842.7580000	-18.5370060
34578.8020000	6.0973021
34337.6790000	20.9138290
34129.8730000	17.7698080
33886.7620000	-7.5173069
33651.7910000	18.6938110
33443.6760000	4.0542646
33186.0600000	3.5453687
32949.1780000	-20.1378200
32729.6980000	-8.9171614
32502.6210000	10.1161550
32271.2440000	-2.4154134
32029.8220000	7.9571748
31812.9990000	9.1728258
31594.0900000	13.1883740
31335.8390000	1.6872633
31126.9670000	-5.2583456
30877.8500000	20.5963270
30644.9530000	1.5443259
30451.7650000	16.0158360
30215.6290000	-13.5061950
30004.3850000	11.0567600
29776.6530000	-8.4897856
29513.6920000	1.2757443
29301.2520000	13.2528970
29087.3030000	3.7294886
28871.1510000	6.5378275
28658.9810000	16.6840790
28397.7210000	11.1289960
28177.0490000	6.7409797
27964.3990000	-18.1691670
27744.0090000	-18.0499010
27529.5920000	5.8611697
27293.2790000	9.0510592
27112.5540000	5.3598318
26870.7050000	-5.3913848
26656.7270000	19.7074370
26425.1130000	-5.8432818
26230.0230000	-3.2304821
26020.8330000	-0.9333119
25779.7430000	-13.5451990
25565.9700000	20.5341180
25393.4420000	12.7472950
25180.4050000	-18.4287330
24944.7720000	-8.1532600
24760.4400000	13.8506170
24532.3920000	15.1098670
24337.2180000	-4.7262064
24105.3810000	-11.0060940
23902.2500000	19.0323040
23683.5950000	20.8545590
23516.2290000	10.2611790
23288.1280000	13.5446800
23080.3930000	13.9222420
22901.7690000	21.0429200
22703.6310000	-8.1537759
22502.7440000	-9.1686829
22261.8990000	21.2668900
22073.5850000	-3.1863745
21889.1610000	15.7197030
21706.7150000	2.1991319
21511.1300000	5.0216858
21289.5910000	-21.2186500
21096.7170000	-0.5838647
20910.0140000	-9.6848112
20694.9770000	11.7704490
20523.3910000	-11.8607340
20322.0270000	-13.6188140
20148.8150000	3.3298115
19959.8530000	6.8933171
19754.4190000	-11.0783890
19565.2670000	-9.5676517
19381.3270000	13.6573490
19199.4930000	-16.7542520
19024.8150000	5.7128086
18851.9150000	-12.2826680
18655.9490000	-20.3421690
18494.5020000	2.9930042
18323.0450000	20.6456250
18135.2100000	-3.7090557
17941.4260000	-9.8463602
17785.4600000	-0.2035214
17581.6660000	-20.7263610
17410.6370000	-9.2447456
17268.2570000	-10.5648410
17093.8390000	-19.9060940
16892.0130000	-5.9023999
16724.6280000	21.0733840
16577.6080000	-21.3938830
16398.9660000	-10.5947000
16244.7970000	-18.4101240
16047.8850000	6.2634595
15902.4540000	-7.4436593
15751.5020000	-20.3307870
15595.7490000	20.1657380
15418.3200000	-6.4968340
15267.9930000	-12.2440690
15087.8430000	12.8217940
14925.9010000	-13.7498790
14767.8070000	9.8732739
14601.5860000	-14.2737780
14453.7050000	18.4538110
14329.1720000	3.5766667
14155.0670000	-14.2306360
13999.5930000	-0.8987138
13869.4670000	-3.6724745
13699.8990000	5.9120734
13541.9300000	13.3720900
13396.0440000	15.8567600
13280.8530000	-10.0808440
13100.7760000	2.8944997
12967.2910000	14.4059050
12830.9360000	8.6810585
12689.9460000	11.9805300
12557.6900000	-17.7584520
12410.2190000	21.2205650
12270.1380000	15.2076290
12131.9370000	-21.1603640
12013.8600000	-0.1443308
11839.2850000	19.9923670
11706.3830000	15.8557630
11574.2120000	10.6891720
11463.0640000	-7.2370495
11308.8590000	-12.2416920
11191.4990000	3.9794456
11087.4320000	17.5885690
10958.1410000	8.5776340
10802.6830000	-18.0170350
10701.3970000	-21.0066720
10576.7380000	-11.3685580
10458.0670000	16.9921670
10297.6190000	-6.8341542
10180.1410000	-13.7224170
10069.7590000	18.6508300
9951.3407000	14.2963410
9842.9495000	0.6030211
9738.4835000	15.9191640
9605.9679000	8.5030326
9477.6490000	1.5205093
9362.8931000	18.7699860
9265.6418000	-8.6045325
9162.0252000	4.9171509
9049.8195000	-1.7983563
8937.2269000	4.2961765
8796.1101000	2.3073984
8696.4772000	-16.1562740
8606.1993000	-0.0882492
8511.1089000	5.5817474
8398.0560000	-0.6579359
8262.0218000	3.6755690
8184.5458000	16.4926700
8064.2447000	1.1588906
7976.0049000	15.9432630
7856.6339000	-2.1356910
7779.7622000	11.7723140
7662.0597000	19.2509550
7557.8491000	-9.6445155
7459.2775000	1.3187108
7372.8787000	-0.3771289
7287.5180000	-9.0723158
7184.4105000	-15.9099300
7116.3350000	7.6401688
7009.9738000	0.7852409
6898.1541000	12.9266390
6834.6186000	-8.0176770
6747.0020000	-5.8972046
6661.7537000	-14.0514530
6565.2173000	8.8320508
6494.8444000	13.2656260
6387.3800000	-16.9869600
6310.8237000	6.6885370
6208.9332000	-9.3207626
6156.7088000	-4.1520729
6049.6851000	10.1225180
5981.3193000	20.3110480
5878.2330000	-19.3523730
5831.0959000	-14.9846210
5726.6968000	-15.7929060
5649.1545000	1.5779185
5570.6306000	8.4946333
5514.6434000	-4.8785144
5444.5416000	-19.2660850
5361.1271000	3.9297785
5267.2668000	13.2343040
5216.8785000	-9.1281172
5134.3970000	18.3855800
5067.9013000	13.6920040
5004.4399000	-14.5385150
4927.3754000	2.7653968
4846.4586000	1.4821378
4773.1686000	16.6022250
4703.9137000	-6.7898752
4672.6937000	20.5825690
4591.4324000	17.3771140
4512.1005000	2.4668901
4464.9340000	-14.7785180
4410.6033000	-11.7029120
4339.6550000	-11.6165080
4270.6531000	12.7276710
4221.1463000	-13.3325920
4141.7407000	-0.9829607
4077.3657000	8.3345438
4030.1621000	2.5549358
3957.8806000	-9.3738531
3929.5348000	-7.0791543
3836.9324000	7.4301198
3792.9204000	-10.7170690
3723.8842000	-7.5324125
3667.4013000	-15.9843090
3637.2233000	-18.2844980
3580.0455000	-5.7674202
3507.6012000	-2.1716888
3460.4141000	21.0026420
3416.0009000	-17.6974470
3360.0521000	-12.2375540
3313.6759000	-5.6343557
3280.3115000	-7.6069852
3218.6871000	-20.0955230
3184.2414000	12.9471550
3123.8143000	20.0428010
3077.4093000	6.2635100
3005.5204000	20.7171680
2977.9638000	6.6570128
2918.6798000	13.3521400
2867.9582000	15.4358670
2836.5490000	14.0517940
2795.4275000	-11.7848210
2738.2082000	8.6547056
2714.4374000	-12.6891930
2678.1300000	17.8016860
2629.3280000	8.2349880
2599.5522000	15.0419580
2557.5345000	3.8017587
2515.8831000	6.4820549
2457.6432000	-13.7649440
2440.9838000	-5.9180890
2388.2718000	9.6104199
2339.0161000	7.4765646
2323.5017000	-14.0006560
2271.1863000	2.6034378
2249.8306000	1.5799015
2217.0001000	17.8149220
2181.7881000	9.1032870
2144.3552000	-15.8457190
2080.9637000	11.1486960
2086.2013000	14.5087290
2022.5163000	3.8582341
2008.9977000	5.5656585
1962.5148000	-13.8020200
1950.8397000	-6.7670899
1908.6335000	14.5799960
1854.5792000	-0.7055875
1850.7508000	5.0726749
1812.0126000	16.7212280
1791.8320000	-3.8164725
1744.0660000	3.8461005
1707.8991000	15.1386060
1677.8285000	-9.8720769
1685.8614000	-7.2757838
1640.4006000	4.2747959
1627.2604000	-2.3349411
1586.2436000	7.0145074
1541.5242000	-17.6112220
1521.7708000	11.7767940
1514.0418000	-5.6070683
1485.0809000	19.1454150
1434.4030000	17.7049930
1434.7191000	19.5428580
1423.3396000	-15.5787460
1381.7127000	5.3875591
1367.3781000	-7.5965882
1347.6982000	2.1710028
1311.8104000	20.3844160
1274.2959000	-9.8091687
1245.7095000	-14.7589910
1244.4599000	-3.8710689
1228.9420000	18.6267070
1214.8500000	-12.5744890
1176.5887000	10.6177300
1152.3261000	7.0738401
1154.9343000	15.4513600
1107.0107000	11.7216320
1098.4755000	8.3851540
1076.5232000	-12.2851370
1081.7790000	6.8134989
1060.9219000	20.7701620
1038.6651000	10.8003420
1026.2721000	-13.5350610
1003.8098000	-14.5937500
985.5926400	-8.8818326
956.9680900	12.1663970
947.0647800	11.4092500
913.7913300	4.6856041
909.5255400	-11.2175110
901.1912900	6.3049659
850.2159200	6.0225438
873.3827200	-3.7628702
848.1770300	-15.7362200
810.7814800	10.6312760
809.6569700	12.7767120
788.3502000	-4.0556564
785.3048100	18.6239780
770.5270300	-4.4546907
765.9768200	-20.7182000
743.7291400	-11.4768310
739.9014900	18.8129610
719.4761100	10.6320990
693.1474000	-16.2275530
688.6291900	2.0489943
688.0239100	-5.7660218
651.9631300	-7.4740477
655.0900700	-4.2657890
634.3900600	11.5898680
632.9253900	-1.9056180
617.4961000	-1.1437320
583.4064500	2.5383265
569.4927700	-17.0847880
583.6626300	-3.4002041
549.1000200	2.2597018
549.1131500	3.8092618
552.8509200	21.3356190
537.2402500	2.6207883
533.6214700	8.6803252
499.8793900	-4.5153136
510.9686600	3.3015145
489.5909700	-17.7051850
463.9765300	5.0777944
459.8007100	0.5860898
446.7632200	17.0164180
458.0956800	-5.6999887
436.9356700	-11.9845550
420.4883400	13.2349540
446.8683700	3.9296411
419.8903900	-3.6841821
393.4230600	-10.8623600
390.6462800	17.7461610
402.1628900	-4.7066532
369.1544300	-10.0789020
402.5096600	-10.1063370
395.5312500	-5.1540569
357.9436600	5.1434500
353.8994500	-9.4397317
343.9869500	0.1452703
348.9718300	-0.7280728
328.2498500	0.0058447
338.2364300	19.3858090
341.9733300	18.3004170
336.3420200	-4.5404699
293.2078500	-2.8866532
314.0723400	-10.9478820
300.9998400	-17.2487300
302.5784000	8.6421610
299.0780400	-17.3297380
267.5992900	9.6766119
284.2501700	-17.5837920
283.5839200	-2.6620544
252.4584000	16.5622690
242.7052300	-12.9497800
250.0488700	6.6959907
263.3204900	11.9100110
230.4125400	-12.4778290
257.7938900	-12.1049220
235.3955300	-1.2718930
211.5980400	-5.2639708
240.5189800	3.2064091
202.5977200	12.8907810
218.6463100	9.2997811
203.3968400	9.1775244
202.7228300	2.5690549
181.2726200	8.9955645
176.4200800	2.9827517
193.7260300	-12.8420190
171.2661600	-8.7445386
194.6716600	0.1059258
174.3873600	-8.4251074
189.5809200	-8.4517248
160.3181500	-18.4325510
177.2044100	-1.7452312
150.5002200	-16.6240930
152.9795300	-11.8102160
161.1207700	18.3564990
141.7773800	15.3480000
142.1813200	10.5966990
159.0765600	10.2284410
161.3123000	-16.0323020
158.2106400	7.5362045
151.7908100	19.7637220
156.0801900	-11.8200870
131.3347000	14.5981580
150.6564800	13.0745690
148.2594000	-8.3355247
133.5555500	0.4852903
106.6687000	1.5082890
115.4594000	-5.0679563
107.7456900	20.4207800
98.0211870	4.4628056
93.8400880	-0.6488448
98.7900450	4.7826198
126.9490400	9.0391276
98.3936310	20.6228540
95.1576630	-12.7200110
120.9752800	2.1348974
109.5201800	-6.4181043
99.8212360	19.8121110
95.9658400	-6.6937675
75.3391910	20.7649250
92.5004840	8.3963447
67.0810230	20.0428090
105.1162200	1.7386882
103.6618700	-19.7396120
95.9593910	-14.0235960
99.1389630	-13.4927020
64.5558750	8.9545003
67.3145110	-16.4622360
54.0696190	13.1697370
85.4552130	17.2684490
85.6303630	-5.3006207
85.1195320	-5.5134020
55.7849010	-0.7326990
64.8541050	6.1795633
80.6849500	17.7845750
82.5538020	6.9223723
62.7918570	2.1760525
65.9469260	1.9061919
63.4194070	-2.5212931
58.5034520	-4.6804227
50.9753690	0.0875021
64.0376970	-21.2510680
51.8749330	11.6975540
58.4692570	0.2433657
71.2813060	17.2593720
31.0643090	-0.9223613
45.3108790	-6.4664989
47.0253310	10.3826890
65.5421690	15.6913450
64.6981570	-7.4929571
55.5662590	-13.0899900
41.7182050	18.8031740
33.5147060	14.1443160
59.3131830	20.5348570
33.5764570	-11.8036220
49.7925150	-9.0372626
53.3725440	-14.1811230
53.7169590	-1.9459834
51.9845170	-0.9614656
15.8681320	19.4818600
47.4276110	7.4228312
15.1297780	-13.2492620
17.1180500	0.1122161
28.7811930	2.4284747
11.4145890	-20.6254870
26.6703500	1.0763441
22.4869670	6.1436100
26.7708670	-20.9957550
30.4402720	1.8078361
19.2602010	0.7173816
13.6187740	-18.3931700
18.0203830	7.3806274
29.1142330	-6.3128441
38.4752910	-8.4038212
14.0719010	18.9891910
11.1088250	-10.7442780
33.2767260	-8.6192696
27.4748660	2.1061456
22.6685440	10.7379500
21.2102570	-6.7858300
37.4717040	-9.7367989
36.4675030	-6.6426160
9.2008099	-15.9016060
13.2866350	-13.3551620
20.9513060	-13.4946620
-0.6059929	13.0683350
35.5855770	-6.3545459
9.1013911	6.5358516
21.2582220	-5.3330095
25.4345130	12.0187700
28.3869320	2.2753472
6.9134445	12.1681960
19.6388400	3.8757497
27.2307770	-19.2560940
17.6071190	-9.6010878
24.7739730	9.2291010
14.2502060	18.0101800
28.8021390	-16.5960740
14.7925230	-17.0978030
1.3260057	15.8205400
20.9099500	-17.7213980
9.8256162	-18.1799020
-6.1492470	12.1323240
-8.1728641	17.2081480
27.2455900	2.9356836
7.5501033	6.4131571
27.4043980	-19.6146220
30.5159440	16.0530700
16.8050920	-6.1401637
1.6201308	21.3655030
-3.1103081	6.2831334
-4.1963871	-5.7869457
12.6912830	11.2017680
1.5369309	-17.2395980
3.3033345	7.2693846
13.0801530	-17.9926540
-7.9417970	16.8325740
22.7234700	-5.4266190
-8.9911597	-18.6971680
9.6859407	16.8450570
-1.0955429	-10.3770950
-7.5075468	-1.5745057
24.2470860	0.5408228
7.0787640	-10.2174070
15.8811450	-13.1165470
-13.8002220	-16.3344950
-8.7482892	-15.7951810
22.7850050	7.3880355
5.7170104	1.0062601
25.7974340	18.3660320
-5.5957326	-18.3603970
-2.6549729	-15.6582990
9.1662422	16.1320660
7.5848179	20.4667980
-11.2465500	-9.1815831
-7.6641306	-6.8200803
14.8620860	7.1621037
-1.2154735	12.5774670
2.2044136	1.8965393
20.8078980	3.8625938
-6.8195709	-14.2285800
13.7095460	21.0618650
22.5262990	-7.3970290
23.4435860	-6.5823913
3.8592731	3.2651913
15.8497260	1.5063171
9.1249170	15.0225040
5.0112143	4.4483594
-10.7373770	6.3417797
-10.1806510	-13.2906710
-6.7730463	12.8075940
-10.0951150	-4.2816552
17.2740220	-7.3146918
-12.6342300	-13.5350420
16.0218380	-11.6775490
-12.2147700	1.0320603
-9.3227385	-11.7670530
-3.3344551	-9.8679433
14.7025050	1.1962985
12.8797430	8.2030011
17.1308640	14.6963830
-2.0165992	6.8466099
4.0341611	-2.0319924
19.7822030	-16.0311330
-3.5298573	-17.6451890
15.6282270	7.1117224
-2.8127989	-13.3339460
5.1159441	12.2017800
5.3054277	14.5046320
-11.8746330	16.0807540
-10.8828350	-11.0769440
18.4341070	-4.9780554
-9.3780966	19.4674950
18.1840640	20.7425250
20.3089200	11.1484710
4.7137517	4.5184638
6.5731658	-0.6947982
11.7543890	5.0611361
19.9240080	-2.1892886
15.0987540	17.8239950
4.8925891	-1.2759119
-17.1502030	-18.3003130
-0.4534788	-9.2643960
9.5437650	-11.9048240
-7.5249029	-3.9576811
-16.6561810	-2.7919899
20.7111260	-18.2114610
5.3195803	-4.8141632
-4.8200673	-12.6693830
14.4884150	6.1288885
4.6256106	14.6493410
8.3187219	-9.2538471
-3.9071377	-2.8408521
21.3417940	-21.3947910
-2.1153842	17.9413010
10.1163650	-2.6775676
9.6425089	-6.9984120
-19.7895220	-3.1824695
-2.0883213	11.3917100
14.9462150	13.9332530
5.8259526	12.3965500
0.2442735	-1.4626747
8.6078339	-19.6280930
9.3407542	-5.1375783
9.2354175	-21.1760340
7.7902069	21.1113110
-11.4445510	8.8231197
-6.0396158	-13.0445010
-18.3385030	-6.6774808
4.9363406	-10.5372580
-4.5960592	15.7471560
-3.2707731	-3.6986574
-11.6005130	6.6292111
-3.7756971	-10.2494130
-18.8485220	19.8650490
5.9898993	18.4831500
21.7874570	19.8817590
-15.7614360	12.5443380
-2.1480541	17.3175170
1.7573729	-12.2637780
-12.1456630	4.1713290
4.8926761	12.8347030
19.3102490	0.7525228
-11.0730900	7.6512830
2.1799582	-15.6743200
-8.7259735	1.6280941
4.2996754	-3.7652382
-13.5240290	4.2679014
-2.4433007	14.1480500
-14.2437590	-0.5365216
-14.1580200	-0.6315342
-14.9753770	-3.0520256
21.4726250	-12.7547200
-9.9054594	8.5750430
17.6832200	5.4647962
-11.5861450	0.7020243
15.2587820	6.2734617
2.9066434	14.5327280
-13.0629780	9.8657628
4.8801373	7.5845851
-3.3710038	-5.4898379
10.0668450	-7.5003275
15.5009760	-18.9822810
18.5596320	20.9922160
2.6573037	-20.1591260
-1.5581468	-1.7860118
-16.1339230	-9.9821315
9.6483645	11.7697940
6.0191997	-2.1387806
20.7414870	-1.0725628
-7.1696194	1.3741318
3.1090483	-15.7674940
14.4882980	-2.2850202
8.5572124	12.0619000
-8.1380415	13.6757800
8.9358799	0.7057319
-15.9038510	13.3808620
6.9817597	8.0648983
-20.0821340	-14.3271090
15.7694540	-5.2659240
-6.5359832	-17.0943050
17.7636850	-0.6177527
-17.3081420	13.8113300
2.8275482	-8.9331602
16.5964980	-20.2614710
15.7772550	3.2656349
-21.0045710	-0.6476355
-2.9384353	20.7258510
16.4125020	-11.5606120
9.8261421	-19.1647410
13.4907640	-12.5169920
-2.8919066	-3.0930679
16.9245260	1.0110393
-13.2923220	-11.5298360
-0.1253314	-13.2900380
8.8059421	10.4737830
18.8527750	3.2723178
10.9599980	9.8781784
16.2509700	20.4728820
19.4088790	4.2087845
4.8605378	-14.8336960
10.1614620	2.6150831
21.3968640	17.2038150
19.7031170	-5.3121763
1.5823024	2.0420874
17.9543520	17.6221820
4.2870397	-0.2439788
-13.5923310	15.5680090
-0.1550252	7.1586378
-8.1268070	19.2118300
-19.2919190	-21.3642550
-7.2133672	3.9605187
-2.4519890	-18.7423680
-0.1976043	-13.1713260
15.3563360	4.8541197
15.3481180	3.8796052
-1.5960157	-12.5298940
7.1841831	16.5410420
-2.5353089	13.7291200
15.1325680	-12.6754670
16.0600130	2.2372536
-0.4442326	17.3627530
-16.4328670	7.8697600
-0.9552228	-15.3700500
-14.8912170	-15.8861170
-8.0942458	-0.6410987
9.7711932	20.7181970
13.3502860	14.9061970
-13.8746280	-16.1897960
-1.5644951	11.4986140
2.6536385	-2.1833932
14.6497670	-4.9909286
-11.0601580	8.7854730
17.0721510	-18.2141410
8.9441811	-11.5266430
8.7433527	11.7273220
-6.6717729	-2.1395153
3.0800454	6.1101913
-1.7348000	-16.5361880
19.8604350	-2.0866303
13.0887590	18.8362510
-14.1244530	3.7819013
-15.0582500	12.8618320
13.2509130	-19.5898550
12.6760270	-3.1940158
11.3644070	0.7108338
-21.2402740	-4.7251930
19.0374120	-8.1870613
-0.5340057	7.0452494
-7.8669443	-13.8431570
5.4863385	-12.2031350
-11.3870710	11.4025830
13.0927050	-0.7275354
-11.0296740	-19.2279430
20.5443720	14.6510050
1.9004552	-2.3117410
16.7002570	12.1754470
4.0025439	12.1384270
13.9262900	-12.9513330
-9.5805588	-3.1564998
0.3067861	-3.6999485
-1.9496185	-0.5805604
-21.0949750	-17.5350110
-19.0598970	-5.9555395
0.6932206	-18.6480520
19.0047160	13.6934200
-19.0833650	-4.9523323
0.2152997	-18.8318760
-0.4944264	-3.1050840
-4.2359035	-17.9860030
17.7941440	19.2720560
7.8100597	7.5577138
18.4018520	12.4923070
-18.3254930	17.3301080
-17.4713770	-12.5369830
4.0897009	12.9659110
19.0654490	-18.6240670
-8.4601063	-3.9345030
-10.2769330	-18.6565470
-3.1075181	-14.2694080
-18.8235830	-8.4691239
-0.8413698	-1.1769880
-7.4027710	0.9233979
-19.4835510	-20.2306820
-16.5871290	4.5723278
-20.1821030	15.0003980
-5.0601962	-16.2844890
-12.7904670	15.8139200
5.6724250	-2.7058650
-13.6505190	-11.9521160
-7.7030558	20.6653560
6.9643876	-7.6422402
13.2040380	7.6280369
0.8959272	1.6848347
-11.5729190	-18.5385430
-7.9048855	-10.3801310
-13.4786960	-17.3647940
-11.3606230	15.7884980
21.3006420	17.6774310
14.8122950	-3.6591787
-13.2966810	12.2477880
4.4533861	-1.1663343
-16.8542400	-10.4246580
-14.1572680	5.6189695
9.1814857	-13.4470800
-7.4497903	14.3093750
-4.9019011	20.1669890
8.2748230	2.8578944
-3.6712223	15.5650130
-15.0927380	-11.9728780
-0.7734752	-7.9130673
17.3644510	-12.0289400
21.0237580	15.7506680
-6.9911874	10.0369570
-1.8399179	-8.6782088
17.9274070	21.1907380
-17.0401190	7.5365815
14.6175010	14.1684390
-15.0524870	-18.7943980
-16.2683210	-11.6564640
5.7615379	17.8884490
-8.8351358	-8.4309640
-9.1762422	-18.2534360
-16.8808530	12.6440540
11.5486570	10.6302300
3.8104127	9.2027425
9.4701529	-4.8682102
12.6532030	15.1153080
-7.8412057	-20.9084620
8.0060587	6.6027169
8.6363426	-12.3019340
-11.9799230	-13.2927160
-5.2543271	9.6396771
-1.7425788	-2.0652810
7.9483688	9.7775998
14.5288440	14.1440420
3.5377895	-6.2631627
11.2611260	-12.2603820
-6.1142139	0.8464723
19.7216030	16.2290560
7.9669240	9.2807689
21.2614700	-12.1366240
-0.8865098	7.4055442
-0.7351031	-8.1321619
-20.3106260	-14.3889600
-1.3633825	20.2891970
-12.4599430	-15.3419790
16.6796670	-6.3341584
-1.7715596	-2.1296185
-0.3281955	-12.2534150
-10.3004650	0.0766447
21.1088870	-6.6566761
7.7209408	-10.4263390
6.1172553	8.9985953
14.7278250	13.1635520
15.9753250	-5.1411094
-14.9784530	7.3346791
-11.7669700	12.8322140
-19.3730460	8.0960185
13.5427540	2.5425596
10.2349810	1.5528274
11.5258450	-10.7949420
18.1263890	-9.1410673
11.5961790	-16.8142000
-5.1876956	15.4278480
-12.5005360	-6.7397124
7.7117053	-14.7659180
-13.1893590	-3.2623886
17.4511600	13.1768180
13.1203160	-2.6149789
-6.2809351	1.2920649
18.3227740	-0.8845101
18.9605310	18.4716010
-9.3258570	-2.1093700
-7.5335823	9.9125675
-15.9580370	1.9007767
0.1378926	-8.0714098
11.8388570	3.3972389
10.1296370	-5.4861261
-11.7443780	3.1409969
-2.6819131	-1.9396003
-3.7920781	9.8094509
16.1095540	6.8596061
-10.8101580	6.1350099
11.8144910	-5.7444517
-2.7406936	-8.4500125
-15.0946120	13.4088280
-21.1602610	6.2544962
9.4711374	1.9122341
20.1797260	-10.7653780
3.7771187	11.3825340
21.2654360	3.6968875
-1.1860304	12.9629860
6.7745761	-5.2922212
15.7850300	-1.7379718
4.9378034	-5.3446199
6.8064087	-13.2218790
-12.3241460	16.4122420
-10.1738870	-18.1497000
-18.8348870	3.5574288
10.5018310	-16.5723960
12.9436360	-6.5014136
6.9760623	20.1109130
-2.1177963	-8.5543115
-6.2135400	-7.2280209
-5.3845776	18.9428490
11.8826810	16.5728640
-3.0294276	8.7538297
5.4666142	-11.3895450
15.7655110	12.0099950
20.3739060	17.8731090
-9.2890286	-7.2526590
-9.6862848	17.1656640
13.8445590	-1.1613866
18.9619200	-17.9828090
10.3556790	-4.3378544
10.0097930	8.4085931
11.6482840	3.6780135
-5.8456535	14.5380870
9.5755987	-11.0631450
7.2495271	9.1318358
-12.5163960	14.9127110
-3.8193422	14.3175540
1.7657960	-3.0172603
-15.0959480	11.0491130
0.9581539	-17.9100020
1.3120852	-9.0110665
17.4480010	-19.6046900
14.7401610	3.8353202
-7.9125923	-8.7283698
13.9849600	-13.1966130
13.3320720	16.3998450
-16.1977060	-19.5625620
11.0500820	-5.6710553
-15.0697390	-21.1147300
13.2825150	3.1329084
-9.1186912	-2.5122899
20.4588240	7.4902767
18.5263680	-7.2991809
-6.3126163	19.7556520
-6.9835335	-17.1048400
1.1218124	-5.2576918
-7.3027133	7.5369967
-5.2274102	8.8644345
18.5823710	-14.8544090
14.4329970	-20.0276290
2.3462464	0.4686212
9.1542576	-15.5288310
8.5809307	-0.6815060
7.0808091	-12.8435560
17.9976870	-14.5293800
2.6678043	-17.6370610
1.4074666	14.6790730
4.3202489	-1.6012806
16.7574770	6.2950957
12.5608510	-14.2825080
-6.9669750	18.7325610
14.6899000	11.1045220
11.0589910	5.8009120
-0.2906885	1.2874940
19.0322320	1.0757978
-3.0967368	19.6943490
-5.8623697	-14.0971470
16.3102030	-5.2785190
-18.1674650	-15.6644170
-8.8045778	7.3080341
-11.1487320	-21.0336950
-7.4318400	4.2351837
7.0996387	-12.7582460
-3.9438605	-10.4166000
5.4249255	7.2972044
-16.9627330	16.3489290
1.0786280	-5.4853984
16.6515030	-19.6426180
-9.6175503	-6.8471627
-15.5614830	12.6484330
-4.6724834	-16.8681610
21.2021330	11.7848890
0.1703563	6.4928521
0.3092150	5.3400043
8.5219296	-3.1472368
-2.9008927	-5.7539552
21.0978510	6.3600013
-7.1686641	6.3632740
-13.7485980	-16.4965490
-7.3377205	4.0398305
8.7434778	-16.0502340
-6.4425772	-0.2686702
7.0210147	1.4691904
19.0730180	-13.9756880
19.5392740	-7.8123546
7.5651510	-16.4950580
13.5793030	-7.2980156
18.0825040	5.9475271
6.9423028	-16.8956620
9.2600024	6.5960933
-3.1947859	-13.0643810
1.3601219	-7.0394370
1.1257419	-18.2002070
9.3368228	-2.4164599
0.8100916	7.9515434
-15.8048140	-12.6198550
-15.0209750	-14.7485200
-0.4960122	7.5422934
13.6812270	-13.8102160
20.1830180	-12.0796830
-9.7381658	-4.1787826
-1.5709687	-0.4240566
-5.0365933	-8.9824714
-18.2521230	-5.7944445
-14.9770550	-19.2277750
1.9584235	7.4351238
11.4545510	-10.4173730
-8.0901954	-2.3502164
12.3365580	17.3927630
-15.8901130	-11.2158880
3.4363634	11.2569400
3.2964336	-16.0809210
2.4386754	13.7422740
-17.6367130	5.0569967
19.7469160	-10.2434340
6.7488003	19.4726560
10.1012730	1.0324587
11.1620280	-7.6426334
-3.0057506	-19.9532080
2.0450433	-11.6044510
15.3377020	-17.9130540
18.2076090	4.9327571
-2.4689306	4.3402422
-13.8476410	14.4900270
-1.8950138	-10.3739810
10.7306670	-20.4749580
21.2052570	-12.2292950
2.3663736	-6.9242136
-11.4164540	11.7282760
-20.4581230	17.6929480
11.9319730	9.0945016
-20.4084660	-10.7527630
5.9000969	-6.5822174
-13.9656590	7.6342120
9.8092723	-2.9280913
-3.5461711	19.3675430
-0.1521653	-13.8802050
18.8735090	-18.7122910
-6.8966177	18.8513630
-18.7714700	-11.8507040
-1.3509351	-9.3150074
-4.7629216	10.7931600
-3.7091794	-3.2695445
0.5428678	14.8009700
-18.6953950	3.0553140
-6.3223762	-20.0159030
2.1929948	3.9772009
14.8585670	-11.9264500
-0.3822377	1.4077924
6.6664216	-3.4235595
-14.1845170	15.4843660
9.4236084	-0.4987177
-11.9086170	20.9215040
10.2221460	0.6382382
9.7201701	16.0347290
3.0425895	-2.5023567
-2.9121730	-5.0516275
-4.6092645	-19.7147230
-2.7928148	-1.8003000
-20.8262460	-18.4140400
2.3999718	-8.4817008
-9.1724282	7.6533903
4.8210085	-6.4775154
-20.5469660	19.3938150
20.7836630	8.6986676
15.2294990	-18.9891170
7.0934225	21.3181710
10.9226200	-15.9209350
11.4133200	-9.8751806
-1.8673965	13.5338530
6.6340664	-17.6482650
-8.8013662	-0.7816398
0.4389704	18.4927410
-4.2868649	16.2217520
14.3339400	-2.6339467
3.7854487	-19.8939130
-14.1837230	-16.7453160
2.9338924	-21.0847260
4.1864820	-12.8962080
16.4394640	-0.9035754
11.3828800	-13.2036410
-9.0870452	-15.4780480
7.6530119	-13.2422200
0.8570108	19.2936380
-2.8082797	-0.7119950
8.1385564	15.0078230
19.4356140	10.5297500
12.6512870	18.4320680
-18.7207430	-16.4373920
8.3965757	-5.1159201
15.7579190	-5.5470043
-0.9939857	-6.8943950
1.5345251	3.4984935
-18.1158860	-7.9086456
15.8152950	-5.7367052
10.0305630	-8.3871138
-12.4330170	-15.7209990
1.3408134	-12.1897680
-16.5453850	17.6127650
7.6013960	17.7442090
7.6868081	15.6215080
3.8676001	8.2209204
19.6547100	-19.1779950
-0.3096239	7.7648712
15.3198510	7.1777486
-17.3103920	-4.6017967
7.6404130	-9.3236749
1.2430465	2.7368958
9.8839666	-11.4417110
-10.9029340	10.8891500
18.6824910	15.6697310
-15.7315100	19.5002420
0.8278224	-10.8956700
-2.5203672	4.6677776
6.8754686	-7.1290913
-20.2523290	-13.6163430
-13.4876210	-8.6347337
11.4520700	15.1485890
17.6300550	-7.5182811
-16.3150890	0.3348029
-0.0924296	-9.3524000
14.6101810	12.1869410
-16.8818360	5.6910863
5.7598131	-5.7446965
-2.1160803	14.4612550
12.6374090	-19.9131820
-11.9215150	16.4745280
7.9260951	7.8572118
-9.1945129	18.0786270
7.4421345	-12.0207710
-2.5785464	-17.9801510
4.5046807	7.6359575
19.3009190	-0.4059981
-11.1093220	13.4370330
17.7195180	-8.3295663
6.0001756	-16.0797960
8.8112857	-16.8263140
-10.5826000	-11.4127810
-16.4041750	-17.1925830
-19.1980010	10.1793090
-18.5447690	16.4665110
-2.2048271	-2.3434156
-10.5205860	11.7849570
-5.6312823	-1.7678673
8.9116896	12.3162820
1.6203674	5.6627370
8.8989028	21.1003510
2.5075481	13.9805210
4.7860904	2.0059329
-20.8020140	-11.8607170
20.6256800	-9.5171915
-8.2573931	-11.4103030
-8.3599929	9.8078367
18.8725290	-7.9494493
-15.7045150	-10.0902610
8.2675870	17.6033610
6.0250052	-9.3057844
11.1868690	10.7622330
3.8816899	2.4582835
15.8481440	5.3706610
-11.5783000	17.0331830
-15.7114930	14.8203940
15.2829280	-13.3787050
13.5478400	-21.2425110
-6.3569500	-6.6164677
17.6355410	6.4867139
-13.0100650	-15.3429150
10.3791750	16.9319600
16.2229240	-20.0749300
-10.0186660	-4.3989978
2.2356934	-12.8528570
20.5918810	9.9456897
8.3977890	15.8301070
-20.3899690	10.8602570
17.9205060	-12.9485720
-17.9080980	-12.9717740
-10.3153680	-17.0996010
13.3285010	5.1059203
-17.4030000	-12.7497580
20.9072940	1.3873374
-11.4802320	-2.1337182
-18.4514500	-19.0194130
17.1786190	-3.6608873
-10.6681220	-6.7334847
14.8945890	18.5103650
10.4211120	12.1690210
11.0518770	20.9467070
-0.9453381	-11.2730190
-15.4519100	-6.9254002
-21.2062780	14.4461990
-18.8772770	7.5139637
-12.1704760	8.5947187
-11.4970590	-2.7816689
13.9602600	-15.7574170
8.4615012	-10.3115060
1.5486518	-16.9534430
4.3312474	-13.3079720
9.5065905	-9.6446917
16.3837860	8.7861204
20.5830500	17.2709710
-14.9762840	-10.6016780
7.0933662	15.5301820
5.9882873	-12.0158790
-0.0973970	-13.7905930
-17.9523740	-9.8408013
6.3014527	19.6322340
-2.1454540	-13.1573860
5.9755816	18.0185050
-6.2479417	-18.9602730
0.7290922	-9.8002877
12.4069930	16.4966660
11.0648860	-13.1160550
-20.3815460	-2.6057725
12.2090490	-19.7281120
5.5896836	-9.7066056
17.2493930	-2.5577267
-9.6753623	5.2590722
1.7190816	-1.3486823
-14.4512420	-6.7850882
-9.7989108	-17.0378830
4.9014953	-5.6744461
-6.0778293	-19.8993100
-20.7161210	14.4395020
5.7580280	-12.3493630
1.4674710	-5.2933224
-12.8550550	-3.4722485
4.4029860	-8.8437377
-6.6764458	-6.9980824
15.2059730	5.1530529
19.4161570	-0.1470997
16.5765830	-2.6309230
-5.0021099	-11.7008270
-13.9171350	17.3351430
9.6804832	16.6962090
1.5862551	-1.0910939
-2.1307963	-9.3597422
4.3960058	13.7693490
-4.4468861	19.1602070
13.2414470	-11.8566460
6.3688528	-11.7385260
-14.7419770	7.1274755
6.3152417	-1.3679073
-20.5460490	-15.8562560
15.7523920	17.0224300
-9.7535243	21.0516580
8.9848980	20.5917200
21.3952560	5.1976843
-15.6787220	2.4101318
16.6210060	11.8323140
1.7896163	10.3118050
-3.8257530	5.7332181
9.9181890	6.5918918
6.1174353	9.4547359
19.2861370	-16.7237560
-20.9449500	18.4401210
-15.7186540	12.6256410
-18.5134540	-17.6403110
4.7133363	4.6571685
16.6979510	7.4842291
-6.1137222	-17.3883550
19.2212670	-10.7699960
-10.7948710	-8.2860259
-19.0946570	10.9214290
6.1928583	16.8225080
-18.6213160	-4.5217441
0.8407263	-13.8002830
11.5757990	12.9850680
19.9497220	15.6488980
-2.4550879	14.9452080
5.1451548	-14.6195380
2.9228390	-11.1843080
4.2932253	-13.5596860
-9.6546383	8.6909851
17.5080320	-19.7208220
4.5864689	-18.0438020
-15.5077360	-8.4237640
12.1749720	-16.7872600
10.1890720	5.3587738
-9.4714886	11.9908940
0.7483800	-15.0985300
-16.4890980	-6.8250446
-20.8382560	12.5240690
10.8951540	7.5714222
-15.2735880	13.8001840
-3.5662668	-17.1861810
19.7733600	19.7154930
0.7634161	2.3326249
2.2351379	-12.5198810
-2.1788814	-11.5575860
10.3432950	-8.4453461
-10.3580480	8.9870727
14.8153510	3.1432693
5.9286280	10.5804340
-5.5440866	12.8168880
20.4920250	3.1243875
-0.8572974	-17.3962460
15.8702390	17.7361110
4.1579977	16.8712460
0.7653564	-12.9020420
-5.3189230	0.1672558
-9.1292100	-6.7407497
-15.6656880	-8.0840218
3.0581663	0.2412658
-14.2466630	14.8602560
1.6382804	16.7968510
-3.3097643	9.1120978
4.1537812	19.4011610
1.2442404	5.1055715
-5.0764175	1.4839187
-6.4881599	1.3965721
-7.8665416	-14.4549000
14.8455020	-18.5017700
-12.2261910	1.7726599
-7.1744566	-17.8574860
17.0709170	4.1276821
-9.7397072	-19.0401060
17.5287300	-8.1735783
-18.3750300	-18.1656410
-11.5600090	-10.2947930
-20.1167580	19.8013060
-5.3822229	-12.4740890
-9.4223811	-11.2407630
3.2380259	9.7835014
1.5447770	-3.4987383
4.7594786	18.6088710
-19.7315090	-6.8161302
-7.9980676	-6.9539455
-5.8133046	18.8715100
-7.3499667	-20.7475130
-11.5005050	-8.9355649
-5.2378828	4.2096441
21.0946250	-0.5958980
1.6924565	17.3862750
-3.5727429	-9.9984497
-18.3698710	-20.2228800
15.8922750	9.4761766
-2.9614182	-8.4954606
-0.4618925	-13.2621100
-7.9247993	-0.3667209
16.2496640	3.9396951
20.2326340	-20.7854800
-11.1058120	11.6434090
0.5431587	-19.6053970
17.4378060	13.6439590
7.0842837	0.1056212
-18.2510240	20.6186110
-0.4676794	-20.4127160
-16.9928450	-18.4250700
4.7613508	-19.6915180
6.7905636	-2.0309980
17.3317870	-7.6588358
2.5893246	-5.1366454
-12.6654580	-13.1131830
-15.7113040	-5.8704579
17.5399230	13.1051780
18.3625440	2.3282547
-20.5780170	-6.0292107
4.1470504	13.9850760
-0.5169290	1.1066908
-4.4081479	-0.4411573
7.0875033	-14.5179020
12.1785630	7.9533344
9.6081899	-8.9484152
-3.8226113	7.2324235
21.3155070	8.7656228
5.4578333	0.9497680
5.8220935	-12.5325200
-20.9363720	-16.2400290
19.1986050	13.0845980
-21.1987120	1.9353306
-1.1679553	4.3654572
19.7192290	8.5454448
15.9159890	9.5481128
-8.4318278	-4.9911476
-14.8300480	-5.6776755
-1.9940634	-20.0625520
-3.2777150	18.2173000
14.6741630	-7.3960843
7.8817209	14.5990430
-12.8909440	17.4504000
-0.5909484	0.2284376
11.0949300	-21.1632100
2.7895992	5.3172094
11.5609830	13.4691130
-9.5210022	1.5097818
3.1406891	19.3930610
20.4745540	-3.7188913
13.7223170	-3.2376576
5.1480030	12.7872440
-11.8160840	5.6265104
15.8527700	-12.2373880
19.6526120	-18.9220990
7.2689674	20.2411870
-13.4134270	0.2499187
20.4093060	-15.2400620
2.4774448	16.4309570
10.3433430	14.9423960
14.2803940	-10.2416960
19.6275170	-10.4296750
-7.4818991	-11.8754940
1.8540147	13.9581710
-12.7407480	19.3940980
-9.4809906	19.7370370
6.2850437	-0.1498546
-12.4232320	-7.9725076
-20.6340350	7.7865911
-10.5501150	-1.8523237
-3.7669617	18.9544760
-16.9464660	-12.2819020
15.8802750	-11.9671840
-17.2131150	7.1072371
11.8654660	-6.9792755
2.2065716	20.0518630
-12.0546640	-18.4180410
5.0838863	-3.7464156
-9.0138358	14.3015880
-7.4709792	-0.6261874
-14.6701300	10.1073080
-16.2772400	8.7103148
-18.0875350	-2.0210144
-2.1947501	-6.2129553
-15.0669210	0.1535457
6.5335257	-17.4815970
9.0987799	2.8815076
18.5856300	-7.6871900
2.0891853	-3.3446684
0.1998127	13.1947430
-10.1026230	19.9101830
15.2050030	-18.5268820
4.6544986	8.6065845
15.3837750	-1.5817442
-0.1297613	-17.5522390
13.7118150	-18.9447590
-1.8731829	3.5664359
1.3854689	-12.0086910
-18.4288530	11.8725700
9.4694346	21.3604850
-3.9196261	-9.4469906
-20.3659300	7.5223154
13.4135340	-17.2703190
9.4510962	-20.7235480
-12.4877110	11.9351990
3.4699607	2.3380547
10.7556980	-4.2693589
-20.2590080	9.8211516
-17.1775760	6.9746470
10.3097820	21.3676300
-1.9950550	-8.4710543
-0.0027889	-15.5538520
-18.3404500	-18.2846610
6.9162940	10.9647590
0.4414993	13.5933400
-8.3730184	15.9985450
11.0360140	-5.0690892
-1.9814068	10.5009440
7.9114237	-14.2186410
-13.1714490	-17.3210360
-17.4357160	-2.8595142
-6.7036707	13.8235370
14.1542710	3.0581344
-10.5246320	-5.0647527
20.0802560	20.7389570
6.8379664	-10.1295190
16.9302720	-7.7454076
7.1936178	-4.9161309
-6.3019576	-0.9142591
-2.5681926	6.8905478
-9.4909528	-17.6242690
-14.8235100	17.3906470
15.7352810	-15.6511340
8.8351806	18.3604210
1.1154479	-9.4302608
15.9965940	14.3044830
19.1355890	-10.9237140
-2.1031496	10.4920720
-13.3257830	-7.7325890
13.7600980	20.0336930
16.9849590	8.1538397
20.7708740	6.9633291
12.0787770	16.1271070
9.7424800	-18.5774480
7.8541242	-1.7602668
7.2011324	-18.3717930
7.6941194	12.1329970
-3.4609397	5.0816219
-18.0143190	7.6703569
-3.7135870	-20.2025450
14.5416570	15.9144410
-8.5729659	14.1488850
-3.3916460	-2.2291517
-14.0881840	-18.5348580
3.4044744	-18.5928980
3.1124419	16.8947070
-21.1954310	21.0479910
18.5217940	0.9004818
-1.1530078	-9.9147797
19.6062250	12.3794940
8.1810992	-20.8235040
-5.8337949	-5.7498876
-0.4711347	18.8113630
-16.1658560	5.7302252
-20.3774720	-13.0037590
1.3772569	-20.2824950
-8.3701366	19.5479360
-20.7441120	11.1706780
-16.9529640	-8.3703064
-4.9716522	-3.7660784
-2.3987989	-10.4034100
20.7663100	-8.5577804
18.3914960	14.1197210
-13.0062270	1.3112631
-8.0785166	-8.5643343
19.6953670	10.6052600
18.5129580	-11.8186810
-19.6374680	-2.1727117
20.5065940	-3.4131416
-9.4875739	13.1580190
-15.5359380	-20.2253390
20.3265370	10.5029750
-20.8553670	3.1003211
-3.3971691	-6.2012982
21.3761580	0.6462619
2.6684007	-4.4085799
-9.5138885	-17.6645670
16.2120700	16.1897900
11.2739480	-7.3511953
-3.4100845	5.6723138
-3.7038823	17.8717460
-17.8833080	18.5187540
19.4995470	14.1562770
-4.8300046	-4.7789789
-15.0607020	-1.4939862
18.5837410	-17.2400240
13.9510340	-10.4784840
-2.2570969	-9.6440887
11.0997910	17.8943750
5.7461957	11.2787820
14.4403900	-3.6436865
17.7979510	-15.9464940
4.2625291	-20.7855130
1.5562879	-16.8632920
-18.1084680	-0.5272358
6.8375701	-18.5488440
-13.9027720	21.2012200
2.1440708	20.2307700
11.4388770	-16.5391300
-19.6471650	20.2977080
4.8333656	-11.4274580
17.3060530	-15.2477740
-18.0826560	-7.2355135
-6.0876710	11.6648630
1.6359759	4.3493287
12.5164410	1.2328126
7.7320490	-15.0753780
0.5425510	-11.1736940
-17.7220410	-12.3896560
-5.2195031	-4.2967362
-0.8581970	-20.3174770
8.5004240	-8.5473368
2.8719117	6.9308239
-18.4696040	9.1171849
6.4369221	4.6274619
-7.5704439	-8.3766026
8.4182825	4.5578001
13.4524580	-1.2524354
18.2175380	-3.5128127
-15.7934270	5.1608659
7.8270299	3.8221459
-19.9820470	21.2237460
20.9054510	-14.2793960
13.6182300	-19.9383850
4.1052102	-14.2274290
-4.7746094	-19.4074220
12.7263110	4.3094541
-7.3511191	-17.0813140
-19.3167680	-19.2633520
19.4482280	-14.4798300
2.2012848	-0.2435706
-20.9831310	12.7269400
-15.5531540	17.1786550
19.9538340	-14.9750430
-17.3602320	-11.7455820
-21.3351090	-9.9392275
19.1154780	-4.1869977
4.5164520	16.2412170
13.2862750	6.4667362
5.7666307	-12.8307950
10.7052250	10.5531290
5.8983617	-6.2206539
14.4460120	10.9780690
-18.1747680	-15.0308510
-5.4384947	-11.8165490
14.0755350	14.1717220
-18.6192550	-0.8589894
-19.4134140	-11.6064650
16.8401910	-14.4499650
-18.2311010	-1.7344302
-8.2199547	-10.9465560
-11.0550630	-18.0188170
-16.1650170	-2.9435049
-21.1653440	-10.7402680
18.7580150	1.9048377
-8.8581537	7.1297901
-14.4862220	16.8325750
-3.0594404	20.6566150
14.8927730	13.2780180
-9.1092311	-12.7838670
16.4585690	4.9765175
-4.9300077	16.6433210
-20.9752350	-19.9271840
19.2461480	-11.6875050
13.2538630	2.1998674
7.3637890	-1.8999671
-4.2101348	-9.0549697
18.4619320	-20.4025380
-10.1578380	1.9575084
15.0348460	-19.7249300
-18.8500880	20.4880580
8.0406796	-7.6071883
-18.9303730	11.5890210
15.6220630	13.5079630
18.3249730	-3.9573536
9.1226150	11.3815920
-19.1871370	-19.9407040
4.6412950	-0.1280321
-17.8772490	4.8106035
12.2144000	4.9922830
-10.7770580	-10.9616080
-15.3941940	-6.1625516
13.7141520	6.1265416
-8.7256048	-6.4286611
21.2324390	1.0256595
-20.9151270	-12.9410520
-7.8479667	-19.7539300
12.2851680	16.3886130
19.4248230	14.9191530
-13.8147220	-0.8258201
13.1237970	3.8448133
8.4043382	14.9295140
-17.9101650	-12.2484170
-18.2765750	-4.9755028
2.6303856	-9.8425192
-8.5307572	13.7434730
-9.3958818	-16.7514510
-19.8555090	-13.5074340
-11.3107540	-2.5320634
14.2652630	-17.2014520
0.2802507	-13.3507600
19.4868670	-1.8731910
-12.6137720	-20.7151590
17.6694020	3.5097311
8.4071057	5.3766815
12.1573280	-19.8042120
3.2501677	10.0503820
7.8159809	6.3573605
-19.2619940	5.3577537
19.4058760	-1.0295768
-8.9714628	-10.3031420
20.0566820	-15.5356970
-1.7415303	7.7051634
-18.8635390	0.3322872
-2.6561801	-2.1266496
-10.2520190	14.5358990
0.4474359	-5.3298817
13.5436410	14.9088040
12.5191230	4.0552962
-10.0988480	18.8119910
-1.4066997	-20.3456080
-16.9151710	8.0477486
-15.2282560	17.5502110
16.8422190	-19.2717750
-12.7433580	-19.2284710
0.5509284	6.8597919
-1.9774833	15.2363470
17.6956920	14.6261520
14.6681110	13.9184500
8.6257251	-18.9784950
17.3000350	7.4267115
0.8668511	16.7732330
-19.6956550	5.5338619
-1.7559201	-14.0101380
0.1004701	15.1880940
2.5456168	-11.2727220
19.3077750	16.8131220
14.5601220	-4.8191504
7.9162451	-9.4403713
9.8194712	14.5012570
0.0961456	21.3336040
4.3042036	14.4582780
-2.3102385	3.1339085
19.8972460	-11.5894860
20.4031130	11.3207590
-17.6159190	-2.4114806
-0.0762889	-10.2385050
12.6229760	9.4408220
-4.2458355	6.6051718
-3.1109628	3.0426118
10.7973030	9.2123299
-6.9579352	-9.9897955
-20.7075970	20.6178740
3.9671527	19.7415150
-8.2762446	-15.4143690
-17.5763630	-8.5551194
-1.8357600	-14.7900570
-20.4626670	-4.8745179
11.9020130	9.5404141
-14.2201850	-12.1106990
-1.9130627	-0.4805003
9.0253938	8.2490898
6.6640316	19.4169520
-18.9933130	5.9758154
16.1237820	2.5568820
14.6081600	20.2039900
-18.0845550	6.9721174
-20.2061680	8.1120053
10.4453520	-0.6936740
17.3522290	-16.6450130
9.4821466	-15.2293280
-1.9989573	11.2089160
-20.4098530	16.3109880
13.2318490	15.1422400
-4.8731529	-8.3089914
6.6884216	-16.5352460
2.9835922	20.6888340
-19.9423610	-11.8746480
-16.3414530	16.5184770
-20.3301720	7.5119477
-17.0433240	11.9033540
-2.6164617	18.8130240
-6.3262404	2.0254557
11.5480400	10.5036700
2.9851859	-21.3905530
-11.0084880	-20.8644220
-12.4848060	15.5813370
7.0904198	-5.9470475
-8.1140633	12.0685130
-3.1610033	19.7481190
10.4028560	19.5501530
12.0675600	-17.1418060
-8.3962940	1.3817357
13.9905320	20.7609120
6.7482638	-6.4873722
19.5752910	13.2871600
0.1016851	-20.7928870
1.5507531	-19.2085530
-14.9765010	1.7984566
12.8189470	16.8244750
-16.2410830	18.8282090
15.8994440	-4.4177322
-6.6642798	-10.2406050
19.0865780	-1.1105469
-16.6075750	-7.8497438
4.3078606	-2.7980832
-19.7009520	-4.7391779
-13.2663240	-19.2109320
5.4522038	-1.7089208
-19.9148020	17.0616140
-18.9984860	-19.6248520
-8.4138009	19.1820620
-5.7728853	2.6179773
2.3917397	17.3042580
-7.7402684	12.8183150
17.1249450	4.4664149
-18.3276730	-8.3594159
16.9203300	20.8648600
-20.4974950	-16.5229010
17.9483520	4.6436661
-16.4490770	-14.8374820
-3.6421490	4.6200974
21.2475160	-11.2842950
6.4807315	-9.0330231
-18.9761970	0.3062456
8.8060240	-7.4628936
10.8382590	-6.9191267
-13.0001150	15.2043720
-4.8833263	-2.1119879
-11.2458930	-9.5552861
-13.5178180	19.1660430
0.1762728	15.9822140
-15.0961270	2.8148966
-16.2210000	11.8475590
7.7625531	-2.4326806
-13.7641210	15.0274580
-14.3948950	-4.1173025
-0.3094748	4.6695083
-5.1660445	-4.8102620
17.6554760	-19.8543630
-4.9470305	-4.7428600
9.2898363	-8.0462842
-6.1466365	-1.7244810
13.2257290	4.9690400
-7.4570049	-2.3632870
-20.2889920	-6.3922207
-1.2984414	15.8619420
11.3021890	18.0290890
12.8177840	-10.5238850
-0.3543472	19.4999990
2.5264981	11.4500210
-21.2577310	-6.0247759
7.2410751	-17.5435870
-15.4195220	13.2095320
-0.0894034	17.2149730
-19.5106800	6.5767593
12.5555910	-14.2739080
-11.7396180	-18.5432030
12.6592300	-6.0610796
-11.4018390	14.9812800
13.5202150	4.5215983
-10.5091800	10.5238290
6.4999759	9.0067458
14.8773340	13.9231230
-19.8190230	18.7338010
-9.6240634	1.6280372
-18.8641040	-16.0608660
6.3678367	18.8854070
-20.7946950	5.0310498
-20.8752330	7.4817755
-5.1434308	3.8399362
3.5002388	-5.2775811
-8.5663836	-5.7453442
-2.3682452	6.9361365
-4.6092603	19.4060410
-15.2913040	-14.6207420
16.7404540	1.7725626
-12.5457040	-13.5382780
2.0062496	-20.3488930
0.1921366	-1.3534224
14.4485070	-2.9003520
4.8447824	17.1385610
-6.9967068	17.7149330
3.5009911	7.9242244
11.5874870	17.0510050
-16.5157580	-7.8388060
-21.1366930	-7.0900883
7.0528849	-19.5039690
9.9472665	21.1975470
17.3516140	1.0602093
-14.0048870	-1.8117618
-17.7172030	20.4144360
16.6940760	-11.9835860
-7.5482473	-12.0678240
16.9769350	-10.2907370
9.6205566	-6.3325400
10.5756150	-15.6143990
14.3665370	-4.4131718
-11.1159920	7.3649669
-5.8776817	-14.7950820
13.2274290	2.1406355
2.5705616	-13.5348460
17.1280410	-11.0487890
7.9190555	8.2619700
-2.6628467	19.1730280
11.0983490	17.5254080
7.7930374	-17.0098260
-12.8486620	8.6183653
-9.0464780	20.7626520
16.5230970	14.7388960
-4.6028167	9.0333433
-16.2886330	10.0464060
-1.7541585	2.0903614
-4.0350639	-1.0560749
0.4396709	13.3203650
19.0179720	-14.4596630
-0.6389404	-15.6905580
10.7946810	-1.4417769
15.7748060	-11.1245570
19.8280200	-12.1127040
-17.5270590	-2.8288344
-16.7311610	18.5211130
-16.3789450	20.5267680
9.9074662	13.6032610
15.5490940	4.2802706
7.0128438	10.2961250
-6.2139239	2.7531171
0.2484189	-19.5985130
-10.6171730	11.0926210
-14.6003030	12.4563610
8.7833298	-14.9980280
18.6069120	-1.4619245
-21.2515080	-1.5331686
-17.6890220	-2.3786197
-10.2601040	-12.0347610
1.9264909	18.1952790
7.0532444	-4.7095460
5.2973823	-19.7383850
-19.7885930	13.2360260
17.1876910	0.7854319
19.5591240	-9.5431179
13.4941170	-18.6229850
-11.1040300	12.5600080
-9.9084595	18.4820200
-2.3026535	-8.0796348
16.7586970	-10.9785550
6.9890854	7.7365388
2.2863850	5.1506594
-9.6941810	5.4741770
12.0288940	-16.5730470
2.1182425	1.8958797
14.0372000	6.6075144
-4.3394413	11.5752310
1.5477642	7.7928708
-3.7021894	-6.4720834
-9.2287286	11.1976700
-9.3901449	-7.0835658
18.7627510	18.6070590
-3.1181116	3.8734844
17.6661180	20.1713740
-9.3810361	-9.6080228
-3.1796386	21.3020960
18.3853040	-20.7494180
17.4356250	7.2859538
13.7133250	-8.6719006
-1.3613719	11.0778450
-14.1071360	7.7908046
-12.1646310	16.5597710
-10.1983440	-9.9017831
-7.8083890	13.3631750
-13.7674090	1.5923177
-5.0506760	-5.0627710
-20.0955460	-10.3759210
17.3816830	9.4129921
-0.1240082	-12.5696630
12.1970740	8.3237761
12.8746990	11.2178990
-1.8145263	-19.0555010
4.2351318	-17.3204900
-17.2976860	7.8918311
7.9877091	-6.5852483
15.8262940	8.8142448
10.9479700	12.5256590
15.2087330	19.4790980
-11.3912820	4.8747077
-20.9270230	-11.6279320
-1.5626799	-8.6623321
11.7295200	5.8281494
3.6810120	7.3227228
-10.9614390	19.2094970
-11.0013660	-19.0981330
-20.3384720	19.7672840
-15.6829720	-3.2906230
-8.9834215	9.9173498
-9.5108494	-9.8166721
-20.3451490	3.3573809
5.6920981	7.5496377
6.0200634	10.3497150
-13.2396780	-4.9805836
18.5533910	-15.0826910
-4.1410036	16.3160430
-9.9060252	-15.8425470
12.8410940	14.8161910
-12.1635990	9.2228154
13.2873340	5.1384998
4.7774094	9.8985890
-14.8455060	-11.1749380
-11.7245440	3.3484202
-18.0364630	11.5727230
-20.8109160	-3.0956467
-17.7257180	-1.1715897
9.8225018	10.3486040
20.5966050	18.2515740
15.0855860	0.2867605
-17.9137410	19.0448410
1.5922330	2.9916160
0.4534656	-16.5705940
-19.4282130	-15.4909260
1.6967293	13.6342470
-1.1951403	-12.3356360
-12.8947770	11.5676360
13.0191240	-2.3838961
3.0965470	-18.7338890
-7.5065796	-8.4704843
-18.4752290	-0.5434230
-18.3576770	13.8997740
