jMRUI Data Textfile

Filename: dataset28_WS.txt

PointsInDataset: 2048      
DatasetsInFile: 1         
SamplingInterval: 2.5E-1    
ZeroOrderPhase: 0E0       
BeginTime: 0E0       
TransmitterFrequency: 1.2322E8  
MagneticField: 2.9E0     
TypeOfNucleus: 0E0       
NameOfPatient: dataset28_WS
DateOfExperiment: 
Spectrometer: 
AdditionalInfo: dataset28_WS
SignalNames: dataset28_WS.txt;


Signal and FFT
sig(real)	sig(imag)	fft(real)	fft(imag)
Signal 1 out of 1 in file
3434.5287000	-1624.0942000
5752.2158000	-3598.3649000
2780.6411000	-5897.9544000
-868.7615800	-6100.1380000
-3928.3244000	-4269.7240000
-5339.3868000	-1183.0079000
-4793.6083000	2006.9388000
-2658.2872000	4124.5964000
102.6788900	4592.7194000
2414.5413000	3424.4032000
3481.9789000	1305.0945000
3096.1082000	-835.8801300
1635.7758000	-2182.0292000
-151.7465600	-2313.9839000
-1474.9419000	-1405.3178000
-1855.6202000	-22.0765170
-1288.6716000	1120.1265000
-200.9853900	1525.5657000
828.6833100	1087.1788000
1270.9886000	67.1320320
917.8784200	-960.5782000
-58.7456590	-1515.8694000
-1164.2326000	-1333.7470000
-1897.9564000	-463.7016200
-1932.8793000	702.0419900
-1236.8153000	1684.5713000
-58.5617910	2046.0768000
1108.0754000	1657.5519000
1854.7686000	663.3073500
1918.7282000	-571.0319900
1284.8054000	-1595.3623000
228.8939900	-2080.8317000
-874.0117900	-1897.0619000
-1675.0291000	-1149.5030000
-1915.7845000	-110.3106900
-1560.7285000	851.1863900
-784.9986600	1457.8054000
177.5907800	1578.9977000
1018.1759000	1181.5724000
1502.4824000	440.9701300
1523.8449000	-398.5161000
1131.3695000	-1096.3599000
413.8622300	-1465.5373000
-357.8200000	-1384.3790000
-949.9613100	-922.0166700
-1223.7669000	-199.4005400
-1058.7399000	545.1664600
-513.3906600	1073.9815000
215.1101200	1202.1389000
881.7527800	920.0373000
1246.1487000	292.0000800
1185.9229000	-416.6509700
693.3929100	-953.5853200
-3.7318912	-1109.7891000
-680.8545500	-801.4255900
-1037.5010000	-163.3495700
-937.6371400	547.8215200
-444.2321100	1031.7267000
248.2137200	1128.1914000
844.4278900	761.3116500
1059.3436000	101.2789400
825.8237100	-563.7444000
230.7671500	-936.6736300
-479.1828800	-866.8321800
-984.9883500	-368.9731300
-1067.3805000	335.9762600
-678.2015000	932.3507300
-11.4013260	1156.5787000
671.4907200	890.7606200
1041.7743000	261.1675000
935.2109300	-485.2636700
393.7894900	-988.8435700
-341.0075700	-1067.9178000
-942.7228700	-661.7889000
-1165.3219000	34.1034230
-893.5271100	696.2226900
-260.2491100	1059.0385000
465.0525900	931.8641400
981.6753800	387.9727800
1030.1105000	-364.0638300
590.8750200	-987.2719800
-132.8040800	-1218.4574000
-856.1969100	-916.8387300
-1242.7429000	-260.4992000
-1124.1617000	526.8645000
-575.3374000	1106.8294000
233.4779800	1225.5422000
939.7617400	862.6238100
1305.4684000	159.3251600
1185.5046000	-620.5502900
639.2523400	-1169.6498000
-98.4610700	-1266.6153000
-764.0843100	-939.8045100
-1068.7224000	-309.6075900
-980.1635400	349.5601000
-551.0531900	816.3200800
49.6303180	936.9959800
548.5668600	708.7989900
806.4015200	265.7363600
739.1852800	-187.0356100
454.9978000	-503.0291200
81.2743510	-549.6414500
-228.5956600	-391.6138200
-345.4400300	-124.2159900
-275.5771400	134.0620100
-91.5767590	273.3714100
101.3314200	242.2526000
200.2217000	94.2592230
178.4885200	-70.8112590
18.9800840	-187.3874600
-153.4817800	-165.5284600
-275.0164900	-10.0082200
-305.3621600	184.8703900
-188.1662200	351.7134300
25.2110840	416.2729600
236.9995500	337.5166200
385.3098000	157.2930700
399.8684900	-76.7310780
292.7504600	-295.4906500
73.2095430	-432.2737900
-174.6958400	-403.7161700
-377.3628100	-270.5512700
-474.9448100	-67.4884770
-434.2348600	162.5577100
-274.7202100	339.8887600
-56.9899760	408.0567900
160.6778500	352.9825500
295.5543300	177.8572700
355.4460300	-15.5945410
286.3927400	-216.2901700
127.4394400	-331.1370600
-65.8190320	-352.6467000
-219.6723500	-244.4039000
-296.2082300	-101.2850600
-288.2191300	89.6716970
-169.5863600	206.5215300
4.6723171	256.9412100
145.8216300	189.8556200
239.1626800	76.5190460
258.4562600	-60.5440070
181.7046100	-187.0051300
51.2329750	-223.9650900
-66.1815010	-194.2214700
-139.8065200	-114.4017800
-132.5294800	0.8739161
-74.4477260	91.2177400
14.8615450	104.9325200
86.4666650	65.3822200
106.9299600	4.0713398
81.1167900	-56.8161320
16.7951920	-88.1810230
-60.5231090	-62.8691540
-95.8657470	8.4321164
-87.5006600	89.7947440
-31.2885340	138.4219600
54.9236190	138.9560300
141.4608500	88.0766220
157.3893700	3.1150236
120.3638800	-83.4982120
48.0877480	-150.0069000
-59.3321830	-136.5603600
-146.8599600	-68.6516590
-162.9043200	24.9513940
-138.6350400	119.0185300
-54.0249520	168.2877600
39.2187640	160.2546700
111.1935200	94.8793080
135.2907100	14.3695310
99.1589580	-73.9618060
26.4204020	-118.6859000
-63.1155370	-127.6310300
-117.1055500	-79.7582020
-147.4128100	-1.0601393
-126.8332600	74.2637920
-62.7525360	127.6964000
15.1192310	126.2397700
79.0731860	89.1752450
106.8062600	17.3109730
88.0471600	-39.2526870
41.7692150	-74.8919140
4.0052323	-75.5979330
-35.3864450	-55.5808950
-44.3497400	-25.5606010
-44.5753660	-8.1337254
-18.3929990	17.6682110
21.3932980	22.7132060
32.6354020	-0.8074477
41.1902380	-26.0720000
19.5205330	-52.8852330
-4.6353048	-61.5743030
-28.5898240	-51.5977360
-44.6532440	-31.4431440
-53.9676610	1.1623591
-28.0977020	22.5709030
-6.7207130	28.2046840
5.9848237	35.1217670
21.8176700	20.6657070
28.3447460	19.3489470
19.9005550	0.0422983
4.9391556	-1.8082952
-5.2914696	7.6851433
-9.3313469	12.7231600
11.8205400	20.7690180
11.5535440	17.8081390
20.4796810	25.3439730
29.9987650	8.6528433
19.6557020	-8.7950277
20.2097590	-19.5395910
4.8698149	-19.1288870
-17.7164630	-34.9347540
-32.3915970	-8.7172686
-44.1360670	0.1541059
-37.0663550	14.1785600
-34.6663380	23.9265850
-13.4293800	37.1592730
4.6957762	42.8575120
12.5939620	30.6290200
13.2741890	17.7779220
22.1793190	-6.6308167
12.6902530	-16.3388680
-4.2907963	-14.1965770
-15.3394770	-7.4989043
-6.1888697	1.9543623
-20.0353760	7.1626196
-14.8072310	3.4343432
-3.7603646	6.8783606
4.0988702	10.1673450
24.0064800	4.4042695
15.5682110	-17.7127710
9.3059867	-19.6126950
4.4349597	-24.2046840
-4.6520383	-30.1294130
-15.4840430	-17.6947150
-24.5497760	-3.8378866
-13.2529870	-6.2394084
-12.9273830	2.6401811
-8.5905573	6.3397214
-3.0149170	-0.5573614
5.7464195	5.7981426
2.2435267	-12.9968250
8.1394936	-14.9876730
-6.8432106	-3.8253989
-8.8149952	-2.4305580
-10.3125050	13.2648770
-3.4622968	11.4932700
0.4800339	13.2113130
12.6186080	4.3157107
8.5980392	2.7885899
10.4075660	-9.1496048
1.1426601	-8.9844413
-6.3785438	-1.4001878
-11.5332800	-0.2041084
-7.7366633	-2.9118659
-15.2834430	12.5064000
-12.4708100	9.7434373
-3.4422632	15.5072170
0.3216386	23.2450400
10.2190290	19.1862230
7.2325944	0.8643605
17.2376260	8.3365896
-4.1973331	0.5930447
-8.3243801	-2.6435290
-6.3850814	5.2146998
-10.0549430	-1.1015667
-14.8500580	10.4377190
-7.4028908	17.4071330
8.4232251	8.2954174
21.1778260	20.1639520
16.6771100	13.9230250
17.0627660	-12.6820860
10.9154120	-16.5367010
6.6632462	-11.8002690
-8.4283131	-8.3934168
1.6667857	-16.2641400
-3.8320739	-0.6268750
-8.9962625	-0.7059124
0.2773758	2.6883365
-7.5274163	1.4541442
-6.2577924	-9.3609043
-0.1148237	-5.1879516
8.5272872	-4.3350876
-7.9682562	-8.5166231
-3.1545447	-17.1942530
-13.0251000	-12.2402400
-8.0237994	5.7518386
-2.7691876	6.2161881
2.1568249	4.2777486
-7.6616184	-0.9451227
-0.7772602	-0.3370475
-1.4721036	-3.0678072
-0.5594189	3.1724546
1.1476434	6.3551001
5.5554493	0.5147327
4.2879729	12.8229150
2.6360545	20.8590910
14.9212260	7.1153789
23.8719160	-3.8598461
13.7619000	-5.7279695
20.1474400	-4.5135221
-3.7437656	-12.4510330
-0.3160644	-23.9020730
-19.7579460	-5.8263314
-16.7454740	-6.8155778
-21.6573860	-6.7820106
-8.2100980	0.9131472
-9.5154686	4.1207602
5.6391827	17.0424620
2.3891307	8.5796585
9.4311982	-4.3795664
-7.1472309	-6.7959566
-8.9531863	2.0103119
-11.0092960	8.0531643
-3.7712095	0.5707691
2.6213819	21.5738060
3.8220535	20.2592640
6.6081505	8.5366658
19.2652750	10.6075010
16.7343640	0.9239274
5.5572516	-1.4556931
14.7764360	1.8277987
3.8770898	-10.3303970
-0.9372177	-11.4328720
-8.7018142	-5.5883277
1.7149919	-8.5151520
4.4503073	-0.2981437
1.8570999	-2.1428831
-3.6043768	-13.9566530
3.0961513	-5.9005334
-13.1764210	-17.7518880
-8.1366023	-11.6124640
-4.4684183	3.9679622
-8.3267914	9.9713677
-15.5155500	12.2770310
-7.2318630	11.8434260
-5.9793364	9.2189708
0.4401415	14.7473470
2.1323939	12.3505550
4.1715448	0.4731781
14.4172910	5.5198683
7.0569000	-8.9767093
-7.3573439	2.3012359
-6.3849213	-7.6399147
9.9429201	2.7814215
5.0035381	-12.5431130
11.4312230	-16.3620650
4.6175947	-10.0046650
-12.8409830	-10.0810820
-0.9249478	-13.1135630
-13.4867650	-3.9222810
-16.5658590	5.1306723
-11.2320060	2.6866668
-16.8321810	24.5322450
0.8676800	12.7034220
16.4724830	14.7629380
16.9683620	13.0313400
10.6574130	-2.4280207
24.0247750	-12.7244620
0.1674638	-14.2464800
-5.4230170	-18.8802890
-12.7665370	-16.4081050
3.0850790	-5.2511942
-2.4011331	-2.7100435
0.9432673	-2.1344680
5.0511261	15.4721340
11.5435010	5.9496814
13.1292920	-16.0937410
14.5868280	-16.1502460
0.3914500	-23.6624970
-8.5106513	-26.4986440
-13.6557230	-11.0857380
-19.0677800	-5.9803774
-8.3933164	-2.6074438
-18.9902050	4.3905879
-5.2023543	11.1362530
-6.9954277	7.6065479
1.5032028	7.3515520
-8.0678416	12.1856980
7.5973460	15.0389000
6.4244191	11.2984480
3.9776173	19.2790330
-5.1423263	19.4533620
17.3212590	21.5082260
23.9550560	8.7949650
16.6298340	7.5037805
19.4126520	-11.9604570
10.5638960	-15.2041620
1.3208632	-23.5571320
-4.0553875	-23.6387650
-19.6797340	-11.6586260
-19.0142750	-8.3453803
-15.0379830	8.7973856
-5.5531861	14.4458900
-6.5251967	18.2338340
6.6039810	3.6229334
9.6949293	-8.8875931
11.7036940	-15.0054430
2.0332304	-8.2355166
-1.3015417	-3.4961834
1.2076300	2.3765283
-16.2219980	6.5659950
-2.9692096	16.3321010
4.7279999	5.8314756
14.0971870	14.3911880
9.7782552	4.4839382
20.1176160	-16.6728400
8.5488398	-18.4653160
6.6144744	-15.5765600
-12.0670520	-18.4578530
-7.9944637	-13.4970980
-7.8904349	-11.7184570
-5.8330989	-4.3764256
-5.2505501	0.3302486
3.0711131	-2.8233778
0.1572346	-6.6296391
8.6346814	-3.8319691
0.0466308	-8.8062478
2.3351547	-18.1422470
-19.2731880	-15.0420460
-14.4376160	-9.3194650
-16.0045830	8.1043914
-11.6043390	24.1285960
-10.3949400	22.1353570
10.0795410	26.9393030
14.0769960	5.8612350
17.1496440	9.8004469
11.7423020	-2.8168570
-4.4070308	-7.3992230
0.5479471	-1.3223738
-12.2734840	-1.4941695
-7.4365251	5.7331202
6.5108929	18.8158820
5.4271665	9.7128194
12.1495670	5.5069894
11.4461350	6.4098027
-1.1705081	5.1926906
7.6131551	-16.3230970
-4.7576046	-12.5958260
-2.8108922	6.3940397
-10.8222160	-1.3951271
-13.4396850	1.6465705
4.1018246	19.5447660
7.7702341	6.5257941
20.8448300	-1.9867165
24.2235780	4.0642021
5.0308014	-8.9426410
-1.7413609	-18.8435710
-10.6439160	-10.6588510
-1.6566961	-20.2202280
-14.9992940	-4.7470480
-1.4500701	7.7143551
-0.2849576	4.3972756
10.3434040	2.0698798
14.4569260	3.2854539
23.7646670	3.8436818
5.1561399	-19.3144210
7.4415446	-15.0550670
-2.5459442	-14.4361670
-12.9926160	-6.1215162
-21.9217840	-16.1997410
-14.4505150	8.5889141
-7.0564882	3.6023325
-1.7860194	10.2925180
3.7788716	-2.6287434
6.6029655	-7.8821208
-6.1720061	-6.1348333
-3.9904426	-9.6020038
-3.3807380	6.3598524
-7.5057556	9.7458195
-18.0015850	0.7482929
-10.9960640	16.7315140
-7.0318859	9.2990750
9.0786925	6.1746866
7.3462011	12.6761110
11.2622860	-2.9007440
-3.6109860	-6.4834836
-3.0975046	-3.2411960
3.2234178	-11.8758190
-11.1026490	-9.3966142
-10.1025020	2.9120159
-1.2587388	6.8114608
-0.8925403	4.0345551
7.5793375	5.4662094
6.0057136	4.8305939
-1.6293242	-8.3595113
-8.5207233	-14.8016540
-2.3753977	-2.4022479
-14.1722770	-13.4257520
-24.2146220	-8.8641323
-7.9502960	16.6597360
-12.0735980	8.3929337
-10.7180600	12.7956420
-3.9044257	9.7342109
0.2174992	12.0942160
18.3118740	2.5150257
10.3970860	0.5113956
7.6069341	5.6608113
5.1679449	2.2664254
2.4443395	4.1485426
-7.9657994	11.4480760
0.4153127	10.8440340
10.0780560	-1.9780863
6.7797162	12.4820730
16.1523300	-8.1815955
15.6892320	-7.4348915
3.3425734	-16.7259980
-5.1260764	-8.4705443
5.5349024	-3.7750786
1.4656866	-0.3612316
-4.0353185	-4.7461425
3.1661294	5.1434602
-2.4860148	-6.0519709
4.7494911	-5.8169329
3.1961566	-5.3105855
8.3752089	-2.9807380
2.4840482	-10.8389730
8.1751408	-5.8571493
5.6693093	2.6531566
-4.9133092	-4.6592389
-0.7102084	7.4448083
14.7421030	3.8990803
17.6185370	3.1697109
-2.0398250	-14.0766800
11.1882770	-0.4058340
-6.8889665	-17.5754930
-2.5122005	-20.7569980
-9.6236518	-10.4013440
-15.9824390	-3.9974339
-4.2903565	8.6827644
-2.9975345	13.5923090
-9.0701786	-2.2313618
5.9347588	-1.8300463
6.9508889	7.4801167
-7.6481928	8.2822740
4.7703957	-1.0042976
-10.5217130	-5.5854276
-0.0228527	-1.0485374
-9.9806915	7.0136514
-10.0890950	15.6980290
-1.8491150	16.3396820
-2.1025894	-2.4164271
7.2291523	-0.0881013
1.1133752	-5.2592497
4.3264548	-11.7577310
8.5664859	-0.8890248
1.1693227	4.5364512
-1.2753266	5.9894261
1.7559951	-7.9915665
-4.5441959	-0.9865263
8.9515691	-1.8819160
-6.4849826	7.4964470
-3.2687353	7.3385630
3.5557191	-10.4135190
4.2831123	4.5264665
-0.8267722	-1.9405957
-9.7810578	-8.2414909
-7.8812350	-4.2359008
-3.5256970	3.4804021
0.8073568	8.0421381
10.9297630	-2.6181732
8.0103088	-4.8393873
6.2683984	-5.7841757
3.3986010	-4.5211601
13.0011440	-7.2045234
-3.4147399	-0.3019622
0.2454355	2.0870412
-9.8833594	5.8902983
8.7398329	3.8790087
3.6844487	0.6599091
10.4401810	3.3294339
4.4819166	-0.8521603
1.7284891	2.5387251
0.2120053	2.2818916
-10.2280110	-4.9696840
-15.7416900	6.2603533
-0.9647792	0.6188666
5.1335814	14.4395010
-9.5033071	6.2156838
-4.5226109	11.6472920
12.1791990	1.6362673
-0.8138794	-6.1869023
13.5646400	-3.7401232
10.8100500	-1.7704443
-6.8786984	-9.7512922
-9.9210099	-0.9494851
-7.3077318	8.4937429
5.1058502	-0.2785607
0.0470807	-5.1376424
5.4409688	3.6224362
9.1768546	4.7452872
13.7742010	-12.7218120
-5.1858299	-11.9126260
5.2914512	-16.3513100
-6.9693693	-16.1569690
-0.5887981	-11.2227430
-2.7538601	-3.8091925
-6.9320901	5.8557766
-2.5795826	6.9930924
-3.9294897	-1.8248492
-3.3163771	5.3476752
2.5591406	3.0930267
-5.5014441	8.4171842
-5.9552826	-5.0851654
5.5400205	4.3836147
-3.3874193	-2.1656766
-5.0015233	-3.4160406
3.4481613	8.2683837
-8.4402891	-4.4750018
-2.8225208	1.9416974
-1.9297002	-2.0957576
10.2253080	2.4407486
-4.3482360	3.3002014
-2.3088098	0.6647594
5.5260173	-9.8280792
-3.3769974	-3.7998022
3.2380137	9.3733826
5.2900594	-4.8696352
12.0433110	-6.6644364
-2.0595094	8.9990002
1.9701074	-9.7160316
1.8291481	-7.9323555
7.3162751	-12.7322320
4.6775240	4.3402438
-2.4331695	-9.4126886
5.0613692	3.0243304
0.8665269	-5.8329557
-7.2075836	7.9973130
-4.8449235	4.1601220
6.1635023	-5.6661941
8.4376025	-5.7296797
2.4346699	-11.7665470
7.9640235	-2.7071794
7.2342894	-2.7491188
3.2953318	7.6072678
-9.5267629	-0.3374132
-1.1509737	-3.5662573
-3.1690556	6.4867770
11.0750220	6.9378549
6.5277491	9.1447112
10.8197590	-0.4780945
6.7878244	-0.1868799
9.1370537	-7.5051135
-7.5025254	-7.9253326
0.7459407	-0.4722222
3.3061530	0.5734075
-7.7363568	11.1213890
-7.8238786	13.1462650
3.4983584	11.6945870
4.6107451	3.5614191
-2.5664373	-1.1083976
2.9470762	7.1243443
1.1319631	6.8567556
-1.6687133	-7.7064668
9.4738178	7.3303100
6.9218566	-2.3445223
-7.6796926	2.4005185
-6.2595312	5.5851147
10.8408960	0.0647024
-0.1184437	-10.0125930
2.5084803	7.8162722
11.4243800	-9.4701388
3.0854710	-3.8880899
1.3443498	-6.5930762
-5.9483344	-6.8608945
-10.9040610	0.4635552
-9.1621997	9.6060169
-3.7455293	0.0332413
0.9300579	5.5060432
-2.4394109	-5.9687150
4.1333134	3.3666525
4.4504203	4.0167823
-2.9186277	-0.0390589
-9.9208240	-4.5496021
7.2366851	2.7621024
-4.4094917	7.3978834
0.2738790	11.5015410
11.8686530	7.9902432
8.3624633	8.1224255
-3.8056095	-6.8551934
6.9902872	6.3286900
-2.0805315	-0.5460047
-7.4430676	5.5516947
4.4115875	-8.6129021
-1.4659599	-8.5902630
8.3167166	5.2668355
6.5501494	-2.4320220
-9.4899063	-0.1933531
-6.4610370	2.2866513
-5.0552551	5.0699289
-9.2383256	3.0900915
-10.3133790	-3.0073328
-3.4029611	8.6683420
-4.2781316	4.3499050
3.8755637	-5.6446056
-1.1902431	-3.4963365
-0.7303763	3.1864793
-8.6819184	-0.7234310
3.9287579	8.6266753
-3.1113202	7.0736879
7.9573227	-3.5109333
9.0215902	-9.8133616
-3.1623067	2.0922645
5.1752560	-9.0493464
0.9946906	3.3758112
-8.8242081	-10.9536260
-6.8783601	6.6010120
6.1306198	3.8967178
5.5570697	-10.7532850
5.5321891	7.1600913
-3.5196715	-3.6208011
-3.9128264	-10.2635230
4.3481730	9.6040452
7.1888064	-1.5509380
4.1537058	-1.6609740
-0.0084535	9.1518291
-9.0543272	8.7331909
-0.9073967	-7.3522579
10.3690440	8.9320839
5.3627825	-5.8455588
10.2514240	5.3128735
-3.8588843	-4.8265207
8.6318715	-8.2630132
7.7643027	2.7114628
8.5443506	8.3666737
2.8480361	-7.5853002
-7.2676595	-10.7358370
9.5775117	-11.4123960
4.8300941	7.3026030
7.6145264	-8.7300605
6.6115813	7.6062569
-8.0459519	-4.4823562
1.8376858	-2.9258682
-1.6874619	0.5965788
5.6995729	-0.5289157
6.0711669	4.2065596
7.6110304	-9.0379343
7.3819256	1.9395457
-3.2342797	-1.9232661
-3.8401653	7.0850680
4.8541517	-8.2135625
-3.0251198	-2.5854897
10.4269130	1.4103287
-7.3938124	10.6644230
5.4075802	-7.9416808
-1.2065506	7.4384510
5.9887335	0.0269302
11.2201850	2.7910484
-7.2257518	1.4617556
6.9534907	-0.0660599
9.2986790	6.7855221
3.3121449	7.3085910
-6.2944432	0.7026142
1.6607028	0.7831175
8.2612908	-4.4461368
4.2646623	1.4654797
-9.9920765	-9.0295167
5.2975510	10.5508670
5.5934797	1.1938372
-0.7982158	5.2917853
0.1366099	-2.7244556
-0.1490322	-5.5849485
3.0842480	6.3936915
6.1260705	-1.6007347
-3.4104448	7.9885519
-8.6193539	-6.8274182
-5.2224749	2.2127133
2.9948268	2.7643082
1.6224632	-8.2570694
3.7986266	-1.1159993
1.8950540	-10.3498200
1.3162872	-6.9338487
-8.4221959	-7.5074410
5.4533345	-5.8618301
-1.7003549	4.3597042
4.8021955	2.7869633
-7.7275938	-1.8624742
-5.6192429	5.9530847
-3.4898188	7.4741835
-0.6152249	3.4877739
-10.4324340	-3.7351393
-7.0642075	-1.8971353
-3.9814420	4.5401207
-0.8749630	7.8639447
-7.7370286	-3.1672333
5.5762815	4.1426962
8.6416354	7.8847235
4.7449447	-7.2973681
1.7223580	-6.1233604
-2.0945540	8.8981849
1.6238887	7.1303479
10.2240500	8.8340491
10.3122030	0.0780424
9.1465395	4.5506183
-4.5736854	-4.7223121
2.2892625	2.8016229
-3.6160992	2.2324274
-1.1358492	4.1014561
0.1308751	-6.3533734
9.0419242	6.8943514
4.3611109	8.0086112
4.0269179	-4.5017207
-5.3432221	4.6196804
-4.4144483	-6.4807879
8.9615551	-1.7000802
7.8306865	-5.5960611
2.7411442	-8.9205861
5.3941314	-6.1433393
3.8015968	7.1593604
7.4892186	1.3000341
1.8407733	-7.7443137
9.3775710	0.6655258
-4.1381441	-4.5683632
3.8780600	-8.0683955
-8.4440262	7.4820566
-6.6948548	-1.9634711
-3.2463251	2.4217687
10.7700300	-9.0039323
1.5969725	3.0341655
-0.1831034	7.8551271
-0.6293268	-10.3708270
1.6601572	-3.3128872
-9.0233005	3.3263925
3.5734036	1.4467523
-3.5762134	-6.9615586
-6.2118339	4.4666633
-6.1745990	-6.3883337
8.2626966	9.8282387
-2.3653147	-1.8244633
-4.5921811	-0.2819895
-4.1761792	-8.7276252
1.2198868	-0.6142576
-6.6742062	8.6404823
-7.8325933	-8.4745534
7.7491689	4.0412236
0.6629825	6.7277043
2.4985746	5.2001997
-8.6522583	-5.0977953
9.8510505	-7.4302245
11.4992610	9.1816892
2.8115155	-6.7010652
3.4907975	-1.6374211
-1.5374658	-4.7739217
-1.6287919	-8.2468336
-4.1055051	-8.1097715
4.1727881	0.5266856
2.0593779	-9.0730802
2.5935007	8.6931632
-0.7226679	2.4012563
1.7944446	-5.9678816
-0.6870626	-1.2007996
-3.7689371	-7.5695505
-2.2754813	6.2232507
-1.1929208	-2.1215845
-11.0981430	-2.4644268
-8.6746369	7.3573219
6.1350212	10.5295280
-6.7630630	4.2740427
3.1056924	-4.9713921
-2.5454411	3.3753681
1.4571749	-9.8080273
9.5840475	-11.1386070
8.0092247	7.7321572
-3.8610932	0.3856609
-4.3794154	1.0436568
2.9018708	7.7985519
-0.4815001	4.7327554
-9.7977744	9.9219071
8.2202297	-7.1168419
4.3083459	3.9540137
3.6202075	8.6716734
-7.1488018	-8.3084419
-1.6026139	8.6113386
-3.7846196	-5.1746869
-7.2686217	-3.1006225
8.6645975	-2.5255378
-6.9889970	7.3276315
9.7906542	11.8688520
-5.5894657	5.4428310
12.1089980	6.6920055
3.0576692	3.1037602
-4.4212266	2.3552954
-2.1820159	3.7656033
-6.6752063	-8.6577021
8.5029202	-7.3346135
5.5938954	-6.6997277
-3.8420664	-4.9412229
1.0214185	5.4827411
7.0921989	-2.6762309
11.2104680	3.7042773
0.2376196	1.6852636
4.4862208	-9.8314327
-9.9443877	-5.2575029
0.1549433	-3.4870847
-4.8536534	0.8468812
4.5765682	-6.2544036
-1.5684493	-7.5820864
4.4725786	-6.3746615
6.9295857	2.5825120
3.0955257	9.6265256
-3.8854104	-2.3719852
-1.4205064	-5.9308720
-9.4873276	5.8313812
6.9340534	-3.9911208
3.2994409	-0.3646281
-9.5052491	5.0643930
4.8946709	1.0648942
7.1450819	-6.4317215
10.9962220	4.1655816
3.9620269	-9.8737220
1.2622353	-9.9821773
-6.2367874	-2.3103327
-4.9350219	-9.7259664
3.7604534	4.5134955
-0.4523277	-3.8458940
-4.6439270	-0.8507188
7.2657520	11.5547470
6.1817965	2.1404666
9.9749808	-4.0446877
10.4610360	-3.9433567
1.1473178	-8.7588246
4.3678980	-3.9555549
-0.5433596	-8.4504154
-0.8577257	5.1915300
-6.5341583	-7.8825052
-6.1883730	8.3966176
-6.0319874	-6.5647926
-6.1736945	6.8806681
8.1964830	4.8044097
0.7822266	-9.3165194
-9.9866550	-0.7375819
-1.6016609	-8.6680492
8.1414160	-2.8441897
-5.2518006	-1.4379502
6.2463466	4.8153098
-6.7768441	-5.0516158
-4.1965662	-3.7870490
-2.0726166	-0.7249994
3.3254096	-9.1489292
-7.5013466	-0.9211683
9.0049395	-2.8732484
-5.1344185	5.5355337
5.2959414	4.2612041
6.2104814	-1.8580258
-6.7079596	8.7883371
-9.1368770	-3.1059012
-5.8374322	-5.3717843
9.6782997	8.5244097
-7.4619141	3.1565825
4.3222420	-4.0743460
-4.2459625	-8.2119914
-5.9498236	-0.7434160
-2.2316487	1.1104090
-4.4075326	6.1353837
-7.3999210	7.9604571
-0.3506078	-7.8561896
-4.9667253	8.4713156
-5.2224770	9.3933522
-4.7369815	-6.1751037
7.7365596	9.0522574
8.6105737	-4.7442772
1.7193780	-2.4626896
-3.2021053	-8.6498705
2.9724125	-3.1889548
5.3004652	8.2070162
1.3269640	4.9621650
-8.2769738	-9.5515340
5.4603130	2.2148126
2.8511463	-10.7318280
-3.7705406	-9.6919824
-5.7259476	4.8913678
-6.0964070	2.7393080
-4.7183594	4.0332890
4.8192650	7.6330506
1.8437816	-4.3655810
-8.6363594	2.4242489
-3.4610793	-0.7353138
8.5571442	8.4279440
-3.0522759	0.4214823
-1.5857196	1.4085330
6.7381029	-3.4010803
-11.3093070	-5.7801385
8.3158610	9.9374885
-6.7427021	8.0415891
0.6091101	8.0668740
-0.0944754	0.2520471
-2.4402490	-5.3468799
-4.2284165	3.8245698
3.3273931	-5.5174155
2.9245976	6.9659477
-10.4269350	3.2224188
-0.1273334	-3.2130659
4.6093126	3.4398022
-1.8859916	4.5140892
1.7414302	-2.3823481
1.3207672	3.0057692
2.9677113	-3.6683196
0.6005477	-3.5776043
5.4116865	7.3608691
8.4183462	-0.6592604
3.9186525	-0.1401733
7.5367510	10.1296310
6.4495777	6.6129379
1.3083415	-5.0877022
-8.3989651	5.0435525
7.7592051	1.9302589
-6.6172085	-1.0875195
-7.4947989	3.5045973
-3.6506030	-9.7072028
-5.5583431	-0.4574832
3.2376354	1.3276890
3.1423892	1.9000965
3.9400470	-5.0577449
5.9201084	-8.4302393
-3.6262547	-2.6959448
-5.1114408	8.6116175
1.0571905	4.8857957
3.0686602	7.4328393
-0.1554758	-0.9456731
1.8451015	-1.0426356
-3.2320603	-9.2639961
2.1002646	-4.6523536
-1.2749848	1.0723641
7.8114442	2.2485182
7.1480175	-7.7579742
-4.8768090	1.5482192
0.9134564	-7.4997287
3.5906863	-5.5961756
-3.3006997	1.4579787
6.1749789	9.4871477
-6.0629713	-0.6372656
-3.9499801	-6.0053847
-2.3029354	5.5182614
7.4778857	-5.6573865
-7.9396917	-1.3015980
-0.8314601	-8.5248895
2.6320285	-5.5433210
7.8894893	1.6771795
-10.7440520	-7.8363175
2.1033368	-9.4277696
-0.4713711	-5.7599173
-6.5292312	4.4739100
2.2708273	-0.3184225
8.2858494	0.3918661
-2.0557545	-9.1481351
4.3165190	8.2231691
2.2547863	1.5567585
2.3892552	8.7292666
3.5134302	7.7641658
-9.5375345	0.7508155
-5.8853162	6.0081551
9.1221144	-7.6856673
-3.5784513	8.8857621
-3.1966865	-8.6980666
5.5198057	8.7545194
-5.3041067	-2.4541600
9.1084806	-2.9199751
2.8351057	3.7396248
-2.2796401	-2.8031775
-2.0294892	-7.4702416
-6.9700596	8.2688730
2.9722152	0.5352956
-4.8433488	5.0881701
-7.7241994	1.6760696
10.4719750	2.5474103
-5.8805372	0.3871602
-7.6134599	0.6889436
-3.9866658	-5.4416714
-8.5051543	-3.6469088
-1.8817194	5.1828973
-2.6888787	3.9546375
5.6810609	-6.6549195
1.8931904	3.1819531
-6.5520730	-9.7475154
-1.7727195	-7.7784740
-3.3114978	-3.8485933
4.5643580	2.0291131
-9.7803607	-3.9525410
3.6681948	1.0589768
-5.6737113	-8.6827054
3.8762333	8.8325548
6.0257537	4.7440411
-3.4634818	-1.5292914
-2.1306446	-1.5717443
0.7538046	5.4811112
-6.8960773	4.9178062
8.6548583	7.0163672
6.0284105	-4.0128717
-2.4985081	-2.9458184
0.7488595	7.6309728
-1.4418473	-7.5950623
0.8461445	-8.6661060
7.4640292	-1.1180805
2.7674696	-2.2907841
-9.5029279	-7.5822565
6.9750733	-3.6709410
-4.5970313	-8.3076879
6.3100805	7.8272219
-0.5865077	-3.2578965
-6.4553141	-2.8897536
5.5711017	-4.9254491
4.3824660	-0.2331120
-1.6323948	9.1837837
7.5003324	-5.8267293
-2.9034177	4.0472711
4.4093225	-9.2766345
-4.4000573	-4.6651637
-7.1512108	8.8730727
-0.6097023	-1.0053667
-9.8785636	-7.9745554
3.0537405	3.0199550
4.3505693	-5.0089556
-7.8964841	-0.1973019
2.6058151	7.0577356
-4.9378659	1.9393316
-0.0053216	1.6194122
2.9113404	1.2994608
-5.5204769	0.8553943
4.0593151	3.7828860
9.2521215	7.6980155
8.6291174	8.8425080
2.8473843	-3.5329699
8.9690841	-8.1206917
-1.6025822	-0.8332551
7.6628018	9.3710024
5.5952511	0.0253613
4.2001421	-9.1391797
5.0228586	9.8353675
-7.6092929	5.3390726
-8.8254927	-7.6253095
7.1955674	0.3621674
9.4279722	-1.7531307
-5.6942190	6.3198289
-7.5417827	-2.9485842
4.4453282	5.2018027
-8.3038666	-8.4719050
-8.4872812	9.4339107
7.4679873	4.6463613
-6.0242177	-4.8574701
1.5612336	1.3516418
5.2272427	8.4492906
3.8154582	-2.3667140
2.9028500	-8.2442598
-7.9612907	-4.8007110
-8.7853016	5.2087522
5.8206670	-3.7488183
0.2437158	2.4771921
-0.3480596	-3.0906977
5.4487380	-6.1843068
7.9270448	3.6183995
-5.4022058	-8.7026704
-1.7747614	2.8999245
-0.4851989	7.0536864
0.3580884	-9.2868339
1.8512339	-7.4301495
-1.0673146	2.7111607
-9.7234151	-0.3421508
5.4739080	-0.5076590
3.9371760	5.3354142
-1.2081004	9.3887367
-3.8088376	1.0772792
-5.2241087	-2.5006514
0.9648413	-0.3437550
1.1563906	-5.0067043
8.8425128	-8.9663857
-6.9321967	-4.1610228
8.1518601	-4.9236655
0.3730513	7.2297933
-1.4795625	1.8759287
6.1569194	-0.5939549
8.2072870	7.1039503
-4.7980729	0.3428201
5.4925869	2.3488562
1.7180418	0.4000274
8.5079883	9.4167625
-3.5880906	2.8625771
-2.8488776	-8.9685271
-3.4194724	8.7577631
1.5046979	2.6618767
-6.0137070	1.9382241
1.1494838	-9.0229359
0.8727757	2.8246996
7.6144597	7.7499892
-2.1556715	-1.0532068
0.7831207	0.6106726
-7.3201845	-9.6297013
5.7285123	-9.1896457
-7.8361174	5.2611212
9.0681460	-0.8129157
-2.4930064	-6.6029319
-5.3025807	-6.2299237
9.2570797	-4.7250276
9.0120010	7.4237539
-6.9361872	-0.5467855
0.9414639	-0.5203950
-6.2737885	-8.6663656
5.0104628	8.5111075
8.5565933	1.9428151
-9.1553865	0.3574097
3.1636549	-4.0670147
9.4083798	-3.0677244
-4.5166740	-2.2986036
-4.8952267	0.9620869
-7.4353267	-4.7947844
-0.0629549	1.2927483
-1.4032301	1.2715470
-9.8615959	-2.8137880
-1.7836462	6.4082630
-8.7690608	9.2667411
-5.4685510	-2.3012633
-4.7188713	4.8234861
2.2023487	-6.9789139
-3.1175717	0.9460227
6.5779315	-7.0692138
9.3016029	3.7665836
-8.5969531	3.3229312
1.1983750	-6.6037157
1.2192587	-8.3501578
-8.5086507	-4.8990601
-5.7652259	-6.8925780
9.6481308	0.6166509
-4.2226900	8.8414456
3.3857370	-4.2019321
-0.8167682	-3.4174331
-9.1072927	-7.8016974
2.1549487	-3.5747776
6.3717683	-2.7487167
-3.6655529	1.9853865
4.4489155	-3.4091433
5.6024609	3.8610566
0.3575713	5.1484091
-2.2863102	5.0393852
1.3661059	5.5491388
-4.8196449	-3.1905038
-9.5028670	-9.2983626
6.9743640	7.9810770
-1.9827728	2.9993067
-6.3900636	3.5530684
8.9972383	-7.9561480
-9.6804678	-7.5831039
-9.1203450	5.1425444
-0.7185857	-2.4920224
5.8993704	-1.2105717
7.6806982	-6.2776451
-3.7129013	3.4720674
7.6706257	-0.8083214
-1.8808701	0.1736927
2.7770438	8.2868072
3.7024506	-3.5383152
-2.8776451	-8.7853590
4.3901648	8.8787071
0.5463985	0.6779079
-4.2865188	3.4123472
-3.2478659	-2.6929085
5.3029898	-5.1716674
7.2872760	-1.6625992
-5.3462454	-5.8557245
2.7870023	-1.7716257
4.7854648	0.2878398
-3.0033952	3.0686415
1.6754666	7.9539597
-5.5877574	-2.3591560
-2.2899597	-1.3391767
-7.1912961	-0.9185433
-7.7229975	4.3257540
2.4648464	5.9767160
-4.7144440	-2.3703148
9.7870046	4.7466561
-9.7236836	-8.9481352
-1.6740940	4.0216171
-1.4674840	-6.1857609
7.1425781	-6.4393255
-8.6130641	5.2978707
3.4971820	2.3015233
6.4739421	-3.5969339
9.5302981	2.7560953
7.1241916	8.0570197
-5.8031204	2.6797792
1.2993807	4.6254172
-3.4749357	-4.6324106
-7.5022606	4.3599451
-2.1232791	9.9631600
1.5866201	-2.0670182
-3.6300895	-9.7323343
-1.3616733	1.2402361
8.4935549	-5.5049258
-0.5933302	-3.7414411
0.8038880	-8.9618982
-9.6023833	-1.0586505
1.6035174	7.7866625
7.7032966	-4.7439702
2.3333065	-0.5007833
-1.2449713	-9.0777769
-5.9415308	4.9486528
-5.5324349	6.5207709
-1.1785073	6.1199930
5.4650027	9.9129049
8.9027822	-3.0344135
-3.7514210	8.5021262
7.9674062	9.7420263
2.0311279	0.3670685
-5.3213644	-9.0854208
3.8918476	-2.7787711
1.9120107	-3.2196421
0.8153320	-2.9271607
7.9127417	-4.1219801
2.4898855	8.4745022
-3.8573826	5.7099912
-8.5811252	5.1109204
-3.7118730	5.5186364
-8.5127210	9.6882176
7.3810528	-0.4591727
-8.9243959	8.7347691
5.6777605	9.6252054
5.5620090	-4.6123854
-1.2588613	-8.2041984
-8.5787183	-3.8060154
-8.6806107	8.8144673
7.1927448	4.1222764
0.3780300	-1.3186278
1.1854210	-1.4371120
0.2687395	2.0313234
1.1306016	6.5636353
8.3054714	8.6434013
-4.8525531	-2.5097249
6.1151472	-7.3667913
-7.3679057	-8.6470525
8.8900335	5.1832141
0.4588665	-9.9069775
-5.4531963	-2.3809058
4.1129351	4.8813797
9.9225744	-9.8075439
-7.8966066	6.9918404
-0.8430513	2.6513958
5.1838851	-3.4276668
-2.6450347	8.0015170
-8.3499641	4.5496227
-0.3620408	-8.8432166
-2.2195647	6.9472236
0.6692763	-0.2808088
3.6097278	-2.5835332
4.0158548	-4.3470164
5.5894602	-1.6835682
-6.8796870	9.4402732
-1.5420140	-7.0281553
-0.0866751	-9.4834398
-4.1998454	3.7051749
9.2609372	1.2183208
3.6564559	5.5604404
0.5689976	6.1681972
-0.2903179	4.1269034
0.3310363	-2.8220887
1.0014307	9.8909889
-6.5789515	-4.9134282
-3.0768869	-1.5546961
-3.6935768	7.3542416
5.7944589	6.3215111
6.5773386	1.5428475
-2.9326313	3.7451577
0.2891759	6.8541079
2.9633194	-6.4614325
-4.2551974	-2.8328022
-4.5175994	6.0071770
2.6816336	8.0898912
6.8321265	7.1330686
-8.8892886	8.2822916
-8.2230635	-9.2487471
-9.8378970	-3.1613808
2.6342326	1.3371549
8.0453754	-0.3970900
-3.9610686	9.4599552
-8.7665449	-7.2090229
-3.4809523	-9.0134292
-5.9195996	2.6451238
-5.8915446	1.1926618
-5.1449287	-0.4335727
9.4432425	-0.9785207
8.7913168	-1.9866744
-9.3273601	4.2783955
-7.2219803	6.1231011
-1.4847954	-5.0507884
-9.2313600	-4.8089884
-5.6441279	7.2159549
2.8171350	-9.3986809
-9.2451077	-8.8906859
6.7179940	-3.5997694
-2.9722029	-9.6288594
-7.0824203	7.7155069
-1.8544603	-4.1097786
8.9703193	-6.2424319
3.2001214	7.2246791
3.6774373	10.0769870
5.3228596	4.1168067
-5.6412516	-5.2728166
9.5382286	8.8040798
-8.4872564	5.8901742
7.3188999	-9.4857547
-6.3182371	8.4194781
-3.4042578	-8.8324057
-2.5996898	-2.3761598
-6.5424429	3.1502749
-4.4239113	3.9491000
7.4665119	7.7630204
4.0989769	-1.9791082
2.1579934	-5.0580260
-3.0038865	0.1467247
0.9002742	9.6445349
0.4096253	8.6234757
0.1523198	3.4992961
5.7526844	-2.2899919
-4.9548604	-2.9804302
-2.0473121	3.4146172
2.3877835	3.7364559
-2.2893491	6.5617545
1.7097735	-8.7294197
-3.2834843	6.4186199
2.3911263	5.4424957
1.1130416	9.1032781
-4.4627216	-6.0915390
-7.4451800	-4.7299705
-5.5561489	0.1370480
1.6677941	-4.8106756
2.2434516	-4.9770050
-8.5836445	4.6349736
5.1442669	7.8016259
-0.6618308	8.8736952
-2.7615758	9.4353203
-2.4925818	8.5046189
-7.5768580	-9.1204108
-2.0181000	-3.4843005
-1.7804907	-0.1176102
-7.2700611	-8.7818561
9.2854852	7.8421336
-7.9945677	-9.2145200
0.7937777	9.2673349
0.3581712	8.0224112
5.9859520	-9.4007607
2.6699286	7.3962340
-0.1119736	-3.4991894
7.9343443	-4.5729784
-4.2941130	-3.1073850
-7.9633663	-5.6485353
7.3532525	9.2476334
-4.5013261	5.2054679
-5.2986827	6.5016233
0.5084059	2.5321010
-1.3182322	1.8208259
-2.1383777	-9.7519352
2.4272690	-2.1760941
2.5981482	7.6942792
5.2522242	-1.3902593
1.2679000	-8.6001697
-4.9502117	-5.0530000
2.0269878	0.6539665
7.8949269	-4.1600187
-4.5126567	4.0524037
-0.4803019	1.6933977
-9.1002262	6.5115257
4.0065593	-8.9839871
9.1467143	-1.5760272
5.4725628	-7.9214773
-0.4320538	-1.3589594
-3.8961397	-2.7948895
-7.3871629	5.2332821
-4.3058375	-8.3093193
-3.6390180	1.1442655
-8.8985414	6.5680267
9.3821482	-2.8371476
3.7423662	0.0933899
8.6553458	8.3779810
9.6349035	1.8859862
6.9185603	-2.9565428
2.1215841	-0.8810563
-4.8531579	-0.8182887
7.3715240	8.6531826
-4.7161553	-4.9971273
-9.3415252	-9.7047179
7.0964216	-6.8311871
8.4359628	3.4968471
5.6565382	4.0354743
-3.9985683	7.7797413
7.4145305	6.5176375
1.5079577	-9.0803602
-9.1859686	-2.3722743
8.2234733	9.6051982
8.4984174	9.9194936
-4.4679259	-8.5149475
7.2324126	-5.7915536
-5.7388596	-8.1500289
-5.0349185	9.8294656
-4.9831641	2.8870708
4.0013643	9.3429589
7.5883841	8.7512386
-0.0434267	-5.1687023
7.2803915	-6.6587257
-4.3014250	-2.7280289
-2.2968902	-7.1608876
8.4025570	3.2638930
-7.3416935	0.1135624
-0.8258404	6.3817866
4.0793279	-9.3749629
-1.0930109	6.9024254
-4.0221740	-5.7660339
3.7348410	-0.8146963
-7.8936998	-8.5139153
9.5459977	-6.1521237
-8.4420061	6.9458337
3.7463676	-2.7736215
9.6848917	-2.7018062
-6.9220591	3.8068826
-8.1171087	-0.9668972
-9.0405232	-0.4419779
-2.6710267	3.9110721
5.1315747	3.5846470
-7.1573615	-6.3476661
6.3286675	5.5986075
-4.7059571	-1.9193196
0.1302243	-0.4500084
-8.7569587	5.6023921
-5.8654708	2.4027247
7.5349748	4.0934319
-3.6394497	-3.3404974
-5.3804572	3.2316569
-0.1050410	-3.1956150
2.0813107	-5.7839962
4.3927210	-4.3248462
0.8861422	9.5532487
5.5034801	-6.0512735
-6.2389208	5.7870291
7.1087235	7.5786403
-6.2420854	6.8316844
-6.4234454	5.9586256
-7.0079927	4.2890765
5.6153151	-5.0024120
0.3483701	8.6412936
6.0967466	-4.5765613
6.9872136	7.7701136
8.5848591	1.2153959
3.6879489	3.9198663
3.5757493	-10.0835980
6.3311736	9.1083161
-4.5315592	-0.7989416
-1.6161315	9.2199776
-2.8208984	9.7811079
1.1687283	-2.1931732
-9.2374902	2.9318834
0.9534947	-1.8713642
-2.8262954	9.2035610
4.7403137	-6.5044526
-4.4140515	7.7302296
-6.2295561	-5.3200936
7.0974943	7.8569372
-6.5457976	1.6256763
-6.2564257	4.7153584
-1.6705780	2.5390506
3.5319251	-2.5800003
2.9114143	5.2570783
4.2268819	-6.7288640
-8.7801541	-2.7713180
-5.0268698	6.3546709
-6.2835828	6.2708319
3.0284964	4.0036076
3.0139177	-4.2577226
6.6999492	0.6846193
6.8128146	-9.1315587
-5.0955578	-4.6673551
8.0255554	-7.4863698
0.6771086	-5.4890248
9.6108872	1.5909174
9.0930471	9.0542298
-2.2021504	8.2078752
4.7035136	5.5989298
-9.9638029	8.3184229
2.3956140	-8.3368994
9.4620100	1.4480869
-7.5369605	-7.7446735
-2.5222047	3.0550557
5.2604599	5.3171755
8.1340777	7.3873003
0.5980922	6.3507513
8.3831581	-2.3952532
-1.0513595	-8.6941786
9.0607344	-7.3510224
-2.6305586	-2.6985346
-6.7145344	6.8936346
9.6616422	5.1101922
8.8350932	-4.8130608
-8.1505933	0.4972598
-1.3478185	2.0327339
7.5750155	-0.2467518
-1.6662375	-5.6343145
-5.6875648	-3.1111252
-9.8636647	1.3688748
4.0255944	-1.1309425
-6.0998088	-7.0945506
2.2364984	-3.0914023
7.8513471	3.4781981
6.9543480	7.1588576
-8.4833828	8.2195937
0.5357994	8.1852936
1.4600324	1.1964765
-8.8567073	4.6594230
0.3163499	-9.5546642
7.9999616	7.1148720
-1.9882603	1.7137132
-6.2748067	4.2792106
8.5487163	-8.5700681
-0.8500642	-4.1917758
2.5510918	-7.2924731
8.6109795	-5.7110085
-8.1807245	-6.5614904
5.2175211	-2.9184736
-3.2695499	5.4698683
-6.1751537	7.2548105
0.2280090	-6.7095026
2.2500686	-3.6672545
-6.1454969	2.5759316
7.2695849	-2.7766159
2.8827611	-5.5201307
3.1753363	-7.7424811
-0.2934384	-6.8190632
-9.7058688	-4.2217696
5.6628365	-6.3747266
5.2456073	7.7195374
-9.0282256	1.2503253
6.9844061	7.5107553
3.3735788	-9.2979394
6.8617719	7.4433822
-7.5821590	-6.3016505
-9.8879837	-5.0700831
-0.4698943	-1.4903413
-7.3796462	9.9556960
7.7567314	4.1902975
3.9025765	-9.9613266
2.0806308	3.4090746
9.9555744	0.8195477
6.0680986	2.9627299
-5.9251040	-9.8451352
-1.5355487	7.9679940
6.5476357	-6.7033169
9.9457170	-4.6162044
-1.4779602	-3.3247928
5.8096225	0.8257772
0.1603791	-0.8491369
4.0129115	8.0513859
5.2209317	4.0214172
-5.5494950	5.5764116
-7.0479332	-0.9648049
-6.3697314	1.1527841
-6.6921647	5.2079450
6.8356086	-9.1157068
-2.6343584	-1.8926955
5.8617120	2.7023823
-3.3476775	-7.0913211
-5.5792549	2.3900551
-6.9085791	0.2968645
-3.1744144	-0.0010541
-1.1605949	-8.5115530
-0.5486642	-0.4387616
-0.9689435	-6.6629032
3.1276810	-8.8087965
-1.5620572	3.4837869
1.8083114	-5.1344341
4.8035478	3.7367390
-2.9224983	-9.2771870
3.2938628	7.4929020
-5.8549925	-7.2545068
4.9586717	-6.1173920
-4.4891789	3.5399851
4.4020004	-0.8900611
-2.9221593	-3.4037121
-1.4756703	-1.6264814
-9.6158022	-6.4937771
7.7168084	-4.6739269
-2.6881085	-2.6980267
-6.0261194	1.2393291
-4.6921192	6.8572663
-8.4202099	-7.8477362
-5.2576116	-4.5877075
7.9655706	7.9920692
3.1074502	1.8321518
5.0605428	5.9879436
8.1545494	-6.3947182
-0.1657197	-3.7636177
-9.7019339	-8.9812199
4.3150765	5.0559625
-0.9154527	-7.3949796
9.7829628	7.3680672
5.0986511	-7.0274856
6.8557444	6.8471571
-1.1575204	-2.5611951
7.5839536	4.9337450
-3.6069401	-7.2374350
-8.2904451	7.5796065
-0.2214679	8.9012541
-5.3999174	-0.1118677
3.8653742	1.8453322
-0.2726391	-6.8878427
2.1672336	1.3401404
9.8713593	-8.9888371
-3.0846109	7.1560348
8.9105102	-1.9586168
-9.5194805	6.3340619
-7.3462059	6.0663770
-3.7558156	-1.4076388
7.8189369	6.6929170
1.2722410	-6.6383648
4.4727418	-4.3255929
-6.0965406	6.4989556
-0.4304656	-9.2468460
-4.9539678	-4.1975710
5.5602794	7.4702143
9.5940380	7.9579572
4.0858148	-9.4670114
-7.7318128	5.3318206
0.5899634	-0.8428649
-6.8099826	-7.7604262
-2.1106275	-2.8177723
-3.8968511	9.1429256
1.9791764	-4.7417393
5.0204880	1.8240929
9.8140517	-8.8724170
8.4043394	-0.9940765
-5.0940904	3.5555212
9.3551926	4.0104189
5.2378068	1.4653934
-4.7649337	-7.6959075
2.0057501	-8.2445659
-9.4666905	7.1585813
0.2821815	6.8895388
-2.9411978	7.3537715
-0.1686865	-4.7558110
7.0305228	6.3500578
6.8323588	-8.0172172
-0.0797257	-7.7489273
6.4524075	0.8196152
6.0005520	5.2045199
2.9211430	-9.6397123
2.7073015	3.4773914
-5.0716616	-0.7610855
-3.5119660	8.3654302
-8.4376122	2.7507575
6.3940236	3.6076718
-9.1343688	-5.2682482
-1.0134015	6.3025898
0.4942086	-4.1912871
8.2403500	-8.5903543
-7.4590274	-3.2032338
0.0470900	0.6408997
2.9621068	-1.4719993
1.7628679	-3.4057526
-2.4271545	-2.1678525
2.3618515	4.5068412
-6.2514825	4.7711868
9.7203629	3.8904816
-3.2599855	-5.1275248
-0.6078011	-7.2833285
-7.9181410	-3.3632069
-7.8412530	6.7269665
0.1877827	4.7613964
1.8472487	-8.4612931
8.5641680	6.5816095
-9.9438320	1.9618330
-7.9434839	-7.5461798
-7.5131656	9.2941931
-5.2280437	-5.5383249
7.0834628	-5.5061620
4.9472799	1.3513290
1.6640980	-9.5114531
9.0361847	-8.6326507
-3.3730375	8.8150308
-1.9852061	-3.5065819
1.4293743	-5.7228798
7.5258611	-7.2830913
9.8142726	4.0277113
2.8362913	5.5359403
-1.2157939	9.4484852
9.6403768	-8.5801924
-3.7009363	-1.5173368
7.0395834	-5.1391078
-0.2745272	-9.6928716
-4.4648522	8.8988619
-7.5791093	-2.0129166
5.4368947	7.4233818
3.3806824	-0.1655114
5.8691888	-7.7080985
2.0781251	4.7710744
-0.8843689	-2.9697475
-2.3780620	3.8079007
1.8016164	-3.9214486
-8.6139050	4.8172074
6.5027952	2.5283160
1.9742307	-0.7728454
-5.7635983	2.1134053
-0.0175136	7.6670681
-9.1309561	4.7749698
0.8865493	1.2579437
6.9272909	-2.0897299
5.1888117	-5.9985647
6.8630377	5.6214479
-0.8742856	1.8314640
-9.5033676	7.6031533
8.4954425	-5.3138535
-0.9092329	2.2541676
-3.0048021	5.1017903
5.4992517	1.7043224
-5.6846409	7.2400732
5.9188781	-6.0831464
-7.0831294	4.0785749
9.2808352	-2.8711240
5.6041645	7.5436864
-8.3308750	-3.3429092
-0.0724939	-2.4475208
-4.6602660	-6.9236455
1.1709769	1.3083792
-8.0134055	-5.0817433
-7.0379198	-4.6083677
7.6083475	8.9911546
4.3453393	7.0912154
6.4044400	3.5030552
5.5821052	-6.7990920
0.8007945	-8.2014604
-9.0633311	-1.6544988
-2.8244783	4.9932517
2.8987888	-6.3109454
9.3984753	2.1791199
-2.6647889	-2.6441502
-7.8269864	-9.8585121
3.6641647	4.3032763
7.7738651	-0.5322321
-5.1355906	9.9070173
-0.2414622	4.8102868
-3.3725193	8.9130175
-2.3054403	-7.1795511
-0.9106675	-6.4808898
-2.1744273	8.9675625
7.1698757	-8.5535347
-1.7037102	0.1946871
7.5289041	-1.8153574
-4.3880767	5.0585262
-5.4766640	4.4762900
3.0720245	6.4478823
3.1231845	6.1863652
3.7363235	2.2943720
4.3762329	1.6864388
0.2879721	9.5214718
1.7367537	1.5556546
3.2548932	9.1628691
3.8420370	-2.4101312
-8.6597954	9.4032582
-3.6030098	2.0303115
-1.0666168	2.5939841
-3.3174460	-8.6441152
-6.9158515	-0.5332496
-1.6752646	-5.9093326
8.5522309	9.5191424
-0.7413278	-5.5240933
2.1687627	3.8087630
8.7802045	5.1383324
-6.7825752	-1.9812495
-3.6354645	-5.1144630
-5.8298489	8.4952360
-9.2717770	5.9143824
6.1721380	6.4552887
-3.3624358	8.7555237
-9.0433571	9.7623257
7.2213170	-2.2464582
-2.7855460	-8.9486447
9.7930189	-6.1625256
-5.1268326	9.9332712
-7.1388003	9.8376819
3.2613824	-3.2815419
-3.4970143	6.2312236
2.3153373	-8.9021628
1.8314083	-9.0778179
-5.1333075	5.5932518
7.1887216	6.6994275
-0.3780503	9.3211297
5.4199020	-9.5134305
-8.8821734	2.6579187
0.0487236	-3.4745754
-6.0786052	4.3548472
9.3114586	5.7710147
0.9520538	-2.9171357
2.7073886	1.6106320
1.0913442	4.1860813
3.4028379	7.3943310
-9.2994008	-0.7859794
3.6298649	-2.2614115
0.6993988	5.4353815
1.1537793	1.3752546
9.0542783	-1.9910408
0.0585532	2.1664090
8.1161824	-6.8870437
1.3766412	7.3020025
-7.4292457	-7.9070896
-9.3366167	-2.1815235
-6.3174833	-1.3703728
-0.4101638	0.3390609
-4.2407832	-2.3216141
-8.1271565	9.2080954
-8.0022140	-9.2699890
-2.0391326	-1.8175009
0.8046904	-1.8451674
-3.2732536	-4.6716644
9.0002502	5.2756233
-7.5879309	-4.6864839
-5.3119352	-5.2979388
-0.5533334	-5.9429991
9.3303635	-4.1886180
8.0234143	6.8120001
-7.4022643	6.2001943
-4.7522153	-8.0551777
-9.1907587	-8.1459586
9.1636870	-1.2093964
-9.2877306	-2.7982676
-5.8536576	7.2103246
-1.3699809	5.3577970
7.4936074	3.9103636
-9.0013695	-4.5485516
-3.8430706	9.7978709
6.5828020	7.8274681
-8.2656681	3.8495604
5.1076344	-4.6129114
5.5441279	-2.3009425
-0.7679465	-9.0591375
-6.3436906	6.6003614
2.2226366	-0.6122880
-3.2266020	-8.5062426
0.1377023	-4.1651224
-6.6919982	7.7134271
8.2459115	-6.4109601
-6.1458252	-9.4120293
-3.6307544	4.9145500
-2.6286604	4.1880454
-4.3496658	0.0421023
9.1134686	9.7708166
3.4657823	9.9933748
8.5997078	-9.7131562
4.2503742	-8.9550866
-0.9235147	0.9576066
0.6086606	4.7610154
1.0213354	5.3669939
-3.6890428	-1.7294499
-1.3743835	5.2972963
-9.7568559	-1.6259143
7.9953674	7.1153893
1.3280999	-3.9019417
0.4118859	-3.9350536
6.6459669	-8.9154979
-6.3879082	2.6279121
-0.1954085	0.8420283
-4.6366697	6.0105022
-2.7312810	1.6699022
5.1228374	5.0329418
-0.0532676	0.6897377
-4.7032156	-1.5081736
-3.9497081	-2.6007819
-0.1715603	4.2999525
7.6078227	4.6337003
2.1183103	-4.7342473
-6.7389242	-9.7786920
-8.8207120	9.1839584
-1.8643704	-8.9423575
2.4394750	2.7500610
6.2955406	2.8100765
-1.3757659	-2.9477088
7.4478077	-9.9251528
5.9530526	9.4544209
-6.6800618	4.5769140
2.6434664	6.5453442
6.9412838	-3.4848238
-2.3125919	-3.4420814
7.6832514	-2.7646157
-8.3395580	-5.7666109
6.9314795	-2.3157792
-1.0477850	-8.0495869
-2.4138904	4.8394154
8.5340758	-1.2759876
7.7535840	3.3743471
0.5927832	5.6580056
-6.9052509	2.9099389
-7.3532526	0.8975570
-6.6930388	-4.6539408
9.4582056	3.0106181
-8.7150238	5.4194099
6.6748982	-5.6730170
9.3216840	-7.2738840
-8.9512051	0.3260768
-7.4016994	-1.7071640
-8.4481012	-8.7728540
-2.1969517	-3.4661247
8.4893635	-0.6122461
-4.7947149	3.8362690
-1.1108011	-5.5166143
1.2888519	-9.7418615
-6.7097870	1.6017402
6.3182882	9.2070320
-4.1109911	4.8256708
3.8949752	-6.0232443
7.9220923	5.6145061
-6.3451473	9.3976316
-6.0911101	6.9132594
9.3452961	-0.1883990
-5.1044872	-8.0939437
-8.4507648	-7.1964994
9.6173756	-5.0371377
8.3347236	0.4055190
2.1172020	3.2873486
-7.3659158	-5.9890141
-0.1540806	4.1567966
-5.8640765	-9.3504833
4.6282813	5.0862852
-4.3355369	6.2681345
8.6101214	8.1369023
-7.4527240	6.0187062
-4.5336120	-5.0412700
6.6773842	-4.0687799
-4.2961271	-1.7611755
-1.5781616	-1.0069229
-9.7265486	8.3587591
-8.7107114	-7.2455570
-7.3290040	0.8643821
6.0142128	-6.2519983
-7.7342853	-5.5525917
3.6128075	-1.5076423
-1.9570486	9.7987106
5.0021111	2.7162574
7.4495115	-9.9458771
9.4743066	2.6520394
9.3565898	0.6245333
-3.7168680	6.7109933
3.0834522	5.1186250
-5.1835893	8.8304000
-9.4013455	-7.0734134
8.3796655	-7.9928841
9.5272399	9.6637361
-1.2420467	2.6571078
-5.0940218	-4.6061241
-4.4680825	2.9706644
4.0098811	-7.3975483
-5.8237417	-0.0573660
7.9017990	-7.8039025
7.9679162	8.9893901
6.2180516	9.1630256
-6.0709567	-3.6845616
-7.5333895	8.6929168
3.8164853	8.2091400
8.9682381	-6.8958871
-7.8688456	-3.2470340
