jMRUI Data Textfile

Filename: Ala.txt

PointsInDataset: 2048      
DatasetsInFile: 1         
SamplingInterval: 2.5E-1    
ZeroOrderPhase: 0E0       
BeginTime: 0E0       
TransmitterFrequency: 1.2322E8  
MagneticField: 2.9E0     
TypeOfNucleus: 0E0       
NameOfPatient: Ala
DateOfExperiment: 
Spectrometer: 
AdditionalInfo: Ala
SignalNames: Ala.txt;


Signal and FFT
sig(real)	sig(imag)	fft(real)	fft(imag)
Signal 1 out of 1 in file
2.7694800	0.0349232
2.3288200	-1.4254200
1.1475700	-2.3524000
-0.3104990	-2.4266600
-1.4957700	-1.6709100
-1.9943800	-0.4209810
-1.6773200	0.8268160
-0.7233910	1.6153700
0.4755850	1.6878800
1.4724300	1.0562200
1.9184100	-0.0298199
1.6653600	-1.1827800
0.7980070	-2.0055400
-0.3995240	-2.2118500
-1.5302500	-1.7144500
-2.2064400	-0.6605090
-2.1805900	0.6023700
-1.4448900	1.6333900
-0.2549170	2.0554900
0.9486390	1.7075400
1.7042500	0.7242630
1.7179900	-0.5031080
0.9919020	-1.4803400
-0.1718480	-1.8151200
-1.2978800	-1.3807700
-1.9384900	-0.3628580
-1.8556100	0.8294520
-1.1036700	1.7408900
0.0144358	2.0513800
1.0850800	1.6841800
1.7457700	0.8075840
1.8045100	-0.2516680
1.2827900	-1.1340200
0.3859040	-1.5622900
-0.5737450	-1.4169100
-1.2726900	-0.7625670
-1.4714700	0.1719960
-1.0914700	1.0582700
-0.2525840	1.5690200
0.7504840	1.4942500
1.5415500	0.8322640
1.8037100	-0.1895030
1.4139200	-1.1881700
0.5071900	-1.7750700
-0.5687310	-1.7197300
-1.3961000	-1.0513400
-1.6640500	-0.0462877
-1.2965700	0.8937030
-0.4731720	1.4138400
0.4616790	1.3472600
1.1498000	0.7643120
1.3581500	-0.0802595
1.0488200	-0.8640880
0.3654740	-1.3189400
-0.4393790	-1.3109500
-1.0960900	-0.8634230
-1.3967000	-0.1328060
-1.2474100	0.6432250
-0.6928350	1.2119000
0.0906527	1.3779800
0.8387810	1.0711200
1.2811800	0.3851370
1.2426300	-0.4369290
0.7241290	-1.0826700
-0.0800941	-1.2935200
-0.8508090	-0.9792370
-1.2755700	-0.2657350
-1.1850500	0.5540490
-0.6268140	1.1474600
0.1605430	1.2867400
0.8585620	0.9407130
1.2078800	0.2730350
1.1076400	-0.4439220
0.6352580	-0.9494340
-0.0089728	-1.0903100
-0.5930700	-0.8569010
-0.9347990	-0.3603130
-0.9466890	0.2223190
-0.6441610	0.7054860
-0.1305910	0.9412390
0.4298590	0.8533710
0.8512140	0.4616150
0.9788860	-0.1117110
0.7485710	-0.6671450
0.2263760	-0.9920350
-0.3986010	-0.9466440
-0.8805850	-0.5339220
-1.0208700	0.0880473
-0.7603630	0.6671780
-0.2109120	0.9682360
0.3947200	0.8789870
0.8104690	0.4569470
0.8864400	-0.1059880
0.6253290	-0.5787260
0.1629770	-0.7934090
-0.3073430	-0.7044640
-0.6209720	-0.3839570
-0.6960560	0.0301850
-0.5406660	0.3964510
-0.2266390	0.6120920
0.1441900	0.6276910
0.4648300	0.4456380
0.6402930	0.1166690
0.6074750	-0.2638220
0.3608430	-0.5708710
-0.0288710	-0.6863810
-0.4238920	-0.5501260
-0.6666600	-0.1995410
-0.6502300	0.2312280
-0.3755420	0.5635570
0.0405478	0.6568820
0.4171910	0.4779500
0.5964620	0.1168530
0.5179220	-0.2604160
0.2401590	-0.4958420
-0.0994047	-0.5121340
-0.3589580	-0.3362470
-0.4564920	-0.0677011
-0.3912350	0.1815790
-0.2203930	0.3372120
-0.0162848	0.3777400
0.1652920	0.3186210
0.2910730	0.1877730
0.3397530	0.0143729
0.2953000	-0.1656180
0.1562690	-0.3023000
-0.0464341	-0.3409010
-0.2440530	-0.2497490
-0.3518450	-0.0494304
-0.3122910	0.1821920
-0.1333710	0.3412570
0.1065380	0.3518590
0.2959720	0.2100150
0.3500880	-0.0120085
0.2561740	-0.2060540
0.0762603	-0.2885810
-0.0939197	-0.2433720
-0.1818280	-0.1208400
-0.1739910	0.0020525
-0.1103200	0.0715629
-0.0459501	0.0829744
-0.0109967	0.0685064
0.0030933	0.0615432
0.0242458	0.0671558
0.0665982	0.0613709
0.1119830	0.0175961
0.1215430	-0.0630607
0.0682194	-0.1436270
-0.0362339	-0.1734880
-0.1423200	-0.1249190
-0.1930150	-0.0159586
-0.1615580	0.0985655
-0.0689556	0.1621510
0.0316410	0.1524150
0.0917706	0.0916928
0.0981521	0.0257799
0.0747266	-0.0117779
0.0564403	-0.0219202
0.0568836	-0.0320803
0.0564922	-0.0654065
0.0215506	-0.1131510
-0.0607243	-0.1344260
-0.1598740	-0.0863994
-0.2134020	0.0366575
-0.1673020	0.1861660
-0.0184299	0.2805460
0.1726810	0.2541030
0.3108140	0.1015410
0.3202380	-0.1126470
0.1895410	-0.2876740
-0.0215359	-0.3419570
-0.2165390	-0.2557460
-0.3146280	-0.0759361
-0.2879230	0.1158920
-0.1642380	0.2480220
-0.0005047	0.2872650
0.1498350	0.2389370
0.2534520	0.1276320
0.2930990	-0.0202005
0.2565460	-0.1779530
0.1362290	-0.3092190
-0.0555700	-0.3644610
-0.2697980	-0.2979810
-0.4235130	-0.1006200
-0.4326490	0.1747170
-0.2612900	0.4197590
0.0436030	0.5162730
0.3598720	0.3992440
0.5436980	0.1003640
0.5023900	-0.2578350
0.2449360	-0.5182620
-0.1197570	-0.5660430
-0.4362540	-0.3831260
-0.5768620	-0.0519777
-0.4961230	0.2896350
-0.2401070	0.5137220
0.0863793	0.5514410
0.3694540	0.4067830
0.5250550	0.1389620
0.5146110	-0.1667890
0.3434850	-0.4225910
0.0554802	-0.5521820
-0.2708690	-0.5043680
-0.5313120	-0.2722450
-0.6214490	0.0882371
-0.4792500	0.4582830
-0.1264870	0.6895980
0.3192000	0.6664050
0.6802140	0.3680420
0.7946410	-0.1050930
0.5960000	-0.5645950
0.1531420	-0.8159770
-0.3550380	-0.7494410
-0.7197670	-0.3918710
-0.7964590	0.1069860
-0.5650230	0.5450550
-0.1294660	0.7567150
0.3361660	0.6759550
0.6627160	0.3493520
0.7453240	-0.0964975
0.5676340	-0.5083870
0.1933890	-0.7551290
-0.2596290	-0.7590120
-0.6507740	-0.5114970
-0.8498930	-0.0778648
-0.7743760	0.4110790
-0.4248630	0.7882430
0.0967567	0.9035080
0.6065920	0.6877070
0.9012990	0.1977350
0.8446000	-0.3878190
0.4374470	-0.8326660
-0.1683380	-0.9437320
-0.7276290	-0.6614410
-1.0075900	-0.0922355
-0.8906190	0.5356470
-0.4240530	0.9721200
0.2055680	1.0515000
0.7569790	0.7552630
1.0334900	0.2073670
0.9523270	-0.3864390
0.5609720	-0.8208400
0.0059239	-0.9589330
-0.5235360	-0.7666890
-0.8534490	-0.3136950
-0.8723450	0.2504750
-0.5631400	0.7363850
-0.0155775	0.9674650
0.5892140	0.8388450
1.0289900	0.3658010
1.1190700	-0.3026590
0.7930250	-0.9237020
0.1465920	-1.2500100
-0.5850840	-1.1354500
-1.1172200	-0.6073560
-1.2360900	0.1345290
-0.8941940	0.7980990
-0.2328000	1.1229200
0.4796670	0.9898980
0.9627500	0.4661000
1.0376700	-0.2319490
0.6900320	-0.8331290
0.0613669	-1.1179100
-0.6160330	-0.9919360
-1.1064700	-0.5057550
-1.2463300	0.1743460
-0.9885310	0.8248890
-0.4119160	1.2328400
0.3011640	1.2581400
0.9150970	0.8802170
1.2128800	0.2154330
1.0741800	-0.5077820
0.5324640	-1.0202000
-0.2192390	-1.1127000
-0.8891650	-0.7284240
-1.1994100	-0.0013502
-1.0049500	0.7857420
-0.3631520	1.3133100
0.4832900	1.3596500
1.2058400	0.8958810
1.5271900	0.0968181
1.3328800	-0.7355480
0.7095080	-1.2978500
-0.1011950	-1.4025000
-0.8042060	-1.0387200
-1.1612900	-0.3613720
-1.0675500	0.3766170
-0.5748030	0.9150060
0.1348870	1.0684800
0.8098980	0.7805970
1.2061400	0.1409220
1.1641000	-0.6376760
0.6674910	-1.2803200
-0.1372050	-1.5401100
-0.9771270	-1.2920600
-1.5443900	-0.5944960
-1.6152300	0.3157810
-1.1485200	1.1047000
-0.3153330	1.4725200
0.5618780	1.2805200
1.1394400	0.6137830
1.1951300	-0.2518000
0.7188400	-0.9646250
-0.0886037	-1.2419400
-0.9037890	-0.9794700
-1.4125600	-0.2820720
-1.4270900	0.5892510
-0.9443830	1.3229200
-0.1332460	1.6683500
0.7339080	1.5146100
1.3741500	0.9176490
1.5825700	0.0765806
1.2952300	-0.7293580
0.6126280	-1.2274300
-0.2248100	-1.2416900
-0.9096500	-0.7612100
-1.1737700	0.0413429
-0.8942990	0.8587170
-0.1551050	1.3585400
0.7707070	1.3159500
1.5204800	0.7132990
1.7876000	-0.2420380
1.4503000	-1.1959400
0.6244940	-1.7910100
-0.3842740	-1.8119700
-1.2073300	-1.2687100
-1.5601100	-0.3836620
-1.3468200	0.5049770
-0.6837610	1.0770700
0.1582140	1.1450400
0.8600400	0.7095040
1.1655600	-0.0541547
0.9617300	-0.8631770
0.3096100	-1.4219000
-0.5767560	-1.5159300
-1.3962000	-1.0828900
-1.8562200	-0.2403780
-1.7746300	0.7422470
-1.1541500	1.5285900
-0.1970080	1.8355700
0.7573730	1.5472600
1.3573800	0.7725990
1.3805600	-0.1857720
0.8299880	-0.9470030
-0.0610664	-1.2063900
-0.9223240	-0.8612520
-1.3980500	-0.0519397
-1.2900100	0.8992720
-0.6306460	1.6214900
0.3398760	1.8405300
1.2753100	1.4761800
1.8556300	0.6589040
1.8971200	-0.3301710
1.4053500	-1.1640800
0.5623850	-1.5796700
-0.3389170	-1.4592000
-0.9903930	-0.8650610
-1.1679500	-0.0208611
-0.8088460	0.7576780
-0.0422229	1.1669300
0.8440990	1.0259100
1.4994500	0.3537540
1.6414700	-0.6220700
1.1730800	-1.5411100
0.2330460	-2.0470000
-0.8492350	-1.9323500
-1.6817300	-1.2276600
-1.9677100	-0.1921810
-1.6245900	0.7912310
-0.8122390	1.3708600
0.1385370	1.3626900
0.8616450	0.8127250
1.0953900	-0.0341299
0.7712760	-0.8369390
0.0251422	-1.2863700
-0.8627530	-1.2090700
-1.5691400	-0.6182090
-1.8348400	0.2979130
-1.5473200	1.2393800
-0.7784440	1.8909100
0.2333820	2.0257200
1.1561200	1.5874900
1.6759200	0.7212360
1.6139100	-0.2662650
1.0034500	-1.0123600
0.0899810	-1.2370800
-0.7561330	-0.8592200
-1.1846900	-0.0371988
-1.0090900	0.8891340
-0.2847360	1.5347200
0.7134860	1.6255200
1.6044800	1.1067300
2.0539200	0.1582030
1.9009600	-0.8844270
1.2092900	-1.6637700
0.2299440	-1.9319400
-0.6998210	-1.6304600
-1.2775300	-0.8973720
-1.3338400	-0.0092620
-0.8813540	0.7154400
-0.1055070	1.0206500
0.6964840	0.7959450
1.2122600	0.1166160
1.2213200	-0.7739320
0.6796350	-1.5409200
-0.2515980	-1.8758200
-1.2525500	-1.6160500
-1.9589600	-0.8183870
-2.1041400	0.2509130
-1.6300400	1.2135600
-0.7165040	1.7282600
0.2883970	1.6283900
1.0087000	0.9878820
1.1906600	0.0867629
0.7982230	-0.7061300
0.0167505	-1.0800100
-0.8296540	-0.8966710
-1.4065400	-0.2307100
-1.4896600	0.6710130
-1.0358700	1.4859200
-0.1874870	1.9284000
0.7822160	1.8417900
1.5604900	1.2457600
1.8961700	0.3293760
1.6832400	-0.6077600
1.0022100	-1.2525700
0.1015400	-1.3876700
-0.6829050	-0.9763490
-1.0494500	-0.1876010
-0.8500190	0.6576680
-0.1570590	1.2065500
0.7564870	1.2153500
1.5221100	0.6520800
1.8239800	-0.2868930
1.5268000	-1.2555400
0.7275940	-1.8981800
-0.2887200	-1.9894200
-1.1668300	-1.5153800
-1.6183100	-0.6672680
-1.5227400	0.2419240
-0.9584240	0.8973720
-0.1610210	1.0912600
0.5662170	0.7855120
0.9558890	0.1151870
0.8622560	-0.6614180
0.3075580	-1.2482400
-0.5226820	-1.4090000
-1.3364800	-1.0501300
-1.8322600	-0.2618570
-1.8082700	0.7023370
-1.2453800	1.5097900
-0.3262780	1.8718100
0.6252740	1.6596000
1.2674900	0.9621590
1.3773500	0.0563498
0.9417660	-0.7026360
0.1618890	-1.0246800
-0.6315170	-0.7996880
-1.1133600	-0.1353890
-1.0907700	0.6942790
-0.5695290	1.3627100
0.2603040	1.6152200
1.1051000	1.3558700
1.6767100	0.6701640
1.7890000	-0.2151760
1.4131900	-1.0137500
0.6813170	-1.4735500
-0.1585640	-1.4569800
-0.8220940	-0.9864250
-1.0826600	-0.2413460
-0.8528940	0.4968190
-0.2243630	0.9407450
0.5556470	0.9049900
1.1705200	0.3843180
1.3562500	-0.4340830
1.0103200	-1.2370800
0.2389840	-1.7084500
-0.6818530	-1.6572400
-1.4173700	-1.0953800
-1.7084600	-0.2302490
-1.4715100	0.6227970
-0.8228270	1.1673700
-0.0226690	1.2371500
0.6309680	0.8481910
0.9123780	0.1791380
0.7412120	-0.5038780
0.1989840	-0.9437570
-0.5077390	-0.9766240
-1.1194700	-0.5809000
-1.4082600	0.1182710
-1.2521700	0.8884190
-0.6796010	1.4636800
0.1325290	1.6348700
0.9125660	1.3282400
1.3886500	0.6421440
1.3928700	-0.1795740
0.9329090	-0.8351560
0.1965800	-1.0830100
-0.5189190	-0.8411160
-0.9263450	-0.2225520
-0.8652530	0.5107100
-0.3648740	1.0562000
0.3732950	1.1931400
1.0622200	0.8656880
1.4443400	0.1951580
1.3857400	-0.5770570
0.9152580	-1.1855400
0.2016740	-1.4350800
-0.5136390	-1.2607900
-1.0000300	-0.7402120
-1.1101900	-0.0613511
-0.8241250	0.5398230
-0.2552540	0.8547610
0.3836390	0.7715920
0.8487030	0.3180310
0.9505800	-0.3398490
0.6290460	-0.9500750
-0.0146519	-1.2663100
-0.7477160	-1.1460100
-1.2928300	-0.6134030
-1.4393600	0.1439810
-1.1307300	0.8483420
-0.4879410	1.2442500
0.2418730	1.2013600
0.7881070	0.7622660
0.9639800	0.1171730
0.7328980	-0.4786860
0.2106460	-0.8056930
-0.3896650	-0.7566680
-0.8410830	-0.3645620
-0.9807980	0.2207060
-0.7584380	0.7900090
-0.2456310	1.1446800
0.3901930	1.1583100
0.9385890	0.8163860
1.2128700	0.2241890
1.1142100	-0.4224040
0.6724580	-0.8998760
0.0446114	-1.0375000
-0.5362850	-0.7865680
-0.8484160	-0.2473210
-0.7713590	0.3639510
-0.3390730	0.7993540
0.2710320	0.8810230
0.8108430	0.5747540
1.0642700	0.0020444
0.9337990	-0.6139040
0.4736570	-1.0417900
-0.1408570	-1.1325300
-0.6888260	-0.8690260
-0.9881370	-0.3606410
-0.9553810	0.2072720
-0.6241370	0.6428330
-0.1236270	0.8098470
0.3683880	0.6660100
0.6820820	0.2714890
0.7076340	-0.2308180
0.4314420	-0.6587000
-0.0542228	-0.8492610
-0.5758740	-0.7177260
-0.9363240	-0.2954140
-0.9889530	0.2726640
-0.7000190	0.7770910
-0.1693630	1.0253900
0.4048430	0.9221620
0.8058140	0.5111060
0.8879000	-0.0424762
0.6354580	-0.5216750
0.1645610	-0.7482140
-0.3307710	-0.6518160
-0.6603580	-0.2899510
-0.7100950	0.1853230
-0.4763470	0.5928930
-0.0552500	0.7897020
0.4006470	0.7146790
0.7369510	0.3997730
0.8446650	-0.0477359
0.6899160	-0.4811840
0.3226870	-0.7585510
-0.1364170	-0.7859300
-0.5309500	-0.5507350
-0.7196620	-0.1327880
-0.6297980	0.3164060
-0.2914850	0.6256610
0.1659480	0.6712550
0.5607100	0.4311390
0.7322410	-0.0008951
0.6096730	-0.4515520
0.2424840	-0.7406960
-0.2219370	-0.7571360
-0.6028970	-0.5023580
-0.7619090	-0.0835669
-0.6545120	0.3370780
-0.3383370	0.6102600
0.0598357	0.6534000
0.3976570	0.4714190
0.5668770	0.1434490
0.5229410	-0.2116370
0.2910030	-0.4748170
-0.0466547	-0.5605470
-0.3754030	-0.4396950
-0.5808480	-0.1493390
-0.5846820	0.2141410
-0.3751060	0.5218650
-0.0188761	0.6561810
0.3559040	0.5579650
0.6059170	0.2566470
0.6315680	-0.1349660
0.4220450	-0.4639730
0.0629804	-0.6017920
-0.2995440	-0.4997210
-0.5225070	-0.2085130
-0.5263820	0.1471590
-0.3241420	0.4253990
-0.0078059	0.5263360
0.2966110	0.4268400
0.4812910	0.1791580
0.4926210	-0.1191350
0.3404360	-0.3652660
0.0845725	-0.4839420
-0.1895030	-0.4445160
-0.3957960	-0.2639960
-0.4694380	-0.0004295
-0.3843240	0.2612610
-0.1644350	0.4316720
0.1173010	0.4460520
0.3586120	0.2919470
0.4645100	0.0216658
0.3880910	-0.2616930
0.1555980	-0.4439680
-0.1400430	-0.4495940
-0.3778520	-0.2768480
-0.4623510	0.0004538
-0.3654500	0.2668620
-0.1357540	0.4176920
0.1279380	0.4032920
0.3232420	0.2443220
0.3863380	0.0141797
0.3107420	-0.1980340
0.1389830	-0.3233110
-0.0622654	-0.3320400
-0.2281080	-0.2341410
-0.3122370	-0.0675868
-0.2938240	0.1152120
-0.1792900	0.2590110
-0.0021176	0.3171290
0.1815190	0.2650530
0.3061700	0.1134560
0.3201880	-0.0878548
0.2104080	-0.2630250
0.0144652	-0.3396820
-0.1900460	-0.2826780
-0.3182780	-0.1137840
-0.3175820	0.0956514
-0.1926560	0.2574130
-0.0022058	0.3078520
0.1710450	0.2359010
0.2600710	0.0834561
0.2414720	-0.0798332
0.1386480	-0.1912610
0.0026207	-0.2199710
-0.1150590	-0.1715050
-0.1815750	-0.0751071
-0.1871700	0.0340849
-0.1386260	0.1266710
-0.0514466	0.1815300
0.0529800	0.1846170
0.1468830	0.1308710
0.1989920	0.0304188
0.1850910	-0.0871206
0.1025770	-0.1782570
-0.0212679	-0.2031110
-0.1363730	-0.1468360
-0.1921930	-0.0313952
-0.1639120	0.0920292
-0.0666686	0.1679690
0.0518909	0.1652180
0.1370990	0.0920420
0.1556520	-0.0109017
0.1101040	-0.0948370
0.0320470	-0.1287790
-0.0396314	-0.1116260
-0.0802740	-0.0652318
-0.0876821	-0.0160458
-0.0746006	0.0206951
-0.0541358	0.0442684
-0.0303667	0.0599394
-0.0004816	0.0681730
0.0354416	0.0617297
0.0672082	0.0331579
0.0776034	-0.0142272
0.0545749	-0.0623312
0.0030153	-0.0864756
-0.0541032	-0.0711326
-0.0878760	-0.0217823
-0.0812862	0.0365879
-0.0401599	0.0743558
0.0108650	0.0755680
0.0447819	0.0468873
0.0494521	0.0110049
0.0334661	-0.0103934
0.0168997	-0.0114808
0.0144255	-0.0041748
0.0237968	-0.0061522
0.0284857	-0.0245975
0.0123744	-0.0485362
-0.0249291	-0.0560944
-0.0643268	-0.0316327
-0.0787169	0.0200550
-0.0519995	0.0735408
0.0080076	0.0975985
0.0722996	0.0751759
0.1076010	0.0147871
0.0960911	-0.0543653
0.0448892	-0.0998687
-0.0201784	-0.1041310
-0.0710279	-0.0714208
-0.0921155	-0.0209292
-0.0843371	0.0271717
-0.0578275	0.0618294
-0.0216835	0.0811183
0.0202289	0.0849208
0.0646853	0.0690394
0.1015470	0.0276774
0.1124460	-0.0368608
0.0801348	-0.1060560
0.0034719	-0.1480750
-0.0934983	-0.1335200
-0.1678130	-0.0554228
-0.1786210	0.0603549
-0.1113690	0.1635510
0.0103189	0.2041110
0.1338510	0.1591930
0.2037080	0.0463763
0.1894240	-0.0849648
0.0995648	-0.1787890
-0.0251788	-0.1991250
-0.1338800	-0.1438610
-0.1885090	-0.0403114
-0.1762210	0.0714241
-0.1076270	0.1557000
-0.0069015	0.1905760
0.0976361	0.1684910
0.1781600	0.0938871
0.2095990	-0.0170518
0.1747380	-0.1350150
0.0736669	-0.2202310
-0.0678249	-0.2341880
-0.1999310	-0.1584170
-0.2655870	-0.0102943
-0.2272830	0.1563140
-0.0899053	0.2707300
0.0952094	0.2781340
0.2504590	0.1682710
0.3076690	-0.0164739
0.2407030	-0.1993850
0.0775234	-0.3048800
-0.1141430	-0.2924040
-0.2587260	-0.1717550
-0.3049530	0.0057668
-0.2430280	0.1727020
-0.1020070	0.2726600
0.0665597	0.2773770
0.2079860	0.1902080
0.2791060	0.0402694
0.2568900	-0.1266890
0.1435330	-0.2581610
-0.0309289	-0.3069380
-0.2116250	-0.2464270
-0.3321190	-0.0854338
-0.3381830	0.1264260
-0.2139500	0.3107990
0.0035378	0.3901260
0.2329010	0.3231950
0.3804320	0.1285280
0.3820200	-0.1188360
0.2340180	-0.3183220
-0.0035128	-0.3883290
-0.2334160	-0.3022030
-0.3643720	-0.0981389
-0.3487770	0.1403020
-0.1985240	0.3214100
0.0254816	0.3814230
0.2411680	0.3044410
0.3757920	0.1217250
0.3874730	-0.1040110
0.2738620	-0.2999700
0.0701274	-0.4034300
-0.1604740	-0.3782170
-0.3422890	-0.2265380
-0.4090010	0.0067813
-0.3280420	0.2427090
-0.1188810	0.3918530
0.1459990	0.3888500
0.3636560	0.2236350
0.4414180	-0.0470658
0.3386790	-0.3177870
0.0888106	-0.4771130
-0.2117650	-0.4563400
-0.4439540	-0.2604230
-0.5169920	0.0341521
-0.4058240	0.3131600
-0.1582790	0.4730470
0.1287470	0.4611620
0.3503090	0.2914400
0.4322760	0.0327793
0.3535320	-0.2204140
0.1473640	-0.3813540
-0.1133800	-0.3966420
-0.3396690	-0.2599800
-0.4520360	-0.0135450
-0.4045390	0.2624340
-0.2023150	0.4716320
0.0939107	0.5326040
0.3824970	0.4107950
0.5548610	0.1384570
0.5387040	-0.1899970
0.3321490	-0.4506560
0.0107158	-0.5401160
-0.2999380	-0.4210590
-0.4756750	-0.1410460
-0.4467720	0.1859990
-0.2272370	0.4278170
0.0927469	0.4889710
0.3863700	0.3480170
0.5421610	0.0617144
0.5051850	-0.2621370
0.2923370	-0.5081430
-0.0198844	-0.5939970
-0.3257400	-0.4947210
-0.5255970	-0.2462450
-0.5557880	0.0685334
-0.4071120	0.3452920
-0.1289840	0.4896360
0.1827240	0.4479790
0.4141230	0.2295840
0.4727080	-0.0899650
0.3252220	-0.3901800
0.0173681	-0.5488540
-0.3372680	-0.4920300
-0.5991050	-0.2287830
-0.6596390	0.1473960
-0.4884200	0.4943540
-0.1474800	0.6796740
0.2342340	0.6354750
0.5146510	0.3848320
0.5957910	0.0291411
0.4595290	-0.2956350
0.1690080	-0.4727280
-0.1607430	-0.4457140
-0.4074540	-0.2333840
-0.4833550	0.0825242
-0.3612630	0.3879920
-0.0803501	0.5739670
0.2670400	0.5700780
0.5633310	0.3674140
0.7025220	0.0245911
0.6271320	-0.3469170
0.3532880	-0.6177420
-0.0280904	-0.6873580
-0.3796720	-0.5259330
-0.5688590	-0.1922010
-0.5223360	0.1844050
-0.2595620	0.4535730
0.1119930	0.5059080
0.4398670	0.3191540
0.5894360	-0.0324766
0.4984580	-0.4099620
0.1997030	-0.6669880
-0.1961300	-0.7072840
-0.5468010	-0.5180980
-0.7326060	-0.1691580
-0.6967750	0.2179190
-0.4600330	0.5145230
-0.1087840	0.6274300
0.2355030	0.5266630
0.4552910	0.2533940
0.4743010	-0.0927201
0.2839460	-0.3840480
-0.0495637	-0.5068760
-0.4030110	-0.4032610
-0.6372720	-0.0976519
-0.6498950	0.3053030
-0.4189160	0.6558670
-0.0174168	0.8167240
0.4111490	0.7198230
0.7091390	0.3968730
0.7689370	-0.0317212
0.5766880	-0.4057250
0.2162400	-0.5901350
-0.1673270	-0.5277650
-0.4269630	-0.2577230
-0.4695310	0.1051240
-0.2865180	0.4175730
0.0488785	0.5611730
0.4125310	0.4813440
0.6737130	0.2017700
0.7377160	-0.1866480
0.5752930	-0.5561880
0.2323620	-0.7829430
-0.1826160	-0.7873910
-0.5319430	-0.5636510
-0.6951970	-0.1866080
-0.6147620	0.2094910
-0.3225100	0.4777230
0.0664926	0.5152970
0.3952170	0.3074730
0.5266500	-0.0622246
0.4007290	-0.4429210
0.0605389	-0.6770090
-0.3647560	-0.6644400
-0.7128700	-0.4024780
-0.8535230	0.0156789
-0.7376350	0.4408090
-0.4115640	0.7269010
0.0058761	0.7844000
0.3705600	0.6080390
0.5642950	0.2727190
0.5325230	-0.0966202
0.2988320	-0.3682370
-0.0450267	-0.4462390
-0.3691790	-0.3014460
-0.5477010	0.0174811
-0.5018250	0.3970180
-0.2309720	0.6948490
0.1811260	0.7901280
0.5917110	0.6311340
0.8503700	0.2605030
0.8582670	-0.1957500
0.6103680	-0.5747320
0.2005770	-0.7412370
-0.2146340	-0.6428630
-0.4793400	-0.3310870
-0.5005810	0.0610426
-0.2832280	0.3740880
0.0761316	0.4854720
0.4309150	0.3542830
0.6420270	0.0315445
0.6274920	-0.3640540
0.3873980	-0.6917980
-0.0008562	-0.8376270
-0.4114450	-0.7502860
-0.7119880	-0.4560540
-0.8061180	-0.0497900
-0.6655020	0.3348850
-0.3418760	0.5690380
0.0467799	0.5736650
0.3549690	0.3515100
0.4627460	-0.0086129
0.3239930	-0.3609030
-0.0109924	-0.5573660
-0.4112260	-0.5075510
-0.7154810	-0.2174630
-0.7973050	0.2107060
-0.6164990	0.6192350
-0.2345310	0.8584670
0.2121080	0.8455950
0.5675470	0.5940520
0.7164040	0.2033970
0.6236820	-0.1827600
0.3416800	-0.4312380
-0.0144332	-0.4648720
-0.3097800	-0.2849140
-0.4354780	0.0336434
-0.3432580	0.3691580
-0.0605057	0.5935430
0.3177080	0.6144960
0.6582600	0.4081650
0.8344450	0.0313768
0.7723300	-0.3934930
0.4821350	-0.7196550
0.0599289	-0.8306280
-0.3450740	-0.6876290
-0.5874670	-0.3484800
-0.5841580	0.0526779
-0.3488470	0.3583690
0.0134945	0.4513430
0.3500720	0.3011170
0.5223460	-0.0262454
0.4597350	-0.3977630
0.1833440	-0.6677970
-0.2071680	-0.7331450
-0.5745780	-0.5677060
-0.7945310	-0.2266200
-0.7967920	0.1774150
-0.5854420	0.5142290
-0.2346960	0.6788090
0.1362180	0.6245230
0.4016260	0.3784910
0.4712070	0.0344337
0.3228630	-0.2768720
0.0145803	-0.4326770
-0.3322230	-0.3647750
-0.5755960	-0.0893689
-0.6080360	0.2943340
-0.4014390	0.6397930
-0.0215396	0.8106390
0.3964490	0.7361680
0.7017790	0.4403840
0.7885020	0.0315999
0.6360940	-0.3423790
0.3139150	-0.5531620
-0.0500593	-0.5395120
-0.3206180	-0.3257130
-0.4048000	-0.0066008
-0.2815040	0.2910370
-0.0036986	0.4540660
0.3235690	0.4198940
0.5796490	0.1948470
0.6676930	-0.1491670
0.5464300	-0.4976870
0.2456290	-0.7305670
-0.1406120	-0.7630200
-0.4834340	-0.5780120
-0.6644620	-0.2369990
-0.6214840	0.1384730
-0.3758240	0.4108310
-0.0275755	0.4804300
0.2822290	0.3268770
0.4281080	0.0186842
0.3511550	-0.3142340
0.0821771	-0.5337240
-0.2727570	-0.5488610
-0.5768070	-0.3499950
-0.7165170	-0.0085069
-0.6429050	0.3547190
-0.3848680	0.6164930
-0.0334288	0.6946700
0.2935610	0.5730240
0.4918880	0.3023050
0.5037960	-0.0195045
0.3349890	-0.2798990
0.0524113	-0.3881790
-0.2366920	-0.3058510
-0.4198960	-0.0620060
-0.4194870	0.2531770
-0.2236760	0.5178750
0.1043640	0.6232530
0.4465830	0.5171350
0.6743210	0.2279460
0.6998240	-0.1434810
0.5127900	-0.4629400
0.1851110	-0.6168180
-0.1588150	-0.5574880
-0.3929400	-0.3204260
-0.4390200	-0.0067208
-0.2939860	0.2595740
-0.0259635	0.3796840
0.2560850	0.3143790
0.4442780	0.0931877
0.4687650	-0.2010050
0.3183440	-0.4631020
0.0410328	-0.6009130
-0.2729850	-0.5641070
-0.5202880	-0.3600990
-0.6175750	-0.0529136
-0.5305890	0.2558730
-0.2890240	0.4605360
0.0201031	0.4895650
0.2816890	0.3350180
0.3958500	0.0594162
0.3186100	-0.2257620
0.0818297	-0.4035180
-0.2180720	-0.3990930
-0.4590950	-0.2109580
-0.5435750	0.0890778
-0.4369860	0.3864700
-0.1792130	0.5709480
0.1348560	0.5790000
0.3947530	0.4146850
0.5159710	0.1429020
0.4675430	-0.1386470
0.2779390	-0.3354860
0.0209401	-0.3870920
-0.2108970	-0.2839350
-0.3361260	-0.0682403
-0.3099200	0.1801140
-0.1391010	0.3687990
0.1179410	0.4234920
0.3685000	0.3151210
0.5170630	0.0738985
0.5015200	-0.2176770
0.3199190	-0.4535250
0.0348164	-0.5450940
-0.2492530	-0.4580850
-0.4273590	-0.2279240
-0.4370730	0.0541460
-0.2834550	0.2787980
-0.0350941	0.3632810
0.2061030	0.2831810
0.3467900	0.0784276
0.3371780	-0.1667130
0.1857850	-0.3585730
-0.0488973	-0.4283720
-0.2830460	-0.3534890
-0.4372070	-0.1609060
-0.4610880	0.0848879
-0.3476350	0.3035990
-0.1343770	0.4240760
0.1077250	0.4067340
0.2960330	0.2578360
0.3639140	0.0302738
0.2861040	-0.1920890
0.0915035	-0.3238550
-0.1443090	-0.3116130
-0.3267750	-0.1574890
-0.3803760	0.0791022
-0.2805620	0.3043700
-0.0646219	0.4286900
0.1840900	0.4036470
0.3713820	0.2408220
0.4305820	0.0045141
0.3470660	-0.2168210
0.1597480	-0.3463330
-0.0583161	-0.3461490
-0.2294960	-0.2268230
-0.2985370	-0.0384898
-0.2481980	0.1495860
-0.1011790	0.2723180
0.0893362	0.2881820
0.2565180	0.1909560
0.3402220	0.0119971
0.3066320	-0.1880460
0.1617680	-0.3377200
-0.0471101	-0.3796530
-0.2456730	-0.2936950
-0.3596160	-0.1080620
-0.3448710	0.1086720
-0.2074640	0.2737820
-0.0026795	0.3244820
0.1874820	0.2444920
0.2888060	0.0704363
0.2653820	-0.1248840
0.1323740	-0.2640310
-0.0535682	-0.2962430
-0.2199750	-0.2148950
-0.3074420	-0.0554667
-0.2895300	0.1220900
-0.1777730	0.2568490
-0.0133535	0.3066940
0.1486680	0.2590810
0.2564620	0.1322330
0.2760330	-0.0313490
0.2011880	-0.1770930
0.0568679	-0.2545420
-0.1065010	-0.2344840
-0.2284790	-0.1216190
-0.2606530	0.0436484
-0.1872230	0.1979180
-0.0342324	0.2791560
0.1388040	0.2530100
0.2629520	0.1286300
0.2892140	-0.0444593
0.2093290	-0.1976960
0.0580727	-0.2729880
-0.1034600	-0.2462970
-0.2146910	-0.1348280
-0.2394410	0.0138179
-0.1768060	0.1433930
-0.0566711	0.2106360
0.0751425	0.1981840
0.1739790	0.1161690
0.2093970	-0.0047114
0.1719160	-0.1239770
0.0741871	-0.2026620
-0.0523728	-0.2137780
-0.1654700	-0.1509490
-0.2243920	-0.0327928
-0.2047820	0.1003690
-0.1102830	0.1991620
0.0255315	0.2242350
0.1503630	0.1639470
0.2144360	0.0414958
0.1924270	-0.0935699
0.0951005	-0.1865830
-0.0356467	-0.2017510
-0.1460270	-0.1370630
-0.1941030	-0.0231138
-0.1663280	0.0925506
-0.0798535	0.1667210
0.0284705	0.1768660
0.1190590	0.1261420
0.1638970	0.0375492
0.1531710	-0.0573540
0.0944588	-0.1291150
0.0078695	-0.1573560
-0.0797644	-0.1343760
-0.1409290	-0.0668076
-0.1544220	0.0246651
-0.1129740	0.1093250
-0.0285791	0.1555510
0.0687308	0.1433250
0.1408350	0.0746579
0.1574500	-0.0244804
0.1106260	-0.1137200
0.0197358	-0.1559710
-0.0767255	-0.1345710
-0.1388880	-0.0607989
-0.1436530	0.0323127
-0.0938529	0.1062710
-0.0143510	0.1345650
0.0615713	0.1123530
0.1073710	0.0547571
0.1122640	-0.0132264
0.0812973	-0.0683165
0.0291913	-0.0961492
-0.0268017	-0.0925106
-0.0713348	-0.0610858
-0.0926447	-0.0111794
-0.0838164	0.0433297
-0.0452972	0.0854163
0.0125110	0.0990269
0.0698638	0.0758817
0.1038240	0.0215452
0.0984942	-0.0440149
0.0540274	-0.0937454
-0.0115445	-0.1060740
-0.0699958	-0.0760148
-0.0966065	-0.0180967
-0.0823019	0.0410340
-0.0372942	0.0762698
0.0155886	0.0760781
0.0534720	0.0462906
0.0642742	0.0043917
0.0500066	-0.0311503
0.0220524	-0.0495921
-0.0070591	-0.0501123
-0.0295485	-0.0379606
-0.0429766	-0.0189317
-0.0470583	0.0033363
-0.0408311	0.0260337
-0.0232046	0.0444296
0.0037109	0.0515165
0.0321111	0.0415685
0.0502542	0.0152989
0.0485316	-0.0178161
0.0260568	-0.0429688
-0.0072188	-0.0479374
-0.0351730	-0.0305249
-0.0445259	-0.0003098
-0.0324444	0.0268699
-0.0076751	0.0382795
0.0155154	0.0313540
0.0263881	0.0139132
0.0236195	-0.0022256
0.0143149	-0.0094486
0.0074300	-0.0085553
0.0067851	-0.0063575
0.0088415	-0.0090020
0.0066004	-0.0163992
-0.0037056	-0.0220756
-0.0185087	-0.0184866
-0.0287078	-0.0036047
-0.0261307	0.0163930
-0.0098309	0.0305632
0.0125290	0.0303751
0.0293112	0.0154454
0.0322372	-0.0062625
0.0212117	-0.0237650
0.0034278	-0.0299208
-0.0121569	-0.0249424
-0.0205901	-0.0144471
-0.0227173	-0.0041594
-0.0221636	0.0042301
-0.0205671	0.0127820
-0.0154496	0.0231698
-0.0028158	0.0326045
0.0175345	0.0338928
0.0386389	0.0204237
0.0485603	-0.0073366
0.0376155	-0.0390816
0.0059728	-0.0586958
-0.0340159	-0.0533465
-0.0632052	-0.0219709
-0.0660124	0.0226319
-0.0394239	0.0599318
0.0050039	0.0725076
0.0473440	0.0550484
0.0697273	0.0163160
0.0646863	-0.0264791
0.0370037	-0.0567780
-0.0008058	-0.0656268
-0.0354272	-0.0532013
-0.0575723	-0.0257404
-0.0628491	0.0085493
-0.0502678	0.0415413
-0.0213920	0.0649966
0.0184511	0.0705275
0.0584998	0.0520874
0.0836470	0.0106650
0.0800251	-0.0422175
0.0430943	-0.0862260
-0.0168264	-0.1003270
-0.0763399	-0.0738433
-0.1087770	-0.0140049
-0.0974586	0.0553226
-0.0450056	0.1041260
0.0269675	0.1106830
0.0879430	0.0720821
0.1128900	0.0051718
0.0932138	-0.0621209
0.0389891	-0.1038340
-0.0274629	-0.1063750
-0.0820417	-0.0718177
-0.1076600	-0.0142931
-0.0981269	0.0468609
-0.0575697	0.0932389
0.0020827	0.1111620
0.0636938	0.0939768
0.1078410	0.0441772
0.1174850	-0.0250217
0.0845769	-0.0909520
0.0160508	-0.1277370
-0.0651276	-0.1167790
-0.1268030	-0.0569804
-0.1409830	0.0314500
-0.0976608	0.1134050
-0.0114845	0.1537760
0.0832506	0.1338270
0.1475650	0.0604729
0.1553290	-0.0365872
0.1045120	-0.1184000
0.0168939	-0.1538650
-0.0727045	-0.1319740
-0.1314630	-0.0641520
-0.1405650	0.0227300
-0.0998196	0.0978258
-0.0250567	0.1367270
0.0585658	0.1276670
0.1240690	0.0733978
0.1494520	-0.0099524
0.1236550	-0.0963533
0.0512016	-0.1561320
-0.0464640	-0.1651590
-0.1355490	-0.1149310
-0.1811060	-0.0190364
-0.1616370	0.0887358
-0.0804812	0.1661670
0.0327137	0.1803470
0.1328650	0.1232090
0.1786000	0.0166522
0.1506750	-0.0961142
0.0605489	-0.1692340
-0.0550246	-0.1738580
-0.1503350	-0.1094930
-0.1897330	-0.0024386
-0.1606440	0.1066220
-0.0759417	0.1790890
0.0333343	0.1917020
0.1301700	0.1424220
0.1834740	0.0489004
0.1765670	-0.0580597
0.1114080	-0.1434780
0.0085423	-0.1780270
-0.0976104	-0.1473980
-0.1684490	-0.0589164
-0.1745390	0.0579464
-0.1083880	0.1596570
0.0093891	0.2043490
0.1352390	0.1696400
0.2189540	0.0642322
0.2248380	-0.0733510
0.1479440	-0.1897600
0.0171745	-0.2392700
-0.1167370	-0.2032630
-0.2027430	-0.0976002
-0.2103730	0.0351235
-0.1407060	0.1440300
-0.0236503	0.1901590
0.0956095	0.1598590
0.1740120	0.0672245
0.1848490	-0.0532468
0.1248670	-0.1593300
0.0138098	-0.2143660
-0.1120510	-0.1979680
-0.2104780	-0.1123790
-0.2460760	0.0168739
-0.2026890	0.1472570
-0.0913384	0.2323660
0.0506094	0.2389230
0.1711030	0.1614320
0.2230930	0.0273240
0.1845840	-0.1115920
0.0696466	-0.1993370
-0.0758065	-0.1993150
-0.1925580	-0.1103630
-0.2328440	0.0324581
-0.1800000	0.1727730
-0.0543118	0.2563940
0.0967417	0.2526370
0.2183690	0.1646140
0.2692340	0.0255418
0.2349570	-0.1155000
0.1307030	-0.2115070
-0.0060052	-0.2325880
-0.1283200	-0.1742730
-0.1946950	-0.0580766
-0.1817060	0.0750195
-0.0922443	0.1768150
0.0435384	0.2075040
0.1763370	0.1505800
0.2540920	0.0214352
0.2419760	-0.1352840
0.1380410	-0.2607780
-0.0232527	-0.3050100
-0.1829240	-0.2480160
-0.2808710	-0.1096070
-0.2808090	0.0578089
-0.1853920	0.1906400
-0.0346344	0.2402040
0.1113030	0.1918230
0.1967230	0.0690258
0.1914930	-0.0777584
0.1004640	-0.1918270
-0.0409016	-0.2310040
-0.1810410	-0.1810760
-0.2704450	-0.0585990
-0.2773660	0.0959965
-0.1972540	0.2317330
-0.0542089	0.3030210
0.1058130	0.2844080
0.2290050	0.1802400
0.2718980	0.0254473
0.2181870	-0.1245820
0.0873542	-0.2133790
-0.0700924	-0.2056140
-0.1908470	-0.1029240
-0.2240930	0.0546100
-0.1531070	0.2034010
-0.0031187	0.2820830
0.1686400	0.2568170
0.2964380	0.1348940
0.3325330	-0.0391373
0.2651470	-0.2023470
0.1210240	-0.2983770
-0.0469546	-0.2978240
-0.1805580	-0.2067800
-0.2366820	-0.0620737
-0.2006600	0.0831494
-0.0894118	0.1775690
0.0550591	0.1879870
0.1792440	0.1097920
0.2352810	-0.0308919
0.1973520	-0.1844540
0.0723230	-0.2935470
-0.1000520	-0.3134400
-0.2593920	-0.2300840
-0.3465890	-0.0680976
-0.3274670	0.1163130
-0.2079930	0.2562770
-0.0334488	0.3010600
0.1291630	0.2371160
0.2182810	0.0937953
0.2026070	-0.0690140
0.0928056	-0.1856240
-0.0643592	-0.2105910
-0.2058520	-0.1351500
-0.2769150	0.0117102
-0.2503470	0.1762040
-0.1341840	0.3001820
0.0331904	0.3409910
0.1971150	0.2846200
0.3046760	0.1492240
0.3215320	-0.0209939
0.2432650	-0.1696730
0.0979883	-0.2465950
-0.0615661	-0.2254310
-0.1754540	-0.1148950
-0.1985670	0.0419978
-0.1192450	0.1822230
0.0338934	0.2466020
0.2013420	0.2040020
0.3157120	0.0652677
0.3290800	-0.1200410
0.2327340	-0.2833310
0.0605134	-0.3646720
-0.1254880	-0.3363750
-0.2601140	-0.2125860
-0.3000840	-0.0417770
-0.2386810	0.1133630
-0.1056310	0.1995250
0.0459292	0.1907750
0.1591070	0.0955111
0.1923190	-0.0482474
0.1322610	-0.1863710
-0.0021722	-0.2663900
-0.1656600	-0.2547130
-0.3006760	-0.1486260
-0.3567500	0.0209778
-0.3091290	0.1983620
-0.1698950	0.3218460
0.0140482	0.3470140
0.1771860	0.2651890
0.2605690	0.1086680
0.2357900	-0.0608305
0.1171270	-0.1765820
-0.0440197	-0.1938930
-0.1802130	-0.1079610
-0.2353020	0.0450956
-0.1861410	0.2038680
-0.0500092	0.3064700
0.1240860	0.3137860
0.2751700	0.2222920
0.3525040	0.0629976
0.3321710	-0.1112560
0.2234690	-0.2444200
0.0645395	-0.2954590
-0.0904939	-0.2511800
-0.1890400	-0.1305390
-0.1975620	0.0208808
-0.1139940	0.1454140
0.0296712	0.1933240
0.1770630	0.1418980
0.2675050	0.0060475
0.2597100	-0.1651750
0.1494250	-0.3063670
-0.0272456	-0.3615270
-0.2073070	-0.3070090
-0.3259620	-0.1614690
-0.3425420	0.0217951
-0.2560730	0.1766600
-0.1041720	0.2503930
0.0532960	0.2231250
0.1579830	0.1132460
0.1742380	-0.0319409
0.1001430	-0.1550610
-0.0341129	-0.2091260
-0.1782120	-0.1726900
-0.2790600	-0.0558261
-0.2980830	0.1037770
-0.2238630	0.2529770
-0.0766882	0.3403890
0.0968708	0.3340330
0.2388680	0.2338250
0.3004800	0.0737027
0.2610660	-0.0890435
0.1378050	-0.1946870
-0.0193244	-0.2046380
-0.1465030	-0.1177190
-0.1916570	0.0285365
-0.1357370	0.1728020
-0.0002673	0.2549110
0.1620060	0.2399490
0.2888940	0.1312380
0.3331670	-0.0326025
0.2794920	-0.1940930
0.1479920	-0.2990390
-0.0152906	-0.3154200
-0.1559110	-0.2427760
-0.2296020	-0.1103420
-0.2161050	0.0339620
-0.1249050	0.1395330
0.0081012	0.1694870
0.1320580	0.1130900
0.1979850	-0.0095476
0.1763250	-0.1529020
0.0691633	-0.2611840
-0.0883785	-0.2889310
-0.2397200	-0.2194700
-0.3281160	-0.0731811
-0.3194420	0.0990698
-0.2165900	0.2355800
-0.0587239	0.2885380
0.0946370	0.2430990
0.1877200	0.1225360
0.1902410	-0.0223512
0.1077860	-0.1342580
-0.0225325	-0.1714550
-0.1479510	-0.1220960
-0.2200900	-0.0062898
-0.2114200	0.1331400
-0.1231880	0.2464740
0.0164158	0.2936840
0.1621220	0.2570110
0.2662180	0.1465180
0.2940680	-0.0026949
0.2362440	-0.1413170
0.1131730	-0.2222630
-0.0304365	-0.2178960
-0.1408980	-0.1316550
-0.1758590	0.0014644
-0.1217050	0.1272260
-0.0001968	0.1933040
0.1394470	0.1706630
0.2402780	0.0657250
0.2607780	-0.0822803
0.1912990	-0.2176150
0.0568934	-0.2905950
-0.0939854	-0.2765500
-0.2091490	-0.1836540
-0.2520660	-0.0476203
-0.2136160	0.0831143
-0.1130320	0.1650360
0.0106239	0.1736660
0.1123800	0.1103060
0.1559870	0.0005176
0.1253680	-0.1144800
0.0300828	-0.1910720
-0.0969414	-0.1978520
-0.2096150	-0.1273220
-0.2645830	-0.0002814
-0.2377970	0.1399760
-0.1351780	0.2429330
0.0079655	0.2704380
0.1397970	0.2125940
0.2124510	0.0925687
0.2014920	-0.0424132
0.1156710	-0.1403300
-0.0073469	-0.1653840
-0.1170580	-0.1116190
-0.1705440	-0.0036867
-0.1484050	0.1145400
-0.0602567	0.1977080
0.0610331	0.2154320
0.1726180	0.1616280
0.2367380	0.0546988
0.2325800	-0.0699768
0.1620660	-0.1719680
0.0487853	-0.2185620
-0.0693476	-0.1952150
-0.1520820	-0.1109320
-0.1705260	0.0035807
-0.1182830	0.1055530
-0.0154105	0.1553730
0.0976191	0.1322180
0.1748880	0.0434764
0.1834500	-0.0769132
0.1172920	-0.1815070
0.0002859	-0.2286380
-0.1235660	-0.1994820
-0.2083120	-0.1053080
-0.2244590	0.0180648
-0.1696690	0.1255530
-0.0678133	0.1806450
0.0419859	0.1682520
0.1207640	0.0981946
0.1431730	-0.0005315
0.1046800	-0.0911451
0.0213851	-0.1415120
-0.0762130	-0.1339420
-0.1531090	-0.0702685
-0.1807980	0.0286406
-0.1468040	0.1290030
-0.0599116	0.1948670
0.0513618	0.2008280
0.1478570	0.1423940
0.1941500	0.0393271
0.1729120	-0.0706367
0.0928638	-0.1461820
-0.0139265	-0.1592520
-0.1049100	-0.1068210
-0.1446290	-0.0120614
-0.1190830	0.0857091
-0.0405602	0.1475700
0.0587130	0.1504460
0.1404850	0.0949395
0.1753750	0.0031100
0.1526870	-0.0915385
0.0822480	-0.1568290
-0.0108764	-0.1724300
-0.0956700	-0.1352310
-0.1450440	-0.0590973
-0.1438200	0.0299663
-0.0932998	0.1017610
-0.0113854	0.1313110
0.0723955	0.1075290
0.1264550	0.0382602
0.1288040	-0.0510368
0.0764631	-0.1257790
-0.0119383	-0.1555580
-0.1025590	-0.1269210
-0.1598240	-0.0496948
-0.1612800	0.0466117
-0.1069810	0.1250840
-0.0190430	0.1568110
0.0682662	0.1323570
0.1229630	0.0643654
0.1276480	-0.0191266
0.0846956	-0.0867677
0.0132221	-0.1156760
-0.0595344	-0.0984081
-0.1081840	-0.0435926
-0.1169360	0.0285281
-0.0834856	0.0931565
-0.0189845	0.1283930
0.0553300	0.1216350
0.1142600	0.0737853
0.1365970	-0.0000493
0.1129470	-0.0745030
0.0504525	-0.1223750
-0.0283981	-0.1251250
-0.0936216	-0.0811372
-0.1197270	-0.0075090
-0.0966777	0.0663224
-0.0345171	0.1108020
0.0408859	0.1088050
0.0990860	0.0625941
0.1179390	-0.0079708
0.0921072	-0.0746897
0.0337410	-0.1129640
-0.0340416	-0.1108860
-0.0870237	-0.0720704
-0.1085090	-0.0122889
-0.0937402	0.0474282
-0.0497316	0.0879405
0.0080845	0.0972484
0.0606934	0.0732304
0.0907507	0.0240313
0.0876468	-0.0338753
0.0514485	-0.0801493
-0.0058762	-0.0971937
-0.0634715	-0.0771205
-0.0988739	-0.0260536
-0.0971993	0.0369898
-0.0581106	0.0871866
0.0032244	0.1043380
0.0622703	0.0818066
0.0957530	0.0294563
0.0916710	-0.0309665
0.0538602	-0.0756606
-0.0007791	-0.0888574
-0.0504538	-0.0684383
-0.0776527	-0.0250771
-0.0751048	0.0236508
-0.0466570	0.0606539
-0.0040144	0.0748646
0.0381836	0.0634684
0.0667722	0.0313330
0.0731182	-0.0110464
0.0550242	-0.0502426
0.0176528	-0.0731970
-0.0270704	-0.0711575
-0.0634363	-0.0433952
-0.0773200	0.0011501
-0.0622404	0.0460533
-0.0231370	0.0735199
0.0246961	0.0721311
0.0617909	0.0423988
0.0731535	-0.0030451
0.0550482	-0.0450934
0.0163810	-0.0668907
-0.0259444	-0.0611656
-0.0550572	-0.0325704
-0.0612668	0.0056746
-0.0449796	0.0384604
-0.0147336	0.0550469
0.0176552	0.0520944
0.0418562	0.0330129
0.0516897	0.0051980
0.0455672	-0.0227996
0.0258611	-0.0431345
-0.0017586	-0.0498768
-0.0290436	-0.0403536
-0.0467815	-0.0166663
-0.0477813	0.0136989
-0.0303686	0.0395330
-0.0003505	0.0500932
0.0304046	0.0401934
0.0488603	0.0133756
0.0469858	-0.0190713
0.0258377	-0.0432177
-0.0049012	-0.0491637
-0.0318035	-0.0356256
-0.0442714	-0.0099586
-0.0391584	0.0161561
-0.0211399	0.0326476
0.0008042	0.0352368
0.0182483	0.0259474
0.0266346	0.0104867
0.0256854	-0.0052309
0.0176736	-0.0171999
0.0054793	-0.0234066
-0.0081284	-0.0228953
-0.0200647	-0.0153568
-0.0266399	-0.0018638
-0.0245513	0.0140926
-0.0129780	0.0267882
0.0047656	0.0304283
0.0217309	0.0223831
0.0303749	0.0053641
0.0266154	-0.0132704
0.0123511	-0.0251128
-0.0053568	-0.0252055
-0.0181340	-0.0146578
-0.0208443	0.0002803
-0.0140268	0.0120561
-0.0028307	0.0160533
0.0066069	0.0125788
0.0107881	0.0055997
0.0101616	-0.0005253
0.0075974	-0.0038471
0.0055501	-0.0052949
0.0042017	-0.0068463
0.0018970	-0.0091515
-0.0027160	-0.0106423
-0.0087730	-0.0088422
-0.0132090	-0.0027655
-0.0128194	0.0056234
-0.0068066	0.0122106
0.0022127	0.0133473
0.0096389	0.0083776
0.0118090	0.0001759
0.0083032	-0.0067526
0.0019707	-0.0092333
-0.0032883	-0.0072885
-0.0052807	-0.0035971
-0.0047425	-0.0010746
-0.0041738	-0.0005229
-0.0053014	-0.0002095
-0.0072723	0.0022992
-0.0071243	0.0075352
-0.0022943	0.0129276
0.0067444	0.0141678
0.0158722	0.0083434
0.0194929	-0.0034128
0.0141772	-0.0158291
0.0012856	-0.0222902
-0.0133345	-0.0188006
-0.0225199	-0.0065179
-0.0218224	0.0088127
-0.0118463	0.0201122
0.0024529	0.0227643
0.0148044	0.0166140
0.0208629	0.0052207
0.0196914	-0.0066843
0.0130126	-0.0155773
0.0033716	-0.0199166
-0.0071242	-0.0193803
-0.0166909	-0.0138611
-0.0230283	-0.0034965
-0.0231718	0.0101852
-0.0148725	0.0232487
0.0011507	0.0299812
0.0199071	0.0255552
0.0333722	0.0093661
0.0342327	-0.0132808
0.0201821	-0.0327794
-0.0039608	-0.0397364
-0.0279613	-0.0299802
-0.0410498	-0.0070940
-0.0372978	0.0191323
-0.0184627	0.0375012
0.0071808	0.0407257
0.0291089	0.0283972
0.0393449	0.0063383
0.0352848	-0.0167383
0.0196137	-0.0330435
-0.0018052	-0.0380794
-0.0223609	-0.0310553
-0.0362703	-0.0141756
-0.0393305	0.0081088
-0.0296226	0.0295772
-0.0085976	0.0430892
0.0180675	0.0425653
0.0411361	0.0258850
0.0507891	-0.0027984
0.0411363	-0.0332639
0.0139680	-0.0528091
-0.0207590	-0.0520052
-0.0486696	-0.0297071
-0.0574620	0.0056272
-0.0428421	0.0393919
-0.0106980	0.0574670
0.0256584	0.0526073
0.0516425	0.0273575
0.0576772	-0.0077054
0.0425983	-0.0390531
0.0130631	-0.0557751
-0.0199769	-0.0531093
-0.0455527	-0.0330199
-0.0558951	-0.0025514
-0.0480209	0.0286656
-0.0241011	0.0508544
0.0089109	0.0563849
0.0405128	0.0420769
0.0592492	0.0110940
0.0566637	-0.0267489
0.0313824	-0.0574280
-0.0088497	-0.0678552
-0.0490145	-0.0518459
-0.0725720	-0.0138904
-0.0688090	0.0317234
-0.0381453	0.0666271
0.0075282	0.0764343
0.0499080	0.0571907
0.0722955	0.0170020
0.0666320	-0.0278269
0.0363076	-0.0599941
-0.0061169	-0.0681480
-0.0445933	-0.0505873
-0.0657309	-0.0147551
-0.0629446	0.0263663
-0.0376945	0.0589165
0.0016892	0.0722090
0.0426147	0.0614734
0.0715990	0.0292153
0.0780878	-0.0149520
0.0581891	-0.0564478
0.0170977	-0.0800623
-0.0313767	-0.0756541
-0.0690438	-0.0430552
-0.0803808	0.0064693
-0.0595376	0.0537462
-0.0137786	0.0793396
0.0388263	0.0720477
0.0768350	0.0341347
0.0846357	-0.0194108
0.0590496	-0.0673214
0.0103015	-0.0910765
-0.0427832	-0.0822612
-0.0807347	-0.0451604
-0.0908046	0.0059351
-0.0708703	0.0528165
-0.0290655	0.0799224
0.0198156	0.0790485
0.0593159	0.0512476
0.0761919	0.0060995
0.0642690	-0.0410804
0.0266563	-0.0735927
-0.0244043	-0.0786287
-0.0707069	-0.0522076
-0.0940832	-0.0018360
-0.0835546	0.0549352
-0.0406797	0.0964696
0.0198091	0.1056740
0.0751684	0.0776136
0.1038530	0.0223417
0.0947225	-0.0388251
0.0518974	-0.0821439
-0.0070674	-0.0913679
-0.0587469	-0.0642056
-0.0835069	-0.0126019
-0.0729204	0.0427996
-0.0320955	0.0810790
0.0233086	0.0886151
0.0733946	0.0631382
0.1008940	0.0135411
0.0963964	-0.0436510
0.0608863	-0.0896020
0.0053937	-0.1088580
-0.0520753	-0.0942395
-0.0919052	-0.0497391
-0.0994848	0.0098061
-0.0710851	0.0629887
-0.0164688	0.0893535
0.0436456	0.0776679
0.0851166	0.0313514
0.0902074	-0.0318831
0.0554018	-0.0866939
-0.0065987	-0.1104980
-0.0719099	-0.0929612
-0.1153560	-0.0402434
-0.1207150	0.0278542
-0.0868089	0.0862786
-0.0271193	0.1146900
0.0362625	0.1047390
0.0812756	0.0621335
0.0935273	0.0035044
0.0704770	-0.0499846
0.0214755	-0.0797173
-0.0356634	-0.0753407
-0.0803024	-0.0378928
-0.0954556	0.0202583
-0.0735880	0.0788527
-0.0199885	0.1161090
0.0479307	0.1164960
0.1060410	0.0772476
0.1323360	0.0106469
0.1159600	-0.0596723
0.0623892	-0.1076230
-0.0080232	-0.1153030
-0.0680084	-0.0806438
-0.0945503	-0.0184622
-0.0782891	0.0457103
-0.0270027	0.0861923
0.0381248	0.0873646
0.0914054	0.0492225
0.1126060	-0.0135830
0.0939365	-0.0780904
0.0418814	-0.1216670
-0.0259704	-0.1296010
-0.0872848	-0.0994059
-0.1222340	-0.0411086
-0.1196720	0.0260875
-0.0807836	0.0797802
-0.0192029	0.1015860
0.0428826	0.0837025
0.0820527	0.0325334
0.0823636	-0.0325278
0.0421853	-0.0855941
-0.0240628	-0.1041680
-0.0907547	-0.0785381
-0.1310370	-0.0164212
-0.1278540	0.0596095
-0.0811194	0.1211260
-0.0077453	0.1453960
0.0654327	0.1243740
0.1125450	0.0673602
0.1185820	-0.0034486
0.0843330	-0.0620684
0.0249846	-0.0884473
-0.0363012	-0.0750877
-0.0768478	-0.0287077
-0.0819336	0.0328409
-0.0492169	0.0868148
0.0107291	0.1129520
0.0776893	0.1000440
0.1281280	0.0499961
0.1430650	-0.0220279
0.1151930	-0.0920281
0.0525287	-0.1353580
-0.0234658	-0.1361160
-0.0853836	-0.0940002
-0.1105080	-0.0253241
-0.0902236	0.0428940
-0.0339208	0.0836691
0.0346341	0.0810803
0.0870155	0.0367134
0.1016700	-0.0312858
0.0722490	-0.0959175
0.0094094	-0.1321820
-0.0641203	-0.1264070
-0.1225990	-0.0805443
-0.1465580	-0.0104380
-0.1290190	0.0604886
-0.0770546	0.1094110
-0.0088632	0.1214270
0.0523174	0.0941117
0.0856915	0.0382795
0.0798234	-0.0252580
0.0369892	-0.0723552
-0.0267730	-0.0839461
-0.0866326	-0.0535022
-0.1178660	0.0095228
-0.1056210	0.0822971
-0.0514941	0.1369540
0.0263173	0.1516400
0.0998440	0.1195940
0.1425130	0.0521421
0.1398320	-0.0258690
0.0949370	-0.0861954
0.0267658	-0.1083830
-0.0379960	-0.0872683
-0.0754313	-0.0340158
-0.0729957	0.0290810
-0.0331997	0.0773426
0.0282801	0.0924148
0.0886495	0.0680671
