jMRUI Data Textfile

Filename: Asp.txt

PointsInDataset: 2048      
DatasetsInFile: 1         
SamplingInterval: 2.5E-1    
ZeroOrderPhase: 0E0       
BeginTime: 0E0       
TransmitterFrequency: 1.2322E8  
MagneticField: 2.9E0     
TypeOfNucleus: 0E0       
NameOfPatient: Asp
DateOfExperiment: 
Spectrometer: 
AdditionalInfo: Asp
SignalNames: Asp.txt;


Signal and FFT
sig(real)	sig(imag)	fft(real)	fft(imag)
Signal 1 out of 1 in file
2.1535800	-0.0702146
1.9645300	-0.7436030
1.5450000	-1.2641000
1.0060500	-1.5611600
0.4617690	-1.6410100
-0.0180605	-1.5593600
-0.4169020	-1.3723300
-0.7413290	-1.1034900
-0.9804650	-0.7498010
-1.0902900	-0.3184200
-1.0175100	0.1387640
-0.7455830	0.5246280
-0.3267920	0.7361270
0.1271660	0.7181620
0.4933590	0.4942510
0.6933940	0.1519800
0.7198610	-0.2065580
0.6180410	-0.5145380
0.4399630	-0.7569380
0.2069530	-0.9463920
-0.0916163	-1.0817900
-0.4649230	-1.1253600
-0.8817630	-1.0186500
-1.2601400	-0.7267920
-1.4979200	-0.2771180
-1.5255200	0.2389110
-1.3438900	0.7052320
-1.0208200	1.0363200
-0.6486130	1.2107200
-0.2935390	1.2616700
0.0274766	1.2354600
0.3292730	1.1506700
0.6175310	0.9896930
0.8594270	0.7275050
0.9911510	0.3733890
0.9584430	-0.0093996
0.7599670	-0.3246040
0.4598630	-0.4922560
0.1580070	-0.4919430
-0.0623922	-0.3693700
-0.1735910	-0.2021040
-0.2026040	-0.0499827
-0.1945260	0.0739911
-0.1697260	0.1929380
-0.1081750	0.3268730
0.0276446	0.4578360
0.2501000	0.5284540
0.5186040	0.4768820
0.7503930	0.2825730
0.8644870	-0.0118906
0.8280510	-0.3204470
0.6720460	-0.5616750
0.4654780	-0.7013670
0.2679290	-0.7600320
0.0954617	-0.7821800
-0.0760370	-0.7926380
-0.2748990	-0.7741060
-0.4948040	-0.6831000
-0.6846710	-0.4914970
-0.7767120	-0.2208000
-0.7325230	0.0586733
-0.5727000	0.2651190
-0.3672570	0.3528730
-0.1930920	0.3360740
-0.0891137	0.2717780
-0.0410497	0.2159460
-0.0053589	0.1854750
0.0476385	0.1540720
0.1053260	0.0835837
0.1211280	-0.0347242
0.0531522	-0.1619900
-0.0968554	-0.2319470
-0.2748920	-0.1953330
-0.4043720	-0.0555509
-0.4331860	0.1312620
-0.3640380	0.2922230
-0.2464080	0.3834340
-0.1370910	0.4122220
-0.0594458	0.4206870
0.0081855	0.4445830
0.1070840	0.4799400
0.2563430	0.4834650
0.4277230	0.4066250
0.5575740	0.2373310
0.5879330	0.0169599
0.5065270	-0.1811630
0.3558730	-0.2967720
0.2046200	-0.3184380
0.1023650	-0.2843400
0.0511783	-0.2485260
0.0141093	-0.2388170
-0.0472344	-0.2382760
-0.1357760	-0.2037580
-0.2116520	-0.1065690
-0.2205630	0.0367261
-0.1364260	0.1678690
0.0142632	0.2233100
0.1654280	0.1768590
0.2528840	0.0570362
0.2540540	-0.0736322
0.1971490	-0.1617820
0.1340550	-0.1967420
0.0983174	-0.2100780
0.0804325	-0.2427710
0.0389801	-0.3062000
-0.0614381	-0.3675540
-0.2151230	-0.3714890
-0.3707140	-0.2820210
-0.4617210	-0.1129170
-0.4501210	0.0767555
-0.3509230	0.2192840
-0.2197660	0.2804320
-0.1131560	0.2763970
-0.0511749	0.2540340
-0.0101225	0.2504050
0.0504904	0.2629540
0.1483030	0.2530520
0.2570340	0.1799020
0.3208950	0.0384456
0.2941910	-0.1283930
0.1764260	-0.2534470
0.0162610	-0.2881760
-0.1191190	-0.2332550
-0.1868470	-0.1345850
-0.1920970	-0.0482543
-0.1760000	-0.0010353
-0.1780750	0.0241672
-0.2024970	0.0677777
-0.2141870	0.1546160
-0.1676480	0.2671970
-0.0462963	0.3525020
0.1181940	0.3578450
0.2620680	0.2691910
0.3299290	0.1230780
0.3098440	-0.0170320
0.2374760	-0.1025900
0.1667960	-0.1291850
0.1298610	-0.1321040
0.1159380	-0.1527240
0.0851999	-0.2021020
0.0057385	-0.2499350
-0.1150920	-0.2474480
-0.2296490	-0.1667290
-0.2808240	-0.0263263
-0.2419570	0.1168820
-0.1359750	0.2041180
-0.0193744	0.2126920
0.0570115	0.1676310
0.0812842	0.1188730
0.0833571	0.1017790
0.1061520	0.1109660
0.1677410	0.1070310
0.2436960	0.0505714
0.2833550	-0.0629044
0.2477620	-0.1942350
0.1404690	-0.2852240
0.0076437	-0.2984640
-0.0929329	-0.2426330
-0.1309750	-0.1644090
-0.1218590	-0.1132490
-0.1106770	-0.1056200
-0.1347350	-0.1154240
-0.1931990	-0.0974155
-0.2469240	-0.0253734
-0.2485000	0.0842801
-0.1795680	0.1815860
-0.0669552	0.2181760
0.0347721	0.1819760
0.0813350	0.1053510
0.0688248	0.0406522
0.0334024	0.0217011
0.0211908	0.0402710
0.0514370	0.0551373
0.1009950	0.0265341
0.1219190	-0.0503751
0.0788120	-0.1386120
-0.0223861	-0.1845270
-0.1360460	-0.1561770
-0.2077970	-0.0661751
-0.2116260	0.0379859
-0.1654400	0.1085970
-0.1138810	0.1310960
-0.0919289	0.1310800
-0.0972932	0.1500850
-0.0927342	0.2090210
-0.0365773	0.2875400
0.0818305	0.3355150
0.2288730	0.3084470
0.3461110	0.2004120
0.3883230	0.0499149
0.3521000	-0.0857036
0.2741870	-0.1681390
0.2015500	-0.2001830
0.1563220	-0.2161400
0.1222360	-0.2488660
0.0625174	-0.2993830
-0.0450072	-0.3328360
-0.1830290	-0.3043620
-0.2999570	-0.1954200
-0.3422580	-0.0329241
-0.2903910	0.1238350
-0.1718780	0.2193920
-0.0420454	0.2351630
0.0529921	0.1955960
0.1036370	0.1439890
0.1347330	0.1072390
0.1770270	0.0766676
0.2351770	0.0193637
0.2777940	-0.0891650
0.2579980	-0.2367670
0.1494380	-0.3734910
-0.0294335	-0.4397590
-0.2216360	-0.4038850
-0.3646400	-0.2817020
-0.4263940	-0.1242310
-0.4187260	0.0170249
-0.3795720	0.1212680
-0.3388780	0.2035030
-0.2948310	0.2911670
-0.2186350	0.3916950
-0.0837646	0.4772140
0.1034530	0.4992860
0.2964790	0.4234270
0.4316090	0.2575950
0.4656260	0.0528570
0.4010480	-0.1251150
0.2809960	-0.2334760
0.1581040	-0.2719670
0.0608776	-0.2719010
-0.0179413	-0.2643780
-0.1036510	-0.2529980
-0.2077510	-0.2122220
-0.3079140	-0.1124360
-0.3565360	0.0481549
-0.3125330	0.2302730
-0.1729000	0.3706790
0.0198808	0.4184420
0.2008660	0.3645900
0.3199300	0.2440250
0.3667870	0.1090540
0.3667330	-0.0053558
0.3521510	-0.0990005
0.3327350	-0.1946890
0.2877320	-0.3080050
0.1860600	-0.4233570
0.0183879	-0.4961450
-0.1843530	-0.4807270
-0.3616350	-0.3637670
-0.4568630	-0.1778790
-0.4501050	0.0152384
-0.3666810	0.1605060
-0.2560740	0.2385560
-0.1573980	0.2680440
-0.0770895	0.2812620
0.0054462	0.2930070
0.1101440	0.2871610
0.2293030	0.2313400
0.3234500	0.1080170
0.3445140	-0.0624852
0.2696310	-0.2259820
0.1202990	-0.3239910
-0.0479420	-0.3281290
-0.1783380	-0.2547230
-0.2448040	-0.1495930
-0.2603800	-0.0549401
-0.2575920	0.0168756
-0.2570400	0.0837495
-0.2489420	0.1695480
-0.2019230	0.2751450
-0.0920597	0.3682750
0.0706611	0.4011940
0.2397300	0.3436360
0.3567610	0.2065140
0.3862110	0.0382654
0.3352150	-0.1040490
0.2445410	-0.1881450
0.1580190	-0.2205810
0.0934833	-0.2323810
0.0365365	-0.2484780
-0.0393312	-0.2650670
-0.1428960	-0.2524210
-0.2496350	-0.1808850
-0.3134110	-0.0497284
-0.2974200	0.1039730
-0.2014130	0.2243290
-0.0645993	0.2703770
0.0583977	0.2402220
0.1311730	0.1682470
0.1544630	0.0980943
0.1573330	0.0519447
0.1685270	0.0189078
0.1905850	-0.0295695
0.1968010	-0.1100720
0.1533340	-0.2069640
0.0493220	-0.2778920
-0.0885056	-0.2816420
-0.2086770	-0.2077730
-0.2665540	-0.0857184
-0.2517290	0.0336988
-0.1913670	0.1109050
-0.1276020	0.1404870
-0.0863348	0.1480700
-0.0608877	0.1645580
-0.0223202	0.1980980
0.0522196	0.2255410
0.1554830	0.2100460
0.2494840	0.1313450
0.2894230	0.0053721
0.2546050	-0.1221880
0.1632400	-0.2042470
0.0600273	-0.2218710
-0.0142850	-0.1934420
-0.0487938	-0.1571700
-0.0648833	-0.1406200
-0.0941827	-0.1404630
-0.1494940	-0.1275720
-0.2112970	-0.0731674
-0.2404200	0.0243789
-0.2074180	0.1329940
-0.1163730	0.2061690
-0.0048970	0.2139960
0.0800324	0.1629580
0.1125970	0.0898444
0.1025630	0.0345749
0.0833443	0.0124233
0.0833567	0.0063413
0.1027630	-0.0153502
0.1133940	-0.0699282
0.0818475	-0.1424940
-0.0019647	-0.1934440
-0.1128040	-0.1859460
-0.2041760	-0.1129250
-0.2383770	-0.0032932
-0.2103880	0.0972821
-0.1481410	0.1567390
-0.0895038	0.1755870
-0.0537267	0.1807850
-0.0290258	0.1999230
0.0145494	0.2359570
0.0971799	0.2621980
0.2080440	0.2416800
0.3075470	0.1563850
0.3520060	0.0241174
0.3227740	-0.1100470
0.2382940	-0.2017580
0.1403620	-0.2343790
0.0650744	-0.2253860
0.0202124	-0.2082200
-0.0144246	-0.2040660
-0.0648380	-0.2053620
-0.1365450	-0.1835990
-0.2049890	-0.1152310
-0.2306230	-0.0055155
-0.1877450	0.1085520
-0.0854513	0.1793070
0.0352559	0.1785050
0.1264560	0.1145290
0.1622630	0.0244070
0.1508650	-0.0529390
0.1216850	-0.1020210
0.0984540	-0.1360460
0.0793502	-0.1790430
0.0395886	-0.2395370
-0.0456039	-0.2968750
-0.1755550	-0.3116100
-0.3163630	-0.2528610
-0.4177520	-0.1223890
-0.4429960	0.0427908
-0.3904570	0.1916460
-0.2914180	0.2889680
-0.1864800	0.3324300
-0.0985139	0.3453510
-0.0221613	0.3519990
0.0631146	0.3551920
0.1676330	0.3337660
0.2743960	0.2618660
0.3445500	0.1349900
0.3423270	-0.0178626
0.2612230	-0.1463520
0.1317860	-0.2074690
0.0047454	-0.1904130
-0.0786044	-0.1200490
-0.1076720	-0.0371376
-0.1009510	0.0294709
-0.0842958	0.0780412
-0.0668196	0.1260740
-0.0334078	0.1867430
0.0403442	0.2491040
0.1625700	0.2785750
0.3093130	0.2385510
0.4318070	0.1175540
0.4829430	-0.0584210
0.4444670	-0.2381000
0.3356860	-0.3734110
0.1980160	-0.4441530
0.0673575	-0.4619460
-0.0452477	-0.4522280
-0.1511370	-0.4293880
-0.2632300	-0.3847560
-0.3744820	-0.2967390
-0.4536330	-0.1548910
-0.4628910	0.0214198
-0.3850300	0.1854490
-0.2396490	0.2865560
-0.0758574	0.2987240
0.0541546	0.2340490
0.1222600	0.1320160
0.1336320	0.0329996
0.1130300	-0.0444065
0.0801126	-0.1062970
0.0334936	-0.1661610
-0.0441942	-0.2224980
-0.1646220	-0.2502250
-0.3131620	-0.2139350
-0.4466980	-0.0939325
-0.5134980	0.0944137
-0.4820760	0.3031490
-0.3588390	0.4753930
-0.1823110	0.5740580
0.0013808	0.5960320
0.1636790	0.5632440
0.3017480	0.4991840
0.4253770	0.4098010
0.5348190	0.2835220
0.6085390	0.1097760
0.6119050	-0.0994004
0.5214020	-0.3029600
0.3463400	-0.4467200
0.1311450	-0.4916950
-0.0648213	-0.4353210
-0.1965440	-0.3107950
-0.2519250	-0.1655030
-0.2479290	-0.0343965
-0.2092710	0.0728893
-0.1471160	0.1635060
-0.0543391	0.2403370
0.0795992	0.2867590
0.2468450	0.2707570
0.4109630	0.1665930
0.5184600	-0.0219147
0.5256910	-0.2545710
0.4228550	-0.4708990
0.2384020	-0.6189810
0.0211329	-0.6776750
-0.1868080	-0.6579390
-0.3669430	-0.5845250
-0.5207140	-0.4734680
-0.6503820	-0.3230670
-0.7416470	-0.1247650
-0.7633940	0.1156210
-0.6863290	0.3644850
-0.5070960	0.5674600
-0.2593680	0.6741250
-0.0023526	0.6640160
0.2065510	0.5559590
0.3367050	0.3945810
0.3906010	0.2241030
0.3892480	0.0681323
0.3495180	-0.0712229
0.2715010	-0.1967880
0.1453680	-0.2975200
-0.0285719	-0.3441220
-0.2236910	-0.3041900
-0.3893890	-0.1664030
-0.4727590	0.0445304
-0.4455900	0.2743890
-0.3181650	0.4642160
-0.1305840	0.5769360
0.0716275	0.6082960
0.2599780	0.5763580
0.4282540	0.4995470
0.5789450	0.3810650
0.7037510	0.2116900
0.7754030	-0.0119231
0.7589670	-0.2689330
0.6353260	-0.5120270
0.4193970	-0.6853790
0.1587690	-0.7516660
-0.0876190	-0.7097500
-0.2766510	-0.5910730
-0.3959510	-0.4380410
-0.4577170	-0.2803610
-0.4782970	-0.1259480
-0.4604280	0.0287416
-0.3921660	0.1791520
-0.2629770	0.3010210
-0.0836197	0.3575630
0.1070290	0.3214230
0.2555370	0.1954760
0.3198430	0.0165643
0.2899330	-0.1615690
0.1891910	-0.2948590
0.0562196	-0.3669530
-0.0790816	-0.3873050
-0.2079380	-0.3728290
-0.3357680	-0.3285840
-0.4631520	-0.2429430
-0.5712480	-0.1009480
-0.6246210	0.0950257
-0.5908520	0.3142800
-0.4629790	0.5065880
-0.2679850	0.6260610
-0.0544210	0.6539010
0.1326160	0.6044140
0.2718500	0.5107650
0.3680320	0.4016480
0.4362230	0.2861280
0.4816380	0.1570780
0.4913480	0.0090507
0.4445030	-0.1447080
0.3330390	-0.2707280
0.1763270	-0.3318800
0.0173762	-0.3105240
-0.0980704	-0.2212340
-0.1453380	-0.1033790
-0.1309670	0.0014483
-0.0826650	0.0712237
-0.0272741	0.1094660
0.0265338	0.1324700
0.0883411	0.1489030
0.1698450	0.1482980
0.2660680	0.1077240
0.3495620	0.0116369
0.3832860	-0.1305820
0.3434370	-0.2835260
0.2355980	-0.4030720
0.0922057	-0.4602820
-0.0470001	-0.4550870
-0.1574580	-0.4105080
-0.2392410	-0.3525470
-0.3076200	-0.2912830
-0.3731350	-0.2172710
-0.4273520	-0.1153050
-0.4457850	0.0158397
-0.4061000	0.1537510
-0.3077030	0.2612500
-0.1774250	0.3080330
-0.0562500	0.2894840
0.0238300	0.2288500
0.0563914	0.1612300
0.0590625	0.1111860
0.0559149	0.0802357
0.0576080	0.0527553
0.0544225	0.0147579
0.0271610	-0.0296469
-0.0329610	-0.0573502
-0.1113150	-0.0420543
-0.1744970	0.0250226
-0.1899740	0.1253800
-0.1466360	0.2222420
-0.0612776	0.2822140
0.0335936	0.2940460
0.1114290	0.2712480
0.1667800	0.2374410
0.2131440	0.2061760
0.2660520	0.1708320
0.3251130	0.1121870
0.3694380	0.0175636
0.3705160	-0.1035640
0.3131440	-0.2200940
0.2086520	-0.2963860
0.0901885	-0.3137850
-0.0068287	-0.2810120
-0.0650249	-0.2260560
-0.0916494	-0.1759180
-0.1073550	-0.1394060
-0.1264640	-0.1055160
-0.1441950	-0.0578669
-0.1407300	0.0066055
-0.0989008	0.0697350
-0.0216868	0.1017100
0.0643617	0.0814451
0.1231500	0.0126115
0.1307320	-0.0768098
0.0890672	-0.1513920
0.0220937	-0.1893680
-0.0424768	-0.1928190
-0.0917983	-0.1801670
-0.1331520	-0.1675740
-0.1824800	-0.1540280
-0.2457250	-0.1218240
-0.3080150	-0.0521451
-0.3397600	0.0563323
-0.3157450	0.1804220
-0.2332610	0.2830760
-0.1157550	0.3345230
0.0008958	0.3288270
0.0895456	0.2841910
0.1451420	0.2274120
0.1811540	0.1745630
0.2128090	0.1224180
0.2407350	0.0566221
0.2480600	-0.0303698
0.2134520	-0.1261380
0.1301870	-0.2008610
0.0164068	-0.2245610
-0.0918585	-0.1866830
-0.1605190	-0.1036350
-0.1761030	-0.0086741
-0.1501460	0.0684611
-0.1068390	0.1174200
-0.0638206	0.1475320
-0.0208100	0.1733920
0.0356009	0.1977170
0.1152850	0.2052990
0.2095680	0.1731910
0.2902510	0.0895884
0.3244350	-0.0330781
0.2947910	-0.1612540
0.2106080	-0.2580380
0.1016030	-0.3031700
-0.0008784	-0.3011850
-0.0814773	-0.2725860
-0.1447510	-0.2354930
-0.2034970	-0.1920800
-0.2614380	-0.1300290
-0.3044050	-0.0374738
-0.3074500	0.0806523
-0.2529620	0.1981960
-0.1461480	0.2796870
-0.0158856	0.3005590
0.1002920	0.2612330
0.1766080	0.1850200
0.2104430	0.1016740
0.2172010	0.0288918
0.2134810	-0.0347993
0.2019660	-0.1012600
0.1697660	-0.1757710
0.1013270	-0.2457760
-0.0043172	-0.2847720
-0.1257800	-0.2690770
-0.2278140	-0.1951600
-0.2806090	-0.0844541
-0.2762390	0.0282686
-0.2305830	0.1147560
-0.1698080	0.1672020
-0.1118350	0.1966910
-0.0565984	0.2183400
0.0080768	0.2352270
0.0902454	0.2338150
0.1804730	0.1945630
0.2523530	0.1095650
0.2773100	-0.0065392
0.2430910	-0.1212600
0.1622940	-0.2018000
0.0645906	-0.2330170
-0.0217119	-0.2230730
-0.0853099	-0.1932280
-0.1336620	-0.1599990
-0.1804140	-0.1233790
-0.2288690	-0.0698884
-0.2647540	0.0122914
-0.2642670	0.1181890
-0.2115750	0.2231080
-0.1125370	0.2948790
0.0059554	0.3127210
0.1109470	0.2790820
0.1819920	0.2159220
0.2200150	0.1485000
0.2405510	0.0888612
0.2572070	0.0312037
0.2684010	-0.0379568
0.2577200	-0.1232130
0.2076590	-0.2105760
0.1161430	-0.2726830
0.0029337	-0.2855440
-0.0994634	-0.2445600
-0.1641610	-0.1679580
-0.1843350	-0.0850526
-0.1735260	-0.0180271
-0.1521840	0.0294527
-0.1310440	0.0688231
-0.1040640	0.1117630
-0.0561393	0.1558960
0.0206446	0.1825330
0.1150800	0.1686360
0.1989380	0.1042230
0.2422530	0.0020791
0.2309280	-0.1077470
0.1740130	-0.1949350
0.0956192	-0.2451310
0.0178552	-0.2639750
-0.0523669	-0.2667120
-0.1230490	-0.2620740
-0.2042100	-0.2432330
-0.2929560	-0.1930060
-0.3686970	-0.0994230
-0.4029580	0.0304006
-0.3770680	0.1690870
-0.2948490	0.2821360
-0.1809600	0.3463060
-0.0660832	0.3602810
0.0302296	0.3404340
0.1067910	0.3056180
0.1735690	0.2628880
0.2365380	0.2049960
0.2870220	0.1211860
0.3043830	0.0124349
0.2704930	-0.1012800
0.1851880	-0.1882100
0.0708052	-0.2220780
-0.0381573	-0.1971650
-0.1132590	-0.1305110
-0.1454590	-0.0498790
-0.1446010	0.0234372
-0.1264750	0.0844498
-0.0980412	0.1403490
-0.0524154	0.1966210
0.0225982	0.2450770
0.1293150	0.2639100
0.2505820	0.2305740
0.3540540	0.1382410
0.4082180	0.0035313
0.3991520	-0.1406000
0.3363100	-0.2620820
0.2436500	-0.3449780
0.1431170	-0.3924320
0.0428124	-0.4162830
-0.0618148	-0.4223070
-0.1756320	-0.4030020
-0.2908510	-0.3437420
-0.3844400	-0.2375170
-0.4289390	-0.0966127
-0.4093120	0.0484652
-0.3335510	0.1630640
-0.2290830	0.2259810
-0.1273430	0.2383940
-0.0474589	0.2183200
0.0096811	0.1853860
0.0536778	0.1476280
0.0902468	0.0999767
0.1120560	0.0348748
0.1023220	-0.0440291
0.0486347	-0.1166060
-0.0436668	-0.1544880
-0.1492850	-0.1375400
-0.2344570	-0.0667528
-0.2745160	0.0358475
-0.2653400	0.1402980
-0.2210520	0.2253580
-0.1604960	0.2869620
-0.0931179	0.3331400
-0.0149241	0.3703890
0.0828969	0.3928350
0.1999880	0.3831520
0.3190460	0.3249640
0.4111750	0.2173710
0.4512950	0.0802971
0.4327210	-0.0540166
0.3704240	-0.1577960
0.2906750	-0.2210860
0.2147330	-0.2525680
0.1483770	-0.2680930
0.0843529	-0.2761890
0.0149325	-0.2717400
-0.0559105	-0.2424510
-0.1107110	-0.1827240
-0.1290220	-0.1036960
-0.1025130	-0.0310252
-0.0431732	0.0087776
0.0219368	0.0038833
0.0659952	-0.0366071
0.0769807	-0.0900757
0.0613122	-0.1358050
0.0346262	-0.1670130
0.0073090	-0.1909680
-0.0239024	-0.2178520
-0.0718482	-0.2476300
-0.1457440	-0.2656120
-0.2393320	-0.2506520
-0.3300030	-0.1901490
-0.3902570	-0.0906191
-0.4035590	0.0242841
-0.3731920	0.1271590
-0.3179060	0.2020770
-0.2578810	0.2508320
-0.2015970	0.2862160
-0.1432280	0.3181130
-0.0719963	0.3434090
0.0142653	0.3476240
0.1022930	0.3170060
0.1690800	0.2517080
0.1962590	0.1696500
0.1825890	0.0976120
0.1452220	0.0556900
0.1086950	0.0462603
0.0896543	0.0552551
0.0883853	0.0643694
0.0929161	0.0647734
0.0919467	0.0620187
0.0862438	0.0687309
0.0894778	0.0911074
0.1176780	0.1200210
0.1753080	0.1340520
0.2487180	0.1127100
0.3123110	0.0502622
0.3432700	-0.0399785
0.3343150	-0.1340500
0.2954620	-0.2121840
0.2440280	-0.2692170
0.1908340	-0.3132390
0.1332310	-0.3541860
0.0601072	-0.3916870
-0.0352394	-0.4119690
-0.1446330	-0.3965830
-0.2455070	-0.3365830
-0.3126480	-0.2414300
-0.3329520	-0.1356640
-0.3125720	-0.0454449
-0.2714470	0.0154881
-0.2294730	0.0505329
-0.1946560	0.0728286
-0.1617570	0.0920022
-0.1218060	0.1055470
-0.0744976	0.1015300
-0.0332834	0.0704462
-0.0186463	0.0168584
-0.0441243	-0.0386147
-0.1054100	-0.0692091
-0.1807870	-0.0571500
-0.2428770	-0.0033422
-0.2734110	0.0750684
-0.2706640	0.1570170
-0.2448760	0.2303410
-0.2060520	0.2957130
-0.1541120	0.3593600
-0.0793009	0.4209800
0.0273659	0.4669950
0.1618080	0.4752350
0.3026540	0.4283020
0.4191490	0.3260860
0.4862530	0.1881760
0.4965830	0.0441932
0.4611620	-0.0811882
0.3991430	-0.1781130
0.3246460	-0.2499810
0.2405720	-0.3028630
0.1435050	-0.3350150
0.0350551	-0.3352480
-0.0701334	-0.2918140
-0.1470120	-0.2050310
-0.1725780	-0.0936182
-0.1396440	0.0109348
-0.0620649	0.0788712
0.0324192	0.0958853
0.1167080	0.0669794
0.1761100	0.0086309
0.2096950	-0.0641087
0.2216490	-0.1456440
0.2105890	-0.2373100
0.1660870	-0.3371020
0.0757986	-0.4307080
-0.0619787	-0.4920890
-0.2301180	-0.4946390
-0.3958740	-0.4257290
-0.5242930	-0.2945470
-0.5931990	-0.1276850
-0.5999890	0.0443487
-0.5565510	0.2002720
-0.4772150	0.3321540
-0.3693730	0.4390030
-0.2337370	0.5163820
-0.0733004	0.5514180
0.0970577	0.5281520
0.2491640	0.4397580
0.3511140	0.2984010
0.3821590	0.1346310
0.3429150	-0.0143698
0.2539480	-0.1203620
0.1439640	-0.1734120
0.0360159	-0.1796720
-0.0589645	-0.1506760
-0.1380050	-0.0931217
-0.1962690	-0.0070955
-0.2207560	0.1063900
-0.1937400	0.2353520
-0.1042840	0.3534280
0.0405781	0.4274380
0.2137950	0.4319820
0.3779140	0.3615390
0.5005550	0.2320010
0.5658140	0.0709491
0.5748360	-0.0961898
0.5367690	-0.2545570
0.4581380	-0.3979440
0.3392300	-0.5198150
0.1800670	-0.6059460
-0.0094142	-0.6359170
-0.2040520	-0.5935810
-0.3687740	-0.4792050
-0.4723510	-0.3141120
-0.5008880	-0.1335980
-0.4621930	0.0277467
-0.3785280	0.1488870
-0.2733410	0.2254940
-0.1614560	0.2627840
-0.0489378	0.2648920
0.0589061	0.2296800
0.1492520	0.1530820
0.2012140	0.0392059
0.1948410	-0.0925542
0.1237420	-0.2102740
0.0020737	-0.2817620
-0.1397450	-0.2887360
-0.2682990	-0.2336390
-0.3607960	-0.1349360
-0.4104230	-0.0148627
-0.4211060	0.1113710
-0.3971270	0.2376310
-0.3364930	0.3599920
-0.2335010	0.4677750
-0.0883694	0.5409470
0.0841511	0.5572710
0.2549230	0.5048490
0.3907290	0.3910800
0.4685140	0.2411990
0.4842370	0.0868822
0.4507400	-0.0475611
0.3868890	-0.1524000
0.3062350	-0.2291930
0.2132460	-0.2809400
0.1089180	-0.3042370
0.0001753	-0.2900090
-0.0955045	-0.2323400
-0.1550890	-0.1382720
-0.1618840	-0.0302719
-0.1159890	0.0616870
-0.0355649	0.1137620
0.0523306	0.1185570
0.1251810	0.0853937
0.1736360	0.0310386
0.2000840	-0.0318451
0.2094990	-0.1000510
0.2005430	-0.1756400
0.1643290	-0.2564110
0.0920122	-0.3294150
-0.0147302	-0.3735690
-0.1388800	-0.3703540
-0.2534330	-0.3151690
-0.3339260	-0.2210500
-0.3697320	-0.1118530
-0.3665360	-0.0095790
-0.3388270	0.0753517
-0.2984490	0.1445170
-0.2478330	0.2033210
-0.1825880	0.2513410
-0.1007800	0.2791620
-0.0109732	0.2744360
0.0679626	0.2325490
0.1159410	0.1634990
0.1233930	0.0891899
0.0971248	0.0324463
0.0559356	0.0052425
0.0190905	0.0042857
-0.0041355	0.0166603
-0.0166144	0.0308777
-0.0263691	0.0448823
-0.0364448	0.0651715
-0.0398792	0.0981626
-0.0239079	0.1409580
0.0197074	0.1791660
0.0862093	0.1940460
0.1580100	0.1740690
0.2138640	0.1224850
0.2406950	0.0553000
0.2397110	-0.0088838
0.2226950	-0.0597777
0.2016490	-0.0992690
0.1797760	-0.1358830
0.1505510	-0.1745960
0.1053000	-0.2101840
0.0431479	-0.2294520
-0.0246835	-0.2207930
-0.0799289	-0.1838020
-0.1082750	-0.1314780
-0.1082800	-0.0830562
-0.0916588	-0.0525026
-0.0747520	-0.0409545
-0.0675227	-0.0384251
-0.0681404	-0.0331417
-0.0668825	-0.0212562
-0.0559984	-0.0095417
-0.0377014	-0.0091562
-0.0239667	-0.0254292
-0.0281272	-0.0517025
-0.0545862	-0.0722018
-0.0944915	-0.0720646
-0.1307950	-0.0471945
-0.1490910	-0.0066796
-0.1463280	0.0339440
-0.1311000	0.0634908
-0.1156050	0.0819389
-0.1055740	0.0983327
-0.0958915	0.1216570
-0.0752286	0.1518870
-0.0360472	0.1782490
0.0177657	0.1862000
0.0716427	0.1679540
0.1091330	0.1286430
0.1223420	0.0834139
0.1163400	0.0475562
0.1044000	0.0269406
0.0977719	0.0157557
0.0977506	0.0029698
0.0959280	-0.0176345
0.0822495	-0.0416439
0.0545360	-0.0569235
0.0220162	-0.0530611
-0.0000292	-0.0301327
-0.0006475	-0.0000297
0.0190954	0.0208351
0.0468467	0.0221411
0.0675611	0.0058126
0.0735413	-0.0166987
0.0685115	-0.0337370
0.0629006	-0.0421993
0.0641894	-0.0490942
0.0698865	-0.0648267
0.0686453	-0.0934825
0.0487856	-0.1277010
0.0078000	-0.1522670
-0.0444032	-0.1539610
-0.0911046	-0.1304190
-0.1191890	-0.0915046
-0.1267640	-0.0522292
-0.1225170	-0.0225982
-0.1176040	-0.0019219
-0.1164140	0.0183328
-0.1133310	0.0456204
-0.0979171	0.0783983
-0.0644638	0.1054900
-0.0184809	0.1134300
0.0250679	0.0963548
0.0507335	0.0610049
0.0522686	0.0229782
0.0359696	-0.0030841
0.0153498	-0.0122180
0.0012652	-0.0104941
-0.0050773	-0.0083377
-0.0111239	-0.0111732
-0.0250307	-0.0146830
-0.0471246	-0.0083457
-0.0675627	0.0154751
-0.0722465	0.0539323
-0.0527202	0.0935805
-0.0126792	0.1181290
0.0338280	0.1185170
0.0712491	0.0980111
0.0919547	0.0687277
0.0994287	0.0423890
0.1031760	0.0223371
0.1095540	0.0027318
0.1157470	-0.0247043
0.1115880	-0.0618239
0.0878834	-0.1001260
0.0448386	-0.1250570
-0.0059907	-0.1255420
-0.0479564	-0.1017190
-0.0693706	-0.0651011
-0.0700745	-0.0310198
-0.0598615	-0.0089029
-0.0501788	0.0025105
-0.0454985	0.0117422
-0.0408559	0.0258797
-0.0272502	0.0435001
-0.0005612	0.0547737
0.0330719	0.0487635
0.0597813	0.0223720
0.0667614	-0.0159503
0.0508767	-0.0507342
0.0207058	-0.0690857
-0.0094845	-0.0683691
-0.0293447	-0.0564587
-0.0385371	-0.0446124
-0.0449694	-0.0385187
-0.0568050	-0.0343285
-0.0745740	-0.0225928
-0.0895710	0.0030507
-0.0898748	0.0392416
-0.0694706	0.0735744
-0.0335280	0.0923008
0.0042659	0.0894228
0.0304636	0.0704453
0.0402835	0.0480372
0.0395618	0.0328938
0.0389707	0.0266325
0.0450485	0.0219373
0.0549135	0.0096312
0.0586568	-0.0128885
0.0475200	-0.0384153
0.0215416	-0.0544699
-0.0092597	-0.0522415
-0.0312033	-0.0331869
-0.0361257	-0.0082752
-0.0265977	0.0096088
-0.0133406	0.0144506
-0.0068599	0.0105666
-0.0096362	0.0082696
-0.0147304	0.0151562
-0.0117594	0.0297045
0.0043944	0.0420696
0.0288367	0.0414702
0.0495494	0.0245464
0.0557874	-0.0016763
0.0456790	-0.0245001
0.0273223	-0.0344308
0.0125845	-0.0315659
0.0083070	-0.0247460
0.0115507	-0.0241980
0.0124216	-0.0333077
0.0022659	-0.0457853
-0.0190401	-0.0503775
-0.0422795	-0.0395473
-0.0552247	-0.0155384
-0.0513624	0.0107800
-0.0344667	0.0274397
-0.0156179	0.0296223
-0.0049675	0.0224694
-0.0044914	0.0164312
-0.0071765	0.0187776
-0.0031783	0.0277774
0.0118126	0.0339914
0.0324295	0.0277039
0.0469406	0.0068418
0.0455883	-0.0206582
0.0277183	-0.0418941
0.0023622	-0.0477315
-0.0181417	-0.0387420
-0.0266834	-0.0239921
-0.0257004	-0.0137328
-0.0241539	-0.0116091
-0.0296172	-0.0123063
-0.0416272	-0.0063657
-0.0514544	0.0115805
-0.0485420	0.0375227
-0.0287677	0.0598879
0.0017438	0.0672280
0.0302088	0.0561088
0.0455726	0.0333484
0.0455133	0.0109922
0.0369563	-0.0021634
0.0299046	-0.0061538
0.0294041	-0.0084642
0.0318016	-0.0169277
0.0281131	-0.0324932
0.0118622	-0.0475163
-0.0146920	-0.0510015
-0.0408263	-0.0368965
-0.0541079	-0.0091713
-0.0487049	0.0202141
-0.0291265	0.0390326
-0.0066790	0.0425365
0.0086359	0.0355855
0.0147035	0.0277748
0.0175208	0.0254427
0.0251066	0.0267196
0.0399416	0.0233842
0.0558767	0.0080459
0.0620141	-0.0189257
0.0507236	-0.0481564
0.0237586	-0.0668542
-0.0081975	-0.0672027
-0.0323188	-0.0513957
-0.0417980	-0.0296401
-0.0394307	-0.0127042
-0.0341513	-0.0046194
-0.0333537	-0.0009264
-0.0369462	0.0064125
-0.0376797	0.0213943
-0.0274415	0.0396440
-0.0046171	0.0508286
0.0232363	0.0461037
0.0436312	0.0249975
0.0473029	-0.0035043
0.0342899	-0.0265944
0.0134860	-0.0358974
-0.0039227	-0.0323133
-0.0121860	-0.0240193
-0.0141494	-0.0193574
-0.0176494	-0.0201344
-0.0281058	-0.0204581
-0.0431439	-0.0119420
-0.0534996	0.0087867
-0.0496372	0.0361325
-0.0291188	0.0583229
0.0008748	0.0650294
0.0278680	0.0542333
0.0421374	0.0332823
0.0425924	0.0134201
0.0362641	0.0019241
0.0319982	-0.0022960
0.0332758	-0.0064838
0.0356575	-0.0171037
0.0307540	-0.0336550
0.0136061	-0.0480946
-0.0122710	-0.0504250
-0.0361804	-0.0362695
-0.0470800	-0.0106918
-0.0409600	0.0147028
-0.0233175	0.0293188
-0.0049447	0.0302360
0.0057701	0.0231510
0.0082718	0.0170787
0.0090404	0.0169788
0.0153652	0.0199606
0.0286070	0.0179284
0.0422208	0.0045775
0.0461559	-0.0186907
0.0343651	-0.0425720
0.0097453	-0.0556970
-0.0172768	-0.0522409
-0.0355405	-0.0356870
-0.0403330	-0.0159915
-0.0357013	-0.0023357
-0.0303305	0.0030882
-0.0302655	0.0056642
-0.0340792	0.0130346
-0.0341636	0.0280823
-0.0231178	0.0456901
-0.0002971	0.0558574
0.0265601	0.0508944
0.0459991	0.0312866
0.0504203	0.0057819
0.0409638	-0.0144160
0.0261272	-0.0230566
0.0152376	-0.0223896
0.0117332	-0.0203331
0.0112805	-0.0235657
0.0060400	-0.0318907
-0.0082953	-0.0382004
-0.0281626	-0.0340681
-0.0439057	-0.0166914
-0.0464212	0.0081477
-0.0337177	0.0294443
-0.0124667	0.0382299
0.0066232	0.0333652
0.0161512	0.0216193
0.0166251	0.0120891
0.0149733	0.0092539
0.0182509	0.0099307
0.0274469	0.0063816
0.0361860	-0.0068776
0.0353695	-0.0278432
0.0202596	-0.0474544
-0.0053729	-0.0554839
-0.0312295	-0.0475476
-0.0471807	-0.0280260
-0.0497364	-0.0067603
-0.0435451	0.0079537
-0.0369476	0.0148084
-0.0350871	0.0193476
-0.0358743	0.0285019
-0.0318817	0.0440990
-0.0166927	0.0604182
0.0091898	0.0677668
0.0374666	0.0594643
0.0570046	0.0369991
0.0610397	0.0094621
0.0513313	-0.0123612
0.0362671	-0.0228778
0.0244541	-0.0245058
0.0186719	-0.0244913
0.0147108	-0.0283329
0.0058407	-0.0349510
-0.0106518	-0.0373544
-0.0300059	-0.0283217
-0.0424149	-0.0067486
-0.0396657	0.0202512
-0.0210822	0.0412384
0.0056591	0.0475828
0.0294691	0.0386586
0.0428935	0.0213794
0.0461112	0.0045935
0.0450953	-0.0073293
0.0455888	-0.0168812
0.0476886	-0.0300834
0.0453069	-0.0501585
0.0309979	-0.0732435
0.0024842	-0.0896412
-0.0341570	-0.0898979
-0.0672355	-0.0712968
-0.0862807	-0.0399714
-0.0880712	-0.0070701
-0.0775793	0.0182048
-0.0633553	0.0336053
-0.0509960	0.0433785
-0.0396684	0.0530109
-0.0242176	0.0634603
-0.0010486	0.0694843
0.0269568	0.0634717
0.0505268	0.0419007
0.0593266	0.0094449
0.0487471	-0.0225736
0.0231909	-0.0424911
-0.0065719	-0.0449285
-0.0300446	-0.0330649
-0.0428206	-0.0151415
-0.0474908	0.0019568
-0.0493338	0.0171215
-0.0504282	0.0341928
-0.0469526	0.0567497
-0.0319099	0.0827959
-0.0012652	0.1037490
0.0412397	0.1088720
0.0844637	0.0921109
0.1154780	0.0563915
0.1265640	0.0122024
0.1187190	-0.0285209
0.0993854	-0.0588166
0.0763886	-0.0789264
0.0527659	-0.0930955
0.0263149	-0.1038230
-0.0060567	-0.1082980
-0.0428624	-0.0999831
-0.0760414	-0.0742272
-0.0944030	-0.0335820
-0.0902970	0.0114500
-0.0647425	0.0471785
-0.0272608	0.0638570
0.0095176	0.0602747
0.0366339	0.0427773
0.0522451	0.0197801
0.0596347	-0.0039315
0.0618296	-0.0288732
0.0573602	-0.0575175
0.0406951	-0.0888979
0.0071525	-0.1157710
-0.0415031	-0.1270180
-0.0952797	-0.1139370
-0.1397640	-0.0760145
-0.1631660	-0.0219700
-0.1618290	0.0347484
-0.1405780	0.0828673
-0.1080160	0.1178100
-0.0705451	0.1409940
-0.0295908	0.1550400
0.0161516	0.1590930
0.0656127	0.1481820
0.1118390	0.1173120
0.1433490	0.0671581
0.1498880	0.0067799
0.1286550	-0.0491271
0.0865255	-0.0869554
0.0366015	-0.1004240
-0.0085394	-0.0922160
-0.0422314	-0.0702553
-0.0642825	-0.0417144
-0.0769596	-0.0093058
-0.0800679	0.0275832
-0.0693373	0.0682407
-0.0396101	0.1066010
0.0095602	0.1315570
0.0703642	0.1320100
0.1283690	0.1033340
0.1686920	0.0506819
0.1827260	-0.0133092
0.1709940	-0.0748531
0.1405270	-0.1250420
0.0991128	-0.1616150
0.0508510	-0.1858550
-0.0038019	-0.1976520
-0.0639798	-0.1930440
-0.1240280	-0.1664660
-0.1728180	-0.1160990
-0.1979650	-0.0481144
-0.1923310	0.0237933
-0.1582990	0.0838158
-0.1067340	0.1209820
-0.0513198	0.1330980
-0.0021781	0.1253130
0.0369669	0.1048460
0.0666520	0.0760491
0.0869010	0.0394412
0.0940568	-0.0049057
0.0820581	-0.0527708
0.0473874	-0.0941321
-0.0061225	-0.1164060
-0.0665779	-0.1107500
-0.1184660	-0.0771138
-0.1495410	-0.0244671
-0.1556380	0.0339954
-0.1404330	0.0873091
-0.1108130	0.1304800
-0.0716503	0.1633340
-0.0239221	0.1860610
0.0326570	0.1954650
0.0949758	0.1852700
0.1539860	0.1505190
0.1968770	0.0927556
0.2129540	0.0218763
0.1992700	-0.0471976
0.1620760	-0.1010690
0.1130740	-0.1333400
0.0631557	-0.1455110
0.0179634	-0.1431580
-0.0219158	-0.1306270
-0.0569237	-0.1083750
-0.0843451	-0.0748163
-0.0976490	-0.0309204
-0.0901931	0.0164380
-0.0606104	0.0555041
-0.0157032	0.0748531
0.0316453	0.0693472
0.0684174	0.0426903
0.0873224	0.0048172
0.0887165	-0.0339566
0.0776463	-0.0678600
0.0586321	-0.0963760
0.0323189	-0.1207430
-0.0035085	-0.1394580
-0.0495579	-0.1466760
-0.1010130	-0.1350810
-0.1473970	-0.1012420
-0.1769300	-0.0493869
-0.1825600	0.0094211
-0.1654610	0.0624387
-0.1335990	0.1012540
-0.0964758	0.1246060
-0.0599147	0.1363570
-0.0245084	0.1405330
0.0115036	0.1374260
0.0475820	0.1237680
0.0784220	0.0967215
0.0958972	0.0584082
0.0941700	0.0171845
0.0741840	-0.0157113
0.0440740	-0.0319996
0.0149851	-0.0306174
-0.0048433	-0.0174236
-0.0136287	-0.0006950
-0.0149381	0.0142051
-0.0131103	0.0271267
-0.0089246	0.0409501
0.0010886	0.0569271
0.0211957	0.0714336
0.0516287	0.0769057
0.0862739	0.0664825
0.1149280	0.0389696
0.1287320	0.0003845
0.1249750	-0.0391788
0.1078760	-0.0711859
0.0849277	-0.0928047
0.0616032	-0.1067310
0.0383865	-0.1171370
0.0121761	-0.1250640
-0.0192409	-0.1269090
-0.0533176	-0.1172010
-0.0826824	-0.0935331
-0.0991568	-0.0597681
-0.0989830	-0.0249055
-0.0853931	0.0017680
-0.0665823	0.0158263
-0.0505387	0.0194899
-0.0404810	0.0188924
-0.0341336	0.0190163
-0.0271387	0.0201570
-0.0177861	0.0185213
-0.0092958	0.0103583
-0.0078124	-0.0037034
-0.0175963	-0.0176106
-0.0370929	-0.0231304
-0.0589578	-0.0151067
-0.0741762	0.0051158
-0.0773525	0.0306193
-0.0693810	0.0534856
-0.0556796	0.0696322
-0.0414883	0.0804020
-0.0278850	0.0899069
-0.0115422	0.1003590
0.0116615	0.1091250
0.0420477	0.1099020
0.0742174	0.0972122
0.0994558	0.0708640
0.1108400	0.0369649
0.1073680	0.0046263
0.0941211	-0.0192977
0.0784268	-0.0336571
0.0649257	-0.0422545
0.0531943	-0.0496762
0.0395658	-0.0570281
0.0215629	-0.0608973
0.0013635	-0.0563341
-0.0145295	-0.0415287
-0.0193310	-0.0205072
-0.0107799	-0.0016283
0.0068848	0.0071921
0.0253024	0.0031283
0.0370291	-0.0103528
0.0396035	-0.0264934
0.0357896	-0.0401023
0.0300620	-0.0506112
0.0242146	-0.0611310
0.0155787	-0.0744127
-0.0007233	-0.0890063
-0.0272088	-0.0987685
-0.0607040	-0.0963151
-0.0929431	-0.0779824
-0.1148630	-0.0466513
-0.1215990	-0.0103272
-0.1146570	0.0225159
-0.0998372	0.0474641
-0.0826353	0.0653757
-0.0646510	0.0796449
-0.0436550	0.0918715
-0.0170997	0.0994540
0.0138245	0.0970847
0.0429367	0.0810765
0.0618447	0.0532040
0.0648996	0.0210172
0.0527650	-0.0058256
0.0320019	-0.0207027
0.0109833	-0.0230577
-0.0048859	-0.0173059
-0.0152448	-0.0086709
-0.0228692	0.0007695
-0.0295468	0.0128327
-0.0331525	0.0303254
-0.0283665	0.0529003
-0.0106236	0.0750943
0.0196728	0.0883416
0.0559487	0.0857356
0.0883667	0.0661863
0.1089110	0.0349988
0.1151210	0.0004993
0.1099800	-0.0307959
0.0983315	-0.0569952
0.0827295	-0.0797805
0.0619570	-0.1006240
0.0332635	-0.1174760
-0.0035338	-0.1247230
-0.0434585	-0.1166580
-0.0775688	-0.0919299
-0.0973637	-0.0555957
-0.0993721	-0.0170894
-0.0866949	0.0145890
-0.0664790	0.0351287
-0.0452599	0.0457334
-0.0255879	0.0502261
-0.0062658	0.0508930
0.0142922	0.0463729
0.0344659	0.0332238
0.0486428	0.0098857
0.0500994	-0.0201584
0.0355421	-0.0486909
0.0079366	-0.0666212
-0.0245625	-0.0687932
-0.0529306	-0.0563868
-0.0718221	-0.0353047
-0.0812237	-0.0118714
-0.0842936	0.0109215
-0.0833241	0.0339271
-0.0771045	0.0589699
-0.0617939	0.0850661
-0.0346362	0.1069170
0.0024085	0.1171000
0.0420688	0.1105270
0.0749171	0.0879332
0.0941835	0.0557989
0.0988778	0.0227002
0.0931113	-0.0053153
0.0823090	-0.0270741
0.0692547	-0.0448647
0.0529195	-0.0606357
0.0308153	-0.0729381
0.0028682	-0.0771083
-0.0263850	-0.0686372
-0.0492070	-0.0471663
-0.0588518	-0.0179883
-0.0535593	0.0102535
-0.0374524	0.0301486
-0.0176986	0.0391696
-0.0000327	0.0398787
0.0141098	0.0367513
0.0268883	0.0321699
0.0405587	0.0246803
0.0540713	0.0107969
0.0625470	-0.0111228
0.0601747	-0.0380374
0.0444186	-0.0627678
0.0183589	-0.0777281
-0.0106623	-0.0792197
-0.0351866	-0.0692094
-0.0516119	-0.0533700
-0.0611920	-0.0369198
-0.0675221	-0.0213878
-0.0726005	-0.0046543
-0.0745858	0.0159220
-0.0690177	0.0398436
-0.0525772	0.0622460
-0.0264838	0.0762062
0.0031500	0.0769856
0.0284196	0.0650997
0.0440075	0.0459471
0.0497102	0.0262743
0.0493735	0.0100876
0.0471861	-0.0030195
0.0442245	-0.0160247
0.0378868	-0.0307009
0.0245999	-0.0449422
0.0036528	-0.0533613
-0.0208801	-0.0508102
-0.0417399	-0.0362153
-0.0525618	-0.0138285
-0.0515070	0.0090978
-0.0418423	0.0265525
-0.0291334	0.0368587
-0.0172241	0.0424572
-0.0060236	0.0467306
0.0073097	0.0504385
0.0248264	0.0505859
0.0447356	0.0426442
0.0613339	0.0244483
0.0681359	-0.0012339
0.0619778	-0.0275072
0.0450937	-0.0470664
0.0236453	-0.0561891
0.0038066	-0.0561728
-0.0117143	-0.0513111
-0.0242303	-0.0450823
-0.0364767	-0.0375135
-0.0490316	-0.0257196
-0.0586553	-0.0071373
-0.0599559	0.0171236
-0.0492171	0.0415192
-0.0275261	0.0586696
-0.0008033	0.0635439
0.0233822	0.0562426
0.0399571	0.0414100
0.0485089	0.0247987
0.0520545	0.0095852
0.0535482	-0.0048598
0.0529332	-0.0209698
0.0470567	-0.0394685
0.0325227	-0.0572176
0.0092575	-0.0682594
-0.0180395	-0.0674276
-0.0418347	-0.0539060
-0.0558231	-0.0320877
-0.0582537	-0.0090562
-0.0521914	0.0095041
-0.0426646	0.0220441
-0.0329288	0.0306748
-0.0226622	0.0380681
-0.0093596	0.0442831
0.0082945	0.0460699
0.0278314	0.0392545
0.0433570	0.0223992
0.0487894	-0.0011036
0.0416819	-0.0242238
0.0248429	-0.0400494
0.0045606	-0.0454714
-0.0132654	-0.0422202
-0.0262777	-0.0346540
-0.0358951	-0.0260983
-0.0446673	-0.0165560
-0.0529684	-0.0034822
-0.0577132	0.0150766
-0.0541943	0.0375237
-0.0397021	0.0583681
-0.0161742	0.0709556
0.0102133	0.0713867
0.0323403	0.0607982
0.0460102	0.0443673
0.0516666	0.0278081
0.0528556	0.0139503
0.0527572	0.0018571
0.0515073	-0.0110314
0.0463544	-0.0255532
0.0344770	-0.0389972
0.0162101	-0.0463250
-0.0039178	-0.0436113
-0.0192979	-0.0311314
-0.0250790	-0.0137320
-0.0209793	0.0018829
-0.0110602	0.0110320
-0.0006918	0.0133382
0.0070035	0.0118692
0.0126173	0.0099543
0.0188602	0.0082078
0.0272839	0.0040713
0.0359762	-0.0057916
0.0401272	-0.0221307
0.0351536	-0.0414401
0.0200820	-0.0573931
-0.0013561	-0.0644562
-0.0227873	-0.0610992
-0.0389518	-0.0503092
-0.0484492	-0.0371087
-0.0535626	-0.0249918
-0.0574655	-0.0139424
-0.0610648	-0.0014386
-0.0619661	0.0144557
-0.0563748	0.0324126
-0.0424707	0.0477572
-0.0226255	0.0551762
-0.0026714	0.0522658
0.0113646	0.0412874
0.0167401	0.0278078
0.0152050	0.0172019
0.0111419	0.0115617
0.0081248	0.0092081
0.0065112	0.0070101
0.0038403	0.0036024
-0.0023696	0.0009428
-0.0116819	0.0029597
-0.0200385	0.0122978
-0.0219694	0.0276619
-0.0141676	0.0438541
0.0021876	0.0545976
0.0220738	0.0561603
0.0397615	0.0491948
0.0521421	0.0375544
0.0598585	0.0250942
0.0655486	0.0129376
0.0707078	-0.0007342
0.0737047	-0.0182863
0.0705699	-0.0395692
0.0580262	-0.0606699
0.0364708	-0.0755903
0.0106012	-0.0797473
-0.0128966	-0.0727836
-0.0290001	-0.0586583
-0.0367613	-0.0429863
-0.0388427	-0.0296066
-0.0386979	-0.0188699
-0.0376469	-0.0087780
-0.0341066	0.0020877
-0.0255239	0.0122645
-0.0114465	0.0176490
0.0047529	0.0142208
0.0169931	0.0012480
0.0198008	-0.0174619
0.0115047	-0.0352946
-0.0049553	-0.0463809
-0.0241230	-0.0484804
-0.0414295	-0.0432445
-0.0554054	-0.0338803
-0.0671893	-0.0221648
-0.0779240	-0.0071746
-0.0862553	0.0132918
-0.0880616	0.0397501
-0.0788084	0.0689250
-0.0568721	0.0943082
-0.0253595	0.1092070
0.0090000	0.1102280
0.0391896	0.0987817
0.0611591	0.0796441
0.0748052	0.0577291
0.0822237	0.0354925
0.0848116	0.0127890
0.0816021	-0.0109363
0.0701800	-0.0340634
0.0494655	-0.0520697
0.0221313	-0.0594773
-0.0053878	-0.0532073
-0.0255757	-0.0349181
-0.0334810	-0.0105721
-0.0288622	0.0125424
-0.0154517	0.0292852
0.0019524	0.0382921
0.0203322	0.0408568
0.0391756	0.0382326
0.0587464	0.0296631
0.0775030	0.0127949
0.0909584	-0.0137948
0.0931727	-0.0479518
0.0800276	-0.0833792
0.0519984	-0.1118640
0.0144028	-0.1269550
-0.0251102	-0.1266540
-0.0601102	-0.1134110
-0.0875773	-0.0916477
-0.1074370	-0.0648028
-0.1201720	-0.0340925
-0.1246500	0.0002462
-0.1180760	0.0364623
-0.0982113	0.0697938
-0.0661821	0.0934774
-0.0275907	0.1018490
0.0091674	0.0934611
0.0364586	0.0720156
0.0505316	0.0444341
0.0522147	0.0174025
0.0449663	-0.0052461
0.0319443	-0.0226828
0.0143526	-0.0350528
-0.0077947	-0.0411854
-0.0333169	-0.0380903
-0.0580458	-0.0228184
-0.0753050	0.0046637
-0.0787091	0.0398484
-0.0654877	0.0747592
-0.0380428	0.1012330
-0.0026530	0.1143100
0.0337509	0.1135690
0.0664999	0.1017390
0.0939079	0.0818998
0.1156440	0.0554881
0.1303960	0.0225886
0.1349440	-0.0159142
0.1256080	-0.0562504
0.1010940	-0.0917009
0.0645685	-0.1149940
0.0232390	-0.1217020
-0.0145218	-0.1123480
-0.0426823	-0.0917851
-0.0594275	-0.0663261
-0.0663537	-0.0406847
-0.0658859	-0.0167643
-0.0590448	0.0051255
-0.0452815	0.0239361
-0.0243861	0.0365549
0.0012131	0.0387789
0.0258232	0.0280217
0.0423650	0.0057520
0.0456794	-0.0222728
0.0350494	-0.0483582
0.0142212	-0.0663285
-0.0110217	-0.0738176
-0.0359608	-0.0720111
-0.0585660	-0.0633311
-0.0787017	-0.0490178
-0.0958551	-0.0285100
-0.1074440	-0.0010363
-0.1092680	0.0319664
-0.0979553	0.0656991
-0.0736421	0.0932974
-0.0408135	0.1089100
-0.0065377	0.1105070
0.0228098	0.1005050
0.0441422	0.0838310
0.0579218	0.0648950
0.0661682	0.0456236
0.0699293	0.0258320
0.0682363	0.0053719
0.0593256	-0.0138598
0.0430901	-0.0278261
0.0227121	-0.0324341
0.0039992	-0.0263221
-0.0073307	-0.0122493
-0.0085990	0.0040481
-0.0013057	0.0168311
0.0102891	0.0231324
0.0220472	0.0234764
0.0321895	0.0202310
0.0413522	0.0150238
0.0506290	0.0072806
0.0593109	-0.0049911
0.0642412	-0.0228392
0.0614367	-0.0443534
0.0488416	-0.0647056
0.0281518	-0.0784151
0.0042792	-0.0823111
-0.0172535	-0.0771088
-0.0331767	-0.0665075
-0.0436180	-0.0545283
-0.0508448	-0.0430660
-0.0567089	-0.0314003
-0.0608227	-0.0178819
-0.0608717	-0.0023456
-0.0547872	0.0127387
-0.0430392	0.0233741
-0.0291867	0.0266449
-0.0181276	0.0228771
-0.0132353	0.0156903
-0.0144351	0.0098299
-0.0185940	0.0083137
-0.0218982	0.0109214
-0.0224388	0.0150406
-0.0211195	0.0181193
-0.0203064	0.0197996
-0.0213624	0.0220996
-0.0230448	0.0275348
-0.0220656	0.0366714
-0.0154415	0.0470517
-0.0028690	0.0544042
0.0126947	0.0553152
0.0267348	0.0494178
0.0359536	0.0394966
0.0401074	0.0294507
0.0416088	0.0216427
0.0432743	0.0155897
0.0459732	0.0089091
0.0479700	-0.0002835
0.0464380	-0.0114207
0.0399477	-0.0215141
0.0299854	-0.0271811
0.0202863	-0.0271436
0.0144250	-0.0232950
0.0134368	-0.0194967
0.0152312	-0.0189702
0.0162242	-0.0221992
0.0139584	-0.0268724
0.0087579	-0.0298538
0.0032145	-0.0296568
-0.0000487	-0.0275387
-0.0005910	-0.0264021
-0.0006314	-0.0283686
-0.0034072	-0.0329012
-0.0106549	-0.0369386
-0.0211256	-0.0369764
-0.0312803	-0.0315515
-0.0376638	-0.0222734
-0.0391960	-0.0126390
-0.0376880	-0.0055280
-0.0362300	-0.0012610
-0.0367024	0.0023405
-0.0383073	0.0079757
-0.0382293	0.0165031
-0.0339095	0.0260139
-0.0251910	0.0330603
-0.0146886	0.0351216
-0.0060823	0.0324456
-0.0016045	0.0278759
-0.0005983	0.0247914
-0.0002143	0.0247079
0.0023016	0.0263347
0.0074705	0.0267740
0.0132096	0.0239255
0.0164945	0.0182524
0.0157800	0.0125580
0.0123263	0.0099338
0.0094119	0.0114287
0.0100091	0.0152033
0.0146632	0.0178101
0.0211579	0.0166414
0.0261996	0.0117111
0.0278338	0.0054509
0.0267676	0.0007113
0.0256132	-0.0014910
0.0266546	-0.0027505
0.0298584	-0.0059805
0.0326691	-0.0130302
0.0317717	-0.0230270
0.0255134	-0.0327177
0.0151750	-0.0385781
0.0041416	-0.0391315
-0.0043980	-0.0357656
-0.0095027	-0.0314764
-0.0127653	-0.0285251
-0.0166712	-0.0268013
-0.0223268	-0.0241266
-0.0283263	-0.0182433
-0.0316515	-0.0089428
-0.0299414	0.0013276
-0.0234170	0.0088891
-0.0149907	0.0112619
-0.0084463	0.0088078
-0.0060195	0.0043767
-0.0071483	0.0012425
-0.0092724	0.0008790
-0.0100163	0.0022238
-0.0090650	0.0029272
-0.0082988	0.0015695
-0.0101028	-0.0008984
-0.0151705	-0.0016383
-0.0215191	0.0019980
-0.0255269	0.0103545
-0.0242732	0.0209273
-0.0174722	0.0298333
-0.0075856	0.0342313
0.0019410	0.0339352
0.0089870	0.0310770
0.0138963	0.0281503
0.0186487	0.0259710
0.0247698	0.0231236
0.0316439	0.0173045
0.0365772	0.0075092
0.0366148	-0.0046523
0.0307636	-0.0155769
0.0209400	-0.0218342
0.0109007	-0.0223080
0.0039155	-0.0187567
0.0008718	-0.0144071
0.0001616	-0.0116554
-0.0006469	-0.0105915
-0.0026830	-0.0094056
-0.0048389	-0.0062922
-0.0047361	-0.0013277
-0.0008325	0.0031751
0.0059772	0.0041591
0.0125468	0.0000652
0.0153799	-0.0078654
0.0128818	-0.0162329
0.0063154	-0.0216227
-0.0012194	-0.0226922
-0.0069964	-0.0207004
-0.0104122	-0.0181556
-0.0129975	-0.0166707
-0.0167544	-0.0156831
-0.0221559	-0.0130156
-0.0273908	-0.0068253
-0.0294787	0.0025813
-0.0264405	0.0125021
-0.0188885	0.0194148
-0.0098147	0.0212438
-0.0027022	0.0186560
0.0006696	0.0144432
0.0011297	0.0114696
0.0011153	0.0107228
0.0025784	0.0109005
0.0054143	0.0097842
0.0076058	0.0062928
0.0069478	0.0016037
0.0030039	-0.0015486
-0.0022373	-0.0008869
-0.0055578	0.0036087
-0.0047002	0.0094933
0.0000672	0.0134363
0.0061711	0.0134367
0.0105692	0.0100528
0.0118309	0.0057673
0.0109291	0.0030088
0.0101984	0.0023440
0.0113035	0.0022023
0.0138017	0.0003089
0.0154137	-0.0043016
0.0138032	-0.0102666
0.0085043	-0.0146850
0.0015113	-0.0151543
-0.0039534	-0.0115344
-0.0056047	-0.0061119
-0.0035974	-0.0020314
-0.0002698	-0.0011540
0.0016521	-0.0029208
0.0010281	-0.0050306
-0.0010227	-0.0053698
-0.0022158	-0.0036990
-0.0010889	-0.0018064
0.0016727	-0.0020202
0.0036116	-0.0052332
0.0023164	-0.0099711
-0.0026859	-0.0132538
-0.0094040	-0.0126379
-0.0146408	-0.0079349
-0.0161228	-0.0013313
-0.0139343	0.0041669
-0.0102231	0.0067962
-0.0074452	0.0070744
-0.0065042	0.0070790
-0.0061974	0.0085667
-0.0043680	0.0114082
0.0001485	0.0135618
0.0063036	0.0126215
0.0113159	0.0077693
0.0125325	0.0006340
0.0093002	-0.0056249
0.0034537	-0.0083598
