jMRUI Data Textfile

Filename: GABA.txt

PointsInDataset: 2048      
DatasetsInFile: 1         
SamplingInterval: 2.5E-1    
ZeroOrderPhase: 0E0       
BeginTime: 0E0       
TransmitterFrequency: 1.2322E8  
MagneticField: 2.9E0     
TypeOfNucleus: 0E0       
NameOfPatient: GABA
DateOfExperiment: 
Spectrometer: 
AdditionalInfo: GABA
SignalNames: GABA.txt;


Signal and FFT
sig(real)	sig(imag)	fft(real)	fft(imag)
Signal 1 out of 1 in file
3.5270300	-0.2305590
3.0277100	-1.6943800
1.9452700	-2.7406800
0.5679950	-3.1648900
-0.7730430	-2.9437500
-1.8077300	-2.2123300
-2.3861200	-1.1913000
-2.4797400	-0.1091830
-2.1463100	0.8450380
-1.4925700	1.5332800
-0.6565830	1.8644900
0.1964180	1.8001700
0.8877450	1.3746000
1.2643300	0.7104040
1.2537900	0.0023128
0.9035020	-0.5405670
0.3721850	-0.7730920
-0.1317910	-0.6716790
-0.4369800	-0.3368600
-0.4742400	0.0619648
-0.2870870	0.3675130
0.0124822	0.4954090
0.3096390	0.4453130
0.5322510	0.2673900
0.6547940	0.0166830
0.6716950	-0.2702600
0.5716620	-0.5655260
0.3386190	-0.8249560
-0.0213046	-0.9787060
-0.4523100	-0.9539590
-0.8501900	-0.7180980
-1.1006400	-0.3105040
-1.1334500	0.1643680
-0.9566750	0.5832960
-0.6464190	0.8616940
-0.2988690	0.9847250
0.0225193	0.9928960
0.3086600	0.9352760
0.5827590	0.8262570
0.8542350	0.6379600
1.0857700	0.3330490
1.2002100	-0.0878589
1.1239900	-0.5610810
0.8364320	-0.9775310
0.3897190	-1.2323300
-0.1138500	-1.2727800
-0.5703610	-1.1134600
-0.9143520	-0.8124030
-1.1253900	-0.4307020
-1.2035400	-0.0076916
-1.1402100	0.4312940
-0.9132630	0.8461410
-0.5138420	1.1625100
0.0160174	1.2862100
0.5684530	1.1495000
0.9978000	0.7599590
1.1812400	0.2162210
1.0766800	-0.3254310
0.7416690	-0.7169550
0.3018490	-0.8784020
-0.1100610	-0.8179570
-0.4066190	-0.6058590
-0.5610320	-0.3259740
-0.5857980	-0.0397621
-0.5002380	0.2173720
-0.3162390	0.4154850
-0.0519036	0.5125250
0.2437410	0.4626510
0.4838680	0.2493180
0.5712590	-0.0823363
0.4487610	-0.4240320
0.1400940	-0.6443970
-0.2496670	-0.6510510
-0.5793050	-0.4372100
-0.7370500	-0.0833724
-0.6874300	0.2864350
-0.4734160	0.5651280
-0.1783590	0.7023900
0.1222310	0.7039010
0.3863660	0.5999520
0.5970320	0.4134970
0.7355200	0.1535580
0.7658850	-0.1640470
0.6486700	-0.4911240
0.3758360	-0.7447770
-0.0015416	-0.8386210
-0.3793080	-0.7302750
-0.6430370	-0.4521670
-0.7230030	-0.1014550
-0.6259840	0.2075110
-0.4232680	0.3985710
-0.2040370	0.4619780
-0.0264214	0.4399730
0.1018220	0.3842030
0.2042090	0.3179370
0.2975320	0.2297190
0.3670400	0.0994442
0.3745780	-0.0673480
0.2924530	-0.2269440
0.1348540	-0.3188900
-0.0400380	-0.3062720
-0.1617130	-0.2039980
-0.1908740	-0.0722638
-0.1429690	0.0217107
-0.0740307	0.0465592
-0.0389552	0.0232522
-0.0528372	0.0035844
-0.0836209	0.0272506
-0.0808191	0.0898754
-0.0180807	0.1458740
0.0828250	0.1436990
0.1648590	0.0666791
0.1758700	-0.0514289
0.1060790	-0.1479580
-0.0049168	-0.1738940
-0.0963982	-0.1259520
-0.1285170	-0.0448909
-0.1066730	0.0175087
-0.0708777	0.0369867
-0.0595970	0.0314398
-0.0769051	0.0411105
-0.0888811	0.0905445
-0.0523483	0.1627490
0.0462408	0.2067700
0.1723910	0.1742620
0.2612490	0.0579965
0.2598370	-0.0970257
0.1634820	-0.2193290
0.0198261	-0.2557990
-0.1025310	-0.2037140
-0.1579660	-0.1076150
-0.1488360	-0.0246182
-0.1148020	0.0153090
-0.0965692	0.0249037
-0.1028500	0.0409102
-0.1058930	0.0873995
-0.0682681	0.1508230
0.0208498	0.1870250
0.1292260	0.1553650
0.1991820	0.0536919
0.1872690	-0.0734440
0.0966263	-0.1611260
-0.0225955	-0.1666380
-0.1058840	-0.0974250
-0.1167100	-0.0040969
-0.0680476	0.0561142
-0.0081618	0.0584078
0.0176944	0.0236019
0.0005015	-0.0031169
-0.0290266	0.0094654
-0.0283070	0.0529724
0.0201433	0.0861204
0.0916354	0.0682786
0.1357110	-0.0062135
0.1138400	-0.0997784
0.0297573	-0.1564000
-0.0708914	-0.1412980
-0.1318370	-0.0658207
-0.1253070	0.0211486
-0.0699312	0.0688288
-0.0143775	0.0605496
0.0005953	0.0233163
-0.0271593	0.0042079
-0.0608286	0.0319369
-0.0546554	0.0929995
0.0087099	0.1406620
0.1020800	0.1300770
0.1713080	0.0530022
0.1735900	-0.0541168
0.1078810	-0.1348870
0.0148607	-0.1520360
-0.0531895	-0.1117160
-0.0696469	-0.0553219
-0.0499715	-0.0257585
-0.0354238	-0.0342650
-0.0572102	-0.0532034
-0.1090620	-0.0401464
-0.1497460	0.0254420
-0.1340820	0.1214440
-0.0491485	0.1948520
0.0719663	0.1980450
0.1698380	0.1229150
0.1978200	0.0074950
0.1520900	-0.0898155
0.0709626	-0.1293610
0.0048246	-0.1139710
-0.0202241	-0.0806047
-0.0177938	-0.0674956
-0.0248656	-0.0826768
-0.0672674	-0.0982042
-0.1343760	-0.0743585
-0.1832700	0.0051254
-0.1698810	0.1144690
-0.0837646	0.1991400
0.0401122	0.2121000
0.1422100	0.1465070
0.1771770	0.0406676
0.1424240	-0.0484501
0.0760392	-0.0836099
0.0264454	-0.0695511
0.0170230	-0.0435350
0.0320930	-0.0426125
0.0339342	-0.0733040
-0.0032770	-0.1069890
-0.0695063	-0.1042200
-0.1239220	-0.0487716
-0.1255670	0.0354258
-0.0662979	0.0984001
0.0195215	0.0995368
0.0768856	0.0380191
0.0681161	-0.0446803
-0.0007503	-0.0926320
-0.0844187	-0.0735138
-0.1301090	0.0006436
-0.1131230	0.0844959
-0.0504055	0.1330040
0.0166690	0.1320170
0.0558527	0.1032930
0.0675479	0.0814505
0.0802920	0.0819594
0.1222430	0.0859796
0.1915880	0.0546799
0.2500210	-0.0373915
0.2460370	-0.1755650
0.1519010	-0.3063950
-0.0128734	-0.3678940
-0.1893310	-0.3278540
-0.3132900	-0.2031840
-0.3518910	-0.0469802
-0.3171710	0.0865122
-0.2487050	0.1732600
-0.1802350	0.2251520
-0.1163180	0.2681380
-0.0362632	0.3118240
0.0790756	0.3355680
0.2201200	0.3027010
0.3439340	0.1921720
0.3977480	0.0226771
0.3542400	-0.1507030
0.2323900	-0.2669190
0.0876887	-0.2954500
-0.0221433	-0.2528520
-0.0717639	-0.1876910
-0.0788490	-0.1451830
-0.0843010	-0.1374010
-0.1178960	-0.1400950
-0.1754060	-0.1168890
-0.2237440	-0.0512112
-0.2290060	0.0388983
-0.1848540	0.1142340
-0.1187920	0.1452260
-0.0711703	0.1357220
-0.0630354	0.1206820
-0.0779086	0.1387850
-0.0722942	0.2004080
-0.0080110	0.2755170
0.1173270	0.3114170
0.2643900	0.2680690
0.3754870	0.1455030
0.4103290	-0.0163401
0.3684520	-0.1645780
0.2828410	-0.2667590
0.1910160	-0.3260960
0.1064560	-0.3682910
0.0123882	-0.4115190
-0.1176450	-0.4438980
-0.2888460	-0.4268420
-0.4685320	-0.3227440
-0.5978970	-0.1265270
-0.6249040	0.1228110
-0.5350200	0.3599260
-0.3580000	0.5278170
-0.1466720	0.6048600
0.0557443	0.6058440
0.2354110	0.5585000
0.4010390	0.4754680
0.5577690	0.3445100
0.6842760	0.1451060
0.7334380	-0.1215410
0.6588190	-0.4134340
0.4489550	-0.6568300
0.1443220	-0.7800950
-0.1765880	-0.7505350
-0.4339120	-0.5896840
-0.5818110	-0.3576050
-0.6203640	-0.1184020
-0.5793440	0.0887409
-0.4893720	0.2547680
-0.3635410	0.3831370
-0.2022270	0.4677130
-0.0140988	0.4868370
0.1674850	0.4200150
0.2903400	0.2739890
0.3115430	0.0954270
0.2288890	-0.0441794
0.0917165	-0.0854393
-0.0200201	-0.0165924
-0.0375447	0.1164970
0.0598345	0.2335490
0.2354590	0.2618630
0.4176820	0.1708530
0.5371350	-0.0203936
0.5543760	-0.2623720
0.4634400	-0.5032440
0.2762760	-0.7047460
0.0067583	-0.8380960
-0.3294750	-0.8704030
-0.6991400	-0.7607860
-1.0358100	-0.4774020
-1.2446500	-0.0279118
-1.2339900	0.5186330
-0.9596720	1.0390500
-0.4557910	1.3953800
0.1689170	1.4877000
0.7693150	1.2919100
1.2159800	0.8628840
1.4334300	0.3049610
1.4082300	-0.2695510
1.1713200	-0.7697600
0.7740480	-1.1328100
0.2760520	-1.3157400
-0.2520010	-1.2903800
-0.7234490	-1.0523100
-1.0449700	-0.6388520
-1.1449200	-0.1377550
-1.0072700	0.3292380
-0.6883050	0.6473130
-0.3001370	0.7544230
0.0343199	0.6656470
0.2316210	0.4609290
0.2758520	0.2432500
0.2111730	0.0919018
0.1077660	0.0365081
0.0249604	0.0617229
-0.0070429	0.1318590
0.0179641	0.2140460
0.0979096	0.2846050
0.2304460	0.3202120
0.4050340	0.2891770
0.5876690	0.1578440
0.7162450	-0.0868337
0.7185600	-0.4138550
0.5475360	-0.7442980
0.2127690	-0.9763520
-0.2136450	-1.0286800
-0.6238720	-0.8774630
-0.9195200	-0.5649550
-1.0490900	-0.1752480
-1.0172400	0.2063600
-0.8647360	0.5249700
-0.6366240	0.7619510
-0.3615270	0.9177060
-0.0534618	0.9896150
0.2709010	0.9641690
0.5780950	0.8285340
0.8214100	0.5898930
0.9609980	0.2841150
0.9847570	-0.0360726
0.9123510	-0.3262470
0.7774730	-0.5697790
0.6009800	-0.7757220
0.3760130	-0.9552840
0.0785877	-1.0943100
-0.3016420	-1.1440600
-0.7318080	-1.0408200
-1.1300600	-0.7444850
-1.3911700	-0.2720520
-1.4302800	0.2960700
-1.2195800	0.8416050
-0.7980580	1.2507300
-0.2522630	1.4493300
0.3163610	1.4149900
0.8173400	1.1672300
1.1800600	0.7508420
1.3514600	0.2272520
1.2968400	-0.3235940
1.0126900	-0.8021760
0.5455790	-1.1036000
-0.0006263	-1.1504100
-0.4844070	-0.9301170
-0.7726050	-0.5141000
-0.7929880	-0.0408209
-0.5656800	0.3336760
-0.1954110	0.4952520
0.1718490	0.4119770
0.4051220	0.1375290
0.4303000	-0.2187260
0.2426560	-0.5347970
-0.1060800	-0.7103600
-0.5299490	-0.6826820
-0.9262630	-0.4298170
-1.1867000	0.0270701
-1.2111500	0.6172670
-0.9329510	1.2177500
-0.3519830	1.6684800
0.4416850	1.8130200
1.2739500	1.5544800
1.9305000	0.9019400
2.2251000	-0.0185125
2.0629000	-0.9976070
1.4705700	-1.8082100
0.5817680	-2.2729100
-0.4103820	-2.3064000
-1.3088100	-1.9218500
-1.9537400	-1.2100600
-2.2424600	-0.3100020
-2.1349200	0.6161200
-1.6563400	1.4025600
-0.8996760	1.9028800
-0.0194219	2.0209200
0.7945770	1.7429200
1.3650200	1.1528300
1.5818600	0.4151680
1.4387900	-0.2754240
1.0314100	-0.7587110
0.5160320	-0.9584910
0.0488398	-0.8951550
-0.2651850	-0.6593110
-0.3926240	-0.3648750
-0.3596890	-0.1074490
-0.2238750	0.0551782
-0.0492344	0.1010400
0.1047090	0.0339922
0.1849970	-0.1211440
0.1501100	-0.3164500
-0.0158630	-0.4815560
-0.2862070	-0.5383400
-0.5868990	-0.4304410
-0.8156730	-0.1539150
-0.8812640	0.2308450
-0.7438240	0.6176120
-0.4335540	0.8967430
-0.0360889	0.9994440
0.3469920	0.9200190
0.6395840	0.7059380
0.8120000	0.4253790
0.8739070	0.1342570
0.8500620	-0.1383810
0.7586710	-0.3829260
0.6063020	-0.5918270
0.3982720	-0.7491300
0.1511700	-0.8351510
-0.1059800	-0.8401990
-0.3441750	-0.7730110
-0.5496350	-0.6541220
-0.7269880	-0.4978160
-0.8846170	-0.2977610
-1.0115100	-0.0309985
-1.0643200	0.3179980
-0.9788090	0.7276510
-0.7036850	1.1256400
-0.2381970	1.4047900
0.3499590	1.4636500
0.9391690	1.2507200
1.3943000	0.7885590
1.6118300	0.1665430
1.5479100	-0.4907390
1.2207500	-1.0602900
0.6944830	-1.4457300
0.0598744	-1.5860900
-0.5781350	-1.4565100
-1.1078300	-1.0715300
-1.4232300	-0.4930900
-1.4486400	0.1663340
-1.1694100	0.7589000
-0.6520670	1.1394800
-0.0358917	1.2150800
0.5077920	0.9823590
0.8340030	0.5320980
0.8735310	0.0160679
0.6508050	-0.4085190
0.2648010	-0.6306340
-0.1532470	-0.6118100
-0.4826550	-0.3824070
-0.6398230	-0.0190547
-0.5861510	0.3799990
-0.3265800	0.7121370
0.0914309	0.8826590
0.5778440	0.8206520
1.0079000	0.5018960
1.2474200	-0.0294063
1.1944500	-0.6562080
0.8216410	-1.2133900
0.1972960	-1.5383200
-0.5298490	-1.5271900
-1.1782100	-1.1711800
-1.5922700	-0.5559240
-1.6864800	0.1728530
-1.4581600	0.8580880
-0.9715610	1.3715500
-0.3290610	1.6327900
0.3535980	1.6098400
0.9616400	1.3138100
1.3907700	0.7969550
1.5613900	0.1525130
1.4396900	-0.4934540
1.0563100	-1.0067500
0.5073520	-1.2828200
-0.0705825	-1.2816600
-0.5445580	-1.0407000
-0.8286980	-0.6565720
-0.9054760	-0.2443000
-0.8160630	0.1047900
-0.6288290	0.3457280
-0.4063800	0.4758640
-0.1888950	0.5137950
0.0023532	0.4793190
0.1518690	0.3874810
0.2424970	0.2560300
0.2612410	0.1142220
0.2126170	0.0004683
0.1258760	-0.0533371
0.0461709	-0.0403808
0.0123898	0.0145161
0.0358112	0.0676828
0.0948653	0.0819264
0.1505650	0.0476992
0.1724230	-0.0144242
0.1568900	-0.0714509
0.1256100	-0.1029000
0.1053420	-0.1148550
0.1047160	-0.1330850
0.1051310	-0.1805330
0.0726951	-0.2558430
-0.0172860	-0.3287410
-0.1606350	-0.3557370
-0.3230040	-0.3051330
-0.4570460	-0.1742690
-0.5252870	0.0114983
-0.5131750	0.2148630
-0.4256320	0.4040320
-0.2737250	0.5587090
-0.0653010	0.6625700
0.1910160	0.6923310
0.4715450	0.6171290
0.7266280	0.4138640
0.8866190	0.0903701
0.8869850	-0.3004410
0.7001680	-0.6688540
0.3549910	-0.9185400
-0.0692933	-0.9835310
-0.4719400	-0.8520030
-0.7664860	-0.5651920
-0.9046170	-0.1952930
-0.8790440	0.1821800
-0.7107280	0.5060080
-0.4343350	0.7319270
-0.0927289	0.8277580
0.2599250	0.7730100
0.5567500	0.5684490
0.7289070	0.2492680
0.7290570	-0.1116920
0.5557030	-0.4202780
0.2618510	-0.5935530
-0.0610980	-0.5926010
-0.3183040	-0.4371770
-0.4472240	-0.1937450
-0.4355860	0.0556965
-0.3145510	0.2457950
-0.1353560	0.3444090
0.0538508	0.3491030
0.2180750	0.2727200
0.3318320	0.1322930
0.3721130	-0.0507161
0.3195310	-0.2429400
0.1702920	-0.3962990
-0.0499755	-0.4589480
-0.2841510	-0.3976920
-0.4603470	-0.2185800
-0.5211400	0.0292601
-0.4489570	0.2718310
-0.2722810	0.4414020
-0.0491768	0.5027930
0.1609740	0.4604290
0.3199930	0.3448360
0.4157320	0.1905220
0.4506670	0.0211633
0.4268990	-0.1496110
0.3410230	-0.3066820
0.1927520	-0.4243610
-0.0011577	-0.4704440
-0.2013780	-0.4227510
-0.3567560	-0.2863910
-0.4266040	-0.0978726
-0.4002720	0.0890934
-0.3006160	0.2280870
-0.1689310	0.2991430
-0.0418204	0.3106620
0.0642646	0.2845230
0.1513650	0.2366560
0.2248290	0.1678410
0.2781830	0.0708910
0.2910700	-0.0526732
0.2427450	-0.1809450
0.1310500	-0.2758320
-0.0180403	-0.3019120
-0.1588240	-0.2473240
-0.2477150	-0.1319510
-0.2642090	0.0030195
-0.2173460	0.1169130
-0.1346250	0.1878770
-0.0427759	0.2161510
0.0451542	0.2124910
0.1279280	0.1829110
0.2031930	0.1229390
0.2561330	0.0261594
0.2611210	-0.1003180
0.1972550	-0.2272920
0.0670232	-0.3111880
-0.0964559	-0.3153390
-0.2409270	-0.2313180
-0.3193780	-0.0857480
-0.3121760	0.0725294
-0.2332230	0.1966930
-0.1174840	0.2620190
0.0001827	0.2700230
0.1000420	0.2368100
0.1775890	0.1767930
0.2320320	0.0949504
0.2552530	-0.0073823
0.2321210	-0.1198720
0.1530660	-0.2164710
0.0289088	-0.2630140
-0.1052420	-0.2360270
-0.2028890	-0.1399280
-0.2292860	-0.0094635
-0.1800290	0.1060470
-0.0826562	0.1674010
0.0197662	0.1635270
0.0919597	0.1119520
0.1214370	0.0431533
0.1167890	-0.0189958
0.0932750	-0.0669467
0.0584610	-0.1042350
0.0092890	-0.1320060
-0.0580472	-0.1401330
-0.1348500	-0.1114830
-0.1958470	-0.0367977
-0.2098580	0.0716470
-0.1590280	0.1795650
-0.0529566	0.2459740
0.0731949	0.2450760
0.1764420	0.1800990
0.2281170	0.0797590
0.2258820	-0.0198691
0.1885040	-0.0952649
0.1386570	-0.1437510
0.0871504	-0.1759030
0.0299547	-0.1997050
-0.0410050	-0.2098040
-0.1231300	-0.1905710
-0.1972740	-0.1304530
-0.2364320	-0.0359189
-0.2231470	0.0667719
-0.1625900	0.1445970
-0.0810129	0.1768510
-0.0100157	0.1666250
0.0324063	0.1363540
0.0505814	0.1107540
0.0637692	0.0996630
0.0886711	0.0931743
0.1251720	0.0721159
0.1559240	0.0254245
0.1597580	-0.0390294
0.1284360	-0.0984341
0.0738226	-0.1307430
0.0199737	-0.1300740
-0.0138667	-0.1100600
-0.0264089	-0.0926130
-0.0336176	-0.0906898
-0.0547185	-0.0982319
-0.0955974	-0.0950099
-0.1423110	-0.0628015
-0.1698170	-0.0006921
-0.1595550	0.0721144
-0.1128030	0.1282340
-0.0499031	0.1499900
0.0039488	0.1400570
0.0356539	0.1171770
0.0512857	0.1005620
0.0682999	0.0949869
0.0991951	0.0879443
0.1393860	0.0608669
0.1687670	0.0056932
0.1659560	-0.0660837
0.1244980	-0.1290630
0.0587119	-0.1603110
-0.0053583	-0.1543550
-0.0472596	-0.1256620
-0.0648649	-0.0968755
-0.0731896	-0.0817495
-0.0904635	-0.0756247
-0.1222070	-0.0604951
-0.1554840	-0.0206425
-0.1677170	0.0431652
-0.1434160	0.1117870
-0.0861731	0.1596640
-0.0169000	0.1716910
0.0403157	0.1524170
0.0740485	0.1208500
0.0912029	0.0950701
0.1084700	0.0785295
0.1363860	0.0585333
0.1684520	0.0180564
0.1839420	-0.0482000
0.1626020	-0.1259490
0.1003620	-0.1880090
0.0142414	-0.2109760
-0.0673422	-0.1898020
-0.1218620	-0.1397450
-0.1449980	-0.0845843
-0.1493270	-0.0401389
-0.1510510	-0.0054075
-0.1553770	0.0324039
-0.1519160	0.0833930
-0.1236600	0.1426580
-0.0624937	0.1901100
0.0208877	0.2030210
0.1007060	0.1720690
0.1512160	0.1088310
0.1623140	0.0389005
0.1442850	-0.0144527
0.1183990	-0.0441614
0.1005950	-0.0607928
0.0905088	-0.0809504
0.0738957	-0.1118290
0.0362338	-0.1438640
-0.0231591	-0.1571200
-0.0875323	-0.1365530
-0.1326260	-0.0844560
-0.1428170	-0.0205211
-0.1214280	0.0307422
-0.0875289	0.0559355
-0.0616876	0.0602739
-0.0514147	0.0612757
-0.0471523	0.0736758
-0.0315931	0.0971553
0.0050116	0.1162290
0.0554052	0.1123140
0.0990897	0.0787071
0.1165660	0.0269455
0.1033170	-0.0204388
0.0729253	-0.0454588
0.0469108	-0.0468792
0.0388588	-0.0399439
0.0447437	-0.0438594
0.0466641	-0.0664686
0.0271279	-0.0976320
-0.0168723	-0.1162500
-0.0705282	-0.1056110
-0.1110270	-0.0655696
-0.1230430	-0.0125634
-0.1083140	0.0322663
-0.0823418	0.0576607
-0.0611566	0.0684583
-0.0485790	0.0789275
-0.0339693	0.0986740
-0.0022850	0.1223460
0.0513014	0.1315280
0.1136900	0.1079070
0.1595050	0.0480667
0.1665770	-0.0312437
0.1302940	-0.1016600
0.0665187	-0.1397310
0.0011505	-0.1397790
-0.0459454	-0.1143190
-0.0710636	-0.0825108
-0.0840997	-0.0558511
-0.0962925	-0.0319219
-0.1084750	-0.0004278
-0.1093230	0.0439060
-0.0850723	0.0923614
-0.0330133	0.1249280
0.0321515	0.1233260
0.0848127	0.0847876
0.1038310	0.0260364
0.0858984	-0.0260778
0.0471978	-0.0509942
0.0121138	-0.0463669
-0.0028605	-0.0272449
0.0014532	-0.0135983
0.0104730	-0.0156913
0.0089818	-0.0280216
-0.0065331	-0.0357703
-0.0256906	-0.0281461
-0.0334884	-0.0079115
-0.0234328	0.0104396
-0.0039506	0.0124449
0.0072801	-0.0038729
-0.0029603	-0.0248299
-0.0321173	-0.0301715
-0.0618499	-0.0080282
-0.0698734	0.0353347
-0.0453091	0.0784019
0.0035452	0.0981015
0.0545996	0.0845397
0.0864603	0.0463276
0.0914341	0.0030964
0.0778660	-0.0287522
0.0608214	-0.0462570
0.0488739	-0.0587031
0.0374587	-0.0765796
0.0139293	-0.0998355
-0.0297602	-0.1150650
-0.0868844	-0.1043070
-0.1366910	-0.0590572
-0.1562370	0.0111333
-0.1350160	0.0823334
-0.0817745	0.1299380
-0.0185834	0.1427420
0.0334424	0.1274620
0.0663217	0.1009260
0.0866694	0.0762817
0.1060460	0.0538259
0.1282080	0.0232660
0.1434940	-0.0246833
0.1349850	-0.0867043
0.0919387	-0.1447060
0.0202539	-0.1753790
-0.0582582	-0.1648430
-0.1177440	-0.1177730
-0.1430100	-0.0543542
-0.1366940	0.0026274
-0.1141970	0.0411338
-0.0907741	0.0641814
-0.0707797	0.0826834
-0.0470655	0.1031190
-0.0104538	0.1200920
0.0386815	0.1198480
0.0864056	0.0921020
0.1126510	0.0408626
0.1050410	-0.0146660
0.0688360	-0.0506939
0.0252266	-0.0538452
-0.0014044	-0.0298979
0.0014413	0.0000513
0.0273631	0.0133080
0.0566203	-0.0004766
0.0697229	-0.0346182
0.0590479	-0.0723649
0.0305654	-0.0993590
-0.0043565	-0.1118300
-0.0395245	-0.1147060
-0.0778439	-0.1121380
-0.1252390	-0.0991312
-0.1796010	-0.0622247
-0.2243480	0.0100088
-0.2332590	0.1140060
-0.1848960	0.2259400
-0.0773872	0.3094150
0.0666507	0.3323440
0.2088790	0.2826370
0.3123030	0.1730170
0.3559610	0.0327671
0.3388870	-0.1070770
0.2730330	-0.2249680
0.1724660	-0.3102840
0.0477123	-0.3568630
-0.0912228	-0.3565880
-0.2275580	-0.3002600
-0.3346740	-0.1862920
-0.3828410	-0.0303310
-0.3533790	0.1332380
-0.2511810	0.2618520
-0.1062890	0.3226520
0.0380066	0.3071140
0.1440750	0.2333320
0.1946880	0.1348040
0.1954580	0.0432342
0.1652750	-0.0238852
0.1227760	-0.0644689
0.0783508	-0.0838286
0.0357337	-0.0856538
-0.0007899	-0.0696544
-0.0217369	-0.0370370
-0.0158875	0.0021862
0.0199602	0.0281544
0.0729013	0.0197573
0.1153970	-0.0317002
0.1176900	-0.1133270
0.0643110	-0.1934750
-0.0358523	-0.2361880
-0.1527270	-0.2188750
-0.2495810	-0.1424620
-0.2996950	-0.0284376
-0.2951580	0.0940161
-0.2439120	0.2014740
-0.1595330	0.2818240
-0.0526715	0.3303090
0.0695555	0.3418720
0.1972100	0.3079890
0.3113970	0.2218250
0.3856710	0.0879835
0.3963610	-0.0715290
0.3356230	-0.2215820
0.2179750	-0.3275490
0.0748698	-0.3702580
-0.0599136	-0.3526820
-0.1648520	-0.2942350
-0.2361140	-0.2170280
-0.2813250	-0.1337530
-0.3074000	-0.0451772
-0.3120130	0.0521886
-0.2849970	0.1552060
-0.2181110	0.2490640
-0.1152140	0.3123580
0.0053532	0.3286910
0.1183530	0.2961600
0.2038120	0.2277710
0.2549800	0.1427020
0.2767290	0.0552278
0.2764240	-0.0303340
0.2551340	-0.1152660
0.2066010	-0.1968480
0.1251700	-0.2620580
0.0164465	-0.2908020
-0.0982598	-0.2675560
-0.1885740	-0.1934730
-0.2295800	-0.0898774
-0.2150090	0.0102919
-0.1603470	0.0782201
-0.0938651	0.1023220
-0.0416164	0.0908678
-0.0160418	0.0636298
-0.0145070	0.0393353
-0.0265968	0.0276193
-0.0430419	0.0296820
-0.0590947	0.0446255
-0.0707592	0.0742122
-0.0688880	0.1207550
-0.0384448	0.1793730
0.0337627	0.2316360
0.1468560	0.2479250
0.2780200	0.1999890
0.3862830	0.0774008
0.4279740	-0.1022590
0.3759830	-0.2965960
0.2321060	-0.4539210
0.0259902	-0.5325720
-0.1974830	-0.5138020
-0.3940520	-0.4030360
-0.5305300	-0.2221270
-0.5867480	-0.0000847
-0.5526830	0.2315140
-0.4272100	0.4382030
-0.2217810	0.5825540
0.0339921	0.6299530
0.2918260	0.5607220
0.4944800	0.3824740
0.5939640	0.1338860
0.5697290	-0.1250920
0.4367410	-0.3334700
0.2385780	-0.4500750
0.0293663	-0.4646160
-0.1455160	-0.3946330
-0.2604470	-0.2724250
-0.3092040	-0.1310400
-0.2976170	0.0032113
-0.2368710	0.1106390
-0.1421360	0.1754190
-0.0349594	0.1862400
0.0564460	0.1419840
0.1036620	0.0580242
0.0900613	-0.0338309
0.0213098	-0.0952905
-0.0735439	-0.0979390
-0.1531530	-0.0370298
-0.1820200	0.0657498
-0.1457350	0.1725490
-0.0550217	0.2466420
0.0625401	0.2667420
0.1766910	0.2310890
0.2654390	0.1513860
0.3173900	0.0431234
0.3271080	-0.0800827
0.2901060	-0.2051920
0.2032870	-0.3150450
0.0710603	-0.3869590
-0.0884016	-0.3986160
-0.2435820	-0.3389130
-0.3590810	-0.2164480
-0.4096260	-0.0588885
-0.3901470	0.0977340
-0.3155070	0.2237420
-0.2103060	0.3056190
-0.0957954	0.3454190
0.0174861	0.3515640
0.1273060	0.3286500
0.2308730	0.2740010
0.3174150	0.1831170
0.3687000	0.0592383
0.3676710	-0.0810048
0.3090630	-0.2109070
0.2041970	-0.3043080
0.0764142	-0.3464280
-0.0495836	-0.3377800
-0.1570150	-0.2893000
-0.2389640	-0.2132970
-0.2930190	-0.1175660
-0.3144140	-0.0069564
-0.2944790	0.1097570
-0.2267520	0.2145550
-0.1164570	0.2825840
0.0144730	0.2926390
0.1322800	0.2395380
0.2047950	0.1398750
0.2158160	0.0264784
0.1717500	-0.0657434
0.0967732	-0.1143000
0.0201309	-0.1158090
-0.0362376	-0.0823309
-0.0628858	-0.0316626
-0.0599345	0.0209334
-0.0309682	0.0646917
0.0199121	0.0900973
0.0854271	0.0860351
0.1502450	0.0423925
0.1902630	-0.0419724
0.1799210	-0.1515940
0.1051470	-0.2542390
-0.0257227	-0.3111340
-0.1807890	-0.2934040
-0.3153570	-0.1957660
-0.3893590	-0.0395936
-0.3820650	0.1361030
-0.2968120	0.2900910
-0.1550890	0.3919200
0.0142864	0.4266790
0.1835230	0.3920800
0.3281180	0.2934360
0.4253130	0.1420340
0.4542390	-0.0422017
0.4013660	-0.2280930
0.2692990	-0.3763800
0.0825051	-0.4505880
-0.1161320	-0.4312750
-0.2786440	-0.3254940
-0.3692000	-0.1651320
-0.3761200	0.0057783
-0.3125020	0.1479220
-0.2062790	0.2386950
-0.0866661	0.2740200
0.0249216	0.2616130
0.1157970	0.2123670
0.1775120	0.1363020
0.2022030	0.0445306
0.1842390	-0.0468557
0.1261920	-0.1168910
0.0435229	-0.1463340
-0.0376085	-0.1274570
-0.0902164	-0.0701330
-0.0988389	0.0010504
-0.0666404	0.0580131
-0.0125517	0.0822568
0.0397179	0.0718726
0.0736328	0.0386840
0.0853314	-0.0015599
0.0802078	-0.0386103
0.0645395	-0.0704440
0.0392986	-0.0985066
0.0009579	-0.1204840
-0.0517983	-0.1273070
-0.1114400	-0.1075190
-0.1611550	-0.0560502
-0.1820370	0.0193082
-0.1633640	0.0991373
-0.1088520	0.1611410
-0.0344756	0.1907200
0.0405353	0.1863450
0.1030670	0.1565760
0.1494870	0.1117150
0.1814130	0.0568575
0.1981730	-0.0083551
0.1927670	-0.0834751
0.1552660	-0.1600310
0.0816248	-0.2199740
-0.0187222	-0.2423120
-0.1227710	-0.2142420
-0.2025270	-0.1394130
-0.2372880	-0.0375850
-0.2220380	0.0642261
-0.1671220	0.1433750
-0.0904732	0.1887780
-0.0084482	0.2001890
0.0684936	0.1820120
0.1335680	0.1377560
0.1786530	0.0698908
0.1924300	-0.0152242
0.1648320	-0.1024650
0.0953554	-0.1688830
-0.0011728	-0.1920300
-0.0969073	-0.1613770
-0.1616050	-0.0854376
-0.1758760	0.0105960
-0.1392410	0.0958318
-0.0684375	0.1468340
0.0122607	0.1553830
0.0820833	0.1273150
0.1295430	0.0750673
0.1509430	0.0102899
0.1451530	-0.0583788
0.1105130	-0.1222560
0.0471132	-0.1688650
-0.0375315	-0.1827490
-0.1250630	-0.1522340
-0.1898320	-0.0781393
-0.2091120	0.0221607
-0.1743350	0.1194980
-0.0961639	0.1848400
0.0001682	0.2016610
0.0865725	0.1715610
0.1437400	0.1103550
0.1661040	0.0381068
0.1585210	-0.0299479
0.1287910	-0.0862253
0.0823510	-0.1272670
0.0228173	-0.1486030
-0.0432786	-0.1435180
-0.1029470	-0.1074770
-0.1389880	-0.0447599
-0.1379300	0.0286732
-0.0985811	0.0897753
-0.0348528	0.1187270
0.0299482	0.1087000
0.0743063	0.0687132
0.0882343	0.0177227
0.0756604	-0.0259919
0.0487227	-0.0531480
0.0187370	-0.0645398
-0.0095550	-0.0654193
-0.0369056	-0.0584817
-0.0636151	-0.0412989
-0.0844263	-0.0100911
-0.0891214	0.0335857
-0.0689759	0.0792046
-0.0243159	0.1104630
0.0328508	0.1138230
0.0837708	0.0866053
0.1125460	0.0388391
0.1139910	-0.0125973
0.0945250	-0.0534933
0.0659020	-0.0789155
0.0366952	-0.0926513
0.0078328	-0.1006240
-0.0248383	-0.1038310
-0.0634680	-0.0965019
-0.1025800	-0.0709499
-0.1297510	-0.0253293
-0.1325430	0.0319100
-0.1067790	0.0846847
-0.0600348	0.1175760
-0.0076556	0.1240330
0.0359235	0.1087870
0.0644296	0.0830324
0.0806440	0.0562239
0.0908718	0.0306571
0.0977210	0.0026335
0.0970398	-0.0311586
0.0814710	-0.0674903
0.0478156	-0.0959316
0.0022704	-0.1046880
-0.0409573	-0.0888245
-0.0672217	-0.0547081
-0.0700458	-0.0170959
-0.0546815	0.0093681
-0.0341213	0.0184066
-0.0204793	0.0144833
-0.0178856	0.0080063
-0.0216954	0.0072505
-0.0239811	0.0130616
-0.0206280	0.0199943
-0.0143851	0.0224565
-0.0116038	0.0205788
-0.0154811	0.0208378
-0.0214892	0.0306695
-0.0191022	0.0511687
0.0009150	0.0737395
0.0388123	0.0838180
0.0835385	0.0695669
0.1178650	0.0296436
0.1276920	-0.0253503
0.1093130	-0.0786849
0.0699709	-0.1164340
0.0219364	-0.1334040
-0.0251069	-0.1324660
-0.0677605	-0.1187810
-0.1064820	-0.0940862
-0.1397740	-0.0558591
-0.1604400	-0.0020047
-0.1576730	0.0629260
-0.1240880	0.1255070
-0.0625978	0.1679130
0.0122673	0.1767560
0.0802591	0.1504240
0.1249940	0.0998655
0.1410300	0.0422366
0.1340370	-0.0082123
0.1145780	-0.0459226
0.0904328	-0.0731000
0.0630257	-0.0937358
0.0300240	-0.1078190
-0.0087083	-0.1104520
-0.0471764	-0.0964444
-0.0749972	-0.0664525
-0.0838667	-0.0293405
-0.0738598	0.0017452
-0.0544772	0.0172119
-0.0391108	0.0171785
-0.0365200	0.0113269
-0.0452598	0.0122927
-0.0549930	0.0271213
-0.0537047	0.0527092
-0.0356654	0.0782267
-0.0046262	0.0924688
0.0296037	0.0906668
0.0581648	0.0760027
0.0782554	0.0552780
0.0926366	0.0326462
0.1043800	0.0066388
0.1115090	-0.0270622
0.1063020	-0.0693538
0.0803627	-0.1131650
0.0319187	-0.1447820
-0.0302130	-0.1508230
-0.0894066	-0.1262840
-0.1293190	-0.0780114
-0.1419890	-0.0210892
-0.1306110	0.0294044
-0.1054500	0.0656222
-0.0762592	0.0884780
-0.0468000	0.1031250
-0.0151373	0.1124380
0.0211782	0.1137710
0.0596835	0.1014240
0.0920220	0.0726483
0.1084930	0.0321279
0.1047510	-0.0089971
0.0854049	-0.0392915
0.0614532	-0.0539892
0.0431200	-0.0575602
0.0331969	-0.0598179
0.0257607	-0.0682752
0.0112418	-0.0822729
-0.0158313	-0.0931425
-0.0520301	-0.0902524
-0.0865810	-0.0685094
-0.1080110	-0.0319290
-0.1109630	0.0090980
-0.0983271	0.0445251
-0.0775313	0.0702120
-0.0542336	0.0883114
-0.0285333	0.1026050
0.0033441	0.1128750
0.0433404	0.1131320
0.0865865	0.0954782
0.1215120	0.0568779
0.1355920	0.0036345
0.1229170	-0.0501678
0.0881942	-0.0896346
0.0442095	-0.1068130
0.0044316	-0.1039620
-0.0241029	-0.0902902
-0.0428433	-0.0748031
-0.0577456	-0.0605498
-0.0727110	-0.0442642
-0.0856118	-0.0211856
-0.0898633	0.0090708
-0.0801042	0.0403945
-0.0573414	0.0635796
-0.0293366	0.0726429
-0.0057195	0.0691098
0.0085517	0.0608031
0.0163710	0.0558602
0.0257470	0.0564143
0.0430482	0.0567525
0.0672252	0.0474910
0.0893791	0.0228228
0.0981389	-0.0144387
0.0870427	-0.0537164
0.0586666	-0.0828121
0.0226810	-0.0949025
-0.0105195	-0.0914663
-0.0358136	-0.0793697
-0.0546867	-0.0647164
-0.0713066	-0.0483662
-0.0868107	-0.0265418
-0.0965807	0.0041384
-0.0928829	0.0413884
-0.0709849	0.0762044
-0.0340175	0.0972837
0.0073727	0.0979194
0.0406976	0.0803430
0.0587371	0.0542352
0.0630432	0.0303753
0.0614086	0.0139673
0.0612827	0.0023853
0.0640457	-0.0112230
0.0643101	-0.0313698
0.0545967	-0.0557179
0.0317163	-0.0759934
-0.0000159	-0.0835496
-0.0311232	-0.0753235
-0.0530240	-0.0557099
-0.0631804	-0.0330549
-0.0654994	-0.0135842
-0.0658523	0.0024955
-0.0663637	0.0197268
-0.0630801	0.0420147
-0.0490244	0.0674387
-0.0204433	0.0875403
0.0185305	0.0920249
0.0565667	0.0756768
0.0810475	0.0424892
0.0852094	0.0039185
0.0715778	-0.0276089
0.0494352	-0.0454198
0.0283610	-0.0509865
0.0125886	-0.0507013
0.0000760	-0.0498756
-0.0135228	-0.0486681
-0.0295107	-0.0429248
-0.0438625	-0.0289613
-0.0499010	-0.0082066
-0.0438283	0.0122676
-0.0286431	0.0240761
-0.0130769	0.0235714
-0.0059600	0.0149581
-0.0099939	0.0078437
-0.0195489	0.0107089
-0.0242716	0.0248755
-0.0160779	0.0432936
0.0053601	0.0550278
0.0324114	0.0522438
0.0544984	0.0347963
0.0645515	0.0094244
0.0623082	-0.0154178
0.0524462	-0.0349577
0.0395309	-0.0497001
0.0240806	-0.0623604
0.0029926	-0.0730143
-0.0260342	-0.0767710
-0.0597691	-0.0662860
-0.0885683	-0.0375526
-0.1006870	0.0053731
-0.0891580	0.0505689
-0.0564653	0.0837581
-0.0136415	0.0956568
0.0257202	0.0862877
0.0524744	0.0635315
0.0653164	0.0372696
0.0686925	0.0134770
0.0673839	-0.0076476
0.0621878	-0.0286830
0.0499786	-0.0500326
0.0278363	-0.0673094
-0.0023411	-0.0733812
-0.0327559	-0.0636145
-0.0534427	-0.0402020
-0.0583107	-0.0119894
-0.0490568	0.0104515
-0.0339395	0.0211354
-0.0221571	0.0218552
-0.0178277	0.0199742
-0.0178706	0.0224900
-0.0151977	0.0307519
-0.0047087	0.0396657
0.0124396	0.0418310
0.0294383	0.0333829
0.0387479	0.0170989
0.0375462	0.0004699
0.0295738	-0.0097319
0.0220326	-0.0122248
0.0199642	-0.0117179
0.0224239	-0.0148142
0.0233638	-0.0244985
0.0165252	-0.0374539
0.0005734	-0.0462758
-0.0194700	-0.0448977
-0.0356163	-0.0330873
-0.0425461	-0.0165674
-0.0411871	-0.0026553
-0.0374753	0.0052484
-0.0372082	0.0100753
-0.0409111	0.0184667
-0.0427053	0.0349908
-0.0342201	0.0575133
-0.0108256	0.0772684
0.0242938	0.0837577
0.0611619	0.0710931
0.0883796	0.0414005
0.0990261	0.0031178
0.0930897	-0.0342461
0.0751927	-0.0648902
0.0499314	-0.0876962
0.0187983	-0.1032220
-0.0188396	-0.1097410
-0.0616768	-0.1021010
-0.1029750	-0.0748801
-0.1311180	-0.0277694
-0.1347220	0.0310167
-0.1092150	0.0863957
-0.0604281	0.1227490
-0.0025046	0.1311560
0.0486933	0.1130020
0.0825325	0.0779024
0.0967084	0.0377105
0.0951903	0.0008396
0.0833405	-0.0295766
0.0642150	-0.0533273
0.0386301	-0.0694052
0.0082624	-0.0745434
-0.0215297	-0.0654833
-0.0422971	-0.0431132
-0.0468380	-0.0147463
-0.0343782	0.0080707
-0.0125636	0.0154947
0.0057939	0.0053190
0.0095933	-0.0152291
-0.0043582	-0.0333020
-0.0298040	-0.0375294
-0.0549904	-0.0238829
-0.0692782	0.0032227
-0.0680250	0.0347102
-0.0529489	0.0623397
-0.0286534	0.0819677
0.0013193	0.0927667
0.0356091	0.0939610
0.0726895	0.0825552
0.1075050	0.0545667
0.1306230	0.0092015
0.1315890	-0.0473245
0.1048130	-0.1018250
0.0540120	-0.1389630
-0.0081607	-0.1482540
-0.0655137	-0.1288920
-0.1055030	-0.0893307
-0.1237790	-0.0420795
-0.1235910	0.0026827
-0.1111570	0.0405400
-0.0907494	0.0716064
-0.0630510	0.0964084
-0.0275130	0.1126330
0.0137473	0.1155000
0.0541277	0.1014440
0.0846923	0.0720129
0.0989432	0.0346093
0.0966478	-0.0009320
0.0836992	-0.0276610
0.0679107	-0.0448967
0.0537324	-0.0571655
0.0397644	-0.0694710
0.0209096	-0.0824304
-0.0064408	-0.0909625
-0.0400880	-0.0876007
-0.0718764	-0.0680694
-0.0919743	-0.0350616
-0.0946014	0.0025542
-0.0811954	0.0345489
-0.0589185	0.0547593
-0.0358037	0.0634067
-0.0161674	0.0650065
0.0005159	0.0638493
0.0168810	0.0606874
0.0336622	0.0530951
0.0478686	0.0389307
0.0547416	0.0198048
0.0519496	0.0014110
0.0425221	-0.0099388
0.0338077	-0.0121257
0.0327263	-0.0096204
0.0405310	-0.0112564
0.0509339	-0.0245057
0.0532389	-0.0500287
0.0386370	-0.0802450
0.0055978	-0.1029630
-0.0390514	-0.1076790
-0.0837501	-0.0904821
-0.1177840	-0.0547597
-0.1350740	-0.0079937
-0.1341950	0.0423815
-0.1157240	0.0909031
-0.0799571	0.1328620
-0.0274190	0.1618800
0.0380737	0.1694010
0.1066190	0.1477120
0.1628600	0.0951248
0.1909560	0.0197038
0.1815360	-0.0616256
0.1364960	-0.1289150
0.0685412	-0.1669640
-0.0043496	-0.1706700
-0.0662155	-0.1451790
-0.1080020	-0.1014530
-0.1278830	-0.0506188
-0.1281240	-0.0006630
-0.1116920	0.0432645
-0.0813309	0.0766264
-0.0412517	0.0943540
0.0009298	0.0925144
0.0347859	0.0717562
0.0509761	0.0395015
0.0463260	0.0082963
0.0264968	-0.0096065
0.0038728	-0.0084379
-0.0085640	0.0080515
-0.0038081	0.0287777
0.0161059	0.0414201
0.0421817	0.0386138
0.0639332	0.0205789
0.0744825	-0.0068375
0.0722401	-0.0365897
0.0589174	-0.0638488
0.0363266	-0.0862247
0.0050074	-0.1014500
-0.0341477	-0.1053000
-0.0768827	-0.0922729
-0.1142470	-0.0591635
-0.1349440	-0.0090157
-0.1305330	0.0478290
-0.1002440	0.0970707
-0.0520548	0.1265650
0.0009348	0.1315100
0.0466368	0.1155070
0.0787504	0.0870833
0.0974022	0.0542989
0.1058630	0.0211481
0.1062500	-0.0121087
0.0975663	-0.0456026
0.0773798	-0.0766054
0.0454944	-0.0992102
0.0064134	-0.1073390
-0.0316465	-0.0987710
-0.0607055	-0.0769929
-0.0770883	-0.0493072
-0.0825914	-0.0224824
-0.0819024	0.0008539
-0.0782714	0.0224138
-0.0707918	0.0449663
-0.0554463	0.0681845
-0.0291925	0.0869663
0.0060133	0.0937644
0.0424405	0.0834440
0.0699255	0.0572228
0.0811992	0.0228053
0.0756092	-0.0094908
0.0587949	-0.0319996
0.0387576	-0.0428622
0.0212444	-0.0452281
0.0076160	-0.0435775
-0.0037121	-0.0402052
-0.0139368	-0.0344959
-0.0216717	-0.0252140
-0.0238237	-0.0135373
-0.0188460	-0.0039333
-0.0095672	-0.0017075
-0.0029005	-0.0088114
-0.0060305	-0.0211385
-0.0214441	-0.0297288
-0.0443044	-0.0255761
-0.0642428	-0.0050801
-0.0706526	0.0274189
-0.0581758	0.0616617
-0.0290130	0.0866369
0.0090428	0.0954980
0.0470350	0.0873204
0.0785053	0.0652731
0.1001880	0.0333515
0.1101120	-0.0054510
0.1055590	-0.0482224
0.0833168	-0.0897258
0.0425553	-0.1212630
-0.0118208	-0.1327620
-0.0683618	-0.1175120
-0.1123310	-0.0766286
-0.1316920	-0.0200607
-0.1223790	0.0369949
-0.0896885	0.0803740
-0.0450529	0.1022840
-0.0004448	0.1027960
0.0360818	0.0872659
0.0613760	0.0620941
0.0750765	0.0319521
0.0769297	-0.0000073
0.0661045	-0.0300515
0.0430494	-0.0525097
0.0120358	-0.0610889
-0.0183389	-0.0524320
-0.0380066	-0.0293368
-0.0403329	-0.0008668
-0.0259262	0.0214104
-0.0026383	0.0290508
0.0184956	0.0207631
0.0288950	0.0023519
0.0261527	-0.0171896
0.0137701	-0.0306807
-0.0023474	-0.0356000
-0.0177807	-0.0333420
-0.0310995	-0.0261579
-0.0423352	-0.0146217
-0.0502477	0.0022478
-0.0511344	0.0244369
-0.0405988	0.0483230
-0.0171854	0.0665887
0.0149415	0.0713743
0.0466566	0.0588064
0.0679173	0.0317741
0.0727400	-0.0011343
0.0618817	-0.0299895
0.0415487	-0.0483406
0.0192101	-0.0554107
-0.0004779	-0.0545351
-0.0169238	-0.0494089
-0.0315678	-0.0411492
-0.0445814	-0.0283269
-0.0531784	-0.0096835
-0.0530190	0.0128990
-0.0416666	0.0338189
-0.0213397	0.0463422
0.0013711	0.0466247
0.0188989	0.0362180
0.0269170	0.0211341
0.0264094	0.0080486
0.0221671	0.0003252
0.0188981	-0.0033368
0.0178601	-0.0068041
0.0164673	-0.0126942
0.0110380	-0.0198214
0.0004676	-0.0238667
-0.0120740	-0.0207540
-0.0208083	-0.0101326
-0.0211990	0.0037304
-0.0131402	0.0144060
-0.0011133	0.0173531
0.0087952	0.0126255
0.0128043	0.0043233
0.0114224	-0.0026758
0.0081658	-0.0061653
0.0061711	-0.0076363
0.0054407	-0.0102081
0.0029267	-0.0152040
-0.0045801	-0.0201905
-0.0170196	-0.0201884
-0.0298621	-0.0113180
-0.0362982	0.0057932
-0.0314404	0.0254528
-0.0156096	0.0397841
0.0056248	0.0431416
0.0246617	0.0350620
0.0360615	0.0198433
0.0388432	0.0033068
0.0355423	-0.0107426
0.0291395	-0.0218074
0.0204839	-0.0310765
0.0082828	-0.0385469
-0.0084278	-0.0415137
-0.0274997	-0.0359316
-0.0431205	-0.0198035
-0.0483964	0.0040058
-0.0395373	0.0279226
-0.0187371	0.0431031
0.0064016	0.0440784
0.0266835	0.0315732
0.0359243	0.0117022
0.0334125	-0.0077573
0.0229102	-0.0213829
0.0093460	-0.0278061
-0.0041531	-0.0283911
-0.0168013	-0.0244796
-0.0282820	-0.0157359
-0.0364748	-0.0010365
-0.0371238	0.0188848
-0.0261956	0.0394389
-0.0033960	0.0529378
0.0258748	0.0521860
0.0519687	0.0347472
0.0653349	0.0049858
0.0611622	-0.0276454
0.0414320	-0.0530920
0.0132392	-0.0651425
-0.0152565	-0.0631872
-0.0384466	-0.0506416
-0.0542769	-0.0317140
-0.0626022	-0.0091259
-0.0628540	0.0156826
-0.0533218	0.0405266
-0.0328297	0.0608550
-0.0034226	0.0704770
0.0283965	0.0646583
0.0534520	0.0435459
0.0640418	0.0133035
0.0578960	-0.0162419
0.0393069	-0.0362244
0.0166228	-0.0427887
-0.0022607	-0.0380834
-0.0134971	-0.0278264
-0.0178558	-0.0173729
-0.0183845	-0.0090528
-0.0173042	-0.0023505
-0.0145855	0.0037553
-0.0091024	0.0085664
-0.0010995	0.0095725
0.0063846	0.0046506
0.0086630	-0.0052690
0.0025506	-0.0154405
-0.0107866	-0.0194633
-0.0255834	-0.0131434
-0.0343424	0.0025842
-0.0320630	0.0218009
-0.0190318	0.0368400
-0.0003428	0.0424738
0.0173962	0.0382870
0.0297980	0.0278377
0.0363348	0.0155218
0.0390297	0.0036194
0.0395675	-0.0083367
0.0372893	-0.0216478
0.0297032	-0.0357799
0.0150703	-0.0472933
-0.0050829	-0.0514371
-0.0256943	-0.0453265
-0.0406097	-0.0302924
-0.0461057	-0.0115108
-0.0429514	0.0049846
-0.0354771	0.0158312
-0.0283083	0.0218915
-0.0231419	0.0267505
-0.0179098	0.0333250
-0.0088914	0.0411359
0.0058468	0.0462806
0.0242772	0.0441173
0.0411298	0.0326655
0.0509699	0.0142230
0.0513777	-0.0059392
0.0439596	-0.0227623
0.0326034	-0.0340804
0.0204675	-0.0408884
0.0080861	-0.0452066
-0.0059809	-0.0474130
-0.0225772	-0.0453074
-0.0396452	-0.0357773
-0.0522303	-0.0178470
-0.0550901	0.0053020
-0.0461557	0.0270988
-0.0283243	0.0408712
-0.0081706	0.0434955
0.0076529	0.0369136
0.0159093	0.0265134
0.0178601	0.0175761
0.0174013	0.0122995
0.0178204	0.0093541
0.0196154	0.0059833
0.0208534	0.0007881
0.0195175	-0.0050472
0.0157621	-0.0089864
0.0121338	-0.0097190
0.0114840	-0.0088571
0.0142100	-0.0101794
0.0171113	-0.0167770
0.0150168	-0.0281764
0.0042520	-0.0396937
-0.0144472	-0.0447389
-0.0356913	-0.0386512
-0.0521342	-0.0215101
-0.0583289	0.0019355
-0.0531957	0.0250453
-0.0396393	0.0427499
-0.0219317	0.0533469
-0.0030090	0.0576777
0.0163165	0.0567520
0.0358811	0.0499990
0.0539459	0.0356914
0.0663615	0.0132408
0.0681667	-0.0145594
0.0566927	-0.0413872
0.0339225	-0.0598801
0.0062223	-0.0652959
-0.0186185	-0.0579010
-0.0351713	-0.0424517
-0.0425107	-0.0251474
-0.0434317	-0.0101832
-0.0415444	0.0017927
-0.0384927	0.0124896
-0.0332929	0.0232620
-0.0240734	0.0331279
-0.0106351	0.0390891
0.0043434	0.0384546
0.0165287	0.0312630
0.0227216	0.0207939
0.0230700	0.0116197
0.0209421	0.0065669
0.0204388	0.0048516
0.0233306	0.0028290
0.0276783	-0.0031338
0.0291843	-0.0137501
0.0243057	-0.0259992
0.0128664	-0.0350004
-0.0017134	-0.0371930
-0.0146768	-0.0325083
-0.0229614	-0.0240135
-0.0267682	-0.0154159
-0.0285973	-0.0083929
-0.0306256	-0.0017799
-0.0325432	0.0068262
-0.0315795	0.0183753
-0.0247294	0.0307554
-0.0114682	0.0396183
0.0051761	0.0411157
0.0201080	0.0345369
0.0291954	0.0228647
0.0316529	0.0108030
0.0300526	0.0017093
0.0279991	-0.0043239
0.0272385	-0.0098650
0.0263739	-0.0175397
0.0221270	-0.0274436
0.0121618	-0.0365524
-0.0026891	-0.0405925
-0.0184896	-0.0369735
-0.0305217	-0.0265969
-0.0361353	-0.0132137
-0.0360261	-0.0008593
-0.0330619	0.0086732
-0.0296450	0.0164301
-0.0257035	0.0245771
-0.0188976	0.0337732
-0.0069045	0.0417609
0.0099849	0.0443789
0.0280130	0.0383521
0.0416332	0.0238294
0.0466143	0.0047691
0.0423953	-0.0131665
0.0320529	-0.0257332
0.0199920	-0.0320539
0.0091145	-0.0341203
-0.0004708	-0.0344091
-0.0103731	-0.0335532
-0.0214826	-0.0298869
-0.0322109	-0.0211818
-0.0388966	-0.0071571
-0.0381678	0.0092844
-0.0295000	0.0232000
-0.0159958	0.0304207
-0.0027000	0.0300290
0.0064004	0.0246969
0.0105640	0.0186407
0.0121371	0.0146967
0.0142619	0.0126426
0.0182212	0.0099256
0.0224159	0.0041415
0.0236960	-0.0046871
0.0199662	-0.0137940
0.0120271	-0.0195508
0.0032162	-0.0200958
-0.0029018	-0.0166857
-0.0050423	-0.0127169
-0.0049963	-0.0111421
-0.0060964	-0.0122352
-0.0105020	-0.0134035
-0.0173557	-0.0112067
-0.0232113	-0.0040717
-0.0244296	0.0063319
-0.0197575	0.0160882
-0.0111782	0.0216551
-0.0024268	0.0221493
0.0036811	0.0196138
0.0070793	0.0171180
0.0100759	0.0161856
0.0150939	0.0155391
0.0222920	0.0121402
0.0289239	0.0037479
0.0309814	-0.0089476
0.0259419	-0.0222551
0.0145976	-0.0315755
0.0006312	-0.0341472
-0.0117209	-0.0304604
-0.0201669	-0.0233841
-0.0251973	-0.0157682
-0.0287417	-0.0084146
-0.0318068	0.0000243
-0.0330358	0.0111780
-0.0294128	0.0246356
-0.0186654	0.0370790
-0.0015695	0.0437099
0.0176446	0.0410793
0.0332242	0.0293343
0.0408999	0.0122792
0.0399186	-0.0047912
0.0327889	-0.0179430
0.0230933	-0.0261701
0.0130918	-0.0307420
0.0028790	-0.0330832
-0.0084275	-0.0330026
-0.0206055	-0.0287296
-0.0311916	-0.0187339
-0.0363847	-0.0038371
-0.0334643	0.0121810
-0.0229461	0.0241850
-0.0087863	0.0285205
0.0036754	0.0251204
0.0106911	0.0173805
0.0119772	0.0098809
0.0102544	0.0055619
0.0089125	0.0043016
0.0095687	0.0037632
0.0112695	0.0016950
0.0117732	-0.0021574
0.0097589	-0.0059707
0.0061386	-0.0075659
0.0034033	-0.0064780
0.0035104	-0.0046460
0.0060025	-0.0050713
0.0079241	-0.0094000
0.0057525	-0.0162769
-0.0019959	-0.0218103
-0.0133932	-0.0219417
-0.0240160	-0.0150861
-0.0295514	-0.0031838
-0.0282731	0.0095557
-0.0216911	0.0192695
-0.0130397	0.0245267
-0.0048482	0.0264577
0.0025495	0.0270116
0.0105065	0.0268300
0.0200689	0.0244624
0.0301708	0.0175666
0.0375411	0.0051615
0.0385250	-0.0108527
0.0315231	-0.0261727
0.0182391	-0.0363383
0.0027790	-0.0391741
-0.0107657	-0.0356918
-0.0205051	-0.0288592
-0.0271560	-0.0212250
-0.0324770	-0.0132196
-0.0370358	-0.0034034
-0.0391105	0.0095771
-0.0356514	0.0248906
-0.0246422	0.0389848
-0.0071047	0.0471626
0.0127943	0.0462360
0.0297003	0.0364045
0.0397640	0.0210560
0.0422381	0.0046964
0.0389939	-0.0094644
0.0325258	-0.0205824
0.0240794	-0.0293188
0.0133386	-0.0359663
-0.0001978	-0.0392351
-0.0154000	-0.0368011
-0.0289007	-0.0272759
-0.0364368	-0.0120511
-0.0353486	0.0045557
-0.0264673	0.0172225
-0.0139516	0.0224456
-0.0030540	0.0203751
0.0027362	0.0144249
0.0032956	0.0089692
0.0012577	0.0067395
-0.0001899	0.0076580
0.0005785	0.0097053
0.0030672	0.0109191
0.0058364	0.0108650
0.0082410	0.0104711
0.0111732	0.0105025
0.0161142	0.0100899
0.0232336	0.0067221
0.0301453	-0.0020398
0.0325457	-0.0162868
0.0265746	-0.0326665
0.0113984	-0.0454800
-0.0097720	-0.0494486
-0.0309965	-0.0424218
-0.0464385	-0.0263123
-0.0528958	-0.0057658
-0.0505146	0.0143853
-0.0415271	0.0311146
-0.0282350	0.0434496
-0.0118557	0.0511986
0.0070052	0.0535210
0.0268907	0.0487312
0.0445265	0.0356258
0.0554772	0.0152870
0.0562505	-0.0082101
0.0464455	-0.0290406
0.0293469	-0.0422351
0.0103879	-0.0459891
-0.0055926	-0.0421405
-0.0165133	-0.0345326
-0.0232696	-0.0264442
-0.0280440	-0.0188723
-0.0320784	-0.0107552
-0.0345825	-0.0007613
-0.0335090	0.0108592
-0.0274791	0.0218351
-0.0172814	0.0291785
-0.0057316	0.0311981
0.0040295	0.0286399
0.0104996	0.0240521
0.0145317	0.0198488
0.0182499	0.0165598
0.0230008	0.0126265
0.0279387	0.0059210
0.0303791	-0.0041652
0.0277178	-0.0156871
0.0195028	-0.0250235
0.0080910	-0.0290970
-0.0026532	-0.0273432
-0.0097211	-0.0219953
-0.0127012	-0.0164761
-0.0136758	-0.0130643
-0.0154050	-0.0115114
-0.0191672	-0.0095529
-0.0238275	-0.0048494
-0.0267445	0.0031356
-0.0257399	0.0127004
-0.0205964	0.0211476
-0.0129758	0.0266573
-0.0049169	0.0292920
0.0028116	0.0303634
0.0111147	0.0307152
0.0213371	0.0293771
0.0333245	0.0238095
0.0443566	0.0117475
0.0499644	-0.0066190
0.0462821	-0.0277576
0.0324199	-0.0459847
0.0112608	-0.0560749
-0.0118515	-0.0556416
-0.0316352	-0.0458277
-0.0449474	-0.0300565
-0.0512065	-0.0119173
-0.0512342	0.0062686
-0.0457233	0.0233490
-0.0346783	0.0381491
-0.0182504	0.0484966
0.0018534	0.0515624
0.0217804	0.0454894
0.0365985	0.0311297
0.0425724	0.0124464
0.0391797	-0.0049974
0.0294340	-0.0166664
0.0181922	-0.0211466
0.0095056	-0.0203694
0.0047182	-0.0179001
0.0024549	-0.0165319
0.0002900	-0.0168174
-0.0032499	-0.0173895
-0.0078032	-0.0165796
