jMRUI Data Textfile

Filename: Glc.txt

PointsInDataset: 2048      
DatasetsInFile: 1         
SamplingInterval: 2.5E-1    
ZeroOrderPhase: 0E0       
BeginTime: 0E0       
TransmitterFrequency: 1.2322E8  
MagneticField: 2.9E0     
TypeOfNucleus: 0E0       
NameOfPatient: Glc
DateOfExperiment: 
Spectrometer: 
AdditionalInfo: Glc
SignalNames: Glc.txt;


Signal and FFT
sig(real)	sig(imag)	fft(real)	fft(imag)
Signal 1 out of 1 in file
6.0406500	-0.0502647
5.8480100	-1.1307000
5.3900900	-2.0906700
4.7514200	-2.8719600
4.0125000	-3.4779900
3.2096700	-3.9440700
2.3338800	-4.2893000
1.3677100	-4.4873000
0.3308570	-4.4786600
-0.7020530	-4.2156800
-1.6263900	-3.7053800
-2.3578600	-3.0175600
-2.8714600	-2.2511400
-3.2007800	-1.4830600
-3.3991100	-0.7370530
-3.4922900	0.0056647
-3.4590300	0.7636210
-3.2532300	1.5141000
-2.8505900	2.1863300
-2.2833400	2.6949800
-1.6356800	2.9893700
-1.0022600	3.0818000
-0.4398600	3.0336300
0.0525184	2.9099600
0.5113290	2.7366400
0.9620980	2.4915900
1.3849100	2.1359300
1.7184400	1.6602900
1.8997100	1.1100700
1.9094100	0.5696400
1.7883100	0.1162600
1.6120600	-0.2220220
1.4427600	-0.4736660
1.2934400	-0.6911950
1.1312100	-0.9040920
0.9157830	-1.0928000
0.6431950	-1.2034000
0.3609380	-1.1913400
0.1423710	-1.0608100
0.0394375	-0.8691660
0.0491072	-0.6927450
0.1187280	-0.5791280
0.1861120	-0.5213980
0.2241230	-0.4730740
0.2563640	-0.3917180
0.3326360	-0.2777000
0.4833850	-0.1784790
0.6882140	-0.1550770
0.8828200	-0.2361750
0.9995540	-0.3946670
1.0113400	-0.5645600
0.9461370	-0.6856280
0.8615060	-0.7423960
0.7987250	-0.7684480
0.7514220	-0.8133970
0.6723050	-0.8980990
0.5126550	-0.9924530
0.2643960	-1.0329100
-0.0274120	-0.9666540
-0.2913690	-0.7891920
-0.4758740	-0.5471210
-0.5800790	-0.3041100
-0.6467390	-0.0958998
-0.7228900	0.0917796
-0.8185370	0.3059640
-0.8948980	0.5833520
-0.8912320	0.9143660
-0.7699810	1.2419100
-0.5460890	1.4961000
-0.2783710	1.6389200
-0.0294290	1.6855200
0.1756470	1.6863800
0.3608520	1.6843000
0.5727670	1.6790900
0.8365340	1.6267000
1.1280400	1.4735700
1.3836800	1.1999700
1.5407100	0.8395710
1.5778000	0.4602240
1.5256000	0.1204370
1.4396900	-0.1658390
1.3566300	-0.4298950
1.2665300	-0.7144360
1.1229700	-1.0313700
0.8823750	-1.3436400
0.5430740	-1.5850900
0.1540090	-1.7038100
-0.2135460	-1.6962000
-0.5102500	-1.6064700
-0.7358560	-1.4921400
-0.9292500	-1.3817700
-1.1295100	-1.2569200
-1.3380000	-1.0716700
-1.5104900	-0.7946290
-1.5856600	-0.4411990
-1.5284300	-0.0713313
-1.3555700	0.2458910
-1.1243000	0.4744850
-0.8925540	0.6291450
-0.6808150	0.7554400
-0.4641910	0.8881480
-0.2001340	1.0196500
0.1296420	1.1025000
0.4953100	1.0842900
0.8316280	0.9483350
1.0779900	0.7293820
1.2159300	0.4922330
1.2761300	0.2893630
1.3100900	0.1291800
1.3481500	-0.0215381
1.3758300	-0.2034690
1.3462600	-0.4252850
1.2190600	-0.6492250
0.9959570	-0.8129750
0.7259160	-0.8715450
0.4755170	-0.8276930
0.2866990	-0.7280790
0.1533480	-0.6282100
0.0339016	-0.5527060
-0.1101110	-0.4807640
-0.2791830	-0.3674410
-0.4312710	-0.1842070
-0.5111090	0.0523865
-0.4912100	0.2860040
-0.3934990	0.4561190
-0.2751520	0.5373320
-0.1892300	0.5530430
-0.1496440	0.5535170
-0.1265600	0.5752630
-0.0752112	0.6126080
0.0241825	0.6229160
0.1460180	0.5613240
0.2341490	0.4184230
0.2409310	0.2321210
0.1611000	0.0644497
0.0349974	-0.0394140
-0.0811606	-0.0792760
-0.1554710	-0.0943643
-0.2007310	-0.1287500
-0.2599180	-0.1942900
-0.3681720	-0.2593520
-0.5204560	-0.2719090
-0.6697100	-0.1994950
-0.7571770	-0.0557004
-0.7522390	0.1069110
-0.6719010	0.2322210
-0.5655210	0.2977410
-0.4765830	0.3257700
-0.4105860	0.3605450
-0.3332640	0.4291430
-0.2003040	0.5161120
0.0042230	0.5712820
0.2500680	0.5450270
0.4773540	0.4244170
0.6352250	0.2430310
0.7136750	0.0571237
0.7448950	-0.0938022
0.7735540	-0.2123140
0.8189000	-0.3353880
0.8575820	-0.4999670
0.8403020	-0.7082050
0.7296530	-0.9190510
0.5304720	-1.0728400
0.2896740	-1.1305300
0.0655951	-1.0982900
-0.1101190	-1.0189900
-0.2495730	-0.9376230
-0.3921390	-0.8666920
-0.5673850	-0.7780650
-0.7658840	-0.6271440
-0.9403100	-0.3909350
-1.0362200	-0.0909459
-1.0294200	0.2166100
-0.9418360	0.4761340
-0.8240680	0.6670550
-0.7179780	0.8117050
-0.6275760	0.9511570
-0.5200790	1.1077400
-0.3560210	1.2629600
-0.1252940	1.3676500
0.1384920	1.3768500
0.3764500	1.2830200
0.5420080	1.1224500
0.6295000	0.9501720
0.6725160	0.8021230
0.7136410	0.6731500
0.7687750	0.5270510
0.8131990	0.3306870
0.7999280	0.0859396
0.6963750	-0.1650050
0.5114700	-0.3652900
0.2925900	-0.4807880
0.0945081	-0.5212130
-0.0563628	-0.5292420
-0.1756860	-0.5461120
-0.3029140	-0.5798460
-0.4652580	-0.6000910
-0.6515360	-0.5633160
-0.8159160	-0.4490410
-0.9088820	-0.2794560
-0.9120750	-0.1073800
-0.8507770	0.0185435
-0.7746840	0.0853275
-0.7215630	0.1203180
-0.6912070	0.1658980
-0.6491770	0.2436750
-0.5571600	0.3354680
-0.4066570	0.3955330
-0.2302200	0.3847570
-0.0815214	0.3008840
0.0008486	0.1818510
0.0186883	0.0796617
0.0096900	0.0244467
0.0167921	0.0056817
0.0547165	-0.0155442
0.0990236	-0.0728564
0.1058450	-0.1653060
0.0471689	-0.2548330
-0.0652065	-0.2925240
-0.1853370	-0.2538720
-0.2642660	-0.1564420
-0.2832580	-0.0466925
-0.2642440	0.0340240
-0.2498870	0.0785918
-0.2686340	0.1165150
-0.3113920	0.1880270
-0.3375320	0.3097940
-0.3056600	0.4584210
-0.2057860	0.5843950
-0.0685300	0.6460740
0.0556576	0.6381500
0.1315940	0.5932670
0.1623990	0.5557680
0.1832940	0.5476020
0.2311720	0.5521930
0.3132420	0.5284070
0.3986540	0.4438540
0.4395530	0.3021750
0.4056800	0.1435230
0.3064060	0.0177762
0.1836380	-0.0493946
0.0810319	-0.0721260
0.0128187	-0.0901032
-0.0442806	-0.1354960
-0.1301520	-0.2063040
-0.2674610	-0.2663670
-0.4406990	-0.2720180
-0.6041190	-0.2051850
-0.7126530	-0.0878704
-0.7525630	0.0329370
-0.7488070	0.1185090
-0.7437800	0.1647260
-0.7636790	0.2017790
-0.7980530	0.2677120
-0.8079610	0.3760720
-0.7564830	0.5023350
-0.6383800	0.5994810
-0.4863790	0.6310070
-0.3492930	0.5965010
-0.2584490	0.5305470
-0.2076680	0.4759590
-0.1617350	0.4516730
-0.0866585	0.4395780
0.0213848	0.4001480
0.1304640	0.3048560
0.1949570	0.1607040
0.1886020	0.0081976
0.1235760	-0.1057980
0.0412724	-0.1598790
-0.0181809	-0.1707310
-0.0445847	-0.1772320
-0.0629289	-0.2083280
-0.1114690	-0.2591530
-0.2094260	-0.2935340
-0.3389400	-0.2710060
-0.4550690	-0.1778420
-0.5163750	-0.0386488
-0.5131030	0.1002490
-0.4718390	0.2030670
-0.4333440	0.2681600
-0.4205420	0.3253080
-0.4209800	0.4090320
-0.3970140	0.5283880
-0.3159230	0.6563250
-0.1770560	0.7467990
-0.0153836	0.7668150
0.1213100	0.7192980
0.2044680	0.6396550
0.2419970	0.5687950
0.2679540	0.5231070
0.3128100	0.4840850
0.3770730	0.4152790
0.4284020	0.2935480
0.4245050	0.1307260
0.3445320	-0.0308566
0.2052840	-0.1458090
0.0500066	-0.1955060
-0.0817094	-0.1980180
-0.1802570	-0.1909480
-0.2688430	-0.2004370
-0.3809940	-0.2199920
-0.5300980	-0.2152050
-0.6943140	-0.1507500
-0.8285160	-0.0191485
-0.8944200	0.1505760
-0.8863110	0.3109890
-0.8331150	0.4275670
-0.7754720	0.4997770
-0.7352700	0.5563220
-0.7007070	0.6285270
-0.6380130	0.7223530
-0.5207550	0.8104680
-0.3542580	0.8505350
-0.1764480	0.8159530
-0.0342284	0.7158610
0.0469781	0.5893170
0.0777834	0.4780680
0.0928183	0.3984050
0.1215490	0.3331880
0.1642250	0.2497200
0.1912350	0.1295920
0.1663070	-0.0124543
0.0758773	-0.1351670
-0.0577277	-0.1981340
-0.1894250	-0.1893430
-0.2810660	-0.1322970
-0.3254920	-0.0674955
-0.3470980	-0.0223805
-0.3788680	0.0075233
-0.4336290	0.0521891
-0.4915060	0.1405190
-0.5132300	0.2740330
-0.4692590	0.4210130
-0.3626890	0.5357810
-0.2286150	0.5887700
-0.1103680	0.5849290
-0.0304807	0.5568150
0.0219002	0.5378960
0.0779818	0.5364150
0.1609190	0.5296420
0.2638720	0.4827500
0.3513960	0.3778510
0.3832790	0.2310350
0.3429430	0.0843105
0.2490340	-0.0216500
0.1415460	-0.0735990
0.0530221	-0.0912168
-0.0134586	-0.1082150
-0.0830451	-0.1436480
-0.1858770	-0.1853530
-0.3297430	-0.1981150
-0.4896160	-0.1503760
-0.6222000	-0.0391962
-0.6946990	0.1054780
-0.7062270	0.2405690
-0.6858900	0.3388300
-0.6691810	0.4053410
-0.6706610	0.4693610
-0.6735800	0.5580320
-0.6441510	0.6721300
-0.5594810	0.7823990
-0.4278000	0.8493360
-0.2855130	0.8515130
-0.1731470	0.8010390
-0.1082040	0.7345070
-0.0752634	0.6862670
-0.0405595	0.6641840
0.0201931	0.6460400
0.1019020	0.5990460
0.1731900	0.5074570
0.2000460	0.3871820
0.1720410	0.2762120
0.1111550	0.2080380
0.0564877	0.1880980
0.0363153	0.1909880
0.0485248	0.1804640
0.0640309	0.1370580
0.0503983	0.0724733
-0.0023624	0.0200007
-0.0734004	0.0083970
-0.1263590	0.0391491
-0.1367570	0.0844265
-0.1106410	0.1073160
-0.0803572	0.0890583
-0.0806197	0.0427296
-0.1229360	0.0031001
-0.1876230	0.0004036
-0.2393000	0.0378708
-0.2540020	0.0899392
-0.2373120	0.1223480
-0.2198130	0.1187620
-0.2333750	0.0936864
-0.2863000	0.0818487
-0.3561800	0.1120970
-0.4058970	0.1855360
-0.4106810	0.2743970
-0.3758310	0.3424470
-0.3318130	0.3714610
-0.3105960	0.3737840
-0.3212180	0.3816160
-0.3431040	0.4212720
-0.3421190	0.4920390
-0.2971260	0.5656740
-0.2168840	0.6069610
-0.1344550	0.5997540
-0.0833432	0.5588520
-0.0733633	0.5187640
-0.0843944	0.5079190
-0.0826062	0.5278180
-0.0467558	0.5527990
0.0153987	0.5504560
0.0729569	0.5070980
0.0954900	0.4389130
0.0764526	0.3803370
0.0386239	0.3584510
0.0174338	0.3727510
0.0347576	0.3955790
0.0829294	0.3928270
0.1309450	0.3492610
0.1480340	0.2793630
0.1266740	0.2156480
0.0876546	0.1834500
0.0634297	0.1814050
0.0724802	0.1824540
0.1041880	0.1546250
0.1257360	0.0858777
0.1058770	-0.0057917
0.0376826	-0.0845813
-0.0568101	-0.1222110
-0.1433860	-0.1172460
-0.2010490	-0.0939635
-0.2367490	-0.0818293
-0.2783430	-0.0913397
-0.3512280	-0.1046670
-0.4564580	-0.0882903
-0.5670350	-0.0181183
-0.6452820	0.1018390
-0.6682990	0.2413070
-0.6424390	0.3646530
-0.5960910	0.4550510
-0.5564910	0.5237570
-0.5282870	0.5976880
-0.4901740	0.6949750
-0.4121440	0.8072450
-0.2802280	0.9022610
-0.1099310	0.9450890
0.0618877	0.9219590
0.2006780	0.8489550
0.2956890	0.7591380
0.3633020	0.6779840
0.4300240	0.6057520
0.5083280	0.5200310
0.5838820	0.3963430
0.6240000	0.2309820
0.6010150	0.0485782
0.5129580	-0.1115630
0.3859310	-0.2202330
0.2564060	-0.2757280
0.1467710	-0.3010290
0.0524590	-0.3231700
-0.0498790	-0.3506470
-0.1796640	-0.3660580
-0.3326540	-0.3395570
-0.4793930	-0.2528490
-0.5832190	-0.1154560
-0.6244170	0.0391695
-0.6124150	0.1749050
-0.5769800	0.2757120
-0.5452070	0.3529480
-0.5217340	0.4320370
-0.4870670	0.5289150
-0.4150920	0.6343310
-0.2962730	0.7180410
-0.1487640	0.7498090
-0.0088104	0.7213630
0.0924995	0.6527050
0.1487570	0.5780200
0.1795130	0.5217700
0.2125880	0.4829370
0.2609950	0.4390930
0.3120090	0.3669330
0.3366490	0.2634730
0.3122930	0.1516410
0.2411960	0.0658896
0.1507870	0.0285979
0.0754119	0.0350025
0.0331776	0.0579518
0.0152311	0.0688005
-0.0046630	0.0586233
-0.0477294	0.0437832
-0.1120950	0.0518103
-0.1727800	0.0984777
-0.1997890	0.1736040
-0.1805810	0.2464620
-0.1298960	0.2868190
-0.0794769	0.2857950
-0.0554260	0.2609060
-0.0602164	0.2416180
-0.0728117	0.2464510
-0.0665881	0.2689870
-0.0313095	0.2833140
0.0176056	0.2646600
0.0495991	0.2094820
0.0413380	0.1397120
-0.0059744	0.0878625
-0.0674032	0.0741880
-0.1125620	0.0930698
-0.1275450	0.1187680
-0.1240030	0.1260410
-0.1286320	0.1099290
-0.1612110	0.0896956
-0.2179300	0.0939966
-0.2727260	0.1385650
-0.2956510	0.2133490
-0.2744260	0.2888780
-0.2229270	0.3370550
-0.1702760	0.3507180
-0.1388570	0.3472780
-0.1279090	0.3538280
-0.1150370	0.3851490
-0.0744095	0.4313170
0.0022546	0.4643390
0.0978568	0.4587710
0.1812130	0.4107090
0.2289550	0.3408070
0.2415310	0.2790710
0.2412930	0.2429500
0.2542430	0.2252740
0.2893350	0.2010590
0.3310310	0.1479230
0.3507090	0.0645593
0.3282630	-0.0267550
0.2674980	-0.0955322
0.1937090	-0.1247040
0.1352750	-0.1221860
0.1032210	-0.1137160
0.0841452	-0.1224650
0.0517859	-0.1509090
-0.0116404	-0.1786890
-0.1005350	-0.1780140
-0.1887550	-0.1349210
-0.2480370	-0.0602861
-0.2680730	0.0177344
-0.2631110	0.0740722
-0.2601440	0.1045280
-0.2777390	0.1275590
-0.3115440	0.1688290
-0.3374400	0.2402920
-0.3299100	0.3297040
-0.2816710	0.4085170
-0.2097320	0.4521740
-0.1432970	0.4574750
-0.1026960	0.4439490
-0.0852546	0.4382680
-0.0687151	0.4535880
-0.0295142	0.4794560
0.0380164	0.4899070
0.1161030	0.4635460
0.1758480	0.4003870
0.1980990	0.3226880
0.1871060	0.2591510
0.1666940	0.2244410
0.1619330	0.2094540
0.1801940	0.1895930
0.2059300	0.1446810
0.2130450	0.0753435
0.1854080	0.0034445
0.1299270	-0.0437587
0.0722630	-0.0537303
0.0384040	-0.0378367
0.0360267	-0.0226809
0.0496625	-0.0301797
0.0532330	-0.0614487
0.0303760	-0.0966209
-0.0128598	-0.1106290
-0.0525391	-0.0929086
-0.0651051	-0.0560433
-0.0455106	-0.0267990
-0.0114709	-0.0263202
0.0093838	-0.0544618
-0.0002542	-0.0900613
-0.0350017	-0.1068870
-0.0715501	-0.0931635
-0.0868451	-0.0599226
-0.0758421	-0.0319463
-0.0553738	-0.0282538
-0.0512250	-0.0469863
-0.0782355	-0.0661712
-0.1285100	-0.0598067
-0.1766530	-0.0171204
-0.1980700	0.0495160
-0.1865150	0.1139250
-0.1576860	0.1555790
-0.1362800	0.1744220
-0.1364140	0.1898910
-0.1503160	0.2249540
-0.1538620	0.2873420
-0.1247790	0.3622420
-0.0597258	0.4220130
0.0226367	0.4456320
0.0948930	0.4331930
0.1403900	0.4046270
0.1643090	0.3837080
0.1880160	0.3795530
0.2310960	0.3796580
0.2947890	0.3597040
0.3594340	0.3026790
0.3979070	0.2127870
0.3949230	0.1136180
0.3576590	0.0319217
0.3097390	-0.0207549
0.2732290	-0.0547868
0.2522890	-0.0925852
0.2308360	-0.1497360
0.1858990	-0.2215400
0.1064800	-0.2851980
0.0035580	-0.3160040
-0.0963758	-0.3053060
-0.1693990	-0.2666840
-0.2102470	-0.2257130
-0.2343440	-0.2010850
-0.2643650	-0.1913750
-0.3116150	-0.1773640
-0.3663860	-0.1380740
-0.4045940	-0.0682459
-0.4056460	0.0160173
-0.3680160	0.0877773
-0.3107180	0.1280170
-0.2596080	0.1384990
-0.2288390	0.1390890
-0.2114720	0.1516660
-0.1862330	0.1828670
-0.1351840	0.2187350
-0.0588318	0.2352850
0.0228001	0.2169350
0.0839873	0.1688110
0.1115610	0.1136060
0.1138400	0.0753557
0.1135420	0.0623881
0.1301090	0.0622713
0.1648410	0.0524821
0.2000630	0.0186137
0.2128880	-0.0337212
0.1930840	-0.0823236
0.1514820	-0.1045690
0.1125510	-0.0940637
0.0967347	-0.0652151
0.1059000	-0.0422949
0.1228240	-0.0413051
0.1250280	-0.0583517
0.1023940	-0.0732652
0.0652261	-0.0656388
0.0366526	-0.0310701
0.0351596	0.0147234
0.0605018	0.0470422
0.0936430	0.0501725
0.1107540	0.0286205
0.1006780	0.0031751
0.0726789	-0.0051514
0.0487049	0.0088909
0.0460975	0.0309671
0.0639073	0.0383418
0.0831889	0.0175470
0.0810476	-0.0248761
0.0477998	-0.0666980
-0.0057185	-0.0861157
-0.0561843	-0.0774862
-0.0850446	-0.0548322
-0.0919378	-0.0405526
-0.0941703	-0.0479627
-0.1127260	-0.0709166
-0.1554700	-0.0883623
-0.2103100	-0.0803496
-0.2534970	-0.0433545
-0.2667980	0.0066762
-0.2505710	0.0458455
-0.2229080	0.0596665
-0.2055680	0.0531591
-0.2073970	0.0461168
-0.2177860	0.0572185
-0.2150810	0.0890825
-0.1835130	0.1256070
-0.1258070	0.1436120
-0.0618999	0.1299650
-0.0147471	0.0912499
0.0060664	0.0487062
0.0105534	0.0223057
0.0197653	0.0160347
0.0490073	0.0154825
0.0955803	-0.0005101
0.1403330	-0.0430312
0.1618250	-0.1038840
0.1523580	-0.1609630
0.1237490	-0.1941620
0.0984938	-0.1997750
0.0930299	-0.1925640
0.1057510	-0.1939740
0.1187820	-0.2154810
0.1121040	-0.2496810
0.0792639	-0.2758390
0.0327672	-0.2756410
-0.0049317	-0.2471910
-0.0179941	-0.2066630
-0.0087888	-0.1763600
0.0042338	-0.1682280
0.0007358	-0.1752820
-0.0260092	-0.1773790
-0.0640230	-0.1568960
-0.0917382	-0.1124370
-0.0943668	-0.0601723
-0.0751072	-0.0218680
-0.0527154	-0.0086706
-0.0473080	-0.0129486
-0.0651617	-0.0143358
-0.0940018	0.0046238
-0.1123140	0.0450770
-0.1056020	0.0908231
-0.0772857	0.1203760
-0.0460348	0.1229640
-0.0316097	0.1063590
-0.0399640	0.0906530
-0.0588911	0.0927371
-0.0674784	0.1132750
-0.0521821	0.1360240
-0.0173448	0.1400010
0.0177890	0.1152750
0.0332740	0.0704517
0.0231296	0.0262284
-0.0005971	-0.0000580
-0.0173834	-0.0071741
-0.0141077	-0.0104068
0.0047997	-0.0293908
0.0206078	-0.0726103
0.0144563	-0.1303300
-0.0182946	-0.1813020
-0.0643839	-0.2081710
-0.1023920	-0.2099280
-0.1185140	-0.2020420
-0.1164340	-0.2042320
-0.1138800	-0.2251840
-0.1285370	-0.2557960
-0.1640300	-0.2760340
-0.2066090	-0.2701780
-0.2350370	-0.2388860
-0.2361890	-0.1989630
-0.2145670	-0.1710160
-0.1885800	-0.1643510
-0.1764340	-0.1705130
-0.1823550	-0.1702980
-0.1935360	-0.1488720
-0.1900930	-0.1075200
-0.1604260	-0.0631200
-0.1103610	-0.0357902
-0.0591341	-0.0340498
-0.0253102	-0.0487364
-0.0132673	-0.0602400
-0.0104724	-0.0535479
0.0024481	-0.0297020
0.0365035	-0.0050208
0.0855195	0.0012832
0.1303580	-0.0183092
0.1529480	-0.0538703
0.1494950	-0.0854258
0.1328860	-0.0978712
0.1225170	-0.0920979
0.1292810	-0.0839264
0.1471020	-0.0916906
0.1573990	-0.1218980
0.1430970	-0.1638180
0.1015660	-0.1970820
0.0467315	-0.2065090
-0.0011987	-0.1929680
-0.0305663	-0.1720830
-0.0464349	-0.1618500
-0.0659438	-0.1685820
-0.1044160	-0.1818630
-0.1627790	-0.1823230
-0.2258430	-0.1563450
-0.2727460	-0.1065830
-0.2916820	-0.0503651
-0.2878230	-0.0072159
-0.2785120	0.0150387
-0.2794610	0.0251098
-0.2924680	0.0404363
-0.3039570	0.0727284
-0.2954520	0.1178780
-0.2580220	0.1579220
-0.1997520	0.1736030
-0.1405980	0.1580710
-0.0984847	0.1214180
-0.0771542	0.0826952
-0.0648476	0.0555231
-0.0447181	0.0382063
-0.0089731	0.0158081
0.0340389	-0.0274494
0.0652103	-0.0949155
0.0684759	-0.1734740
0.0426209	-0.2418440
0.0021954	-0.2849910
-0.0331186	-0.3038320
-0.0526336	-0.3130050
-0.0616287	-0.3285030
-0.0759829	-0.3546440
-0.1086460	-0.3802720
-0.1582980	-0.3870680
-0.2088560	-0.3636630
-0.2402750	-0.3148410
-0.2425170	-0.2588460
-0.2222100	-0.2148090
-0.1970250	-0.1897490
-0.1821100	-0.1748780
-0.1788670	-0.1538810
-0.1745400	-0.1167740
-0.1528440	-0.0687411
-0.1075070	-0.0272165
-0.0483940	-0.0093833
0.0044915	-0.0195396
0.0346488	-0.0458681
0.0401320	-0.0690346
0.0337529	-0.0761161
0.0323947	-0.0693704
0.0436119	-0.0633094
0.0596923	-0.0724178
0.0636596	-0.0989282
0.0426261	-0.1299910
-0.0016642	-0.1464410
-0.0531251	-0.1365610
-0.0922778	-0.1044910
-0.1096380	-0.0669552
-0.1115060	-0.0408434
-0.1139050	-0.0310326
-0.1293680	-0.0276260
-0.1566630	-0.0145965
-0.1812710	0.0168110
-0.1862480	0.0601593
-0.1652340	0.0974448
-0.1277480	0.1115840
-0.0927485	0.0983751
-0.0752958	0.0689571
-0.0763583	0.0409911
-0.0833608	0.0252875
-0.0809427	0.0180104
-0.0636706	0.0043126
-0.0410083	-0.0294274
-0.0307459	-0.0841094
-0.0458493	-0.1459240
-0.0846685	-0.1954310
-0.1318980	-0.2209020
-0.1695520	-0.2258960
-0.1896680	-0.2254530
-0.1991860	-0.2338650
-0.2134150	-0.2533570
-0.2431410	-0.2722410
-0.2852310	-0.2739260
-0.3238970	-0.2499090
-0.3417120	-0.2068750
-0.3320630	-0.1625080
-0.3036720	-0.1331410
-0.2737980	-0.1225410
-0.2553100	-0.1202360
-0.2473980	-0.1105380
-0.2369010	-0.0853538
-0.2091680	-0.0510332
-0.1601490	-0.0240555
-0.1005120	-0.0188399
-0.0486251	-0.0369134
-0.0176934	-0.0656386
-0.0067395	-0.0874594
-0.0021904	-0.0926801
0.0111879	-0.0861488
0.0383225	-0.0828588
0.0698867	-0.0958785
0.0893226	-0.1258010
0.0854696	-0.1597260
0.0612041	-0.1805400
0.0315381	-0.1794610
0.0126151	-0.1623660
0.0099188	-0.1451270
0.0145874	-0.1415110
0.0105716	-0.1527910
-0.0128218	-0.1669160
-0.0525087	-0.1677880
-0.0936833	-0.1476110
-0.1207550	-0.1129270
-0.1288610	-0.0797934
-0.1272330	-0.0617827
-0.1318940	-0.0598925
-0.1532190	-0.0620060
-0.1878000	-0.0522886
-0.2207280	-0.0233994
-0.2365740	0.0177100
-0.2307280	0.0547633
-0.2125680	0.0740975
-0.1980900	0.0745235
-0.1976550	0.0676703
-0.2081420	0.0685980
-0.2154520	0.0838367
-0.2054580	0.1059340
-0.1750850	0.1186530
-0.1351550	0.1088970
-0.1028340	0.0763619
-0.0894071	0.0336641
-0.0925950	-0.0031042
-0.0991571	-0.0261961
-0.0957282	-0.0414661
-0.0796128	-0.0631163
-0.0613224	-0.1019680
-0.0569158	-0.1561860
-0.0759314	-0.2115210
-0.1140270	-0.2509110
-0.1558710	-0.2662370
-0.1860830	-0.2633930
-0.1999510	-0.2569330
-0.2058750	-0.2584350
-0.2177760	-0.2674370
-0.2433080	-0.2718250
-0.2768880	-0.2573600
-0.3028700	-0.2190920
-0.3065080	-0.1660040
-0.2844650	-0.1153340
-0.2469650	-0.0808416
-0.2100280	-0.0638218
-0.1836970	-0.0535739
-0.1651590	-0.0368453
-0.1419180	-0.0090031
-0.1025240	0.0215951
-0.0466671	0.0393715
0.0130998	0.0330840
0.0593553	0.0044288
0.0815577	-0.0328134
0.0827314	-0.0624425
0.0761332	-0.0770317
0.0745133	-0.0822512
0.0801559	-0.0911583
0.0832470	-0.1128960
0.0697726	-0.1444530
0.0329166	-0.1718040
-0.0207222	-0.1796040
-0.0748479	-0.1621590
-0.1143630	-0.1274050
-0.1352700	-0.0909368
-0.1461980	-0.0646287
-0.1605090	-0.0484363
-0.1850670	-0.0315254
-0.2142410	-0.0017743
-0.2337000	0.0436431
-0.2311360	0.0946875
-0.2057670	0.1346680
-0.1694430	0.1515980
-0.1384790	0.1461740
-0.1223690	0.1304150
-0.1178470	0.1180680
-0.1126840	0.1140920
-0.0962349	0.1111650
-0.0686513	0.0958247
-0.0417298	0.0595249
-0.0307123	0.0061737
-0.0432257	-0.0496026
-0.0737046	-0.0922095
-0.1074930	-0.1155320
-0.1315090	-0.1262590
-0.1434220	-0.1376650
-0.1524550	-0.1586400
-0.1713070	-0.1863270
-0.2053780	-0.2079400
-0.2475540	-0.2103870
-0.2825220	-0.1903590
-0.2974090	-0.1572620
-0.2907170	-0.1267250
-0.2728620	-0.1095960
-0.2579460	-0.1046770
-0.2530270	-0.1006360
-0.2530030	-0.0855499
-0.2449290	-0.0567826
-0.2184490	-0.0236849
-0.1743820	-0.0010580
-0.1249340	0.0016703
-0.0853379	-0.0126297
-0.0632259	-0.0309929
-0.0537248	-0.0400105
-0.0439232	-0.0356358
-0.0232736	-0.0257633
0.0079760	-0.0236928
0.0387005	-0.0374900
0.0551996	-0.0633408
0.0515691	-0.0879473
0.0342753	-0.0981562
0.0174653	-0.0905392
0.0125607	-0.0736962
0.0199902	-0.0615677
0.0292772	-0.0628396
0.0273625	-0.0744535
0.0088245	-0.0841001
-0.0197547	-0.0797652
-0.0445686	-0.0590639
-0.0548710	-0.0312862
-0.0509722	-0.0106090
-0.0438987	-0.0056172
-0.0469905	-0.0130554
-0.0658016	-0.0205120
-0.0939319	-0.0159742
-0.1179110	0.0029926
-0.1274020	0.0273760
-0.1229840	0.0435421
-0.1156380	0.0435586
-0.1183370	0.0311889
-0.1361370	0.0190307
-0.1622730	0.0189814
-0.1831790	0.0332550
-0.1886460	0.0527370
-0.1794040	0.0638974
-0.1664270	0.0590087
-0.1625120	0.0419362
-0.1725290	0.0251400
-0.1897230	0.0201904
-0.2008460	0.0289910
-0.1962050	0.0423509
-0.1770190	0.0469639
-0.1545150	0.0354954
-0.1414820	0.0121386
-0.1426750	-0.0105462
-0.1513370	-0.0210960
-0.1544340	-0.0177402
-0.1426310	-0.0096344
-0.1174360	-0.0098273
-0.0901357	-0.0253061
-0.0733427	-0.0516602
-0.0715782	-0.0763809
-0.0780156	-0.0882763
-0.0798255	-0.0858581
-0.0680569	-0.0783593
-0.0445643	-0.0786303
-0.0207492	-0.0933058
-0.0090853	-0.1176810
-0.0138493	-0.1391530
-0.0280578	-0.1466000
-0.0388948	-0.1385880
-0.0374885	-0.1242090
-0.0256214	-0.1159530
-0.0143006	-0.1200300
-0.0152910	-0.1315000
-0.0320338	-0.1378690
-0.0568231	-0.1284500
-0.0763630	-0.1023850
-0.0814926	-0.0692927
-0.0737280	-0.0420882
-0.0637076	-0.0274218
-0.0627635	-0.0209861
-0.0740381	-0.0112120
-0.0898867	0.0114773
-0.0975302	0.0468875
-0.0886747	0.0846501
-0.0658221	0.1115030
-0.0405133	0.1207590
-0.0248558	0.1168220
-0.0227496	0.1113870
-0.0274293	0.1142440
-0.0271355	0.1256830
-0.0145721	0.1362490
0.0070452	0.1340150
0.0259479	0.1138520
0.0303059	0.0816696
0.0168420	0.0504118
-0.0069210	0.0308456
-0.0284412	0.0240799
-0.0395610	0.0214371
-0.0424124	0.0117098
-0.0473786	-0.0097450
-0.0646977	-0.0369904
-0.0961019	-0.0576239
-0.1328490	-0.0619070
-0.1616510	-0.0500058
-0.1740310	-0.0318794
-0.1720690	-0.0199167
-0.1662290	-0.0198992
-0.1669810	-0.0271028
-0.1765890	-0.0304407
-0.1872900	-0.0214541
-0.1872320	-0.0012977
-0.1696520	0.0195930
-0.1383320	0.0289168
-0.1051950	0.0214068
-0.0818595	0.0025093
-0.0715130	-0.0159070
-0.0672221	-0.0245312
-0.0578842	-0.0234765
-0.0372658	-0.0218574
-0.0092473	-0.0304381
0.0147104	-0.0529600
0.0239566	-0.0827415
0.0165519	-0.1071400
0.0007093	-0.1165150
-0.0112973	-0.1109420
-0.0121441	-0.0996336
-0.0045852	-0.0935671
0.0011398	-0.0969280
-0.0043995	-0.1038630
-0.0221499	-0.1029850
-0.0433570	-0.0861947
-0.0557366	-0.0551264
-0.0523760	-0.0203330
-0.0366482	0.0061787
-0.0194542	0.0194248
-0.0109106	0.0245548
-0.0127870	0.0322936
-0.0174029	0.0502199
-0.0137833	0.0765161
0.0036221	0.1009360
0.0302837	0.1122560
0.0545331	0.1065630
0.0658856	0.0901269
0.0624617	0.0746945
0.0519281	0.0687771
0.0452926	0.0715269
0.0482862	0.0737965
0.0568720	0.0655394
0.0602732	0.0439081
0.0492091	0.0158979
0.0230931	-0.0064715
-0.0092571	-0.0147969
-0.0359267	-0.0102302
-0.0504581	-0.0022531
-0.0561985	-0.0012491
-0.0631909	-0.0105193
-0.0800092	-0.0237817
-0.1067500	-0.0300276
-0.1345010	-0.0220316
-0.1516880	-0.0020576
-0.1524970	0.0195595
-0.1410110	0.0318812
-0.1279520	0.0312368
-0.1225240	0.0235669
-0.1255350	0.0195068
-0.1289850	0.0259687
-0.1224120	0.0406178
-0.1011460	0.0534244
-0.0702247	0.0541073
-0.0409891	0.0398309
-0.0229474	0.0173374
-0.0170456	-0.0020816
-0.0154127	-0.0109546
-0.0077341	-0.0110117
0.0106032	-0.0115313
0.0347684	-0.0219395
0.0539745	-0.0442932
0.0595379	-0.0713494
0.0514050	-0.0916817
0.0382108	-0.0979703
0.0308389	-0.0922044
0.0343623	-0.0838860
0.0444511	-0.0826260
0.0509341	-0.0907552
0.0457838	-0.1015400
0.0294575	-0.1043340
0.0107904	-0.0927449
0.0005285	-0.0696216
0.0033999	-0.0450944
0.0147169	-0.0291562
0.0240575	-0.0243983
0.0232200	-0.0243788
0.0124241	-0.0188259
0.0000789	-0.0017069
-0.0036779	0.0239576
0.0052415	0.0481721
0.0216761	0.0613507
0.0350107	0.0614103
0.0370824	0.0552096
0.0282169	0.0532623
0.0168444	0.0617380
0.0130088	0.0778010
0.0207013	0.0917961
0.0348186	0.0945975
0.0450287	0.0845447
0.0435966	0.0687150
0.0312350	0.0575859
0.0165567	0.0571414
0.0095567	0.0644003
0.0140665	0.0697373
0.0248842	0.0642252
0.0317340	0.0464365
0.0270402	0.0235668
0.0116264	0.0060549
-0.0059578	-0.0002086
-0.0159471	0.0018169
-0.0147615	0.0027521
-0.0076899	-0.0059007
-0.0048347	-0.0251263
-0.0133985	-0.0474535
-0.0321512	-0.0624065
-0.0522514	-0.0642203
-0.0637817	-0.0559907
-0.0630424	-0.0471476
-0.0550937	-0.0461926
-0.0496487	-0.0542192
-0.0534578	-0.0641189
-0.0649680	-0.0660612
-0.0753043	-0.0550827
-0.0748284	-0.0350383
-0.0603123	-0.0159277
-0.0373144	-0.0066282
-0.0159850	-0.0085254
-0.0035001	-0.0148376
0.0011470	-0.0161043
0.0060686	-0.0076511
0.0199653	0.0066399
0.0451277	0.0171107
0.0752703	0.0155484
0.0998404	0.0013818
0.1115490	-0.0178253
0.1114450	-0.0319418
0.1077210	-0.0356781
0.1092030	-0.0322413
0.1184700	-0.0305044
0.1298270	-0.0378708
0.1336470	-0.0542685
0.1237840	-0.0718348
0.1024330	-0.0805376
0.0787578	-0.0754842
0.0623246	-0.0604058
0.0563048	-0.0447058
0.0555569	-0.0363331
0.0510014	-0.0358806
0.0369333	-0.0363645
0.0157120	-0.0288192
-0.0037295	-0.0094455
-0.0124249	0.0171204
-0.0080124	0.0408983
0.0035447	0.0536845
0.0124437	0.0548277
0.0123294	0.0513215
0.0048793	0.0521789
-0.0017564	0.0613775
0.0005604	0.0747215
0.0134854	0.0829878
0.0306495	0.0789545
0.0422164	0.0629795
0.0420900	0.0429038
0.0323302	0.0283562
0.0214534	0.0237631
0.0179278	0.0253356
0.0237963	0.0242790
0.0332408	0.0137593
0.0371517	-0.0056669
0.0302125	-0.0262739
0.0151221	-0.0388632
0.0007541	-0.0396152
-0.0043523	-0.0329115
0.0017511	-0.0280040
0.0131345	-0.0320605
0.0206207	-0.0448459
0.0188051	-0.0590444
0.0101484	-0.0659468
0.0030566	-0.0621745
0.0054231	-0.0523384
0.0185372	-0.0456265
0.0359735	-0.0489107
0.0482974	-0.0615892
0.0500224	-0.0760582
0.0435636	-0.0834383
0.0372195	-0.0802127
0.0387347	-0.0707613
0.0493351	-0.0638955
0.0627465	-0.0660406
0.0699288	-0.0762424
0.0659268	-0.0867754
0.0536506	-0.0888868
0.0417316	-0.0793221
0.0380899	-0.0627056
0.0440819	-0.0479908
0.0536452	-0.0416886
0.0580622	-0.0430035
0.0527168	-0.0445490
0.0407198	-0.0380828
0.0306658	-0.0209038
0.0302289	0.0019299
0.0404482	0.0212346
0.0550165	0.0304244
0.0650910	0.0302406
0.0659701	0.0279229
0.0605797	0.0314759
0.0571437	0.0433892
0.0628197	0.0585686
0.0781270	0.0680382
0.0963816	0.0656036
0.1085560	0.0524358
0.1098760	0.0361224
0.1031770	0.0249265
0.0964898	0.0216122
0.0967254	0.0215079
0.1042420	0.0162582
0.1124250	0.0004056
0.1125810	-0.0241887
0.1004490	-0.0494317
0.0794064	-0.0667630
0.0579553	-0.0732412
0.0434258	-0.0733624
0.0366549	-0.0752694
0.0316664	-0.0842509
0.0205658	-0.0984745
-0.0000770	-0.1101860
-0.0262059	-0.1114670
-0.0489081	-0.1001900
-0.0607135	-0.0816772
-0.0608087	-0.0648165
-0.0552516	-0.0555911
-0.0520601	-0.0529065
-0.0549225	-0.0498517
-0.0603058	-0.0394018
-0.0601456	-0.0202144
-0.0480714	0.0018893
-0.0244460	0.0178919
0.0035957	0.0220026
0.0271377	0.0156964
0.0417343	0.0063414
0.0502161	0.0014829
0.0599672	0.0031286
0.0767799	0.0063565
0.0999717	0.0032782
0.1224810	-0.0106673
0.1358740	-0.0328762
0.1364840	-0.0551147
0.1280420	-0.0692775
0.1188310	-0.0730310
0.1155280	-0.0711056
0.1183820	-0.0712987
0.1213670	-0.0782532
0.1171430	-0.0897399
0.1030330	-0.0982587
0.0834768	-0.0967366
0.0670720	-0.0839976
0.0604381	-0.0658599
0.0635289	-0.0510265
0.0699104	-0.0448706
0.0717699	-0.0457947
0.0658458	-0.0468792
0.0557970	-0.0415288
0.0492394	-0.0288077
0.0517243	-0.0144066
0.0622428	-0.0065074
0.0736769	-0.0096753
0.0778670	-0.0213998
0.0714792	-0.0338941
0.0582570	-0.0397880
0.0459903	-0.0374133
0.0405236	-0.0317107
0.0413548	-0.0301117
0.0421492	-0.0365527
0.0357579	-0.0481815
0.0199217	-0.0572632
-0.0006746	-0.0568490
-0.0175629	-0.0459262
-0.0244881	-0.0301661
-0.0217254	-0.0177190
-0.0154886	-0.0132470
-0.0129163	-0.0146974
-0.0164620	-0.0152300
-0.0219480	-0.0088009
-0.0217502	0.0048581
-0.0106911	0.0196544
0.0098291	0.0274011
0.0325953	0.0237177
0.0496612	0.0111190
0.0579202	-0.0030205
0.0609765	-0.0120621
0.0659419	-0.0150175
0.0776221	-0.0170732
0.0945219	-0.0253556
0.1097040	-0.0431724
0.1158490	-0.0671110
0.1106940	-0.0892053
0.0987251	-0.1025410
0.0878625	-0.1060780
0.0836438	-0.1050650
0.0852952	-0.1067690
0.0866368	-0.1147730
0.0810992	-0.1261660
0.0670232	-0.1337460
0.0492126	-0.1315380
0.0355588	-0.1194520
0.0312902	-0.1035270
0.0351903	-0.0915878
0.0406350	-0.0875861
0.0406476	-0.0888896
0.0331450	-0.0885433
0.0224159	-0.0807613
0.0157400	-0.0654743
0.0177349	-0.0484912
0.0267287	-0.0371639
0.0359109	-0.0348494
0.0383899	-0.0383687
0.0323322	-0.0403832
0.0223031	-0.0348920
0.0158112	-0.0216959
0.0176798	-0.0064727
0.0265038	0.0035677
0.0358516	0.0051377
0.0392774	0.0013020
0.0353248	-0.0009481
0.0287243	0.0038750
0.0268767	0.0154424
0.0342824	0.0276798
0.0491269	0.0331703
0.0645922	0.0285603
0.0738861	0.0168971
0.0751810	0.0051548
0.0727357	-0.0011477
0.0733772	-0.0021484
0.0810346	-0.0034790
0.0934804	-0.0118714
0.1037580	-0.0298687
0.1052190	-0.0536493
0.0963645	-0.0756096
0.0818531	-0.0897521
0.0689239	-0.0958157
0.0619685	-0.0990472
0.0593583	-0.1058240
0.0549135	-0.1184710
0.0428814	-0.1332080
0.0226323	-0.1427960
-0.0004924	-0.1418660
-0.0188294	-0.1309130
-0.0277876	-0.1159310
-0.0289233	-0.1039840
-0.0283983	-0.0980683
-0.0320177	-0.0951294
-0.0406233	-0.0887261
-0.0493341	-0.0742803
-0.0512009	-0.0529240
-0.0424978	-0.0310181
-0.0256407	-0.0157016
-0.0075252	-0.0098335
0.0054557	-0.0101393
0.0119516	-0.0099431
0.0163345	-0.0043986
0.0250339	0.0057477
0.0413263	0.0147013
0.0625387	0.0160430
0.0817847	0.0076680
0.0929166	-0.0065040
0.0949469	-0.0193407
0.0926016	-0.0257020
0.0926016	-0.0261044
0.0984967	-0.0260902
0.1079600	-0.0318012
0.1145760	-0.0451217
0.1127540	-0.0620726
0.1020310	-0.0756632
0.0875103	-0.0810342
0.0761124	-0.0789965
0.0714731	-0.0752970
0.0713550	-0.0761764
0.0695123	-0.0835913
0.0605837	-0.0937111
0.0443017	-0.0998143
0.0258357	-0.0973811
0.0120199	-0.0875214
0.0063293	-0.0761529
0.0064048	-0.0695622
0.0059884	-0.0697163
-0.0002107	-0.0728702
-0.0124094	-0.0725112
-0.0255098	-0.0643993
-0.0328963	-0.0498843
-0.0313883	-0.0349932
-0.0236042	-0.0259894
-0.0159565	-0.0247676
-0.0138093	-0.0275634
-0.0174678	-0.0279381
-0.0220277	-0.0217650
-0.0211842	-0.0104358
-0.0121043	0.0001337
0.0023294	0.0039369
0.0155952	-0.0006139
0.0223520	-0.0095103
0.0223527	-0.0161847
0.0205006	-0.0164539
0.0230203	-0.0116282
0.0326549	-0.0074456
0.0465233	-0.0096528
0.0582516	-0.0195912
0.0627507	-0.0331259
0.0600191	-0.0437237
0.0550946	-0.0473391
0.0542019	-0.0454107
0.0600161	-0.0437081
0.0696243	-0.0479122
0.0767163	-0.0592795
0.0763325	-0.0736636
0.0685722	-0.0846216
0.0584627	-0.0882388
0.0521031	-0.0860147
0.0520147	-0.0836336
0.0552201	-0.0865592
0.0555020	-0.0957950
0.0481250	-0.1070190
0.0334491	-0.1137360
0.0167096	-0.1120660
0.0041461	-0.1035360
-0.0015810	-0.0937948
-0.0032183	-0.0882297
-0.0066229	-0.0878297
-0.0160949	-0.0884219
-0.0308853	-0.0838596
-0.0455242	-0.0707438
-0.0537225	-0.0511047
-0.0528963	-0.0310242
-0.0459054	-0.0162493
-0.0387111	-0.0081180
-0.0357488	-0.0028677
-0.0365295	0.0051729
-0.0360428	0.0189463
-0.0286480	0.0361105
-0.0124991	0.0505052
0.0088459	0.0565343
0.0288484	0.0531565
0.0426095	0.0444801
0.0502006	0.0365332
0.0562051	0.0326699
0.0658467	0.0310939
0.0806587	0.0263648
0.0969877	0.0137310
0.1084690	-0.0070030
0.1106050	-0.0310086
0.1039830	-0.0517226
0.0937215	-0.0654089
0.0855682	-0.0735579
0.0816179	-0.0813329
0.0788833	-0.0932667
0.0717836	-0.1094880
0.0566465	-0.1253390
0.0348013	-0.1346800
0.0119149	-0.1343710
-0.0059324	-0.1265460
-0.0164673	-0.1169720
-0.0225653	-0.1107340
-0.0297210	-0.1085220
-0.0415843	-0.1063100
-0.0569537	-0.0986514
-0.0705030	-0.0830785
-0.0766839	-0.0622580
-0.0738462	-0.0422719
-0.0654585	-0.0283210
-0.0575113	-0.0210956
-0.0540730	-0.0165467
-0.0543570	-0.0092106
-0.0535043	0.0034444
-0.0464687	0.0189429
-0.0320479	0.0315630
-0.0140026	0.0365895
0.0015816	0.0338344
0.0106913	0.0277613
0.0142163	0.0241259
0.0170849	0.0256780
0.0243710	0.0301724
0.0373281	0.0321776
0.0523494	0.0272994
0.0636296	0.0156107
0.0675021	0.0016935
0.0651644	-0.0087321
0.0617320	-0.0130341
0.0623440	-0.0135545
0.0682715	-0.0157350
0.0759670	-0.0239116
0.0797624	-0.0379628
0.0761627	-0.0533420
0.0664824	-0.0644545
0.0558374	-0.0688143
0.0492669	-0.0688317
0.0479293	-0.0698855
0.0482504	-0.0761487
0.0446636	-0.0873295
0.0338614	-0.0987904
0.0173448	-0.1049470
0.0003493	-0.1033690
-0.0120226	-0.0964851
-0.0185309	-0.0896188
-0.0225667	-0.0868511
-0.0293904	-0.0878614
-0.0419407	-0.0881319
-0.0583927	-0.0823618
-0.0733116	-0.0685033
-0.0815270	-0.0493728
-0.0817987	-0.0306283
-0.0775141	-0.0166565
-0.0739097	-0.0074835
-0.0739406	0.0009601
-0.0759354	0.0134395
-0.0748140	0.0314677
-0.0659450	0.0518098
-0.0487220	0.0685751
-0.0271603	0.0773182
-0.0070694	0.0780590
0.0080513	0.0749565
0.0192964	0.0729088
0.0311054	0.0736740
0.0474526	0.0744578
0.0683788	0.0700361
0.0895073	0.0568020
0.1049190	0.0356721
0.1112240	0.0116537
0.1097600	-0.0095960
0.1052920	-0.0256209
0.1022080	-0.0385294
0.1011090	-0.0528665
0.0983901	-0.0716356
0.0891009	-0.0935069
0.0709272	-0.1133420
0.0462617	-0.1256480
0.0207959	-0.1283670
-0.0003108	-0.1241400
-0.0157987	-0.1181190
-0.0286921	-0.1140050
-0.0434418	-0.1112990
-0.0620219	-0.1058560
-0.0819582	-0.0933009
-0.0977945	-0.0726918
-0.1048940	-0.0476586
-0.1027110	-0.0241328
-0.0950625	-0.0063775
-0.0872196	0.0056999
-0.0820109	0.0159485
-0.0778935	0.0285742
-0.0704246	0.0445391
-0.0559969	0.0605006
-0.0349877	0.0710960
-0.0119203	0.0728454
0.0074960	0.0667172
0.0202220	0.0574215
0.0277424	0.0499677
0.0345411	0.0460883
0.0443745	0.0432180
0.0571815	0.0367769
0.0689686	0.0240010
0.0747524	0.0064010
0.0723223	-0.0110237
0.0639697	-0.0232291
0.0548749	-0.0286300
0.0493680	-0.0300264
0.0478856	-0.0322676
0.0469064	-0.0384363
0.0418907	-0.0474430
0.0309772	-0.0548424
0.0166278	-0.0562407
0.0039718	-0.0506987
-0.0028952	-0.0415509
-0.0038588	-0.0340165
-0.0027546	-0.0314082
-0.0043918	-0.0328000
-0.0108872	-0.0339009
-0.0200799	-0.0304585
-0.0272110	-0.0216025
-0.0285821	-0.0105973
-0.0244109	-0.0024407
-0.0187216	-0.0001344
-0.0163540	-0.0024524
-0.0193583	-0.0048938
-0.0254975	-0.0030936
-0.0299827	0.0038888
-0.0291178	0.0128849
-0.0230933	0.0190407
-0.0158210	0.0195013
-0.0119495	0.0155643
-0.0133276	0.0116760
-0.0175986	0.0120390
-0.0199835	0.0174049
-0.0169016	0.0244780
-0.0086852	0.0283769
0.0006564	0.0262860
0.0064377	0.0195381
0.0067838	0.0125614
0.0039682	0.0095023
0.0025995	0.0110876
0.0060419	0.0141014
0.0137866	0.0138643
0.0217636	0.0078326
0.0253534	-0.0024093
0.0228189	-0.0122673
0.0165646	-0.0175140
0.0112812	-0.0173686
0.0103906	-0.0149566
0.0134856	-0.0148169
0.0166960	-0.0193546
0.0156940	-0.0269317
0.0090550	-0.0330379
-0.0005722	-0.0336517
-0.0083695	-0.0282459
-0.0108820	-0.0201684
-0.0085108	-0.0141187
-0.0050884	-0.0126374
-0.0048727	-0.0142626
-0.0092461	-0.0147406
-0.0156190	-0.0103602
-0.0193634	-0.0008784
-0.0173071	0.0101778
-0.0101418	0.0180615
-0.0019264	0.0202738
0.0029305	0.0183314
0.0029235	0.0165081
0.0004820	0.0185131
0.0000118	0.0246298
0.0044427	0.0314771
0.0129018	0.0345676
0.0212739	0.0317182
0.0252218	0.0247313
0.0233788	0.0180775
0.0183031	0.0155820
0.0144835	0.0176225
0.0149133	0.0209507
0.0188308	0.0212592
0.0223281	0.0165392
0.0213601	0.0086838
0.0148661	0.0021241
0.0056414	0.0005371
-0.0016969	0.0041164
-0.0041092	0.0094660
-0.0023260	0.0121893
-0.0001855	0.0102067
-0.0016315	0.0052934
-0.0076508	0.0016818
-0.0154717	0.0027982
-0.0206233	0.0086105
-0.0202917	0.0155954
-0.0154318	0.0193449
-0.0100412	0.0178381
-0.0081520	0.0129059
-0.0108202	0.0087903
-0.0153853	0.0088986
-0.0175494	0.0132145
-0.0146905	0.0183216
-0.0078972	0.0200129
-0.0011871	0.0165035
0.0014960	0.0098130
-0.0007714	0.0042751
-0.0052256	0.0033067
-0.0075271	0.0068804
-0.0050446	0.0116069
0.0011736	0.0133513
0.0072252	0.0103962
0.0093403	0.0047543
0.0067608	0.0006441
0.0023320	0.0012886
0.0003634	0.0064642
0.0033816	0.0126523
0.0102307	0.0156733
0.0169520	0.0138069
0.0197666	0.0090415
0.0179016	0.0055172
0.0141227	0.0063530
0.0125815	0.0112645
0.0156158	0.0167738
0.0219298	0.0188466
0.0275294	0.0159552
0.0287009	0.0102497
0.0247790	0.0059570
0.0186136	0.0062227
0.0143941	0.0107875
0.0144847	0.0162462
0.0176671	0.0186832
0.0201150	0.0166786
0.0183522	0.0124077
0.0119484	0.0100048
0.0039123	0.0124351
-0.0015140	0.0192422
-0.0019867	0.0268728
0.0012465	0.0313244
0.0043644	0.0311105
0.0039179	0.0283024
-0.0005311	0.0268707
-0.0060757	0.0295936
-0.0086785	0.0358792
-0.0062537	0.0421499
-0.0002793	0.0444961
0.0052753	0.0415880
0.0068941	0.0356469
0.0041011	0.0307493
-0.0002593	0.0297546
-0.0022485	0.0321830
0.0001289	0.0346436
0.0053797	0.0334764
0.0096355	0.0276012
0.0095763	0.0194123
0.0049485	0.0130451
-0.0012257	0.0113266
-0.0049010	0.0137171
-0.0040155	0.0167904
0.0000204	0.0168797
0.0034698	0.0128788
0.0031698	0.0070805
-0.0010163	0.0034236
-0.0060520	0.0044849
-0.0079930	0.0094964
-0.0049487	0.0148878
0.0015022	0.0169397
0.0075049	0.0145397
0.0098220	0.0099612
0.0082363	0.0070858
0.0056489	0.0084257
0.0058111	0.0132027
0.0104151	0.0179352
0.0177505	0.0190819
0.0239408	0.0157357
0.0258219	0.0103297
0.0232829	0.0068253
0.0193050	0.0077565
0.0176762	0.0123661
0.0201193	0.0172351
0.0250043	0.0189186
0.0286141	0.0165851
0.0279950	0.0126611
0.0232295	0.0109982
0.0174116	0.0139539
0.0143465	0.0205987
0.0157184	0.0274003
0.0198661	0.0308620
0.0230846	0.0301171
0.0224585	0.0275193
0.0180798	0.0267936
0.0129727	0.0301549
0.0107922	0.0365813
0.0130427	0.0425454
0.0179237	0.0446463
0.0216725	0.0421479
0.0213824	0.0375057
0.0171645	0.0344912
0.0120223	0.0353385
0.0095437	0.0390743
0.0111645	0.0422876
0.0150746	0.0417489
0.0175908	0.0368901
0.0159505	0.0302683
0.0104091	0.0256673
0.0040575	0.0252773
0.0005036	0.0280862
0.0011767	0.0306937
0.0042915	0.0299234
0.0062496	0.0252515
0.0044085	0.0192157
-0.0008814	0.0155010
-0.0065111	0.0161577
-0.0089359	0.0200568
-0.0068251	0.0237493
-0.0020355	0.0240711
0.0018218	0.0205197
0.0021294	0.0156085
-0.0007563	0.0129360
-0.0037874	0.0144399
-0.0035489	0.0189146
0.0011391	0.0229108
0.0083102	0.0233301
0.0143151	0.0197485
0.0165480	0.0147141
0.0153695	0.0118004
0.0137777	0.0128956
0.0150832	0.0167797
0.0203540	0.0200623
0.0275658	0.0197643
0.0330938	0.0155858
0.0344155	0.0101472
0.0319762	0.0070255
0.0288120	0.0080768
0.0282231	0.0120712
0.0312643	0.0156651
0.0359497	0.0159686
0.0387700	0.0127576
0.0373648	0.0086598
0.0323275	0.0071773
0.0267771	0.0100460
0.0240284	0.0159311
0.0251242	0.0214383
0.0280949	0.0236707
0.0294980	0.0223915
0.0270629	0.0201622
0.0214380	0.0203567
0.0157184	0.0245637
0.0131192	0.0313443
0.0145578	0.0372825
0.0179735	0.0395296
0.0198955	0.0379159
0.0180662	0.0350364
0.0131355	0.0342533
0.0081493	0.0371336
0.0062285	0.0422598
0.0082000	0.0463106
0.0119740	0.0465843
0.0141332	0.0430518
0.0125267	0.0383867
0.0079051	0.0359534
0.0033614	0.0372791
0.0020082	0.0409200
0.0046500	0.0435736
0.0092092	0.0425867
0.0123318	0.0379588
0.0119486	0.0323261
0.0088507	0.0289471
0.0060885	0.0292185
0.0066529	0.0316051
0.0111975	0.0327889
0.0175222	0.0301668
0.0222043	0.0238047
0.0231383	0.0163769
0.0210636	0.0111445
0.0189301	0.0095099
0.0195934	0.0099988
0.0235900	0.0094348
0.0286792	0.0054123
0.0314968	-0.0018101
0.0300657	-0.0094260
0.0252677	-0.0141178
0.0201667	-0.0144724
0.0177042	-0.0119508
0.0185140	-0.0096901
0.0205070	-0.0100543
0.0205320	-0.0127932
0.0168473	-0.0152047
0.0105269	-0.0141731
0.0047372	-0.0085379
0.0024329	-0.0000027
0.0042136	0.0081012
0.0079568	0.0132551
0.0104952	0.0155528
0.0100596	0.0175037
0.0076363	0.0220006
0.0062139	0.0299984
0.0084960	0.0396658
0.0148143	0.0476515
0.0228223	0.0515066
0.0291976	0.0514310
0.0320636	0.0500298
0.0323006	0.0502726
0.0327643	0.0532055
0.0360118	0.0571467
0.0422648	0.0589707
0.0491522	0.0564997
0.0534257	0.0501905
0.0533460	0.0428409
0.0499367	0.0375396
0.0461624	0.0354141
0.0446587	0.0348752
0.0457361	0.0329226
0.0471650	0.0275148
0.0458981	0.0192054
0.0404201	0.0108088
0.0319454	0.0053520
0.0235593	0.0038649
0.0179575	0.0046792
0.0154947	0.0047596
0.0140166	0.0020533
0.0105931	-0.0029223
0.0038355	-0.0074532
-0.0049588	-0.0086758
-0.0126979	-0.0057441
-0.0167452	-0.0004791
-0.0168242	0.0039857
-0.0151426	0.0055341
-0.0146486	0.0046063
-0.0167474	0.0037893
-0.0202081	0.0057758
-0.0220856	0.0112418
-0.0199553	0.0182518
-0.0137688	0.0236399
-0.0059271	0.0253196
0.0004778	0.0237768
0.0039205	0.0216247
0.0054920	0.0215646
0.0079565	0.0243046
0.0135379	0.0280105
0.0221184	0.0297020
0.0312163	0.0275310
0.0377575	0.0222177
0.0403022	0.0165567
0.0400450	0.0133719
0.0398398	0.0134653
0.0419957	0.0151068
0.0465147	0.0154401
0.0511031	0.0127311
0.0529391	0.0077498
0.0508538	0.0032396
0.0462694	0.0018785
0.0421847	0.0042740
0.0409762	0.0085084
0.0426747	0.0115738
0.0450136	0.0116061
0.0452028	0.0092325
0.0420767	0.0070183
0.0369893	0.0074447
0.0327815	0.0109564
0.0316100	0.0155611
0.0332826	0.0182854
0.0353628	0.0173844
0.0349633	0.0136371
0.0308731	0.0097523
0.0244145	0.0083412
0.0183940	0.0099933
0.0149510	0.0129065
0.0139399	0.0143415
0.0130711	0.0127895
0.0097007	0.0092044
0.0029102	0.0063630
-0.0056990	0.0068355
-0.0130965	0.0110973
-0.0169761	0.0172042
-0.0173452	0.0222662
-0.0163614	0.0245979
-0.0165525	0.0249166
-0.0187822	0.0256876
-0.0215069	0.0291212
-0.0218912	0.0353475
-0.0179371	0.0421553
-0.0100178	0.0464988
-0.0006594	0.0466365
0.0072602	0.0432938
0.0125333	0.0389842
0.0163421	0.0360157
0.0211444	0.0347017
0.0285851	0.0331335
0.0380262	0.0286831
0.0468176	0.0200949
0.0521097	0.0085783
0.0528435	-0.0029266
0.0504215	-0.0117588
0.0475638	-0.0173084
0.0462235	-0.0212228
0.0461426	-0.0259097
0.0451364	-0.0324858
0.0408811	-0.0397363
0.0328426	-0.0448779
0.0228760	-0.0455528
0.0140385	-0.0415465
0.0085049	-0.0349345
0.0061527	-0.0285534
0.0048741	-0.0239527
0.0023603	-0.0203738
-0.0020029	-0.0155163
-0.0065694	-0.0074965
-0.0086255	0.0034969
-0.0064354	0.0151128
-0.0005888	0.0243889
0.0063694	0.0297757
0.0117467	0.0321127
0.0145865	0.0338291
0.0162098	0.0369846
0.0190222	0.0416400
0.0245013	0.0457880
0.0319009	0.0468912
0.0386575	0.0438564
0.0421936	0.0379438
0.0417569	0.0319220
0.0389078	0.0281043
