jMRUI Data Textfile

Filename: Ins.txt

PointsInDataset: 2048      
DatasetsInFile: 1         
SamplingInterval: 2.5E-1    
ZeroOrderPhase: 0E0       
BeginTime: 0E0       
TransmitterFrequency: 1.2322E8  
MagneticField: 2.9E0     
TypeOfNucleus: 0E0       
NameOfPatient: Ins
DateOfExperiment: 
Spectrometer: 
AdditionalInfo: Ins
SignalNames: Ins.txt;


Signal and FFT
sig(real)	sig(imag)	fft(real)	fft(imag)
Signal 1 out of 1 in file
5.1464200	-0.0390023
4.9709200	-1.1089100
4.5474500	-2.0620600
3.9589400	-2.8430500
3.2834500	-3.4575800
2.5541400	-3.9426100
1.7583600	-4.3180400
0.8748010	-4.5574000
-0.0806939	-4.6002700
-1.0370600	-4.3970800
-1.8927100	-3.9522400
-2.5656700	-3.3323600
-3.0323900	-2.6328700
-3.3269800	-1.9271300
-3.5023000	-1.2355000
-3.5828800	-0.5362550
-3.5453700	0.1913450
-3.3410700	0.9259400
-2.9427900	1.5971000
-2.3798400	2.1187600
-1.7337500	2.4385300
-1.0970600	2.5660100
-0.5251970	2.5591400
-0.0167865	2.4791200
0.4639190	2.3476800
0.9406140	2.1387500
1.3904700	1.8099200
1.7483200	1.3491000
1.9466200	0.8000760
1.9610700	0.2468430
1.8274100	-0.2321990
1.6165400	-0.6063790
1.3866100	-0.9000600
1.1477900	-1.1603700
0.8658310	-1.4103300
0.5008590	-1.6232500
0.0513135	-1.7377700
-0.4308550	-1.7021600
-0.8657780	-1.5141100
-1.1931200	-1.2257500
-1.4059200	-0.9098650
-1.5456400	-0.6126500
-1.6625700	-0.3282400
-1.7718800	-0.0138587
-1.8385100	0.3664990
-1.8024300	0.8033880
-1.6248200	1.2378800
-1.3201400	1.5954500
-0.9497390	1.8324700
-0.5816550	1.9602500
-0.2469450	2.0288800
0.0747286	2.0834400
0.4297380	2.1257600
0.8449550	2.1109400
1.2968600	1.9811000
1.7189000	1.7108000
2.0418400	1.3296500
2.2366700	0.9051530
2.3281200	0.4985750
2.3688100	0.1272160
2.3941400	-0.2387030
2.3921300	-0.6426000
2.3113900	-1.0972900
2.1010100	-1.5638400
1.7522000	-1.9698500
1.3102400	-2.2537100
0.8475090	-2.4016900
0.4179710	-2.4502600
0.0272523	-2.4524300
-0.3595560	-2.4339300
-0.7788450	-2.3726400
-1.2283400	-2.2168200
-1.6567600	-1.9283400
-1.9916300	-1.5179200
-2.1844700	-1.0455300
-2.2398200	-0.5854910
-2.2063500	-0.1821600
-2.1373700	0.1706590
-2.0507200	0.5117910
-1.9183900	0.8704820
-1.6935600	1.2325500
-1.3541400	1.5410200
-0.9294760	1.7311500
-0.4896230	1.7736800
-0.1047110	1.6938100
0.1952870	1.5518200
0.4307040	1.4000700
0.6452620	1.2487300
0.8631420	1.0659800
1.0630400	0.8117950
1.1891500	0.4792820
1.1908800	0.1116000
1.0613300	-0.2188660
0.8452460	-0.4538600
0.6105340	-0.5829030
0.4044300	-0.6423540
0.2272030	-0.6811580
0.0426099	-0.7195980
-0.1835010	-0.7324430
-0.4463410	-0.6692020
-0.6955470	-0.4959410
-0.8642470	-0.2267270
-0.9122170	0.0794076
-0.8508330	0.3540340
-0.7312640	0.5609840
-0.6050690	0.7131420
-0.4870640	0.8523280
-0.3483810	1.0081600
-0.1445960	1.1675600
0.1428170	1.2783300
0.4835460	1.2842800
0.8118050	1.1655300
1.0663100	0.9534140
1.2270900	0.7088910
1.3217300	0.4806460
1.3969600	0.2743870
1.4774200	0.0561515
1.5431000	-0.2133870
1.5426000	-0.5401130
1.4321800	-0.8829640
1.2107400	-1.1763200
0.9243390	-1.3716600
0.6365870	-1.4672300
0.3870560	-1.5037400
0.1689380	-1.5294400
-0.0576725	-1.5614400
-0.3273840	-1.5723400
-0.6354790	-1.5123000
-0.9343060	-1.3494900
-1.1630200	-1.0982100
-1.2883100	-0.8130960
-1.3254500	-0.5537090
-1.3238900	-0.3459910
-1.3285500	-0.1695260
-1.3459100	0.0202059
-1.3406800	0.2517440
-1.2651400	0.5103540
-1.0988200	0.7443050
-0.8682120	0.9000250
-0.6314960	0.9595590
-0.4396710	0.9520610
-0.3033880	0.9307140
-0.1902830	0.9326220
-0.0545678	0.9519600
0.1237860	0.9465650
0.3200550	0.8727410
0.4803900	0.7217260
0.5602100	0.5300930
0.5563160	0.3561260
0.5084900	0.2399770
0.4694490	0.1776110
0.4659300	0.1280340
0.4803050	0.0480966
0.4664580	-0.0716759
0.3877060	-0.1974220
0.2478960	-0.2757720
0.0920312	-0.2731060
-0.0240925	-0.2005510
-0.0723591	-0.1058650
-0.0699473	-0.0384268
-0.0629958	-0.0138371
-0.0889149	-0.0048055
-0.1460330	0.0349727
-0.1936090	0.1322480
-0.1821690	0.2703210
-0.0911875	0.3980030
0.0544102	0.4647510
0.2013650	0.4554770
0.3058440	0.3989120
0.3633310	0.3434110
0.4082230	0.3187340
0.4836810	0.3128370
0.6048220	0.2812370
0.7432890	0.1817810
0.8450050	0.0084304
0.8677620	-0.2015500
0.8103410	-0.3924530
0.7113150	-0.5282960
0.6186490	-0.6155540
0.5532420	-0.6935200
0.4940420	-0.7998960
0.3958770	-0.9379110
0.2263880	-1.0700300
-0.0060543	-1.1431100
-0.2546540	-1.1260700
-0.4650620	-1.0316300
-0.6115750	-0.9058460
-0.7114960	-0.7935320
-0.8070700	-0.7056980
-0.9289760	-0.6136450
-1.0692300	-0.4739740
-1.1841100	-0.2653620
-1.2249600	-0.0091153
-1.1736100	0.2421960
-1.0555700	0.4395190
-0.9212550	0.5693690
-0.8094060	0.6591210
-0.7203540	0.7518270
-0.6192370	0.8698780
-0.4664750	0.9951510
-0.2522020	1.0807400
-0.0084335	1.0853500
0.2103800	1.0043500
0.3637980	0.8739680
0.4514260	0.7455340
0.5090730	0.6492280
0.5781880	0.5746730
0.6718990	0.4828370
0.7634520	0.3399800
0.8057690	0.1477170
0.7672820	-0.0537169
0.6568680	-0.2115800
0.5190070	-0.2964770
0.4028370	-0.3209770
0.3284450	-0.3271390
0.2757320	-0.3525940
0.2040270	-0.4009780
0.0873137	-0.4391290
-0.0618062	-0.4230740
-0.1977200	-0.3330360
-0.2728290	-0.1908970
-0.2706400	-0.0468297
-0.2160410	0.0548353
-0.1551840	0.1048330
-0.1203420	0.1314020
-0.1064000	0.1744030
-0.0766816	0.2510030
0.0064508	0.3391220
0.1495680	0.3913060
0.3190990	0.3686020
0.4622120	0.2689160
0.5419970	0.1284940
0.5605570	-0.0044640
0.5528440	-0.1040500
0.5562440	-0.1829150
0.5791990	-0.2784630
0.5928080	-0.4196800
0.5518110	-0.5999990
0.4291020	-0.7769360
0.2376570	-0.8990000
0.0232970	-0.9397060
-0.1662520	-0.9132490
-0.3127030	-0.8602770
-0.4354770	-0.8148250
-0.5709840	-0.7776200
-0.7389710	-0.7160060
-0.9217390	-0.5904770
-1.0722100	-0.3876160
-1.1449300	-0.1343750
-1.1268300	0.1172240
-1.0445100	0.3235770
-0.9430480	0.4760790
-0.8521560	0.6010510
-0.7656430	0.7334820
-0.6493540	0.8848430
-0.4714470	1.0296200
-0.2317890	1.1209600
0.0320157	1.1236400
0.2667720	1.0396000
0.4375020	0.9067010
0.5476490	0.7717540
0.6307660	0.6581850
0.7203180	0.5526030
0.8207540	0.4201440
0.9018550	0.2366180
0.9206680	0.0127923
0.8543630	-0.2078450
0.7190840	-0.3763720
0.5604520	-0.4703470
0.4228110	-0.5064360
0.3202990	-0.5244670
0.2313460	-0.5551690
0.1204070	-0.5961080
-0.0298732	-0.6139720
-0.2006760	-0.5713200
-0.3469970	-0.4573730
-0.4281520	-0.2993600
-0.4358170	-0.1457040
-0.3984810	-0.0336161
-0.3590630	0.0345856
-0.3426490	0.0887795
-0.3387290	0.1642880
-0.3111730	0.2715480
-0.2281960	0.3852830
-0.0894113	0.4613890
0.0706304	0.4687420
0.2051950	0.4118260
0.2872710	0.3270850
0.3266100	0.2557830
0.3591750	0.2138890
0.4171400	0.1816840
0.5022460	0.1207850
0.5826770	0.0055508
0.6157740	-0.1550170
0.5793130	-0.3214740
0.4876890	-0.4510380
0.3807930	-0.5270880
0.2940800	-0.5687810
0.2325260	-0.6136380
0.1681420	-0.6863670
0.0628723	-0.7776160
-0.1005040	-0.8487370
-0.3028730	-0.8589540
-0.5003460	-0.7944180
-0.6540970	-0.6772660
-0.7558980	-0.5480130
-0.8301570	-0.4347790
-0.9110840	-0.3327700
-1.0125000	-0.2095590
-1.1132900	-0.0321741
-1.1697000	0.2045620
-1.1452500	0.4699000
-1.0358800	0.7154070
-0.8715100	0.9058600
-0.6930670	1.0396000
-0.5226430	1.1432300
-0.3493800	1.2450600
-0.1417580	1.3477600
0.1231580	1.4212700
0.4358270	1.4215500
0.7539840	1.3212100
1.0264400	1.1292100
1.2232500	0.8847020
1.3498400	0.6300740
1.4348600	0.3835210
1.5015800	0.1317780
1.5448300	-0.1517630
1.5313000	-0.4776590
1.4232500	-0.8224320
1.2077100	-1.1360400
0.9092660	-1.3695800
0.5766750	-1.5028600
0.2533480	-1.5513200
-0.0462104	-1.5478800
-0.3366720	-1.5137300
-0.6392390	-1.4405200
-0.9538590	-1.2976100
-1.2479400	-1.0588500
-1.4706900	-0.7283320
-1.5826700	-0.3455910
-1.5788100	0.0341914
-1.4877300	0.3703400
-1.3484100	0.6550070
-1.1819300	0.9064840
-0.9796820	1.1433200
-0.7167290	1.3595300
-0.3797800	1.5201900
0.0118782	1.5812700
0.4088760	1.5189000
0.7563740	1.3462200
1.0228000	1.1051700
1.2116800	0.8393530
1.3482500	0.5683990
1.4517000	0.2826940
1.5145100	-0.0380281
1.5047100	-0.3970410
1.3896300	-0.7654870
1.1629400	-1.0918600
0.8544330	-1.3295000
0.5149820	-1.4618800
0.1875180	-1.5070800
-0.1143680	-1.4984700
-0.4047450	-1.4565900
-0.7025250	-1.3736000
-1.0055000	-1.2219200
-1.2814200	-0.9802490
-1.4834200	-0.6570000
-1.5783700	-0.2928320
-1.5670600	0.0599505
-1.4811200	0.3661180
-1.3591100	0.6231740
-1.2198300	0.8527190
-1.0527900	1.0746200
-0.8326700	1.2840000
-0.5464120	1.4488000
-0.2118260	1.5298300
0.1266820	1.5082700
0.4225220	1.3997400
0.6533570	1.2442100
0.8299860	1.0792500
0.9813030	0.9166520
1.1270300	0.7396760
1.2590200	0.5226010
1.3452400	0.2573900
1.3534100	-0.0331232
1.2761100	-0.3057310
1.1383600	-0.5233090
0.9816170	-0.6773690
0.8362430	-0.7898150
0.7030050	-0.8927080
0.5573270	-1.0014300
0.3728140	-1.1015300
0.1460080	-1.1590500
-0.0964800	-1.1463800
-0.3139050	-1.0639500
-0.4783320	-0.9411780
-0.5922140	-0.8159950
-0.6833580	-0.7083800
-0.7811390	-0.6078450
-0.8920110	-0.4842670
-0.9928150	-0.3137530
-1.0469000	-0.0999319
-1.0308100	0.1254430
-0.9513740	0.3229720
-0.8403360	0.4716590
-0.7307390	0.5808620
-0.6330270	0.6792230
-0.5289880	0.7891330
-0.3881090	0.9061930
-0.1939080	0.9993560
0.0397235	1.0317300
0.2745570	0.9864450
0.4719380	0.8781210
0.6165930	0.7415470
0.7225470	0.6062200
0.8169690	0.4761670
0.9145190	0.3302700
1.0018700	0.1427280
1.0443600	-0.0920016
1.0099600	-0.3488660
0.8924350	-0.5844950
0.7165540	-0.7630630
0.5212880	-0.8764790
0.3339140	-0.9440110
0.1544510	-0.9920650
-0.0380156	-1.0297800
-0.2622490	-1.0392100
-0.5128630	-0.9876490
-0.7564290	-0.8529070
-0.9490010	-0.6423210
-1.0621600	-0.3911790
-1.0982500	-0.1415810
-1.0837000	0.0824535
-1.0458200	0.2851480
-0.9908550	0.4871680
-0.9000300	0.7012960
-0.7464650	0.9144760
-0.5200170	1.0902300
-0.2409960	1.1899900
0.0478777	1.1974400
0.3055360	1.1278300
0.5148300	1.0153100
0.6866560	0.8880630
0.8433380	0.7499960
0.9943450	0.5826310
1.1231200	0.3654470
1.1952300	0.0988784
1.1818900	-0.1878490
1.0810500	-0.4503680
0.9201940	-0.6543870
0.7386050	-0.7938110
0.5624490	-0.8884970
0.3911530	-0.9637420
0.2050310	-1.0273200
-0.0121002	-1.0616200
-0.2528960	-1.0367600
-0.4846000	-0.9347860
-0.6670740	-0.7663170
-0.7773670	-0.5669460
-0.8225170	-0.3758480
-0.8311060	-0.2124640
-0.8301270	-0.0685316
-0.8246850	0.0789451
-0.7957910	0.2440160
-0.7176730	0.4156510
-0.5812330	0.5615830
-0.4055950	0.6493510
-0.2287460	0.6686860
-0.0840877	0.6383320
0.0196327	0.5921500
0.1001210	0.5549520
0.1839900	0.5261950
0.2833740	0.4836140
0.3844890	0.4037480
0.4568140	0.2835190
0.4758440	0.1463200
0.4420880	0.0278135
0.3818360	-0.0479101
0.3289990	-0.0839200
0.3016380	-0.1060820
0.2907490	-0.1421470
0.2695710	-0.2001290
0.2161520	-0.2622640
0.1319520	-0.2989720
0.0423258	-0.2920730
-0.0214569	-0.2495530
-0.0450166	-0.2006020
-0.0412048	-0.1746220
-0.0401408	-0.1800260
-0.0664600	-0.1987910
-0.1209230	-0.2007920
-0.1801810	-0.1670180
-0.2147350	-0.1041020
-0.2113730	-0.0392681
-0.1830760	0.0003586
-0.1589030	0.0083085
-0.1615920	0.0035612
-0.1898840	0.0159343
-0.2189780	0.0631171
-0.2188000	0.1367090
-0.1763040	0.2077860
-0.1050150	0.2477470
-0.0347205	0.2486830
0.0107654	0.2279550
0.0308892	0.2136520
0.0476204	0.2221030
0.0873352	0.2445820
0.1591260	0.2533250
0.2460380	0.2223510
0.3159260	0.1473410
0.3437900	0.0495971
0.3288040	-0.0388769
0.2933070	-0.0978706
0.2647030	-0.1320830
0.2541090	-0.1650810
0.2479690	-0.2188580
0.2189810	-0.2946560
0.1479910	-0.3696890
0.0402376	-0.4123640
-0.0764213	-0.4045640
-0.1700080	-0.3542360
-0.2257690	-0.2888850
-0.2543700	-0.2349840
-0.2809690	-0.1989230
-0.3236480	-0.1638470
-0.3776970	-0.1046390
-0.4177520	-0.0095406
-0.4161890	0.1080980
-0.3638850	0.2169780
-0.2776400	0.2886020
-0.1886580	0.3160780
-0.1207800	0.3169050
-0.0748462	0.3178270
-0.0308479	0.3333680
0.0339723	0.3543480
0.1249820	0.3550680
0.2233850	0.3136350
0.2980460	0.2299640
0.3270500	0.1277490
0.3127800	0.0388383
0.2791770	-0.0182730
0.2533740	-0.0496998
0.2455930	-0.0788635
0.2424920	-0.1263500
0.2188420	-0.1923320
0.1585620	-0.2549360
0.0690205	-0.2858170
-0.0223021	-0.2711370
-0.0863719	-0.2220700
-0.1124250	-0.1668970
-0.1141810	-0.1306400
-0.1178890	-0.1176040
-0.1413660	-0.1098930
-0.1799350	-0.0828641
-0.2098950	-0.0256568
-0.2067970	0.0488553
-0.1646310	0.1122760
-0.1013290	0.1408820
-0.0463781	0.1325490
-0.0198845	0.1076580
-0.0188300	0.0933447
-0.0208131	0.1030470
-0.0023044	0.1267790
0.0424937	0.1394120
0.0964917	0.1205530
0.1321410	0.0709155
0.1319990	0.0127041
0.1018390	-0.0262624
0.0663912	-0.0327140
0.0509434	-0.0171547
0.0627071	-0.0052430
0.0859905	-0.0179142
0.0947300	-0.0553096
0.0728065	-0.0966374
0.0267225	-0.1159960
-0.0189458	-0.1021150
-0.0398442	-0.0670319
-0.0300096	-0.0371593
-0.0061661	-0.0334995
0.0050728	-0.0559919
-0.0126110	-0.0837891
-0.0529280	-0.0911983
-0.0918008	-0.0671868
-0.1055960	-0.0237025
-0.0889258	0.0134289
-0.0585489	0.0240714
-0.0404713	0.0089584
-0.0500554	-0.0110000
-0.0802198	-0.0107290
-0.1066490	0.0198244
-0.1060460	0.0678424
-0.0736174	0.1070290
-0.0265946	0.1171050
0.0088010	0.0986507
0.0170291	0.0721259
0.0046363	0.0618847
-0.0051962	0.0773584
0.0092250	0.1056780
0.0510822	0.1213070
0.1020210	0.1053750
0.1354100	0.0600749
0.1358410	0.0072537
0.1101680	-0.0276858
0.0817864	-0.0343865
0.0725756	-0.0245921
0.0862243	-0.0223981
0.1055530	-0.0451693
0.1058180	-0.0896294
0.0738868	-0.1336720
0.0187311	-0.1525220
-0.0346849	-0.1370170
-0.0635012	-0.1002120
-0.0633640	-0.0673673
-0.0507900	-0.0569465
-0.0497989	-0.0670131
-0.0730174	-0.0772758
-0.1116000	-0.0651547
-0.1415920	-0.0236379
-0.1418880	0.0326250
-0.1101870	0.0776123
-0.0648723	0.0928191
-0.0314311	0.0804840
-0.0236971	0.0612091
-0.0340846	0.0578538
-0.0401261	0.0779441
-0.0222741	0.1079140
0.0205709	0.1234910
0.0695841	0.1083180
0.0996989	0.0666731
0.0980864	0.0206701
0.0734638	-0.0059392
0.0492340	-0.0051018
0.0456950	0.0101283
0.0647978	0.0161311
0.0889518	-0.0028450
0.0947157	-0.0423407
0.0709463	-0.0807700
0.0276399	-0.0955589
-0.0112208	-0.0800980
-0.0253835	-0.0486843
-0.0132040	-0.0257397
0.0075363	-0.0274927
0.0134310	-0.0499752
-0.0066199	-0.0723690
-0.0429223	-0.0731002
-0.0723276	-0.0464527
-0.0757916	-0.0071172
-0.0528327	0.0207386
-0.0219516	0.0215765
-0.0067231	0.0000634
-0.0181059	-0.0226153
-0.0463432	-0.0248740
-0.0685359	-0.0010557
-0.0661047	0.0343640
-0.0389012	0.0578285
-0.0053069	0.0545916
0.0117086	0.0298882
0.0019805	0.0049497
-0.0241758	0.0009174
-0.0437886	0.0228496
-0.0385982	0.0559128
-0.0088155	0.0765997
0.0271104	0.0704475
0.0464902	0.0428456
0.0395251	0.0147892
0.0166042	0.0068458
0.0002812	0.0235038
0.0080466	0.0497451
0.0389537	0.0624035
0.0742050	0.0476818
0.0912182	0.0115704
0.0805041	-0.0246848
0.0525950	-0.0405879
0.0298272	-0.0317343
0.0292484	-0.0128916
0.0496122	-0.0065334
0.0722904	-0.0255473
0.0753776	-0.0632182
0.0502895	-0.0980482
0.0083028	-0.1097330
-0.0278754	-0.0941975
-0.0410842	-0.0663293
-0.0323740	-0.0484115
-0.0198011	-0.0530467
-0.0243170	-0.0735234
-0.0534739	-0.0888957
-0.0952900	-0.0798996
-0.1269000	-0.0436462
-0.1314220	0.0040119
-0.1102910	0.0401907
-0.0817588	0.0518704
-0.0667765	0.0451959
-0.0729761	0.0401908
-0.0889002	0.0549486
-0.0928156	0.0913141
-0.0694090	0.1329060
-0.0217174	0.1569690
0.0307214	0.1510830
0.0660704	0.1221090
0.0759947	0.0906648
0.0711382	0.0753705
0.0722024	0.0788258
0.0934581	0.0859262
0.1312210	0.0757478
0.1660290	0.0379635
0.1768760	-0.0186588
0.1567270	-0.0721062
0.1176130	-0.1028880
0.0815014	-0.1078150
0.0638897	-0.1014180
0.0625569	-0.1040350
0.0599332	-0.1256470
0.0372324	-0.1577530
-0.0104156	-0.1794330
-0.0693228	-0.1729960
-0.1166190	-0.1373690
-0.1365680	-0.0891029
-0.1315160	-0.0502817
-0.1192630	-0.0324711
-0.1189270	-0.0288393
-0.1360620	-0.0203280
-0.1583010	0.0088838
-0.1647970	0.0583999
-0.1422780	0.1109730
-0.0955306	0.1447050
-0.0443803	0.1488730
-0.0094497	0.1314210
0.0025468	0.1125270
0.0029035	0.1091470
0.0114051	0.1222640
0.0404773	0.1364490
0.0850556	0.1320150
0.1258490	0.1004940
0.1435170	0.0516784
0.1330120	0.0068974
0.1072570	-0.0164072
0.0873870	-0.0171457
0.0869583	-0.0107165
0.1020620	-0.0167759
0.1147520	-0.0439490
0.1071220	-0.0830596
0.0753178	-0.1139710
0.0328513	-0.1208090
0.0007226	-0.1040110
-0.0081658	-0.0800759
0.0014946	-0.0692048
0.0111698	-0.0801943
0.0026160	-0.1039770
-0.0283079	-0.1206450
-0.0685649	-0.1145920
-0.0978654	-0.0862831
-0.1040180	-0.0517816
-0.0920575	-0.0304277
-0.0802387	-0.0300571
-0.0859649	-0.0409655
-0.1123070	-0.0431940
-0.1453180	-0.0216163
-0.1641620	0.0225675
-0.1563770	0.0725860
-0.1267720	0.1084700
-0.0932779	0.1216460
-0.0729898	0.1207190
-0.0690305	0.1241090
-0.0682024	0.1452020
-0.0512067	0.1812940
-0.0076827	0.2147460
0.0553143	0.2254960
0.1177980	0.2054940
0.1608940	0.1642090
0.1798430	0.1211230
0.1861950	0.0909689
0.1976340	0.0729328
0.2232630	0.0519759
0.2555550	0.0112281
0.2751210	-0.0539823
0.2647270	-0.1311300
0.2219830	-0.1983470
0.1611520	-0.2392300
0.1027780	-0.2534880
0.0589935	-0.2554770
0.0256087	-0.2618720
-0.0131103	-0.2779200
-0.0707005	-0.2927380
-0.1463060	-0.2872510
-0.2233460	-0.2487470
-0.2801260	-0.1810400
-0.3044400	-0.1025480
-0.3012160	-0.0337292
-0.2875240	0.0166518
-0.2788380	0.0561375
-0.2770150	0.1007030
-0.2690860	0.1605070
-0.2377480	0.2301680
-0.1755370	0.2910160
-0.0919144	0.3236790
-0.0078409	0.3215290
0.0581141	0.2948850
0.1017000	0.2628560
0.1340500	0.2390350
0.1712210	0.2218760
0.2202560	0.1969510
0.2723920	0.1493040
0.3086140	0.0764325
0.3133450	-0.0080151
0.2859210	-0.0826777
0.2411880	-0.1327520
0.1987650	-0.1593740
0.1690890	-0.1771120
0.1467450	-0.2015830
0.1160130	-0.2366250
0.0643358	-0.2707620
-0.0065970	-0.2856110
-0.0805908	-0.2698290
-0.1377540	-0.2280090
-0.1682190	-0.1777710
-0.1784420	-0.1372330
-0.1853700	-0.1123120
-0.2029350	-0.0933941
-0.2311200	-0.0638015
-0.2558280	-0.0135782
-0.2596170	0.0519011
-0.2350990	0.1150160
-0.1908500	0.1583350
-0.1453390	0.1769800
-0.1134850	0.1815730
-0.0960016	0.1895630
-0.0795551	0.2115220
-0.0475794	0.2427700
0.0064717	0.2666440
0.0734616	0.2668960
0.1347500	0.2398100
0.1755040	0.1968980
0.1950440	0.1561600
0.2064270	0.1285890
0.2256150	0.1101450
0.2584690	0.0852827
0.2954530	0.0393404
0.3180400	-0.0295853
0.3120120	-0.1082530
0.2776020	-0.1771620
0.2288860	-0.2239670
0.1829680	-0.2513190
0.1472010	-0.2732450
0.1141560	-0.3029300
0.0681326	-0.3412250
-0.0017488	-0.3746540
-0.0918124	-0.3844840
-0.1848420	-0.3600480
-0.2611080	-0.3063030
-0.3111240	-0.2399900
-0.3405750	-0.1773750
-0.3638330	-0.1228780
-0.3911080	-0.0671810
-0.4190860	0.0038285
-0.4322330	0.0961378
-0.4138180	0.2005890
-0.3583820	0.2971610
-0.2762360	0.3674100
-0.1866390	0.4057780
-0.1048140	0.4213650
-0.0325883	0.4289820
0.0403790	0.4364150
0.1258450	0.4376270
0.2250190	0.4170950
0.3245890	0.3620000
0.4038690	0.2730250
0.4478030	0.1655560
0.4560980	0.0603414
0.4417450	-0.0294187
0.4201430	-0.1049100
0.3971750	-0.1774770
0.3652480	-0.2567330
0.3102740	-0.3401960
0.2242030	-0.4124330
0.1135340	-0.4544940
-0.0027497	-0.4565800
-0.1043790	-0.4244380
-0.1817990	-0.3747400
-0.2400700	-0.3229590
-0.2919180	-0.2729210
-0.3453800	-0.2158440
-0.3955460	-0.1394710
-0.4267270	-0.0402057
-0.4234670	0.0710636
-0.3820660	0.1740260
-0.3139070	0.2511850
-0.2380470	0.2981680
-0.1686400	0.3244610
-0.1065930	0.3441660
-0.0416349	0.3638940
0.0369600	0.3770120
0.1292780	0.3686050
0.2218470	0.3273370
0.2952220	0.2551890
0.3364220	0.1676240
0.3469180	0.0839864
0.3402030	0.0153005
0.3308690	-0.0414326
0.3234780	-0.0982860
0.3096250	-0.1647110
0.2753380	-0.2380790
0.2131050	-0.3037140
0.1293420	-0.3444300
0.0415455	-0.3524000
-0.0327833	-0.3343950
-0.0871602	-0.3064540
-0.1288550	-0.2820320
-0.1713930	-0.2625580
-0.2226050	-0.2374700
-0.2773240	-0.1936090
-0.3202850	-0.1267420
-0.3370190	-0.0464224
-0.3244720	0.0295509
-0.2933120	0.0869317
-0.2601710	0.1242030
-0.2356710	0.1522570
-0.2172630	0.1848890
-0.1922130	0.2273500
-0.1484050	0.2716310
-0.0847057	0.3020320
-0.0130205	0.3067510
0.0495323	0.2867230
0.0924125	0.2549850
0.1185110	0.2270860
0.1409190	0.2097690
0.1721010	0.1964980
0.2136960	0.1731420
0.2546620	0.1294870
0.2791430	0.0678277
0.2781050	0.0021415
0.2559110	-0.0515251
0.2269140	-0.0861712
0.2046640	-0.1080730
0.1919300	-0.1309780
0.1790750	-0.1647010
0.1519940	-0.2068100
0.1035730	-0.2436890
0.0399734	-0.2601980
-0.0229925	-0.2506190
-0.0706798	-0.2226520
-0.0994380	-0.1914730
-0.1180740	-0.1684120
-0.1399220	-0.1528310
-0.1715970	-0.1333280
-0.2070100	-0.0973216
-0.2312010	-0.0417101
-0.2311090	0.0235006
-0.2051680	0.0813713
-0.1644820	0.1193710
-0.1247500	0.1373670
-0.0950650	0.1463020
-0.0720433	0.1586670
-0.0436687	0.1780600
0.0001352	0.1958020
0.0582941	0.1971710
0.1177690	0.1725610
0.1618160	0.1251180
0.1811310	0.0690683
0.1795300	0.0200229
0.1699630	-0.0154516
0.1639700	-0.0431689
0.1626110	-0.0751474
0.1557660	-0.1187140
0.1302930	-0.1692380
0.0808399	-0.2120670
0.0150912	-0.2322730
-0.0505771	-0.2248760
-0.1017810	-0.1978930
-0.1351530	-0.1659530
-0.1589830	-0.1393700
-0.1851240	-0.1169390
-0.2183970	-0.0878532
-0.2516150	-0.0412360
-0.2700340	0.0240380
-0.2618940	0.0967280
-0.2271000	0.1598750
-0.1774860	0.2017570
-0.1284800	0.2229560
-0.0884671	0.2342930
-0.0538281	0.2473160
-0.0133315	0.2646060
0.0415749	0.2772900
0.1084590	0.2716400
0.1739610	0.2397340
0.2222340	0.1860970
0.2454490	0.1252540
0.2484820	0.0720311
0.2443210	0.0318668
0.2437210	-0.0016086
0.2469650	-0.0400202
0.2439540	-0.0897874
0.2224900	-0.1457620
0.1784340	-0.1938360
0.1199780	-0.2205800
0.0627647	-0.2226410
0.0194764	-0.2088270
-0.0082755	-0.1933210
-0.0297280	-0.1851790
-0.0566658	-0.1820290
-0.0934055	-0.1726780
-0.1326880	-0.1465790
-0.1605960	-0.1029080
-0.1667670	-0.0523276
-0.1521550	-0.0100626
-0.1284730	0.0145127
-0.1097240	0.0239432
-0.1022210	0.0298856
-0.1005870	0.0436075
-0.0927012	0.0670150
-0.0697680	0.0909982
-0.0338279	0.1023150
0.0030002	0.0937657
0.0269856	0.0699280
0.0325624	0.0441000
0.0260396	0.0287527
0.0204658	0.0266957
0.0255607	0.0295977
0.0403326	0.0249251
0.0539418	0.0059982
0.0541118	-0.0224693
0.0366834	-0.0475373
0.0090612	-0.0574999
-0.0150550	-0.0504679
-0.0256645	-0.0355867
-0.0236275	-0.0259834
-0.0196038	-0.0287949
-0.0256029	-0.0398160
-0.0455641	-0.0467896
-0.0720941	-0.0388167
-0.0918092	-0.0147459
-0.0952152	0.0158029
-0.0836396	0.0395316
-0.0679847	0.0492863
-0.0602711	0.0491707
-0.0643935	0.0510992
-0.0730874	0.0654195
-0.0733904	0.0927161
-0.0564515	0.1229920
-0.0242708	0.1428300
0.0117070	0.1451060
0.0390471	0.1339210
0.0534061	0.1210440
0.0613717	0.1166240
0.0749359	0.1212150
0.1018190	0.1251780
0.1389870	0.1159010
0.1742810	0.0873849
0.1949300	0.0449389
0.1965110	0.0014701
0.1856370	-0.0318065
0.1743740	-0.0532045
0.1706810	-0.0710458
0.1721500	-0.0964698
0.1677750	-0.1340700
0.1464260	-0.1774810
0.1055930	-0.2132890
0.0537898	-0.2303220
0.0048036	-0.2273290
-0.0318592	-0.2132930
-0.0571329	-0.2001960
-0.0805537	-0.1937580
-0.1118890	-0.1891830
-0.1526390	-0.1751130
-0.1938910	-0.1427720
-0.2221840	-0.0933407
-0.2289660	-0.0379772
-0.2165360	0.0095714
-0.1959970	0.0421940
-0.1788300	0.0635600
-0.1684700	0.0841240
-0.1582480	0.1120960
-0.1372100	0.1462800
-0.0993480	0.1762320
-0.0492129	0.1896440
0.0003912	0.1813640
0.0369108	0.1572550
0.0563678	0.1299710
0.0652665	0.1098780
0.0747191	0.0979441
0.0913007	0.0859550
0.1115970	0.0637925
0.1245750	0.0282129
0.1199740	-0.0135907
0.0963434	-0.0483737
0.0626308	-0.0658942
0.0321126	-0.0658253
0.0132302	-0.0573475
0.0042222	-0.0517848
-0.0044589	-0.0538893
-0.0218572	-0.0583736
-0.0486938	-0.0542845
-0.0759828	-0.0338631
-0.0911542	0.0008571
-0.0870666	0.0387408
-0.0671098	0.0670366
-0.0425633	0.0800311
-0.0242289	0.0823799
-0.0146689	0.0846658
-0.0068878	0.0946149
0.0095994	0.1106630
0.0399705	0.1227620
0.0792772	0.1198050
0.1152870	0.0980460
0.1368610	0.0641384
0.1415650	0.0304890
0.1367980	0.0064417
0.1336320	-0.0080658
0.1380840	-0.0216260
0.1464080	-0.0439942
0.1479890	-0.0778642
0.1335920	-0.1160510
0.1027070	-0.1462310
0.0644080	-0.1596620
0.0310674	-0.1573060
0.0096670	-0.1487370
-0.0027576	-0.1447070
-0.0161396	-0.1489860
-0.0391786	-0.1556620
-0.0721613	-0.1538860
-0.1062510	-0.1364440
-0.1297800	-0.1056350
-0.1367730	-0.0719828
-0.1312540	-0.0467629
-0.1240860	-0.0339811
-0.1247520	-0.0278515
-0.1342850	-0.0176457
-0.1446890	0.0037914
-0.1452270	0.0343164
-0.1308080	0.0638768
-0.1060890	0.0819412
-0.0821972	0.0853281
-0.0685657	0.0805058
-0.0660555	0.0786325
-0.0665624	0.0870999
-0.0593797	0.1039760
-0.0394889	0.1195330
-0.0115039	0.1236760
0.0136934	0.1136320
0.0270572	0.0960888
0.0280740	0.0821778
0.0249912	0.0791237
0.0284247	0.0848878
0.0432009	0.0898490
0.0646122	0.0842323
0.0819070	0.0656527
0.0863609	0.0410689
0.0778191	0.0216843
0.0647743	0.0146690
0.0579477	0.0179615
0.0622506	0.0220626
0.0732095	0.0174313
0.0805423	0.0018596
0.0761513	-0.0177603
0.0604671	-0.0306068
0.0423376	-0.0301132
0.0325521	-0.0189730
0.0358976	-0.0071911
0.0477437	-0.0046724
0.0577056	-0.0139581
0.0575796	-0.0285891
0.0475296	-0.0382960
0.0358441	-0.0370512
0.0324702	-0.0278626
0.0412391	-0.0206709
0.0566781	-0.0249432
0.0678235	-0.0425603
0.0661534	-0.0663627
0.0516558	-0.0854303
0.0324784	-0.0930840
0.0184735	-0.0915574
0.0135651	-0.0898343
0.0127344	-0.0963309
0.0059057	-0.1120000
-0.0142181	-0.1291040
-0.0463084	-0.1366040
-0.0809743	-0.1281010
-0.1073100	-0.1063510
-0.1204850	-0.0809878
-0.1246630	-0.0612026
-0.1291070	-0.0489588
-0.1404690	-0.0378650
-0.1571590	-0.0185356
-0.1700730	0.0136541
-0.1691640	0.0543196
-0.1508790	0.0925637
-0.1208630	0.1183550
-0.0899151	0.1292420
-0.0662506	0.1313820
-0.0499365	0.1341680
-0.0336536	0.1425870
-0.0091585	0.1531230
0.0255107	0.1563250
0.0635883	0.1440820
0.0937862	0.1160950
0.1080060	0.0806396
0.1067650	0.0490287
0.0982886	0.0279448
0.0919980	0.0153960
0.0913678	0.0032827
0.0915481	-0.0154458
0.0835315	-0.0405329
0.0616653	-0.0638398
0.0287813	-0.0749214
-0.0049802	-0.0685578
-0.0288010	-0.0485651
-0.0383042	-0.0250281
-0.0378428	-0.0070618
-0.0363059	0.0034315
-0.0396882	0.0123297
-0.0460995	0.0278192
-0.0470094	0.0531009
-0.0337876	0.0828594
-0.0045754	0.1062220
0.0337217	0.1140190
0.0698452	0.1048960
0.0956881	0.0857288
0.1112670	0.0660602
0.1234780	0.0508345
0.1396610	0.0369163
0.1609320	0.0160155
0.1803870	-0.0182428
0.1875770	-0.0645028
0.1759040	-0.1135630
0.1473570	-0.1540970
0.1110480	-0.1799280
0.0766511	-0.1934340
0.0477303	-0.2025790
0.0199426	-0.2138990
-0.0145695	-0.2268200
-0.0600026	-0.2336220
-0.1124310	-0.2250990
-0.1614890	-0.1976190
-0.1969840	-0.1562280
-0.2154650	-0.1114510
-0.2218660	-0.0721849
-0.2250140	-0.0400179
-0.2304580	-0.0092194
-0.2360780	0.0276813
-0.2337610	0.0730185
-0.2158730	0.1210820
-0.1815710	0.1614140
-0.1381590	0.1858540
-0.0964295	0.1940100
-0.0634778	0.1930640
-0.0383829	0.1920800
-0.0139568	0.1951240
0.0168278	0.1984050
0.0546464	0.1935430
0.0925835	0.1744550
0.1207900	0.1425990
0.1335110	0.1065720
0.1331700	0.0763512
0.1284160	0.0565017
0.1276290	0.0434661
0.1327800	0.0289348
0.1382570	0.0067146
0.1355240	-0.0221252
0.1200140	-0.0497210
0.0950417	-0.0671260
0.0697422	-0.0709235
0.0526036	-0.0657308
0.0454821	-0.0606991
0.0426118	-0.0626621
0.0353374	-0.0711105
0.0189720	-0.0787727
-0.0034115	-0.0773373
-0.0231085	-0.0639636
-0.0322016	-0.0436530
-0.0293980	-0.0256963
-0.0208743	-0.0169024
-0.0155044	-0.0167375
-0.0181006	-0.0180443
-0.0257871	-0.0127796
-0.0302460	0.0015884
-0.0241248	0.0198664
-0.0067536	0.0327763
0.0151426	0.0336909
0.0322598	0.0233764
0.0393997	0.0091797
0.0389720	-0.0006904
0.0386864	-0.0034312
0.0452154	-0.0037072
0.0586540	-0.0099477
0.0719884	-0.0276918
0.0759890	-0.0550224
0.0658393	-0.0835416
0.0445135	-0.1041490
0.0203825	-0.1132590
0.0008985	-0.1147900
-0.0128417	-0.1164600
-0.0265424	-0.1232560
-0.0478466	-0.1330660
-0.0798743	-0.1377910
-0.1180770	-0.1291460
-0.1528130	-0.1047510
-0.1757130	-0.0699450
-0.1850710	-0.0339712
-0.1862250	-0.0034374
-0.1867150	0.0220088
-0.1899380	0.0485488
-0.1921470	0.0825148
-0.1850840	0.1245170
-0.1622590	0.1678690
-0.1241260	0.2025490
-0.0782407	0.2217370
-0.0342776	0.2260420
0.0023458	0.2222730
0.0334506	0.2177490
0.0654982	0.2144950
0.1034540	0.2077240
0.1458220	0.1897590
0.1846760	0.1563770
0.2106880	0.1107710
0.2194030	0.0620806
0.2140490	0.0195799
0.2027840	-0.0131270
0.1925110	-0.0395847
0.1839240	-0.0665928
0.1715300	-0.0979654
0.1485640	-0.1307250
0.1130340	-0.1566440
0.0702608	-0.1679960
0.0299481	-0.1631530
-0.0000509	-0.1478340
-0.0186057	-0.1310280
-0.0311972	-0.1187020
-0.0449706	-0.1099910
-0.0627461	-0.0987168
-0.0805442	-0.0790081
-0.0904957	-0.0507024
-0.0869160	-0.0203889
-0.0709239	0.0027347
-0.0500864	0.0130935
-0.0333353	0.0123712
-0.0249648	0.0078393
-0.0222025	0.0066710
-0.0181244	0.0105537
-0.0076447	0.0146600
0.0080029	0.0117176
0.0217127	-0.0019485
0.0255555	-0.0230173
0.0166109	-0.0430233
-0.0008258	-0.0540879
-0.0183277	-0.0542302
-0.0293841	-0.0482830
-0.0338557	-0.0437679
-0.0375112	-0.0448889
-0.0470490	-0.0492065
-0.0644227	-0.0495006
-0.0848036	-0.0393927
-0.0997428	-0.0184468
-0.1031570	0.0071299
-0.0956205	0.0287320
-0.0837439	0.0413556
-0.0751163	0.0468455
-0.0726546	0.0519758
-0.0726129	0.0628624
-0.0677288	0.0799662
-0.0530838	0.0974824
-0.0302118	0.1075710
-0.0063246	0.1062210
0.0107706	0.0962936
0.0182303	0.0854524
0.0200219	0.0805316
0.0236883	0.0825971
0.0344955	0.0864059
0.0513962	0.0846377
0.0678465	0.0736612
0.0768304	0.0564557
0.0762624	0.0404735
0.0706621	0.0320720
0.0678266	0.0317338
0.0730146	0.0336959
0.0850308	0.0302628
0.0971555	0.0175470
0.1021960	-0.0016929
0.0978250	-0.0202313
0.0881836	-0.0318923
0.0805479	-0.0362053
0.0796247	-0.0386711
0.0838079	-0.0464451
0.0862455	-0.0627157
0.0799143	-0.0840387
0.0628733	-0.1026480
0.0397358	-0.1119940
0.0182711	-0.1113410
0.0037219	-0.1059630
-0.0048620	-0.1028480
-0.0135173	-0.1051700
-0.0283593	-0.1097620
-0.0504906	-0.1094880
-0.0747065	-0.0987167
-0.0929896	-0.0777599
-0.1001680	-0.0529099
-0.0974769	-0.0320487
-0.0913639	-0.0191455
-0.0884692	-0.0117795
-0.0906031	-0.0035204
-0.0935184	0.0106787
-0.0903882	0.0301973
-0.0773315	0.0488362
-0.0567789	0.0592246
-0.0361145	0.0582189
-0.0226019	0.0492191
-0.0184086	0.0396646
-0.0194572	0.0356111
-0.0189268	0.0374842
-0.0127173	0.0401933
-0.0027164	0.0374771
0.0046036	0.0271492
0.0031900	0.0132366
-0.0077897	0.0033711
-0.0229928	0.0033849
-0.0345264	0.0131801
-0.0374282	0.0269673
-0.0328865	0.0376690
-0.0268104	0.0421397
-0.0248825	0.0432606
-0.0278798	0.0473515
-0.0308303	0.0588936
-0.0266522	0.0765954
-0.0115242	0.0938067
0.0120752	0.1029930
0.0369562	0.1009130
0.0562346	0.0906200
0.0679967	0.0788091
0.0761186	0.0705631
0.0866694	0.0654846
0.1026700	0.0581451
0.1212170	0.0424901
0.1351750	0.0168444
0.1381760	-0.0142943
0.1291600	-0.0430493
0.1130450	-0.0634572
0.0970322	-0.0752867
0.0853601	-0.0835428
0.0764562	-0.0940809
0.0646183	-0.1086930
0.0449064	-0.1234080
0.0175031	-0.1313020
-0.0117898	-0.1276850
-0.0353219	-0.1137320
-0.0488017	-0.0958195
-0.0540336	-0.0810403
-0.0571461	-0.0722994
-0.0636854	-0.0666488
-0.0743008	-0.0580853
-0.0842847	-0.0426433
-0.0872915	-0.0218918
-0.0803950	-0.0021660
-0.0666318	0.0098953
-0.0530859	0.0121370
-0.0459469	0.0083881
-0.0462539	0.0055498
-0.0495128	0.0084783
-0.0494365	0.0165225
-0.0429470	0.0243074
-0.0326401	0.0261302
-0.0248503	0.0206061
-0.0247958	0.0120212
-0.0324926	0.0073535
-0.0425417	0.0112055
-0.0479596	0.0224686
-0.0451677	0.0352276
-0.0363925	0.0432032
-0.0276943	0.0443687
-0.0241540	0.0422599
-0.0258845	0.0430170
-0.0278936	0.0504295
-0.0238973	0.0627628
-0.0111874	0.0737855
0.0071383	0.0772317
0.0242740	0.0713361
0.0345523	0.0600281
0.0373890	0.0499043
0.0373705	0.0452847
0.0404566	0.0450947
0.0492041	0.0439137
0.0606461	0.0363692
0.0684363	0.0215219
0.0676326	0.0039029
0.0584951	-0.0095970
0.0464254	-0.0146450
0.0380913	-0.0124900
0.0366627	-0.0088300
0.0397392	-0.0094050
0.0415048	-0.0156643
0.0374389	-0.0237821
0.0279913	-0.0277474
0.0184220	-0.0241639
0.0149234	-0.0151048
0.0199572	-0.0068458
0.0303310	-0.0054205
0.0394642	-0.0123417
0.0421271	-0.0236981
0.0380809	-0.0332779
0.0318922	-0.0373280
0.0291012	-0.0373368
0.0316810	-0.0387399
0.0362520	-0.0465473
0.0364196	-0.0612200
0.0274755	-0.0779350
0.0099178	-0.0898079
-0.0108591	-0.0926541
-0.0284588	-0.0877153
-0.0400105	-0.0803256
-0.0479219	-0.0755675
-0.0575613	-0.0742351
-0.0726622	-0.0721723
-0.0919641	-0.0634867
-0.1096580	-0.0451967
-0.1193190	-0.0197881
-0.1183780	0.0062627
-0.1097620	0.0268919
-0.0995073	0.0404675
-0.0921586	0.0504191
-0.0874524	0.0620467
-0.0807781	0.0779675
-0.0670427	0.0956778
-0.0449857	0.1090950
-0.0186512	0.1129180
0.0051173	0.1065210
0.0212866	0.0944269
0.0298898	0.0830286
0.0355014	0.0760189
0.0433667	0.0719788
0.0551438	0.0659120
0.0674911	0.0535233
0.0745654	0.0349658
0.0725254	0.0151939
0.0626185	0.0006360
0.0505038	-0.0053109
0.0423102	-0.0045737
0.0403938	-0.0027685
0.0419734	-0.0048930
0.0416385	-0.0116062
0.0357928	-0.0188983
0.0256465	-0.0213710
0.0164801	-0.0166150
0.0137399	-0.0073464
0.0189211	0.0003349
0.0283595	0.0012612
0.0358444	-0.0051594
0.0370836	-0.0147040
0.0326608	-0.0216567
0.0272766	-0.0231595
0.0258863	-0.0212991
0.0296884	-0.0213642
0.0350186	-0.0276155
0.0359961	-0.0397925
0.0289194	-0.0530177
0.0150895	-0.0611851
-0.0000710	-0.0612829
-0.0109331	-0.0554053
-0.0156559	-0.0489566
-0.0172572	-0.0464364
-0.0209848	-0.0480074
-0.0300102	-0.0494437
-0.0427316	-0.0454839
-0.0537429	-0.0340328
-0.0577429	-0.0180169
-0.0534349	-0.0034769
-0.0444753	0.0046712
-0.0367649	0.0060204
-0.0341373	0.0046690
-0.0356969	0.0058659
-0.0367967	0.0118685
-0.0328840	0.0201619
-0.0232713	0.0253831
-0.0119571	0.0234846
-0.0048603	0.0149737
-0.0055479	0.0047677
-0.0126755	-0.0012343
-0.0210571	-0.0002847
-0.0255405	0.0054765
-0.0247510	0.0109605
-0.0218823	0.0122417
-0.0219631	0.0097040
-0.0276975	0.0078292
-0.0370542	0.0117873
-0.0444512	0.0234121
-0.0446547	0.0396117
-0.0364641	0.0544189
-0.0234190	0.0631374
-0.0110209	0.0654657
-0.0025926	0.0652676
0.0030870	0.0672029
0.0105938	0.0728051
0.0240371	0.0790029
0.0435230	0.0802176
0.0646003	0.0724610
0.0811270	0.0563382
0.0894111	0.0366945
0.0905221	0.0191791
0.0890604	0.0063215
0.0893523	-0.0039288
0.0919763	-0.0161301
0.0932587	-0.0333482
0.0881169	-0.0542931
0.0740872	-0.0737847
0.0534773	-0.0862157
0.0320044	-0.0894115
0.0149348	-0.0859881
0.0036247	-0.0812041
-0.0049561	-0.0789493
-0.0153980	-0.0789072
-0.0298999	-0.0770246
-0.0462114	-0.0689073
-0.0590396	-0.0535419
-0.0638617	-0.0345030
-0.0602615	-0.0177105
-0.0522671	-0.0074146
-0.0454388	-0.0034198
-0.0429028	-0.0016183
-0.0433139	0.0026027
-0.0422567	0.0106786
-0.0359880	0.0197039
-0.0246554	0.0246599
-0.0125339	0.0223307
-0.0050868	0.0139295
-0.0050646	0.0044344
-0.0105816	-0.0008773
-0.0166106	-0.0000901
-0.0187560	0.0042344
-0.0164517	0.0073010
-0.0131800	0.0059544
-0.0135740	0.0012316
-0.0196246	-0.0023427
-0.0288859	-0.0001803
-0.0360543	0.0088252
-0.0367365	0.0213220
-0.0305712	0.0318335
-0.0213594	0.0366468
-0.0141237	0.0363293
-0.0113328	0.0349983
-0.0111453	0.0369266
-0.0089869	0.0430795
-0.0012431	0.0502179
0.0117471	0.0532503
0.0256785	0.0490511
0.0352684	0.0388567
0.0379979	0.0274253
0.0357918	0.0195992
0.0333888	0.0168604
0.0346537	0.0164687
0.0396318	0.0138060
0.0445702	0.0061246
0.0448732	-0.0051571
0.0387394	-0.0153583
0.0287121	-0.0199589
0.0199610	-0.0179518
0.0165858	-0.0125945
0.0187249	-0.0089948
0.0226353	-0.0103605
0.0236608	-0.0157392
0.0198251	-0.0209379
0.0133260	-0.0218992
0.0088072	-0.0179558
0.0097305	-0.0124850
0.0156066	-0.0104608
0.0221899	-0.0147538
0.0244975	-0.0239705
0.0203789	-0.0334609
0.0119551	-0.0387227
0.0038612	-0.0386310
-0.0003525	-0.0360623
-0.0009248	-0.0354661
-0.0016442	-0.0392494
-0.0068572	-0.0457286
-0.0179982	-0.0502149
-0.0322782	-0.0484177
-0.0445299	-0.0396004
-0.0508241	-0.0271140
-0.0511368	-0.0159156
-0.0490747	-0.0089593
-0.0488966	-0.0051826
-0.0521090	-0.0005955
-0.0562256	0.0083779
-0.0566317	0.0218598
-0.0501380	0.0360991
-0.0375290	0.0460042
-0.0231748	0.0487245
-0.0119961	0.0455892
-0.0060661	0.0409554
-0.0034006	0.0388571
0.0001804	0.0399985
0.0075601	0.0413618
0.0178679	0.0387086
0.0269331	0.0300605
0.0303113	0.0175054
0.0265956	0.0059468
0.0185128	-0.0002729
0.0109781	-0.0003388
0.0075801	0.0026995
0.0081431	0.0044473
0.0091875	0.0026125
0.0069072	-0.0012375
0.0003812	-0.0029351
-0.0074346	0.0009769
-0.0117016	0.0104040
-0.0091798	0.0214899
-0.0005753	0.0292099
0.0100097	0.0308210
0.0180969	0.0275828
0.0220345	0.0234797
0.0239722	0.0219421
0.0278945	0.0230727
0.0362303	0.0234884
0.0476312	0.0188973
0.0576213	0.0074574
0.0616443	-0.0086311
0.0582205	-0.0245086
0.0498470	-0.0359762
0.0409838	-0.0422597
0.0346658	-0.0461534
0.0303114	-0.0514712
0.0243754	-0.0597667
0.0133327	-0.0688313
-0.0032862	-0.0741199
-0.0221265	-0.0720349
-0.0381059	-0.0625905
-0.0478097	-0.0494473
-0.0516411	-0.0372975
-0.0531291	-0.0285755
-0.0559499	-0.0219677
-0.0609374	-0.0138212
-0.0653562	-0.0013528
-0.0649833	0.0147996
-0.0574152	0.0306389
-0.0440875	0.0414522
-0.0294690	0.0450532
-0.0180299	0.0431869
-0.0112599	0.0400533
-0.0069663	0.0390808
-0.0013485	0.0403951
0.0077510	0.0408875
0.0189040	0.0368105
0.0279439	0.0269136
0.0309669	0.0137239
0.0272164	0.0019875
0.0196721	-0.0045653
0.0128991	-0.0057038
0.0097811	-0.0045720
0.0095965	-0.0050768
0.0088680	-0.0087822
0.0043141	-0.0136665
-0.0043575	-0.0156770
-0.0139467	-0.0118939
-0.0199402	-0.0028957
-0.0197318	0.0074730
-0.0144565	0.0147652
-0.0080620	0.0170232
-0.0043289	0.0159788
-0.0040948	0.0154791
-0.0047727	0.0183532
-0.0025066	0.0241066
0.0046875	0.0291934
0.0151902	0.0296582
0.0247796	0.0241411
0.0296139	0.0149695
0.0289490	0.0065095
0.0255478	0.0020190
0.0234871	0.0013743
0.0250305	0.0013716
0.0289351	-0.0016481
0.0314620	-0.0088556
0.0293114	-0.0179100
0.0222445	-0.0246306
0.0133996	-0.0260987
0.0070581	-0.0228380
0.0055429	-0.0184283
0.0075884	-0.0168447
0.0093997	-0.0195344
0.0075859	-0.0244301
0.0017419	-0.0276296
-0.0052712	-0.0264508
-0.0095484	-0.0215372
-0.0091690	-0.0164163
-0.0057293	-0.0148464
-0.0032148	-0.0179619
-0.0050605	-0.0233763
-0.0116176	-0.0269194
-0.0199304	-0.0256935
-0.0259782	-0.0201441
-0.0276753	-0.0135930
-0.0263574	-0.0096087
-0.0256389	-0.0092206
-0.0285203	-0.0100954
-0.0349471	-0.0083020
-0.0416785	-0.0013277
-0.0445708	0.0099353
-0.0415565	0.0217341
-0.0340784	0.0301154
-0.0259114	0.0336930
-0.0202815	0.0344428
-0.0174710	0.0359450
-0.0147214	0.0404269
-0.0084989	0.0468640
0.0026067	0.0515869
0.0165529	0.0509420
0.0291007	0.0439989
0.0367156	0.0332636
0.0389332	0.0228677
0.0384223	0.0156077
0.0387226	0.0110691
0.0413915	0.0062385
0.0447318	-0.0018835
0.0450653	-0.0136686
0.0395846	-0.0262442
0.0286208	-0.0353543
0.0156057	-0.0383038
0.0047524	-0.0357736
-0.0018005	-0.0311536
-0.0052420	-0.0279134
-0.0088164	-0.0270113
-0.0150190	-0.0262981
-0.0234073	-0.0223545
-0.0306981	-0.0133522
-0.0330878	-0.0007563
-0.0290444	0.0114350
-0.0204648	0.0193537
-0.0113277	0.0218305
-0.0048620	0.0209513
-0.0013654	0.0202053
0.0016955	0.0216519
0.0074076	0.0242614
0.0167059	0.0246896
0.0273125	0.0198925
0.0351388	0.0095937
0.0371050	-0.0032705
0.0332576	-0.0144757
0.0265996	-0.0213583
0.0207769	-0.0244564
0.0173788	-0.0267275
0.0148907	-0.0309655
0.0100768	-0.0373980
0.0007243	-0.0432969
-0.0123489	-0.0449050
-0.0255592	-0.0402232
-0.0349117	-0.0305506
-0.0386794	-0.0196147
-0.0384016	-0.0109471
-0.0374699	-0.0054825
-0.0383936	-0.0011763
-0.0408233	0.0050953
-0.0418310	0.0148200
-0.0382228	0.0263952
-0.0291238	0.0360516
-0.0168663	0.0404668
-0.0054988	0.0391006
0.0019681	0.0344965
0.0055141	0.0303319
0.0078057	0.0286962
0.0118939	0.0286509
0.0186758	0.0271449
0.0260539	0.0215702
0.0304320	0.0120029
0.0294121	0.0014174
0.0236488	-0.0063022
0.0164551	-0.0090589
0.0114535	-0.0079234
0.0100415	-0.0061697
0.0105713	-0.0067092
0.0098414	-0.0098727
0.0057475	-0.0132128
-0.0009312	-0.0134640
-0.0069710	-0.0091620
-0.0090406	-0.0019250
-0.0061673	0.0045817
-0.0004697	0.0072240
0.0043942	0.0055824
0.0058908	0.0021033
0.0043786	0.0001237
0.0026591	0.0012754
0.0036726	0.0042395
0.0081013	0.0057871
0.0137061	0.0033090
0.0169070	-0.0030916
0.0154128	-0.0105348
0.0099159	-0.0153833
0.0035754	-0.0158269
-0.0003156	-0.0130892
-0.0007148	-0.0103625
0.0005268	-0.0102933
0.0002335	-0.0129325
-0.0035226	-0.0157027
-0.0098065	-0.0154011
-0.0153947	-0.0107134
-0.0171106	-0.0033296
-0.0141575	0.0031895
-0.0086925	0.0059423
-0.0042152	0.0047104
-0.0029932	0.0019624
-0.0044700	0.0008529
-0.0058460	0.0027487
-0.0043738	0.0061609
0.0003865	0.0078919
0.0060716	0.0055223
0.0091645	-0.0006504
0.0075467	-0.0076919
0.0020320	-0.0120771
-0.0042669	-0.0121596
-0.0082513	-0.0092147
-0.0090752	-0.0062858
-0.0086232	-0.0057303
-0.0098817	-0.0073371
-0.0144554	-0.0084485
-0.0211246	-0.0059942
-0.0265492	0.0011037
-0.0275981	0.0109778
-0.0235533	0.0200376
-0.0165380	0.0254476
-0.0098615	0.0269990
-0.0055436	0.0269801
-0.0028974	0.0281691
0.0007681	0.0314920
0.0078692	0.0351361
0.0184366	0.0358002
0.0297831	0.0311414
0.0382168	0.0215714
0.0415188	0.0100480
0.0403318	0.0000213
0.0374316	-0.0069153
0.0354577	-0.0119083
0.0348358	-0.0176151
0.0334700	-0.0258217
0.0284353	-0.0357344
0.0183791	-0.0442579
0.0048058	-0.0480662
-0.0087402	-0.0459118
-0.0189860	-0.0394427
-0.0250078	-0.0319220
-0.0285284	-0.0258288
-0.0322388	-0.0211549
-0.0374443	-0.0156736
-0.0428345	-0.0069570
-0.0453230	0.0054088
-0.0423225	0.0191085
-0.0337389	0.0304440
-0.0221726	0.0367421
-0.0111749	0.0380254
-0.0028686	0.0367052
0.0032837	0.0355535
0.0096595	0.0355040
0.0182542	0.0349522
0.0287688	0.0310785
0.0384753	0.0221817
0.0439791	0.0092418
0.0435584	-0.0044831
0.0383223	-0.0155375
0.0313245	-0.0224711
0.0253097	-0.0265238
0.0207969	-0.0303026
0.0159360	-0.0354813
0.0082268	-0.0412820
-0.0032273	-0.0449008
-0.0166567	-0.0435560
-0.0285793	-0.0366099
-0.0360655	-0.0261559
-0.0386198	-0.0156228
-0.0382761	-0.0074452
-0.0378549	-0.0015457
-0.0387154	0.0042450
-0.0397074	0.0121774
-0.0381116	0.0225269
-0.0318428	0.0330686
-0.0212365	0.0404931
-0.0090527	0.0426998
0.0013162	0.0402424
0.0080943	0.0358392
0.0121429	0.0323263
0.0160058	0.0305998
0.0217210	0.0290950
0.0290725	0.0251788
0.0356093	0.0173808
0.0384191	0.0067592
0.0363085	-0.0036476
0.0307380	-0.0108757
0.0248006	-0.0140547
0.0210133	-0.0148731
0.0195822	-0.0161531
0.0184394	-0.0196198
0.0150038	-0.0245574
0.0083183	-0.0283604
-0.0000657	-0.0285530
-0.0071284	-0.0247364
-0.0105606	-0.0189828
-0.0104316	-0.0143725
-0.0090870	-0.0127771
-0.0093563	-0.0135575
-0.0124252	-0.0141519
-0.0169757	-0.0120975
-0.0202341	-0.0069512
-0.0201191	-0.0006559
-0.0168569	0.0039168
-0.0128384	0.0051360
-0.0108270	0.0038455
-0.0118772	0.0027258
-0.0145385	0.0042668
-0.0159445	0.0088819
-0.0139636	0.0145863
-0.0087865	0.0184732
-0.0027582	0.0188682
0.0014061	0.0165297
0.0026617	0.0139970
0.0023838	0.0135890
0.0032602	0.0155782
0.0071705	0.0179288
0.0136605	0.0177987
0.0201683	0.0136729
0.0238326	0.0065179
0.0235194	-0.0009077
0.0205444	-0.0060587
0.0175591	-0.0084051
0.0164581	-0.0096734
0.0169031	-0.0123565
0.0165832	-0.0176340
0.0130145	-0.0242891
0.0055143	-0.0294498
-0.0041456	-0.0306017
-0.0129017	-0.0273588
-0.0185018	-0.0216645
-0.0209670	-0.0162846
-0.0223221	-0.0127421
-0.0248203	-0.0102588
-0.0290227	-0.0064985
-0.0332012	0.0004619
-0.0345235	0.0104372
-0.0311306	0.0210088
-0.0235380	0.0290748
-0.0143069	0.0329140
-0.0062380	0.0332202
-0.0004519	0.0323433
0.0042023	0.0323321
0.0099803	0.0332742
0.0182217	0.0331956
0.0280239	0.0295956
0.0366304	0.0214501
0.0412512	0.0101626
0.0409527	-0.0012621
0.0372001	-0.0102054
0.0326580	-0.0160922
0.0291654	-0.0204862
0.0264224	-0.0255733
0.0223732	-0.0322061
0.0149839	-0.0390057
0.0040535	-0.0432124
-0.0083275	-0.0426483
