jMRUI Data Textfile

Filename: NAA.txt

PointsInDataset: 2048      
DatasetsInFile: 1         
SamplingInterval: 2.5E-1    
ZeroOrderPhase: 0E0       
BeginTime: 0E0       
TransmitterFrequency: 1.2322E8  
MagneticField: 2.9E0     
TypeOfNucleus: 0E0       
NameOfPatient: NAA
DateOfExperiment: 
Spectrometer: 
AdditionalInfo: NAA
SignalNames: NAA.txt;


Signal and FFT
sig(real)	sig(imag)	fft(real)	fft(imag)
Signal 1 out of 1 in file
5.1053000	-0.0831638
4.5333400	-2.1791400
3.0584900	-3.7358900
1.0724200	-4.3988000
-0.9267980	-4.0649500
-2.4810000	-2.8837500
-3.2806700	-1.1840900
-3.2102100	0.6282820
-2.3391300	2.1621700
-0.8865040	3.1046000
0.8213770	3.2642500
2.4007900	2.6066500
3.4794900	1.2780500
3.7867000	-0.4033180
3.2411700	-2.0104300
1.9961100	-3.1231900
0.4070990	-3.4610300
-1.0775000	-2.9766600
-2.0634500	-1.8666700
-2.3331200	-0.4933190
-1.8946500	0.7451280
-0.9474530	1.5373600
0.2059730	1.7294900
1.2552000	1.3322100
1.9496400	0.4857160
2.1330800	-0.5866120
1.7599000	-1.6195100
0.9065300	-2.3469300
-0.2259300	-2.5557400
-1.3379700	-2.1511900
-2.1019700	-1.2100800
-2.2662900	0.0142412
-1.7535700	1.1562000
-0.7042070	1.8577000
0.5634240	1.8952100
1.6630000	1.2573800
2.2720500	0.1399870
2.2286400	-1.1328800
1.5597600	-2.2191000
0.4461870	-2.8514700
-0.8441110	-2.8867500
-2.0203700	-2.3143300
-2.8176100	-1.2453900
-3.0367000	0.1028280
-2.5874900	1.4317800
-1.5310800	2.4114600
-0.0971407	2.7622400
1.3515300	2.3496600
2.4146100	1.2509700
2.7825100	-0.2470420
2.3443300	-1.7303900
1.2262600	-2.7913200
-0.2564690	-3.1567400
-1.7090300	-2.7597600
-2.7770200	-1.7344300
-3.2309000	-0.3520230
-2.9971100	1.0622700
-2.1480600	2.1996900
-0.8749460	2.8162100
0.5431610	2.7687800
1.7795300	2.0489700
2.5218700	0.8070510
2.5558000	-0.6568450
1.8447900	-1.9545200
0.5660280	-2.7197100
-0.9273560	-2.7292900
-2.2141800	-1.9830600
-2.9421000	-0.7038140
-2.9359700	0.7430840
-2.2357600	1.9725500
-1.0586500	2.6916000
0.2844960	2.7612900
1.4763700	2.2023400
2.2563400	1.1651400
2.4569300	-0.1103620
2.0268600	-1.3338400
1.0491700	-2.2101400
-0.2547450	-2.5012900
-1.5558700	-2.0990300
-2.4953400	-1.0799600
-2.7940900	0.2921760
-2.3527600	1.6346500
-1.2942900	2.5669300
0.0752096	2.8361700
1.3718400	2.3937400
2.2585800	1.3938900
2.5375900	0.1249500
2.1818700	-1.0876600
1.3125100	-1.9646300
0.1492160	-2.3214600
-1.0397300	-2.0873700
-1.9805200	-1.3109500
-2.4386900	-0.1600520
-2.2735100	1.0939300
-1.4920700	2.1245300
-0.2752970	2.6352200
1.0523400	2.4584000
2.1141100	1.6254100
2.6041300	0.3691180
2.3907400	-0.9499150
1.5550600	-1.9643000
0.3509610	-2.4154800
-0.8885320	-2.2185900
-1.8532600	-1.4611800
-2.3277700	-0.3536120
-2.2206800	0.8355160
-1.5638000	1.8345800
-0.4997780	2.4109900
0.7354580	2.4104200
1.8452500	1.7986200
2.5325500	0.6933950
2.5844100	-0.6387670
1.9524900	-1.8408300
0.7894490	-2.5705600
-0.5861910	-2.6153100
-1.7904200	-1.9663100
-2.4990900	-0.8181600
-2.5453800	0.5039560
-1.9532700	1.6532600
-0.9051360	2.3588900
0.3282640	2.4800000
1.4600300	2.0138900
2.2406300	1.0766800
2.4937800	-0.1235800
2.1462500	-1.3169400
1.2549400	-2.2145800
0.0174887	-2.5732200
-1.2557900	-2.2711200
-2.2184900	-1.3652400
-2.5957300	-0.0945394
-2.2803200	1.1853900
-1.3729100	2.1166400
-0.1456230	2.4554900
1.0541600	2.1422100
1.9154300	1.3002800
2.2452600	0.1770310
1.9981500	-0.9389400
1.2604800	-1.7882200
0.2143140	-2.1841600
-0.9002510	-2.0358200
-1.8217500	-1.3633600
-2.3130900	-0.3074830
-2.2209400	0.8807780
-1.5346900	1.8873800
-0.4149770	2.4207400
0.8351950	2.3099800
1.8587600	1.5731100
2.3618100	0.4195560
2.2104000	-0.8190440
1.4662000	-1.8000000
0.3511380	-2.2744600
-0.8347390	-2.1463300
-1.8018200	-1.4739400
-2.3340600	-0.4316760
-2.3188400	0.7405430
-1.7550200	1.7822200
-0.7529730	2.4522600
0.4731840	2.5734100
1.6341700	2.0825400
2.4270300	1.0697500
2.6224300	-0.2210910
2.1473500	-1.4480400
1.1232400	-2.2733500
-0.1653040	-2.4740300
-1.3629600	-2.0133100
-2.1584700	-1.0428600
-2.3735300	0.1599570
-1.9952400	1.2860400
-1.1525700	2.0783400
-0.0622229	2.3799500
1.0272000	2.1469200
1.8785800	1.4417800
2.3014600	0.4216880
2.1886000	-0.6803320
1.5526800	-1.5933500
0.5453030	-2.0727900
-0.5649420	-1.9781300
-1.4637300	-1.3318700
-1.8922800	-0.3260630
-1.7373000	0.7361200
-1.0683400	1.5432200
-0.1057770	1.8786600
0.8627760	1.6809800
1.5773700	1.0424500
1.8731000	0.1590070
1.7034200	-0.7364910
1.1287700	-1.4296100
0.2911380	-1.7589600
-0.6117550	-1.6382600
-1.3550700	-1.0759900
-1.7290600	-0.1903710
-1.5973000	0.7971160
-0.9541020	1.6063100
0.0491680	1.9798200
1.1337300	1.7744800
1.9777900	1.0217200
2.3246900	-0.0749201
2.0685000	-1.2072000
1.2816100	-2.0647300
0.1786480	-2.4282000
-0.9590000	-2.2193000
-1.8617500	-1.5004300
-2.3274500	-0.4410460
-2.2496500	0.7255490
-1.6294100	1.7423500
-0.5802380	2.3687300
0.6775490	2.4286400
1.8475000	1.8642500
2.6225100	0.7750810
2.7744300	-0.5846730
2.2355100	-1.8656700
1.1328600	-2.7265800
-0.2453180	-2.9421600
-1.5409800	-2.4710600
-2.4364600	-1.4573500
-2.7394400	-0.1719430
-2.4159600	1.0742100
-1.5737500	2.0082700
-0.4181470	2.4443600
0.7957580	2.3042300
1.8055200	1.6227200
2.3832700	0.5459270
2.3834400	-0.6838830
1.7898800	-1.7696800
0.7404420	-2.4314800
-0.4940310	-2.4916600
-1.5827700	-1.9393500
-2.2382100	-0.9408900
-2.3078100	0.2142830
-1.8153900	1.2109200
-0.9374850	1.8065900
0.0680769	1.8923800
0.9452520	1.4999600
1.5014000	0.7669870
1.6350400	-0.1123760
1.3384100	-0.9306800
0.6902530	-1.4996400
-0.1541710	-1.6800900
-0.9833760	-1.4156400
-1.5716400	-0.7619450
-1.7425600	0.1087470
-1.4340500	0.9450080
-0.7329900	1.4931900
0.1446600	1.5862700
0.9264420	1.2049100
1.3788700	0.4815760
1.3836900	-0.3529570
0.9645190	-1.0534300
0.2606050	-1.4355100
-0.5299830	-1.4158800
-1.2078500	-1.0137000
-1.6117800	-0.3295020
-1.6405000	0.4803240
-1.2674800	1.2270700
-0.5548740	1.7185100
0.3413880	1.8015100
1.1922300	1.4139500
1.7511000	0.6244650
1.8335400	-0.3668830
1.3887700	-1.2802500
0.5280740	-1.8458900
-0.5076270	-1.8959000
-1.4285200	-1.4177200
-1.9891300	-0.5492460
-2.0556000	0.4759920
-1.6268800	1.4032100
-0.8151420	2.0194400
0.1932600	2.1900800
1.1773500	1.8733100
1.9163800	1.1241000
2.2266100	0.0929052
2.0050900	-0.9892760
1.2716000	-1.8521500
0.1867890	-2.2555000
-0.9747650	-2.0678700
-1.8991000	-1.3210400
-2.3314000	-0.2106360
-2.1583900	0.9629900
-1.4397500	1.8907000
-0.3785550	2.3469100
0.7505960	2.2434300
1.6814600	1.6330700
2.2151700	0.6757230
2.2488600	-0.4090010
1.7822400	-1.3851200
0.9142820	-2.0373800
-0.1670320	-2.2089100
-1.2107100	-1.8416100
-1.9539200	-1.0073100
-2.1938700	0.0912805
-1.8572300	1.1653200
-1.0344500	1.9236400
0.0425948	2.1659800
1.0752900	1.8462700
1.7945700	1.0792600
2.0387200	0.0913825
1.7850500	-0.8575730
1.1333300	-1.5471500
0.2607990	-1.8398700
-0.6263430	-1.6937300
-1.3311000	-1.1564900
-1.6951800	-0.3540690
-1.6278000	0.5256920
-1.1345000	1.2631800
-0.3330390	1.6575700
0.5621290	1.5892000
1.2952200	1.0691000
1.6506700	0.2476500
1.5284000	-0.6295750
0.9781490	-1.3045500
0.1771850	-1.5929200
-0.6367250	-1.4371600
-1.2445600	-0.9089320
-1.5045600	-0.1694040
-1.3741400	0.5868200
-0.9012120	1.1795200
-0.2021200	1.4728000
0.5610250	1.3927900
1.2037900	0.9423100
1.5522100	0.2124370
1.4883300	-0.6212430
0.9969290	-1.3317700
0.1895680	-1.7043100
-0.7149720	-1.6103500
-1.4555800	-1.0598300
-1.8158000	-0.2040960
-1.6958800	0.7146070
-1.1393800	1.4448900
-0.3076100	1.8031400
0.5801610	1.7166700
1.3106900	1.2252300
1.7224200	0.4541390
1.7276900	-0.4210680
1.3203800	-1.2062300
0.5785340	-1.7180100
-0.3392380	-1.8186000
-1.2144400	-1.4556900
-1.8157200	-0.6940330
-1.9662900	0.2832350
-1.6078600	1.2168600
-0.8301570	1.8494700
0.1524410	2.0099100
1.0708400	1.6676800
1.6878400	0.9350710
1.8654400	0.0205522
1.5898700	-0.8413490
0.9553070	-1.4527500
0.1248120	-1.6893100
-0.7104840	-1.5118300
-1.3643100	-0.9640770
-1.6838500	-0.1661500
-1.5806400	0.6990660
-1.0614800	1.4161500
-0.2444780	1.7889400
0.6580230	1.7028000
1.3956000	1.1718700
1.7594800	0.3449410
1.6535400	-0.5392610
1.1247800	-1.2315600
0.3406960	-1.5526100
-0.4733750	-1.4412100
-1.1063600	-0.9563620
-1.4143000	-0.2426690
-1.3416400	0.5179180
-0.9175130	1.1476300
-0.2413370	1.5015700
0.5335670	1.4893600
1.2215800	1.0962000
1.6399200	0.3996030
1.6581300	-0.4325320
1.2476200	-1.1757200
0.5064880	-1.6133500
-0.3598110	-1.6102900
-1.1014800	-1.1635900
-1.5072200	-0.4053930
-1.4717900	0.4440140
-1.0211300	1.1508600
-0.2905570	1.5374900
0.5265460	1.5218100
1.2335900	1.1215100
1.6708700	0.4350380
1.7385200	-0.3843560
1.4101000	-1.1539900
0.7427800	-1.6901900
-0.1207980	-1.8461400
-0.9714160	-1.5564500
-1.5809800	-0.8716850
-1.7708000	0.0390340
-1.4751700	0.9292920
-0.7704310	1.5509300
0.1469830	1.7344700
1.0256300	1.4405300
1.6387600	0.7628790
1.8460600	-0.1124760
1.6180400	-0.9684570
1.0253000	-1.6120000
0.2088450	-1.9086200
-0.6520740	-1.7980600
-1.3689500	-1.3005500
-1.7746100	-0.5184260
-1.7600600	0.3727320
-1.3116600	1.1540500
-0.5313300	1.6176100
0.3785400	1.6315100
1.1700400	1.1891100
1.6277200	0.4171910
1.6379200	-0.4647140
1.2199500	-1.2175400
0.5086050	-1.6567700
-0.2991150	-1.6982300
-1.0058200	-1.3640200
-1.4600300	-0.7579340
-1.5781100	-0.0296746
-1.3483700	0.6569300
-0.8282530	1.1492400
-0.1385450	1.3309300
0.5519470	1.1506200
1.0600600	0.6467450
1.2394300	-0.0477950
1.0327100	-0.7346370
0.4999010	-1.2100900
-0.1957800	-1.3347900
-0.8430050	-1.0822100
-1.2553900	-0.5437140
-1.3306200	0.1102220
-1.0727000	0.6922350
-0.5749320	1.0548400
0.0201177	1.1219200
0.5618250	0.8926780
0.9209670	0.4295760
1.0080000	-0.1572580
0.7879520	-0.7257050
0.2951210	-1.1237000
-0.3598380	-1.2238900
-1.0042000	-0.9664760
-1.4460600	-0.3926870
-1.5365300	0.3525060
-1.2265200	1.0584900
-0.5905690	1.5172500
0.1956370	1.5937100
0.9147810	1.2680100
1.3775700	0.6340490
1.4739500	-0.1390200
1.1910300	-0.8604910
0.6015950	-1.3643800
-0.1615070	-1.5377900
-0.9322710	-1.3347100
-1.5369500	-0.7833370
-1.8235000	0.0107704
-1.6983000	0.8734810
-1.1620700	1.5930700
-0.3271630	1.9745600
0.6008370	1.9024100
1.3791200	1.3850600
1.8031500	0.5585060
1.7709700	-0.3560560
1.3097500	-1.1231400
0.5569510	-1.5623900
-0.2903710	-1.5905300
-1.0329300	-1.2271600
-1.5126600	-0.5736120
-1.6356700	0.2180900
-1.3809300	0.9745420
-0.8027250	1.5279600
-0.0275593	1.7462600
0.7625390	1.5671800
1.3679000	1.0259900
1.6267700	0.2598350
1.4700000	-0.5236740
0.9497010	-1.1086200
0.2249980	-1.3410300
-0.4918050	-1.1773400
-1.0057700	-0.6910440
-1.1966300	-0.0380993
-1.0425500	0.5991130
-0.6091350	1.0638100
-0.0182600	1.2561400
0.5854360	1.1428100
1.0611000	0.7545550
1.2932400	0.1799110
1.2143900	-0.4450570
0.8284050	-0.9587320
0.2238260	-1.2125500
-0.4374900	-1.1191000
-0.9626110	-0.6902130
-1.1899300	-0.0436267
-1.0465000	0.6309450
-0.5742090	1.1349500
0.0873387	1.3266300
0.7515420	1.1616900
1.2449700	0.6957440
1.4522800	0.0553018
1.3342800	-0.6039110
0.9236560	-1.1332200
0.3105960	-1.4153100
-0.3730840	-1.3807200
-0.9723650	-1.0226700
-1.3366000	-0.4088220
-1.3580600	0.3204180
-1.0114300	0.9780500
-0.3749980	1.3814400
0.3828980	1.4122300
1.0534000	1.0595500
1.4546800	0.4253850
1.4891800	-0.3113900
1.1672200	-0.9555320
0.5916250	-1.3537800
-0.0835019	-1.4294000
-0.6982660	-1.1871300
-1.1205900	-0.6979270
-1.2647900	-0.0773530
-1.1014800	0.5346870
-0.6648710	0.9951300
-0.0550335	1.1855800
0.5744050	1.0461300
1.0506400	0.6034640
1.2333600	-0.0242701
1.0650000	-0.6564740
0.5956280	-1.1072300
-0.0318585	-1.2481400
-0.6315380	-1.0496200
-1.0370900	-0.5839460
-1.1505300	0.0075487
-0.9604900	0.5640360
-0.5309530	0.9494090
0.0257733	1.0781100
0.5769720	0.9234910
0.9921400	0.5173680
1.1636400	-0.0531964
1.0303600	-0.6546360
0.6018210	-1.1291800
-0.0291508	-1.3342500
-0.6995890	-1.1899700
-1.2195700	-0.7149540
-1.4332600	-0.0300814
-1.2728400	0.6763490
-0.7814020	1.2097500
-0.0952080	1.4307900
0.6042670	1.2925900
1.1456800	0.8430040
1.4090600	0.1991840
1.3439700	-0.4886040
0.9691610	-1.0692200
0.3640290	-1.4147500
-0.3429870	-1.4406300
-0.9920060	-1.1256600
-1.4217000	-0.5277760
-1.5114200	0.2164050
-1.2233000	0.9185570
-0.6243720	1.3907200
0.1265160	1.5053700
0.8267620	1.2381000
1.2946700	0.6737440
1.4238300	-0.0262306
1.2064400	-0.6786540
0.7217950	-1.1314900
0.1022260	-1.2961900
-0.5049340	-1.1555100
-0.9667290	-0.7552430
-1.1840500	-0.1905710
-1.1067600	0.4087730
-0.7475840	0.8985360
-0.1895570	1.1502000
0.4239780	1.0886000
0.9233900	0.7230890
1.1646100	0.1546360
1.0792400	-0.4511120
0.6998590	-0.9177740
0.1476270	-1.1172900
-0.4121680	-1.0088300
-0.8259340	-0.6430260
-0.9951130	-0.1350110
-0.8935250	0.3768270
-0.5605700	0.7674730
-0.0822904	0.9478100
0.4284320	0.8750780
0.8496270	0.5584210
1.0704200	0.0624106
1.0174500	-0.4968120
0.6826950	-0.9715980
0.1391860	-1.2216000
-0.4696310	-1.1611000
-0.9701560	-0.7945150
-1.2157000	-0.2212890
-1.1364700	0.3953770
-0.7606620	0.8832650
-0.1993110	1.1155000
0.3948610	1.0429800
0.8740510	0.6968690
1.1296800	0.1685400
1.1082600	-0.4184360
0.8138640	-0.9332040
0.3052470	-1.2578900
-0.3099470	-1.3078300
-0.8891460	-1.0540300
-1.2832900	-0.5414640
-1.3782400	0.1095040
-1.1358500	0.7284430
-0.6150290	1.1442700
0.0409781	1.2412600
0.6495710	0.9978140
1.0477600	0.4908600
1.1405200	-0.1343840
0.9206930	-0.7134940
0.4585170	-1.1089600
-0.1274880	-1.2382200
-0.7023920	-1.0813900
-1.1400600	-0.6766630
-1.3420400	-0.1114280
-1.2551000	0.4893770
-0.8881750	0.9827800
-0.3216290	1.2394100
0.3026460	1.1824700
0.8158150	0.8192380
1.0736800	0.2475760
1.0053500	-0.3708270
0.6372600	-0.8624400
0.0814691	-1.0977300
-0.5053970	-1.0276400
-0.9728770	-0.6885080
-1.2161300	-0.1794440
-1.1931400	0.3723930
-0.9221860	0.8430200
-0.4698270	1.1325500
0.0626113	1.1786200
0.5536600	0.9676510
0.8826320	0.5442990
0.9592080	0.0113062
0.7548870	-0.4891100
0.3215000	-0.8139300
-0.2170050	-0.8666030
-0.7018410	-0.6327090
-0.9924980	-0.1863130
-1.0130600	0.3370960
-0.7722050	0.7886280
-0.3512360	1.0532200
0.1297270	1.0776700
0.5495060	0.8736750
0.8132790	0.5033820
0.8660570	0.0594227
0.6974880	-0.3526830
0.3441010	-0.6306220
-0.1112720	-0.6947120
-0.5496230	-0.5114560
-0.8417220	-0.1133460
-0.8873090	0.3983700
-0.6535590	0.8769960
-0.1939990	1.1759900
0.3643630	1.1995600
0.8626480	0.9361000
1.1628500	0.4599140
1.1893200	-0.0975085
0.9442190	-0.5913130
0.4967310	-0.9029800
-0.0427117	-0.9636970
-0.5496620	-0.7609670
-0.9075830	-0.3356350
-1.0259900	0.2245010
-0.8589170	0.7950960
-0.4228000	1.2353300
0.1949220	1.4206600
0.8475350	1.2819600
1.3652200	0.8353280
1.6065000	0.1860900
1.5049200	-0.4995100
1.0906900	-1.0458000
0.4780400	-1.3212900
-0.1742710	-1.2732000
-0.7108690	-0.9325580
-1.0172700	-0.3944660
-1.0380700	0.2125220
-0.7785220	0.7550400
-0.2977910	1.1167000
0.3008100	1.2157500
0.8842140	1.0221600
1.3136400	0.5714480
1.4788400	-0.0336958
1.3336100	-0.6430160
0.9167450	-1.0994800
0.3450000	-1.2884700
-0.2229950	-1.1751100
-0.6384010	-0.8128770
-0.8076240	-0.3203950
-0.7138150	0.1614730
-0.4098270	0.5125740
0.0081078	0.6605160
0.4307620	0.5875690
0.7592350	0.3238400
0.9194580	-0.0638992
0.8725720	-0.4834050
0.6247640	-0.8308940
0.2334580	-1.0123800
-0.1985690	-0.9714490
-0.5473520	-0.7136430
-0.7066050	-0.3134200
-0.6267020	0.1051030
-0.3353300	0.4093690
0.0713827	0.5048170
0.4639190	0.3660630
0.7243020	0.0402826
0.7812750	-0.3753010
0.6238380	-0.7680930
0.2940210	-1.0409500
-0.1310490	-1.1302900
-0.5574620	-1.0126200
-0.8895670	-0.7059950
-1.0449400	-0.2699220
-0.9730550	0.1990170
-0.6751710	0.5828120
-0.2157180	0.7716480
0.2861800	0.7005010
0.6884570	0.3772020
0.8717950	-0.1134490
0.7803920	-0.6347400
0.4397180	-1.0428600
-0.0556750	-1.2322400
-0.5765600	-1.1630400
-0.9987700	-0.8634690
-1.2327200	-0.4120990
-1.2365800	0.0870346
-1.0169100	0.5265490
-0.6240310	0.8124890
-0.1454320	0.8793590
0.3058090	0.7060940
0.6127990	0.3292470
0.6864560	-0.1561090
0.4974200	-0.6158700
0.0929624	-0.9155260
-0.4127170	-0.9647580
-0.8743090	-0.7488570
-1.1633000	-0.3325720
-1.2077600	0.1647540
-1.0086400	0.6102430
-0.6302650	0.8964550
-0.1742880	0.9647510
0.2488420	0.8104290
0.5419230	0.4760100
0.6357920	0.0405367
0.5009580	-0.3924020
0.1579860	-0.7110850
-0.3178790	-0.8200050
-0.8062100	-0.6692980
-1.1697000	-0.2782270
-1.2957500	0.2609930
-1.1358600	0.8061560
-0.7247890	1.2089000
-0.1700590	1.3621400
0.3839180	1.2315600
0.8008250	0.8599660
0.9883670	0.3469580
0.9146260	-0.1832530
0.6058390	-0.6120080
0.1339750	-0.8470460
-0.3981530	-0.8351530
-0.8725630	-0.5710250
-1.1758000	-0.1032650
-1.2246200	0.4676100
-0.9926660	1.0062000
-0.5265250	1.3758000
0.0604700	1.4797700
0.6193700	1.2941000
1.0116500	0.8759530
1.1515100	0.3433220
1.0273600	-0.1650090
0.6960400	-0.5314870
0.2568890	-0.6875560
-0.1800270	-0.6208900
-0.5189580	-0.3668230
-0.6926700	0.0062823
-0.6693200	0.4109450
-0.4570110	0.7537690
-0.1062220	0.9518780
0.2952930	0.9537890
0.6409340	0.7589020
0.8361260	0.4246480
0.8312630	0.0528046
0.6413760	-0.2436450
0.3414070	-0.3804180
0.0377625	-0.3307990
-0.1709470	-0.1307950
-0.2262240	0.1398030
-0.1225880	0.3890980
0.0999449	0.5421310
0.3749390	0.5571010
0.6290010	0.4282560
0.7957020	0.1817210
0.8253090	-0.1297400
0.6947430	-0.4326720
0.4185920	-0.6442000
0.0555287	-0.6923130
-0.2985770	-0.5418510
-0.5351360	-0.2151400
-0.5690650	0.2055490
-0.3719640	0.5995200
0.0137071	0.8466750
0.4869810	0.8677960
0.9217220	0.6489780
1.2057600	0.2416700
1.2700700	-0.2578310
1.1000400	-0.7373600
0.7313180	-1.0944400
0.2380060	-1.2533200
-0.2806260	-1.1755300
-0.7145290	-0.8678760
-0.9619090	-0.3874990
-0.9539710	0.1615450
-0.6794660	0.6467930
-0.1973950	0.9411120
0.3724250	0.9620020
0.8820010	0.7003740
1.2000600	0.2251280
1.2511900	-0.3393830
1.0340000	-0.8530770
0.6135050	-1.2001300
0.0955352	-1.3147700
-0.4037850	-1.1881100
-0.7824650	-0.8607250
-0.9680330	-0.4094880
-0.9269840	0.0663817
-0.6716430	0.4607180
-0.2629420	0.6804800
0.1968030	0.6698730
0.5859720	0.4310950
0.7978990	0.0304352
0.7756890	-0.4177770
0.5321730	-0.7865520
0.1448850	-0.9774980
-0.2722750	-0.9506200
-0.6077800	-0.7310360
-0.7849580	-0.3928240
-0.7770910	-0.0306225
-0.6045110	0.2674630
-0.3212900	0.4372190
-0.0003405	0.4458680
0.2792880	0.2946600
0.4449180	0.0199795
0.4457650	-0.3089110
0.2701200	-0.6009340
-0.0433929	-0.7659610
-0.4098540	-0.7444590
-0.7212360	-0.5318910
-0.8822360	-0.1848930
-0.8439650	0.1961450
-0.6203170	0.5016500
-0.2802840	0.6494050
0.0785345	0.6077530
0.3618070	0.3983850
0.5025800	0.0824251
0.4718500	-0.2600350
0.2782600	-0.5479860
-0.0367623	-0.7124540
-0.4048920	-0.7071310
-0.7396850	-0.5195690
-0.9525310	-0.1808680
-0.9763980	0.2332310
-0.7906300	0.6167200
-0.4348880	0.8630800
-0.0023894	0.9007220
0.3880870	0.7188680
0.6308930	0.3716610
0.6665390	-0.0413428
0.4960200	-0.4087900
0.1734900	-0.6402300
-0.2153510	-0.6861690
-0.5775860	-0.5425440
-0.8318620	-0.2446350
-0.9203920	0.1426190
-0.8175660	0.5348110
-0.5375060	0.8408380
-0.1377860	0.9814190
0.2871300	0.9119790
0.6270790	0.6418550
0.7886080	0.2388430
0.7268120	-0.1873300
0.4621820	-0.5189020
0.0739091	-0.6680600
-0.3276590	-0.6030700
-0.6368170	-0.3528280
-0.7815600	0.0088928
-0.7367210	0.3893190
-0.5215460	0.7008610
-0.1887300	0.8770380
0.1879930	0.8808030
0.5255330	0.7094420
0.7448850	0.3978880
0.7887010	0.0172722
0.6402230	-0.3368390
0.3351550	-0.5685340
-0.0426813	-0.6120320
-0.3847410	-0.4560800
-0.5929770	-0.1500110
-0.6123300	0.2128510
-0.4465170	0.5275560
-0.1516250	0.7112750
0.1870460	0.7248220
0.4826630	0.5762880
0.6679610	0.3106280
0.7055340	-0.0060477
0.5901490	-0.3006290
0.3480140	-0.5044790
0.0346430	-0.5651470
-0.2718680	-0.4600510
-0.4864300	-0.2085840
-0.5411320	0.1252040
-0.4103450	0.4459440
-0.1247750	0.6554200
0.2346040	0.6861290
0.5624680	0.5253440
0.7644260	0.2187710
0.7865480	-0.1471110
0.6278540	-0.4747490
0.3339670	-0.6838550
-0.0210635	-0.7286430
-0.3548460	-0.6022850
-0.5924170	-0.3332410
-0.6775720	0.0211026
-0.5828260	0.3821860
-0.3189720	0.6623000
0.0598420	0.7836390
0.4623430	0.7018820
0.7814050	0.4254740
0.9260450	0.0198293
0.8521280	-0.4091090
0.5780980	-0.7475040
0.1783500	-0.9094110
-0.2424360	-0.8610330
-0.5820450	-0.6251550
-0.7671870	-0.2675800
-0.7661280	0.1251230
-0.5883800	0.4666120
-0.2774610	0.6856320
0.0980420	0.7359080
0.4545500	0.6042440
0.7075910	0.3169990
0.7914030	-0.0595410
0.6799680	-0.4306400
0.4002600	-0.6976630
0.0287343	-0.7889410
-0.3310520	-0.6843170
-0.5820640	-0.4218180
-0.6646440	-0.0829619
-0.5718840	0.2363710
-0.3450630	0.4562200
-0.0544883	0.5321260
0.2234710	0.4596610
0.4241360	0.2676630
0.5043030	0.0074018
0.4469060	-0.2575430
0.2641550	-0.4610330
-0.0010157	-0.5467420
-0.2794820	-0.4838240
-0.4907570	-0.2811110
-0.5670420	0.0086227
-0.4782540	0.3005960
-0.2461790	0.5046930
0.0605533	0.5567840
0.3497880	0.4409770
0.5373460	0.1931690
0.5730040	-0.1142110
0.4514420	-0.3975680
0.2073140	-0.5859290
-0.0990648	-0.6354250
-0.3972510	-0.5338850
-0.6191750	-0.2997950
-0.7095220	0.0204991
-0.6367710	0.3576550
-0.4046550	0.6299320
-0.0588921	0.7619330
0.3179070	0.7081960
0.6263910	0.4723520
0.7808210	0.1114560
0.7377820	-0.2792810
0.5105910	-0.5964680
0.1631960	-0.7608390
-0.2126620	-0.7387220
-0.5259760	-0.5459230
-0.7091380	-0.2363900
-0.7289450	0.1160140
-0.5874010	0.4344890
-0.3175270	0.6518820
0.0222827	0.7205730
0.3561530	0.6221360
0.6040910	0.3756690
0.7016880	0.0394609
0.6212360	-0.2997170
0.3847950	-0.5502500
0.0607959	-0.6450130
-0.2571060	-0.5641280
-0.4810960	-0.3406650
-0.5569790	-0.0468277
-0.4774870	0.2323220
-0.2778690	0.4254620
-0.0192090	0.4918140
0.2309910	0.4251100
0.4136950	0.2485610
0.4871680	0.0068479
0.4326040	-0.2416680
0.2590660	-0.4338160
0.0063228	-0.5144190
-0.2593120	-0.4527410
-0.4600040	-0.2569460
-0.5303860	0.0219811
-0.4417950	0.3024030
-0.2153040	0.4980440
0.0837241	0.5476440
0.3679200	0.4353940
0.5570960	0.1938110
0.6018630	-0.1103040
0.4936150	-0.3985410
0.2607810	-0.6019240
-0.0427040	-0.6741630
-0.3500950	-0.5971780
-0.5928860	-0.3825460
-0.7117160	-0.0713047
-0.6692250	0.2694850
-0.4634200	0.5573910
-0.1354650	0.7142540
0.2352020	0.6905770
0.5509710	0.4849200
0.7258730	0.1483230
0.7133520	-0.2302230
0.5201780	-0.5519830
0.2012750	-0.7385410
-0.1605480	-0.7518460
-0.4798380	-0.5986680
-0.6887640	-0.3219600
-0.7479280	0.0136088
-0.6493600	0.3355840
-0.4157760	0.5753020
-0.0980123	0.6789880
0.2313500	0.6198780
0.4915100	0.4089090
0.6141920	0.0978189
0.5657760	-0.2309680
0.3610560	-0.4875770
0.0606334	-0.6033720
-0.2487560	-0.5531430
-0.4831010	-0.3611400
-0.5868410	-0.0891984
-0.5455640	0.1862720
-0.3832740	0.3975350
-0.1493080	0.5005840
0.0970270	0.4799430
0.2986290	0.3467430
0.4091680	0.1346620
0.4006600	-0.1047880
0.2713720	-0.3098940
0.0512843	-0.4220230
-0.2004290	-0.4033730
-0.4095940	-0.2527620
-0.5104270	-0.0107581
-0.4692000	0.2509730
-0.2972420	0.4534800
-0.0467922	0.5376400
0.2083000	0.4828100
0.3977610	0.3099280
0.4750570	0.0701934
0.4260830	-0.1731730
0.2669480	-0.3615620
0.0361285	-0.4515890
-0.2139940	-0.4205490
-0.4250280	-0.2699010
-0.5420920	-0.0279179
-0.5267690	0.2512070
-0.3712050	0.4962220
-0.1067590	0.6370750
0.1997800	0.6278870
0.4644250	0.4650560
0.6129630	0.1912160
0.6055450	-0.1180210
0.4483770	-0.3791310
0.1884940	-0.5266050
-0.1041060	-0.5295200
-0.3578010	-0.3946050
-0.5158910	-0.1587030
-0.5453110	0.1229590
-0.4395290	0.3878040
-0.2190340	0.5755950
0.0698186	0.6389000
0.3603300	0.5552050
0.5785870	0.3374580
0.6636110	0.0366610
0.5882380	-0.2686150
0.3712020	-0.4949160
0.0733444	-0.5808850
-0.2218740	-0.5071580
-0.4355490	-0.3007390
-0.5167210	-0.0230314
-0.4534140	0.2516750
-0.2698410	0.4573710
-0.0147555	0.5500500
0.2520860	0.5127580
0.4711430	0.3551930
0.5922100	0.1113610
0.5836210	-0.1643840
0.4417830	-0.4056240
0.1973070	-0.5486070
-0.0879420	-0.5513330
-0.3359670	-0.4098420
-0.4766310	-0.1631860
-0.4713060	0.1173670
-0.3257310	0.3516690
-0.0863784	0.4768210
0.1772330	0.4652010
0.3955540	0.3282680
0.5176220	0.1075500
0.5199800	-0.1404290
0.4067580	-0.3582340
0.2052810	-0.4974530
-0.0392559	-0.5256630
-0.2701240	-0.4327680
-0.4289010	-0.2365420
-0.4699410	0.0163868
-0.3762040	0.2586770
-0.1692570	0.4204600
0.0934336	0.4523050
0.3354070	0.3433380
0.4864380	0.1257920
0.5054590	-0.1364860
0.3916700	-0.3701970
0.1806590	-0.5154050
-0.0703286	-0.5402020
-0.2999190	-0.4440930
-0.4563010	-0.2529550
-0.5051540	-0.0108732
-0.4339050	0.2278620
-0.2547200	0.4069770
-0.0057291	0.4788580
0.2530350	0.4177340
0.4521600	0.2313210
0.5327140	-0.0358060
0.4667070	-0.3119040
0.2688570	-0.5195020
-0.0067878	-0.6006380
-0.2846910	-0.5352220
-0.4923750	-0.3451120
-0.5812880	-0.0836607
-0.5367450	0.1828500
-0.3761360	0.3932920
-0.1400070	0.5036630
0.1183680	0.4924580
0.3421350	0.3623340
0.4796490	0.1403630
0.4947980	-0.1240040
0.3781440	-0.3664440
0.1543570	-0.5226220
-0.1199510	-0.5475960
-0.3706530	-0.4323100
-0.5291130	-0.2088910
-0.5546710	0.0590958
-0.4468990	0.2979660
-0.2428020	0.4475690
-0.0015871	0.4775530
0.2149890	0.3912360
0.3584400	0.2187850
0.4015230	0.0056376
0.3395970	-0.1982750
0.1890510	-0.3466620
-0.0150337	-0.4039500
-0.2231410	-0.3531060
-0.3803110	-0.2030370
-0.4405800	0.0088890
-0.3829980	0.2238150
-0.2218750	0.3783570
-0.0047796	0.4260850
0.2027090	0.3542500
0.3395900	0.1879040
0.3695310	-0.0203172
0.2902170	-0.2094390
0.1297480	-0.3293830
-0.0657440	-0.3528770
-0.2462440	-0.2780220
-0.3685580	-0.1244730
-0.4027340	0.0723498
-0.3363870	0.2669290
-0.1786720	0.4104110
0.0374817	0.4606300
0.2587440	0.3949760
0.4232960	0.2215640
0.4796180	-0.0179385
0.4052920	-0.2579870
0.2170370	-0.4294580
-0.0335201	-0.4826620
-0.2769700	-0.4032440
-0.4485420	-0.2147180
-0.5064200	0.0318461
-0.4399340	0.2747750
-0.2675530	0.4577840
-0.0290118	0.5405440
0.2237480	0.5038820
0.4350050	0.3521710
0.5542890	0.1142990
0.5474060	-0.1583550
0.4079410	-0.4001870
0.1642070	-0.5470870
-0.1240040	-0.5560720
-0.3807730	-0.4211290
-0.5371920	-0.1774240
-0.5531890	0.1091380
-0.4289510	0.3630630
-0.2019620	0.5221450
0.0674654	0.5531610
0.3146610	0.4561790
0.4858250	0.2592540
0.5467820	0.0086937
0.4864270	-0.2407230
0.3176280	-0.4344930
0.0765158	-0.5275850
-0.1817470	-0.4949310
-0.3934080	-0.3408900
-0.5026740	-0.1025970
-0.4796080	0.1573000
-0.3316360	0.3684120
-0.1024010	0.4749150
0.1426300	0.4531800
0.3378670	0.3172960
0.4373240	0.1110670
0.4249400	-0.1085280
0.3136440	-0.2884330
0.1368270	-0.3910350
-0.0620781	-0.3986720
-0.2381990	-0.3136240
-0.3519530	-0.1566630
-0.3758470	0.0352639
-0.3020020	0.2143000
-0.1478070	0.3320580
0.0448871	0.3540200
0.2200200	0.2727520
0.3251120	0.1130350
0.3297070	-0.0751476
0.2360680	-0.2338760
0.0771323	-0.3173950
-0.0968394	-0.3062900
-0.2361400	-0.2104540
-0.3060490	-0.0616996
-0.2932450	0.0985438
-0.2047520	0.2304090
-0.0632451	0.3027240
0.0978842	0.2970170
0.2392630	0.2107340
0.3220350	0.0602644
0.3175360	-0.1186800
0.2182570	-0.2769140
0.0448729	-0.3650320
-0.1560790	-0.3504480
-0.3254200	-0.2309110
-0.4111110	-0.0374856
-0.3862240	0.1752470
-0.2572820	0.3476240
-0.0601262	0.4338110
0.1533970	0.4136500
0.3310840	0.2945650
0.4323560	0.1058100
0.4345120	-0.1101860
0.3348750	-0.3059320
0.1512710	-0.4361670
-0.0788100	-0.4659690
-0.3026270	-0.3801920
-0.4626120	-0.1915240
-0.5121760	0.0578154
-0.4318600	0.3046000
-0.2384760	0.4824970
0.0181286	0.5431090
0.2703900	0.4714070
0.4542250	0.2891720
0.5273440	0.0458635
0.4782110	-0.1978900
0.3245160	-0.3867730
0.1048250	-0.4819350
-0.1315570	-0.4658790
-0.3335330	-0.3433140
-0.4561920	-0.1402610
-0.4692670	0.0987064
-0.3658190	0.3172910
-0.1678950	0.4598760
0.0754436	0.4875280
0.3000600	0.3917950
0.4459500	0.1994840
0.4764540	-0.0350484
0.3893160	-0.2476490
0.2151290	-0.3847200
0.0048574	-0.4178730
-0.1871060	-0.3481670
-0.3171890	-0.2008360
-0.3602940	-0.0152934
-0.3113960	0.1646710
-0.1840760	0.2984090
-0.0081089	0.3546150
0.1743930	0.3177450
0.3164120	0.1940230
0.3778110	0.0136976
0.3386730	-0.1742330
0.2083520	-0.3156190
0.0247490	-0.3689870
-0.1575060	-0.3201290
-0.2855910	-0.1867040
-0.3257690	-0.0108503
-0.2722980	0.1563130
-0.1455510	0.2709760
0.0176578	0.3073490
0.1758210	0.2606130
0.2919610	0.1442310
0.3392280	-0.0147092
0.3045410	-0.1800710
0.1919040	-0.3119010
0.0246218	-0.3741720
-0.1566210	-0.3450560
-0.3024380	-0.2264360
-0.3693700	-0.0473025
-0.3353140	0.1427240
-0.2086440	0.2888260
-0.0261591	0.3493950
0.1596370	0.3094800
0.2981520	0.1838040
0.3555840	0.0092663
0.3218440	-0.1682600
0.2091360	-0.3066090
0.0456565	-0.3755310
-0.1315490	-0.3603270
-0.2827630	-0.2631270
-0.3717400	-0.1034050
-0.3733020	0.0831881
-0.2817240	0.2502250
-0.1163190	0.3515800
0.0803044	0.3559380
0.2532480	0.2589890
0.3526970	0.0870404
0.3506700	-0.1107350
0.2498620	-0.2786360
0.0810611	-0.3723000
-0.1087190	-0.3708060
-0.2713130	-0.2793490
-0.3694900	-0.1238710
-0.3831500	0.0578960
-0.3105590	0.2248980
-0.1672830	0.3394370
0.0157476	0.3732370
0.1960570	0.3140100
0.3274150	0.1713740
0.3718790	-0.0215125
0.3127920	-0.2140450
0.1629100	-0.3522020
-0.0373401	-0.3960160
-0.2321360	-0.3331970
-0.3683860	-0.1828160
-0.4120850	0.0123020
-0.3565390	0.2004360
-0.2206640	0.3362570
-0.0403386	0.3910090
0.1420860	0.3559600
0.2864180	0.2411040
0.3607770	0.0720530
0.3467290	-0.1137130
0.2442400	-0.2723940
0.0749078	-0.3627890
-0.1198770	-0.3579270
-0.2881710	-0.2554740
-0.3827340	-0.0814779
-0.3768160	0.1159900
-0.2735070	0.2819350
-0.1042360	0.3722980
0.0827665	0.3670670
0.2385340	0.2737960
0.3270500	0.1217290
0.3321650	-0.0491256
0.2576450	-0.1986820
0.1233030	-0.2942210
-0.0397402	-0.3148380
-0.1938280	-0.2546820
-0.3008910	-0.1256390
-0.3310340	0.0422462
-0.2722570	0.2054870
-0.1371730	0.3181480
0.0378533	0.3464750
0.2028440	0.2812480
0.3104850	0.1418530
0.3318370	-0.0303271
0.2647630	-0.1863590
0.1321620	-0.2855330
-0.0278318	-0.3060530
-0.1742680	-0.2477830
-0.2733210	-0.1285080
-0.3037120	0.0224861
-0.2587550	0.1705200
-0.1471020	0.2808860
0.0072693	0.3248240
0.1675270	0.2868560
0.2911040	0.1716470
0.3414490	0.0064626
0.3007960	-0.1641790
0.1781440	-0.2915420
0.0078377	-0.3388540
-0.1615350	-0.2937190
-0.2833520	-0.1713710
-0.3272690	-0.0079081
-0.2862350	0.1525710
-0.1750070	0.2708740
-0.0230801	0.3211730
0.1336400	0.2940530
0.2597040	0.1961100
0.3255260	0.0483419
0.3127320	-0.1162790
0.2197740	-0.2576580
0.0657113	-0.3372990
-0.1113600	-0.3298200
-0.2632750	-0.2330570
-0.3464330	-0.0714474
-0.3365700	0.1102580
-0.2371480	0.2612870
-0.0775793	0.3412670
0.0975484	0.3319460
0.2429690	0.2401450
0.3248640	0.0924821
0.3270440	-0.0740746
0.2514380	-0.2213720
0.1154980	-0.3167730
-0.0512143	-0.3379150
-0.2111640	-0.2769580
-0.3251530	-0.1442710
-0.3615900	0.0306648
-0.3068010	0.2040650
-0.1719640	0.3291060
0.0077773	0.3706150
0.1832800	0.3172300
0.3071170	0.1854060
0.3485290	0.0133099
0.3015210	-0.1524410
0.1837170	-0.2711510
0.0281422	-0.3179320
-0.1272480	-0.2868380
-0.2481410	-0.1887390
-0.3091810	-0.0470488
-0.2971920	0.1066300
-0.2137650	0.2371810
-0.0769616	0.3123770
0.0801355	0.3112650
0.2161920	0.2321270
0.2933630	0.0958191
0.2901070	-0.0587950
0.2093400	-0.1869210
0.0776711	-0.2528760
-0.0642713	-0.2416160
-0.1760240	-0.1619680
-0.2296880	-0.0411233
-0.2159960	0.0859433
-0.1433740	0.1868940
-0.0327271	0.2387770
0.0885371	0.2307470
0.1914460	0.1646020
0.2499200	0.0547475
0.2461000	-0.0727678
0.1764040	-0.1841070
0.0557782	-0.2457260
-0.0834119	-0.2353020
-0.1996700	-0.1511760
-0.2558360	-0.0152962
-0.2323350	0.1328530
-0.1342470	0.2493590
0.0109106	0.3004460
0.1631870	0.2723760
0.2830250	0.1734360
0.3415880	0.0289191
0.3258420	-0.1271560
0.2389630	-0.2598530
0.0983974	-0.3391850
-0.0668074	-0.3447830
-0.2198110	-0.2704750
-0.3224460	-0.1282080
-0.3447400	0.0512452
-0.2751420	0.2235510
-0.1269310	0.3423700
0.0633194	0.3738170
0.2459840	0.3079480
0.3737470	0.1621110
0.4158140	-0.0252659
0.3654620	-0.2073670
0.2390480	-0.3424960
0.0686884	-0.4034700
-0.1071110	-0.3811400
-0.2514480	-0.2834420
-0.3347400	-0.1324970
-0.3391990	0.0389392
-0.2629070	0.1923350
-0.1225000	0.2907830
0.0480946	0.3086360
0.2048940	0.2404040
0.3062410	0.1045290
0.3261110	-0.0610252
0.2626320	-0.2106530
0.1378860	-0.3058320
-0.0107693	-0.3265330
-0.1436340	-0.2750080
-0.2301580	-0.1717140
-0.2550860	-0.0467215
-0.2188630	0.0689926
-0.1346290	0.1496230
-0.0244488	0.1780050
0.0842745	0.1479660
0.1631610	0.0664025
0.1891140	-0.0460627
0.1517490	-0.1581190
0.0589474	-0.2357270
-0.0631993	-0.2532600
-0.1777170	-0.2033410
-0.2492350	-0.1004690
-0.2564070	0.0238084
-0.1987760	0.1321840
-0.0954440	0.1942150
0.0229290	0.1949420
0.1244010	0.1369100
0.1839290	0.0366625
0.1875270	-0.0811004
0.1332300	-0.1889100
0.0308125	-0.2608090
-0.0989297	-0.2765900
-0.2263550	-0.2268440
-0.3183830	-0.1177840
-0.3473810	0.0270749
-0.3009740	0.1711270
-0.1882980	0.2749540
-0.0388626	0.3092690
0.1064340	0.2650280
0.2086420	0.1561740
0.2427460	0.0140417
0.2036460	-0.1234950
0.1048850	-0.2231270
-0.0275748	-0.2634350
-0.1628320	-0.2374030
-0.2711570	-0.1516310
-0.3284640	-0.0243800
-0.3202840	0.1168940
-0.2457740	0.2395280
-0.1204440	0.3124040
0.0250843	0.3148800
0.1520380	0.2447970
0.2250650	0.1213610
0.2241760	-0.0196615
0.1517530	-0.1373610
0.0313534	-0.1991020
-0.1010060	-0.1903030
-0.2088880	-0.1170030
-0.2656380	-0.0014204
-0.2595450	0.1261960
-0.1939250	0.2355300
-0.0843562	0.3018320
0.0447967	0.3094550
0.1640700	0.2545690
0.2438270	0.1473780
0.2611790	0.0123819
0.2076880	-0.1155300
0.0945477	-0.1999300
-0.0482925	-0.2144410
-0.1802670	-0.1524130
-0.2630760	-0.0300608
-0.2730780	0.1187210
-0.2080560	0.2536580
-0.0861243	0.3405060
0.0616154	0.3597040
0.2006100	0.3090950
0.3008280	0.2017060
0.3416340	0.0612982
0.3143330	-0.0822515
0.2236860	-0.1975340
0.0885262	-0.2571300
-0.0600608	-0.2443770
-0.1846850	-0.1596820
-0.2515600	-0.0230865
-0.2413720	0.1296180
-0.1564360	0.2571250
-0.0204594	0.3256340
0.1293990	0.3192720
0.2547570	0.2436870
0.3272550	0.1220300
0.3347380	-0.0138767
0.2813720	-0.1328460
0.1837030	-0.2108570
0.0655962	-0.2341650
-0.0462287	-0.2003250
-0.1262620	-0.1185050
-0.1549500	-0.0089852
-0.1241360	0.0996809
-0.0412960	0.1770730
0.0704076	0.2000140
0.1780030	0.1610320
0.2492840	0.0719752
0.2639240	-0.0396168
0.2201900	-0.1402550
0.1343640	-0.2020600
0.0336932	-0.2111460
-0.0533497	-0.1698990
-0.1051500	-0.0935889
-0.1109490	-0.0042638
-0.0711092	0.0749872
0.0044023	0.1240600
0.0977946	0.1287770
0.1856780	0.0838884
0.2430450	-0.0039811
0.2496870	-0.1152790
0.1975960	-0.2206750
0.0959702	-0.2890390
-0.0295119	-0.2979520
-0.1440840	-0.2422920
-0.2153750	-0.1367330
-0.2241130	-0.0108160
-0.1695880	0.1010930
-0.0682062	0.1703970
0.0530567	0.1813010
0.1647020	0.1327250
0.2411640	0.0363150
0.2647610	-0.0870961
0.2280470	-0.2110890
0.1356150	-0.3075510
0.0050450	-0.3518840
-0.1347340	-0.3296010
-0.2492630	-0.2423170
-0.3080970	-0.1098980
-0.2949240	0.0336661
-0.2138080	0.1502010
-0.0883380	0.2094700
0.0462322	0.1984370
0.1543900	0.1240170
0.2104810	0.0089543
0.2040410	-0.1163750
0.1397680	-0.2223360
0.0340730	-0.2859200
-0.0893044	-0.2938310
-0.2033900	-0.2439560
-0.2822200	-0.1461870
-0.3060940	-0.0220323
-0.2674190	0.0985651
-0.1749290	0.1841830
-0.0533266	0.2113570
0.0630529	0.1729590
0.1409950	0.0814599
0.1593320	-0.0349510
0.1153750	-0.1419770
0.0243731	-0.2103590
-0.0870188	-0.2239500
-0.1897040	-0.1822120
-0.2596990	-0.0976987
-0.2823350	0.0088900
-0.2535080	0.1135860
-0.1795510	0.1931220
-0.0765811	0.2286650
0.0312898	0.2100840
0.1162810	0.1400570
0.1541330	0.0357914
0.1323030	-0.0739398
0.0555620	-0.1568480
-0.0542431	-0.1877170
-0.1649820	-0.1570960
-0.2449680	-0.0742133
-0.2730220	0.0370154
-0.2438540	0.1466330
-0.1674480	0.2278380
-0.0641051	0.2632640
0.0417714	0.2471960
0.1268070	0.1848750
0.1722630	0.0907077
0.1670140	-0.0138323
0.1105270	-0.1032820
0.0149857	-0.1533120
-0.0954883	-0.1476400
-0.1900880	-0.0844735
-0.2403990	0.0208936
-0.2300820	0.1395870
-0.1608690	0.2381560
-0.0519825	0.2895370
0.0667370	0.2813500
0.1647370	0.2183690
0.2194150	0.1190830
0.2206620	0.0089254
0.1710610	-0.0865177
0.0834978	-0.1463520
-0.0218987	-0.1572760
-0.1208430	-0.1156240
-0.1887570	-0.0290314
-0.2061350	0.0832578
-0.1646950	0.1932140
-0.0717995	0.2707910
0.0497321	0.2931490
0.1676550	0.2527270
0.2504310	0.1603410
0.2773750	0.0416024
0.2445540	-0.0718461
0.1643790	-0.1523150
0.0599873	-0.1832460
-0.0423625	-0.1615820
-0.1196700	-0.0960182
-0.1559540	-0.0033929
-0.1439560	0.0949267
-0.0860384	0.1763190
0.0053631	0.2206810
0.1087960	0.2152010
0.1977870	0.1590900
0.2479490	0.0658092
0.2451020	-0.0394551
0.1908510	-0.1272670
0.1025770	-0.1737620
0.0074005	-0.1686280
-0.0673169	-0.1177560
-0.1026990	-0.0397974
-0.0929009	0.0411558
-0.0445648	0.1031640
0.0271447	0.1314490
0.1033030	0.1201820
0.1650540	0.0721997
0.1964870	-0.0018728
0.1874980	-0.0848050
0.1369750	-0.1552060
0.0551663	-0.1922610
-0.0369271	-0.1822860
-0.1125180	-0.1247050
-0.1475080	-0.0341984
-0.1292310	0.0628957
-0.0614860	0.1370860
0.0365724	0.1656460
0.1371110	0.1397210
0.2126650	0.0660160
0.2437380	-0.0367166
0.2225980	-0.1439000
0.1533320	-0.2311990
0.0497777	-0.2788960
-0.0671431	-0.2748110
-0.1724170	-0.2166240
-0.2410790	-0.1137450
-0.2539750	0.0125540
-0.2040680	0.1324370
-0.1006240	0.2147650
0.0314899	0.2364990
0.1582540	0.1905680
0.2467340	0.0886204
0.2750330	-0.0427461
0.2380160	-0.1705660
0.1470660	-0.2651520
0.0250372	-0.3071390
-0.1006710	-0.2902550
-0.2041800	-0.2205020
-0.2652790	-0.1136050
-0.2721730	0.0079513
-0.2236410	0.1182990
-0.1304400	0.1927640
-0.0145547	0.2137640
0.0950968	0.1765150
0.1703730	0.0918510
0.1926430	-0.0160497
0.1588910	-0.1170070
0.0822967	-0.1845700
-0.0130219	-0.2040590
-0.1006010	-0.1757300
-0.1597040	-0.1124220
-0.1798850	-0.0337217
-0.1613750	0.0402562
-0.1127360	0.0932290
-0.0478392	0.1148930
0.0167463	0.1018870
0.0643042	0.0585067
0.0813374	-0.0030930
0.0617222	-0.0645247
0.0100913	-0.1056240
-0.0578802	-0.1110730
-0.1196560	-0.0766173
-0.1535410	-0.0116827
-0.1467440	0.0633935
-0.1001230	0.1246160
-0.0274876	0.1528290
0.0498450	0.1397430
0.1103810	0.0893591
0.1384380	0.0152250
0.1270490	-0.0642805
0.0781130	-0.1303500
0.0012218	-0.1669140
-0.0877714	-0.1630660
-0.1686670	-0.1155470
-0.2203220	-0.0310799
-0.2259680	0.0729509
-0.1791850	0.1712470
-0.0878674	0.2371530
0.0264299	0.2511600
0.1343920	0.2078380
0.2080810	0.1180010
0.2295410	0.0050697
0.1954290	-0.1026090
0.1164210	-0.1800330
0.0126395	-0.2113170
-0.0922136	-0.1917840
-0.1758460	-0.1272000
-0.2208210	-0.0317659
-0.2170990	0.0742158
-0.1642880	0.1672990
-0.0731264	0.2252800
0.0352910	0.2329130
0.1338510	0.1872800
0.1969230	0.1001350
0.2085390	-0.0047069
0.1677590	-0.0986402
0.0886892	-0.1574390
-0.0048450	-0.1685100
-0.0874322	-0.1334490
-0.1394630	-0.0655900
-0.1512180	0.0154554
-0.1232460	0.0894726
-0.0644322	0.1397180
0.0105659	0.1552460
0.0837858	0.1323790
0.1368300	0.0758940
0.1548120	-0.0006732
0.1310110	-0.0769732
0.0703900	-0.1308310
-0.0103130	-0.1452860
-0.0870776	-0.1149470
-0.1364640	-0.0485618
-0.1436600	0.0337421
-0.1072110	0.1074710
-0.0386084	0.1518980
0.0425124	0.1559190
0.1148960	0.1198100
0.1611370	0.0533793
0.1707230	-0.0276051
0.1410120	-0.1049200
0.0772831	-0.1608120
-0.0076054	-0.1809080
-0.0945398	-0.1576300
-0.1615490	-0.0934859
-0.1894860	-0.0024369
-0.1684730	0.0924439
-0.1022940	0.1652760
-0.0082440	0.1956380
0.0880908	0.1753820
0.1610940	0.1110120
0.1929300	0.0208020
0.1778690	-0.0716601
0.1221450	-0.1444450
0.0405514	-0.1822030
-0.0479938	-0.1782110
-0.1242670	-0.1343590
-0.1716930	-0.0603095
-0.1790770	0.0277362
-0.1434660	0.1093070
-0.0723105	0.1637870
0.0167847	0.1761220
0.0999496	0.1422340
0.1540720	0.0714681
0.1644320	-0.0156951
0.1296370	-0.0942508
0.0616221	-0.1429040
-0.0190959	-0.1504550
-0.0905162	-0.1179630
-0.1354530	-0.0566193
-0.1449710	0.0168066
-0.1188140	0.0845906
-0.0641001	0.1314020
0.0064097	0.1464880
0.0761708	0.1254770
0.1275170	0.0720719
0.1457070	-0.0012843
0.1237210	-0.0752080
0.0658424	-0.1282940
-0.0122606	-0.1439920
-0.0878771	-0.1166840
-0.1387030	-0.0540512
-0.1503020	0.0255483
-0.1204040	0.0995163
-0.0585330	0.1483240
0.0181745	0.1607040
0.0905484	0.1352920
0.1420310	0.0792950
0.1614110	0.0058308
0.1441170	-0.0687287
0.0929528	-0.1272450
0.0184574	-0.1547770
-0.0619938	-0.1423440
-0.1274460	-0.0905806
-0.1590210	-0.0113383
-0.1462890	0.0744708
-0.0915456	0.1428730
-0.0097095	0.1746060
0.0764921	0.1614150
0.1440180	0.1082040
0.1764710	0.0304610
0.1678930	-0.0513636
0.1227190	-0.1178290
0.0530532	-0.1546960
-0.0248253	-0.1548320
-0.0935377	-0.1186180
-0.1372760	-0.0538014
-0.1446980	0.0251691
-0.1121320	0.0991453
-0.0460041	0.1483840
0.0373010	0.1582700
0.1152480	0.1246420
0.1659480	0.0561171
0.1753950	-0.0281744
0.1420120	-0.1048310
0.0765770	-0.1537920
-0.0021260	-0.1641200
-0.0736543	-0.1359600
-0.1214680	-0.0787716
-0.1360370	-0.0075372
-0.1155280	0.0610690
-0.0651808	0.1116190
0.0036943	0.1322320
0.0751400	0.1168790
0.1311930	0.0676214
0.1561650	-0.0043672
0.1417040	-0.0804840
0.0905128	-0.1395840
0.0165317	-0.1647510
-0.0591680	-0.1491850
-0.1153740	-0.0985194
-0.1376410	-0.0284819
-0.1222540	0.0408493
-0.0760266	0.0914932
-0.0128424	0.1121220
0.0509278	0.0996338
0.1002370	0.0583665
0.1237730	-0.0016677
0.1154980	-0.0666065
0.0759740	-0.1207680
0.0133141	-0.1495750
-0.0573277	-0.1435010
-0.1168210	-0.1019150
-0.1475510	-0.0348018
-0.1395400	0.0392526
-0.0944610	0.0987055
-0.0254746	0.1262540
0.0472471	0.1145140
0.1032950	0.0678435
0.1281630	-0.0000335
0.1165150	-0.0709866
0.0721538	-0.1276140
0.0058061	-0.1568510
-0.0676820	-0.1517760
-0.1319250	-0.1123550
-0.1715640	-0.0457650
-0.1753700	0.0339563
-0.1397140	0.1078830
-0.0711020	0.1564460
0.0140374	0.1652470
0.0932572	0.1303090
0.1448280	0.0602377
0.1547340	-0.0260887
0.1209750	-0.1055410
0.0535132	-0.1579360
-0.0297011	-0.1714830
-0.1084700	-0.1447810
-0.1654300	-0.0855425
-0.1891310	-0.0075811
-0.1752310	0.0723790
-0.1267000	0.1374550
-0.0535824	0.1732670
0.0280643	0.1709530
0.0988967	0.1301150
0.1409570	0.0603153
0.1431760	-0.0204168
0.1054590	-0.0904281
0.0392117	-0.1311880
-0.0363367	-0.1332060
-0.1005750	-0.0985850
-0.1379390	-0.0392990
-0.1417660	0.0276180
-0.1145790	0.0855453
-0.0656660	0.1222470
-0.0077371	0.1315520
0.0459075	0.1133500
0.0834245	0.0729888
0.0962588	0.0205357
0.0811933	-0.0305584
0.0421229	-0.0661498
-0.0097531	-0.0754424
-0.0584348	-0.0550779
-0.0881265	-0.0112088
-0.0889223	0.0419751
-0.0605832	0.0870974
-0.0125461	0.1098220
0.0398158	0.1036840
0.0808064	0.0715635
0.0993242	0.0236542
0.0913111	-0.0265195
0.0595700	-0.0660201
0.0120643	-0.0850902
-0.0400343	-0.0784437
-0.0840867	-0.0459986
-0.1079560	0.0065097
-0.1027530	0.0675113
-0.0660578	0.1212270
-0.0042416	0.1515020
0.0678547	0.1470640
0.1306520	0.1060900
0.1659920	0.0377842
0.1632570	-0.0401209
0.1228040	-0.1070450
0.0553917	-0.1459730
-0.0217438	-0.1480150
-0.0901330	-0.1137910
-0.1345090	-0.0519857
-0.1454150	0.0234660
-0.1202250	0.0962763
-0.0633711	0.1503960
0.0139003	0.1726930
0.0947602	0.1559970
0.1598080	0.1019140
0.1919220	0.0219304
0.1816540	-0.0645534
0.1309100	-0.1353930
0.0529740	-0.1724460
-0.0315158	-0.1672090
-0.1010630	-0.1230080
-0.1395850	-0.0530895
-0.1401380	0.0241373
-0.1052960	0.0904436
-0.0450193	0.1317790
0.0263986	0.1403020
0.0931794	0.1149610
0.1405530	0.0614306
0.1573410	-0.0084544
0.1387520	-0.0783451
0.0885866	-0.1307460
0.0194101	-0.1518060
-0.0502938	-0.1359610
-0.1015920	-0.0883009
-0.1212140	-0.0231963
-0.1057150	0.0405065
-0.0619540	0.0857099
-0.0039366	0.1020790
0.0522069	0.0880476
0.0928406	0.0497202
0.1095310	-0.0020283
0.0997480	-0.0546052
0.0664391	-0.0960317
0.0173075	-0.1167000
-0.0361478	-0.1111270
-0.0804575	-0.0797610
-0.1033320	-0.0300214
-0.0976017	0.0246735
-0.0643333	0.0684257
-0.0133261	0.0880532
0.0397977	0.0778366
0.0789407	0.0415904
0.0930148	-0.0089423
0.0792017	-0.0585314
0.0428821	-0.0935871
-0.0051374	-0.1058190
-0.0523607	-0.0934321
-0.0876722	-0.0603227
-0.1031310	-0.0144528
-0.0949050	0.0337044
-0.0640081	0.0726672
