jMRUI Data Textfile

Filename: Tau.txt

PointsInDataset: 2048      
DatasetsInFile: 1         
SamplingInterval: 2.5E-1    
ZeroOrderPhase: 0E0       
BeginTime: 0E0       
TransmitterFrequency: 1.2322E8  
MagneticField: 2.9E0     
TypeOfNucleus: 0E0       
NameOfPatient: Tau
DateOfExperiment: 
Spectrometer: 
AdditionalInfo: Tau
SignalNames: Tau.txt;


Signal and FFT
sig(real)	sig(imag)	fft(real)	fft(imag)
Signal 1 out of 1 in file
3.9216200	-0.0000003
3.7485900	-1.0414600
3.2896800	-1.9548200
2.6352800	-2.6677100
1.8763200	-3.1721400
1.0631000	-3.4962000
0.2026840	-3.6568800
-0.7057740	-3.6313200
-1.6272700	-3.3693300
-2.4748100	-2.8376200
-3.1358600	-2.0618000
-3.5238200	-1.1331800
-3.6178100	-0.1733210
-3.4621500	0.7188540
-3.1272600	1.5001800
-2.6616400	2.1743800
-2.0709900	2.7507500
-1.3388000	3.2043200
-0.4710350	3.4697300
0.4712330	3.4747800
1.3784500	3.1892500
2.1360200	2.6521300
2.6742300	1.9562800
2.9892800	1.2012000
3.1216500	0.4478560
3.1097200	-0.2922360
2.9547100	-1.0281300
2.6236300	-1.7451800
2.0873500	-2.3813800
1.3639000	-2.8445500
0.5326700	-3.0588900
-0.2933180	-3.0072400
-1.0180500	-2.7377500
-1.6002300	-2.3303300
-2.0518900	-1.8477900
-2.4011500	-1.3078800
-2.6491400	-0.6955470
-2.7550400	-0.0043104
-2.6610800	0.7267820
-2.3387200	1.4108100
-1.8205800	1.9489700
-1.1930700	2.2796100
-0.5540400	2.4046300
0.0341626	2.3747000
0.5626740	2.2451200
1.0536300	2.0359800
1.5163100	1.7263000
1.9168600	1.2856500
2.1859200	0.7178330
2.2592100	0.0821346
2.1209900	-0.5257890
1.8174300	-1.0204800
1.4296900	-1.3672700
1.0261700	-1.5876400
0.6290840	-1.7268400
0.2191100	-1.8090600
-0.2271530	-1.8147000
-0.6968760	-1.6968500
-1.1299100	-1.4239700
-1.4465500	-1.0157600
-1.5940800	-0.5439340
-1.5776500	-0.0962536
-1.4524700	0.2703000
-1.2834400	0.5532170
-1.1023100	0.7884460
-0.8942620	1.0080600
-0.6227980	1.2046300
-0.2730700	1.3297000
0.1205240	1.3278400
0.4844330	1.1801700
0.7471080	0.9241520
0.8809400	0.6340390
0.9139840	0.3761020
0.9031300	0.1715080
0.8892830	-0.0060856
0.8683540	-0.1975460
0.7995710	-0.4158280
0.6440880	-0.6269550
0.4038580	-0.7692390
0.1305200	-0.7963880
-0.1031910	-0.7118640
-0.2485870	-0.5683470
-0.3092570	-0.4324260
-0.3316240	-0.3407450
-0.3654570	-0.2801230
-0.4244140	-0.2058870
-0.4764090	-0.0837149
-0.4707050	0.0773479
-0.3807490	0.2261670
-0.2297520	0.3043750
-0.0791475	0.2885390
0.0118333	0.2077330
0.0253885	0.1231470
-0.0060212	0.0849408
-0.0274625	0.0986130
-0.0046198	0.1257780
0.0504749	0.1181290
0.0903528	0.0583050
0.0710282	-0.0236902
-0.0109623	-0.0711776
-0.1118510	-0.0430301
-0.1697170	0.0545163
-0.1477170	0.1705950
-0.0591431	0.2450480
0.0442709	0.2499100
0.1116500	0.2060710
0.1300380	0.1630680
0.1312920	0.1578640
0.1639370	0.1842510
0.2517090	0.1963060
0.3706060	0.1433870
0.4622290	0.0101722
0.4736790	-0.1686110
0.3942170	-0.3300630
0.2613310	-0.4252600
0.1319820	-0.4501920
0.0409861	-0.4426370
-0.0219903	-0.4479470
-0.0996637	-0.4802250
-0.2286920	-0.5086820
-0.4051310	-0.4797320
-0.5804230	-0.3582130
-0.6914000	-0.1565300
-0.7020740	0.0703889
-0.6260840	0.2606700
-0.5133000	0.3850270
-0.4111230	0.4608490
-0.3299570	0.5308570
-0.2389350	0.6231780
-0.0948326	0.7236710
0.1181300	0.7818950
0.3682030	0.7465180
0.5914420	0.6035550
0.7313800	0.3886260
0.7736000	0.1639590
0.7496960	-0.0225838
0.7082200	-0.1658470
0.6751050	-0.2981970
0.6337370	-0.4554780
0.5397740	-0.6405900
0.3592700	-0.8128940
0.1009310	-0.9119990
-0.1823100	-0.8983330
-0.4240510	-0.7801750
-0.5848040	-0.6069530
-0.6721180	-0.4340380
-0.7259630	-0.2855980
-0.7811490	-0.1433010
-0.8357810	0.0311477
-0.8499440	0.2573490
-0.7757410	0.5113800
-0.5958750	0.7342100
-0.3414460	0.8675690
-0.0752216	0.8906640
0.1473190	0.8304900
0.3102420	0.7383750
0.4390030	0.6507890
0.5712690	0.5641190
0.7195360	0.4422670
0.8544390	0.2508960
0.9217880	-0.0081371
0.8806870	-0.2887700
0.7340410	-0.5257810
0.5283960	-0.6745130
0.3231770	-0.7358520
0.1523340	-0.7481880
0.0069673	-0.7530190
-0.1485740	-0.7606100
-0.3400280	-0.7418540
-0.5544190	-0.6523950
-0.7415100	-0.4705200
-0.8448490	-0.2197940
-0.8393160	0.0410659
-0.7470560	0.2538760
-0.6199930	0.3957620
-0.5022470	0.4873580
-0.4007800	0.5689110
-0.2861280	0.6629800
-0.1221540	0.7524010
0.0982807	0.7904460
0.3393000	0.7355260
0.5407490	0.5841460
0.6559890	0.3770370
0.6806000	0.1736430
0.6507260	0.0139414
0.6127010	-0.1039600
0.5871400	-0.2141120
0.5546960	-0.3488690
0.4740330	-0.5071070
0.3180720	-0.6489830
0.1006840	-0.7215160
-0.1267700	-0.6958020
-0.3068380	-0.5878400
-0.4119800	-0.4472860
-0.4584350	-0.3226240
-0.4879650	-0.2289210
-0.5317340	-0.1422220
-0.5839460	-0.0243208
-0.6052770	0.1413620
-0.5534470	0.3304180
-0.4176140	0.4896490
-0.2303830	0.5718940
-0.0481147	0.5674180
0.0858380	0.5083780
0.1675290	0.4432120
0.2289400	0.4004350
0.3077680	0.3691750
0.4137650	0.3109340
0.5174110	0.1933180
0.5696350	0.0198481
0.5377130	-0.1670580
0.4301920	-0.3124730
0.2919580	-0.3850530
0.1731330	-0.3958580
0.0951700	-0.3860100
0.0394917	-0.3928300
-0.0331170	-0.4202750
-0.1474840	-0.4360450
-0.2902560	-0.3974380
-0.4156140	-0.2861790
-0.4763430	-0.1256770
-0.4569060	0.0325458
-0.3836360	0.1431800
-0.3044710	0.1965060
-0.2536380	0.2209350
-0.2279220	0.2571700
-0.1922810	0.3238690
-0.1102370	0.4009980
0.0242631	0.4435480
0.1779040	0.4152190
0.2989360	0.3165320
0.3523560	0.1860700
0.3429100	0.0738421
0.3087880	0.0068231
0.2909840	-0.0274879
0.3016750	-0.0673668
0.3155230	-0.1437400
0.2903700	-0.2529970
0.2014730	-0.3565120
0.0631822	-0.4073490
-0.0784825	-0.3840230
-0.1768890	-0.3058540
-0.2161720	-0.2184100
-0.2194490	-0.1600920
-0.2279620	-0.1351160
-0.2671930	-0.1131520
-0.3257910	-0.0556315
-0.3632820	0.0514629
-0.3407150	0.1833690
-0.2509740	0.2918090
-0.1257820	0.3383400
-0.0140516	0.3207050
0.0521177	0.2724550
0.0782450	0.2363230
0.0996046	0.2316250
0.1509530	0.2403710
0.2370290	0.2224740
0.3263250	0.1483690
0.3729450	0.0241792
0.3500500	-0.1097660
0.2696490	-0.2060580
0.1738420	-0.2426120
0.1041830	-0.2360580
0.0723184	-0.2262410
0.0539637	-0.2438360
0.0105189	-0.2857410
-0.0783010	-0.3169230
-0.1957510	-0.2972760
-0.2975810	-0.2130850
-0.3427190	-0.0892130
-0.3220290	0.0272616
-0.2635540	0.0996630
-0.2104440	0.1260770
-0.1884070	0.1372750
-0.1873000	0.1700680
-0.1706810	0.2365460
-0.1058930	0.3126370
0.0082933	0.3547480
0.1375590	0.3319240
0.2347020	0.2492010
0.2720850	0.1445410
0.2595120	0.0616787
0.2342630	0.0193849
0.2310630	0.0002363
0.2548650	-0.0328642
0.2770890	-0.1052100
0.2580800	-0.2079250
0.1786810	-0.3018060
0.0569050	-0.3445860
-0.0629948	-0.3210820
-0.1409030	-0.2535550
-0.1678420	-0.1845610
-0.1694140	-0.1453660
-0.1833700	-0.1338000
-0.2285410	-0.1181590
-0.2888160	-0.0639850
-0.3243500	0.0367916
-0.3015020	0.1565880
-0.2188310	0.2499500
-0.1094550	0.2850560
-0.0179552	0.2652770
0.0307561	0.2246790
0.0472389	0.2010650
0.0662915	0.2070830
0.1174730	0.2212520
0.1999370	0.2055910
0.2807700	0.1363440
0.3181890	0.0243729
0.2920640	-0.0903188
0.2187610	-0.1659320
0.1391080	-0.1875290
0.0886445	-0.1755370
0.0726007	-0.1679070
0.0643750	-0.1896460
0.0284204	-0.2329100
-0.0500306	-0.2627190
-0.1510940	-0.2439180
-0.2328410	-0.1688640
-0.2609340	-0.0648284
-0.2329690	0.0245609
-0.1792260	0.0698802
-0.1393860	0.0755081
-0.1328930	0.0736573
-0.1453440	0.0976078
-0.1410550	0.1545960
-0.0921000	0.2189840
-0.0016545	0.2508850
0.0961436	0.2261360
0.1598110	0.1548960
0.1698380	0.0748050
0.1416530	0.0238679
0.1125970	0.0135044
0.1128970	0.0220081
0.1426670	0.0131435
0.1722980	-0.0344092
0.1658100	-0.1091950
0.1093550	-0.1742930
0.0231987	-0.1942820
-0.0519686	-0.1614490
-0.0840785	-0.1014640
-0.0722213	-0.0542504
-0.0457614	-0.0445580
-0.0408732	-0.0644260
-0.0723743	-0.0806613
-0.1222050	-0.0614846
-0.1532120	-0.0020199
-0.1377120	0.0707509
-0.0791265	0.1173450
-0.0102775	0.1148070
0.0303853	0.0734757
0.0266879	0.0288699
-0.0042526	0.0148930
-0.0260868	0.0386389
-0.0115856	0.0757864
0.0362444	0.0899216
0.0862529	0.0610241
0.1027880	0.0014616
0.0729250	-0.0526380
0.0166311	-0.0681022
-0.0278171	-0.0393099
-0.0321383	0.0078971
0.0013032	0.0358734
0.0420212	0.0234794
0.0550653	-0.0183551
0.0278139	-0.0554911
-0.0203894	-0.0570258
-0.0529973	-0.0192102
-0.0441620	0.0313008
0.0013876	0.0573108
0.0515480	0.0390060
0.0706837	-0.0111744
0.0460781	-0.0579203
-0.0029579	-0.0695297
-0.0401013	-0.0414414
-0.0396915	0.0009168
-0.0060767	0.0219984
0.0299727	0.0035728
0.0349846	-0.0411004
-0.0013915	-0.0770824
-0.0580348	-0.0740967
-0.0977936	-0.0294534
-0.0950248	0.0297624
-0.0544326	0.0668412
-0.0070408	0.0626668
0.0135435	0.0294443
-0.0034604	0.0006597
-0.0381459	0.0049986
-0.0554858	0.0440584
-0.0324503	0.0907499
0.0239089	0.1095770
0.0811122	0.0834206
0.1051180	0.0265720
0.0853615	-0.0258138
0.0420887	-0.0438136
0.0105507	-0.0246509
0.0141119	0.0060722
0.0466607	0.0146276
0.0775882	-0.0145510
0.0754777	-0.0665023
0.0324945	-0.1066560
-0.0290231	-0.1067460
-0.0727625	-0.0661011
-0.0751745	-0.0122309
-0.0425648	0.0196878
-0.0057046	0.0128855
0.0038517	-0.0190465
-0.0222496	-0.0432536
-0.0630150	-0.0332371
-0.0843737	0.0104888
-0.0654559	0.0603632
-0.0149295	0.0823742
0.0349888	0.0616755
0.0523167	0.0138449
0.0289128	-0.0266950
-0.0138822	-0.0323029
-0.0417325	-0.0024218
-0.0333587	0.0367103
0.0035816	0.0525892
0.0387433	0.0315565
0.0426421	-0.0105703
0.0095843	-0.0403894
-0.0374250	-0.0322970
-0.0635309	0.0118687
-0.0479021	0.0637749
0.0008905	0.0893949
0.0515308	0.0739378
0.0735131	0.0321246
0.0597249	-0.0038218
0.0310070	-0.0092312
0.0193458	0.0139853
0.0425515	0.0387679
0.0896878	0.0337005
0.1283460	-0.0126054
0.1283040	-0.0820009
0.0837432	-0.1393610
0.0173100	-0.1577340
-0.0369217	-0.1371330
-0.0586088	-0.1029120
-0.0553795	-0.0851601
-0.0554697	-0.0948776
-0.0844798	-0.1150940
-0.1439980	-0.1136800
-0.2083990	-0.0681596
-0.2423460	0.0162565
-0.2258720	0.1090690
-0.1682060	0.1755220
-0.1000740	0.2004290
-0.0504421	0.1969510
-0.0254162	0.1939050
-0.0052149	0.2114970
0.0385935	0.2440550
0.1188120	0.2629850
0.2198430	0.2378060
0.3062500	0.1594070
0.3463570	0.0479785
0.3332350	-0.0603525
0.2874700	-0.1381000
0.2398720	-0.1837440
0.2074500	-0.2189470
0.1809390	-0.2680720
0.1333120	-0.3358490
0.0427409	-0.4003570
-0.0875278	-0.4268700
-0.2275870	-0.3922680
-0.3389780	-0.3017130
-0.3990420	-0.1851260
-0.4134200	-0.0762089
-0.4076180	0.0101152
-0.4044020	0.0849422
-0.4044320	0.1721070
-0.3849650	0.2847980
-0.3176890	0.4101240
-0.1921480	0.5136720
-0.0269652	0.5609170
0.1397630	0.5396040
0.2738570	0.4664790
0.3648270	0.3735460
0.4275110	0.2844460
0.4848110	0.1988530
0.5450680	0.0965799
0.5916050	-0.0419907
0.5926160	-0.2149500
0.5241280	-0.3936220
0.3887490	-0.5373930
0.2160650	-0.6178200
0.0443333	-0.6342170
-0.1028710	-0.6094000
-0.2277070	-0.5692300
-0.3489490	-0.5217310
-0.4801240	-0.4517160
-0.6120170	-0.3349590
-0.7132460	-0.1609920
-0.7488940	0.0529741
-0.7034390	0.2678880
-0.5909060	0.4444440
-0.4447680	0.5645650
-0.2952930	0.6371150
-0.1513770	0.6840950
-0.0003049	0.7183410
0.1748370	0.7300090
0.3738170	0.6923530
0.5706940	0.5825090
0.7250690	0.4015550
0.8051580	0.1785080
0.8057250	-0.0449760
0.7477870	-0.2380250
0.6606620	-0.3948640
0.5601790	-0.5298330
0.4395360	-0.6575540
0.2795290	-0.7739030
0.0700503	-0.8527190
-0.1738800	-0.8611530
-0.4141960	-0.7823150
-0.6089810	-0.6282550
-0.7348420	-0.4335070
-0.7961860	-0.2339680
-0.8149790	-0.0468306
-0.8092840	0.1337330
-0.7771720	0.3224860
-0.6983420	0.5219750
-0.5521810	0.7110090
-0.3384070	0.8520890
-0.0843393	0.9127020
0.1671070	0.8848280
0.3801570	0.7882620
0.5430520	0.6554790
0.6670220	0.5095700
0.7688280	0.3517850
0.8507400	0.1677480
0.8935890	-0.0528790
0.8684590	-0.2987760
0.7583190	-0.5353680
0.5732320	-0.7210820
0.3474960	-0.8297820
0.1206150	-0.8630020
-0.0839232	-0.8432590
-0.2666050	-0.7939180
-0.4412470	-0.7210820
-0.6145500	-0.6112090
-0.7720040	-0.4460610
-0.8813770	-0.2233030
-0.9115980	0.0332975
-0.8530680	0.2823310
-0.7242340	0.4860520
-0.5595280	0.6290580
-0.3876950	0.7208780
-0.2166190	0.7811630
-0.0356494	0.8192190
0.1669600	0.8237250
0.3853490	0.7705920
0.5909030	0.6429700
0.7451440	0.4481170
0.8214310	0.2180640
0.8195300	-0.0068024
0.7623830	-0.1993250
0.6777900	-0.3566010
0.5789180	-0.4927790
0.4582430	-0.6197620
0.2991740	-0.7309880
0.0960979	-0.8010170
-0.1328710	-0.8015160
-0.3506330	-0.7216880
-0.5203090	-0.5777200
-0.6249350	-0.4040020
-0.6732900	-0.2325400
-0.6879230	-0.0757650
-0.6848200	0.0747690
-0.6602730	0.2334310
-0.5948930	0.4012270
-0.4715450	0.5573420
-0.2933480	0.6683770
-0.0877420	0.7086490
0.1068750	0.6764640
0.2623010	0.5942450
0.3740040	0.4924790
0.4572690	0.3895540
0.5294500	0.2825060
0.5921790	0.1552670
0.6272460	-0.0022996
0.6093770	-0.1794980
0.5262050	-0.3457820
0.3901960	-0.4673140
0.2333070	-0.5269460
0.0881425	-0.5328660
-0.0305154	-0.5096350
-0.1302720	-0.4785870
-0.2288370	-0.4424410
-0.3346650	-0.3856420
-0.4355580	-0.2899020
-0.5041410	-0.1528370
-0.5162180	0.0047701
-0.4681950	0.1489350
-0.3804070	0.2524980
-0.2837500	0.3104140
-0.1995830	0.3390950
-0.1278380	0.3606340
-0.0519641	0.3840360
0.0434464	0.3977700
0.1560750	0.3791900
0.2632120	0.3135640
0.3352660	0.2080770
0.3554120	0.0900038
0.3306280	-0.0098387
0.2858750	-0.0761033
0.2458280	-0.1163270
0.2179030	-0.1514630
0.1892280	-0.1969750
0.1395710	-0.2490070
0.0601333	-0.2861520
-0.0362909	-0.2854840
-0.1217140	-0.2406140
-0.1712520	-0.1680130
-0.1796390	-0.0966756
-0.1636060	-0.0487828
-0.1484320	-0.0257838
-0.1488840	-0.0101663
-0.1589070	0.0186884
-0.1577090	0.0667814
-0.1274250	0.1194480
-0.0687751	0.1516080
-0.0026847	0.1465260
0.0435128	0.1088540
0.0549754	0.0620039
0.0391871	0.0317731
0.0194066	0.0284801
0.0167711	0.0409488
0.0346060	0.0466816
0.0567316	0.0303209
0.0608941	-0.0037118
0.0369810	-0.0340259
-0.0039239	-0.0383864
-0.0366222	-0.0109119
-0.0397607	0.0327188
-0.0111778	0.0660472
0.0308740	0.0705308
0.0614669	0.0481432
0.0672699	0.0185245
0.0555756	0.0030314
0.0473819	0.0079112
0.0599382	0.0194155
0.0921373	0.0145567
0.1239510	-0.0206746
0.1304470	-0.0794789
0.0998793	-0.1378230
0.0422625	-0.1708010
-0.0179576	-0.1695370
-0.0595382	-0.1460070
-0.0790497	-0.1223660
-0.0915142	-0.1130340
-0.1167690	-0.1132600
-0.1620760	-0.1028560
-0.2143310	-0.0622786
-0.2479300	0.0111588
-0.2424770	0.0992857
-0.1970850	0.1743910
-0.1305810	0.2174260
-0.0675888	0.2295100
-0.0210542	0.2282820
0.0155898	0.2321130
0.0608479	0.2443730
0.1281050	0.2497970
0.2122210	0.2257960
0.2901310	0.1601660
0.3352120	0.0617863
0.3347280	-0.0438325
0.2973950	-0.1308700
0.2455330	-0.1892030
0.1979180	-0.2282250
0.1563790	-0.2658990
0.1062430	-0.3116300
0.0301656	-0.3561920
-0.0753201	-0.3765400
-0.1932710	-0.3519940
-0.2949860	-0.2796550
-0.3575420	-0.1774470
-0.3772270	-0.0724880
-0.3689970	0.0164689
-0.3526740	0.0894116
-0.3365370	0.1606810
-0.3108620	0.2434640
-0.2563040	0.3352450
-0.1607040	0.4155260
-0.0314642	0.4578000
0.1060420	0.4469480
0.2230420	0.3890870
0.3041610	0.3065760
0.3540770	0.2220580
0.3893610	0.1435920
0.4220440	0.0619827
0.4476340	-0.0379046
0.4468530	-0.1607380
0.3998590	-0.2919480
0.3022330	-0.4035610
0.1705770	-0.4705280
0.0333986	-0.4855160
-0.0859960	-0.4612550
-0.1819310	-0.4189560
-0.2650640	-0.3717230
-0.3487550	-0.3155950
-0.4338120	-0.2349100
-0.5035120	-0.1177580
-0.5329280	0.0304057
-0.5057020	0.1855830
-0.4257220	0.3176860
-0.3149520	0.4075370
-0.1990460	0.4559400
-0.0915522	0.4783470
0.0115963	0.4895230
0.1234560	0.4900750
0.2502410	0.4652120
0.3806720	0.3966790
0.4889320	0.2787940
0.5493340	0.1262950
0.5519050	-0.0321212
0.5073600	-0.1699540
0.4379210	-0.2768590
0.3610410	-0.3602650
0.2783440	-0.4338710
0.1779940	-0.5021540
0.0484289	-0.5529450
-0.1072490	-0.5639570
-0.2674920	-0.5184520
-0.4023640	-0.4182870
-0.4901860	-0.2844360
-0.5285890	-0.1445460
-0.5319660	-0.0167226
-0.5175910	0.0984631
-0.4911380	0.2121100
-0.4426450	0.3321480
-0.3559430	0.4511870
-0.2242570	0.5466580
-0.0599541	0.5934430
0.1092160	0.5797190
0.2548730	0.5142410
0.3629730	0.4196800
0.4380920	0.3171200
0.4942490	0.2133450
0.5396070	0.1003200
0.5669640	-0.0330814
0.5574190	-0.1863710
0.4945260	-0.3413000
0.3782210	-0.4693290
0.2278910	-0.5474360
0.0721019	-0.5706690
-0.0674908	-0.5522840
-0.1862370	-0.5116320
-0.2933790	-0.4591310
-0.3985610	-0.3897240
-0.4986180	-0.2896530
-0.5750220	-0.1512020
-0.6042020	0.0160522
-0.5731590	0.1863250
-0.4886750	0.3306020
-0.3732310	0.4320820
-0.2506780	0.4928330
-0.1323540	0.5270540
-0.0138689	0.5463960
0.1154020	0.5487490
0.2577220	0.5190930
0.3987900	0.4417980
0.5125340	0.3149710
0.5756300	0.1558200
0.5810880	-0.0072376
0.5408910	-0.1500770
0.4758930	-0.2646150
0.4007250	-0.3583620
0.3150690	-0.4425900
0.2077420	-0.5184810
0.0701934	-0.5721040
-0.0911456	-0.5822340
-0.2533800	-0.5352630
-0.3880530	-0.4359550
-0.4765610	-0.3059030
-0.5188280	-0.1707430
-0.5290310	-0.0455815
-0.5219450	0.0706544
-0.5004260	0.1880810
-0.4535860	0.3117930
-0.3669750	0.4319350
-0.2368990	0.5258110
-0.0778030	0.5707420
0.0831438	0.5581990
0.2205050	0.4987080
0.3235210	0.4139390
0.3981630	0.3219810
0.4571840	0.2268410
0.5060680	0.1198660
0.5357930	-0.0083130
0.5280640	-0.1547390
0.4690990	-0.3002570
0.3615290	-0.4181070
0.2252930	-0.4888380
0.0866906	-0.5105880
-0.0363837	-0.4972650
-0.1421900	-0.4662180
-0.2404290	-0.4248760
-0.3390540	-0.3664510
-0.4329960	-0.2778250
-0.5036540	-0.1534310
-0.5297880	-0.0043383
-0.5017320	0.1446420
-0.4282840	0.2679780
-0.3310940	0.3530700
-0.2307350	0.4045770
-0.1348470	0.4365150
-0.0370401	0.4584010
0.0729510	0.4661580
0.1959430	0.4447210
0.3172530	0.3803820
0.4128380	0.2734100
0.4632670	0.1412380
0.4651970	0.0096004
0.4318900	-0.1019490
0.3825140	-0.1895100
0.3283830	-0.2624980
0.2664600	-0.3316580
0.1848820	-0.3968190
0.0760401	-0.4439230
-0.0529734	-0.4537180
-0.1807620	-0.4156350
-0.2828750	-0.3363470
-0.3456910	-0.2364960
-0.3727300	-0.1379600
-0.3788950	-0.0510968
-0.3772080	0.0286537
-0.3682170	0.1125770
-0.3400810	0.2054410
-0.2791870	0.2975540
-0.1831120	0.3683740
-0.0659033	0.3991610
0.0485183	0.3852360
0.1401120	0.3386820
0.2034850	0.2795080
0.2478460	0.2219330
0.2864660	0.1660600
0.3238720	0.1010230
0.3506310	0.0169759
0.3497310	-0.0834506
0.3097270	-0.1831460
0.2346430	-0.2597320
0.1430420	-0.2992310
0.0568249	-0.3040400
-0.0119522	-0.2893590
-0.0665043	-0.2708830
-0.1191720	-0.2531320
-0.1786250	-0.2271740
-0.2403350	-0.1793470
-0.2877010	-0.1041850
-0.3030630	-0.0115685
-0.2803470	0.0775176
-0.2297620	0.1435890
-0.1710120	0.1803100
-0.1200660	0.1965740
-0.0793881	0.2076350
-0.0388063	0.2221540
0.0138498	0.2350280
0.0806389	0.2314240
0.1492740	0.1988810
0.2001220	0.1382280
0.2192460	0.0649161
0.2077210	-0.0003538
0.1802350	-0.0447784
0.1540720	-0.0705988
0.1368080	-0.0910341
0.1219180	-0.1182640
0.0954966	-0.1526940
0.0488119	-0.1816900
-0.0129605	-0.1887650
-0.0725826	-0.1662170
-0.1118920	-0.1216200
-0.1239090	-0.0731946
-0.1168560	-0.0374849
-0.1071380	-0.0185529
-0.1066440	-0.0067254
-0.1139870	0.0123288
-0.1162400	0.0452066
-0.0997447	0.0845463
-0.0616959	0.1137320
-0.0136237	0.1189760
0.0259457	0.0996395
0.0441838	0.0689514
0.0424876	0.0445845
0.0344856	0.0361526
0.0351121	0.0390100
0.0490627	0.0389221
0.0673540	0.0239419
0.0745313	-0.0055971
0.0609838	-0.0365968
0.0309674	-0.0526077
0.0001982	-0.0460182
-0.0152148	-0.0237984
-0.0101849	-0.0024519
0.0061550	0.0040171
0.0178128	-0.0059367
0.0142280	-0.0209649
-0.0018210	-0.0261377
-0.0166417	-0.0148577
-0.0164788	0.0057042
0.0014943	0.0197910
0.0264226	0.0149350
0.0413836	-0.0084643
0.0356502	-0.0371124
0.0123787	-0.0543681
-0.0140277	-0.0521736
-0.0288233	-0.0364050
-0.0278131	-0.0216926
-0.0200115	-0.0197330
-0.0201190	-0.0300186
-0.0365910	-0.0400402
-0.0644041	-0.0348142
-0.0880518	-0.0085173
-0.0925536	0.0305864
-0.0742017	0.0656625
-0.0429858	0.0831184
-0.0149328	0.0818313
-0.0002094	0.0729060
0.0040034	0.0702643
0.0105198	0.0792961
0.0313841	0.0922368
0.0675686	0.0938053
0.1070080	0.0728460
0.1325300	0.0311685
0.1337480	-0.0171058
0.1140110	-0.0552070
0.0872419	-0.0751214
0.0671533	-0.0821958
0.0570457	-0.0895833
0.0479088	-0.1068700
0.0262086	-0.1316080
-0.0146125	-0.1502460
-0.0677085	-0.1478030
-0.1164200	-0.1190060
-0.1452490	-0.0724901
-0.1500170	-0.0249051
-0.1396430	0.0106160
-0.1283230	0.0329571
-0.1241480	0.0521600
-0.1228200	0.0799987
-0.1112400	0.1192620
-0.0782036	0.1599820
-0.0240688	0.1855580
0.0380057	0.1842260
0.0902428	0.1572660
0.1217660	0.1178110
0.1348610	0.0812063
0.1414030	0.0542318
0.1523030	0.0312774
0.1680880	0.0002739
0.1778290	-0.0462511
0.1672410	-0.1034920
0.1298380	-0.1559980
0.0726761	-0.1874890
0.0123073	-0.1915520
-0.0360537	-0.1752260
-0.0680440	-0.1528890
-0.0912976	-0.1351460
-0.1175210	-0.1211650
-0.1516660	-0.1002110
-0.1865250	-0.0611574
-0.2069430	-0.0026422
-0.2005120	0.0639047
-0.1667000	0.1207810
-0.1175420	0.1552560
-0.0693639	0.1671740
-0.0317859	0.1673120
-0.0022210	0.1678810
0.0300941	0.1724640
0.0737564	0.1730660
0.1265260	0.1564840
0.1750280	0.1151560
0.2031530	0.0541921
0.2029120	-0.0107943
0.1795950	-0.0635041
0.1474270	-0.0971146
0.1190470	-0.1172400
0.0967567	-0.1356240
0.0721120	-0.1594940
0.0340299	-0.1847600
-0.0208443	-0.1982670
-0.0834980	-0.1874410
-0.1372710	-0.1500090
-0.1684780	-0.0964456
-0.1750140	-0.0432465
-0.1665630	-0.0020717
-0.1563510	0.0271439
-0.1507740	0.0540386
-0.1447610	0.0884285
-0.1263410	0.1309330
-0.0868862	0.1708350
-0.0291767	0.1928890
0.0329039	0.1879720
0.0829185	0.1595790
0.1123100	0.1212710
0.1249590	0.0870316
0.1325630	0.0617753
0.1444610	0.0391284
0.1596990	0.0080156
0.1673810	-0.0370653
0.1550300	-0.0899917
0.1185960	-0.1358760
0.0664984	-0.1607650
0.0145830	-0.1609230
-0.0242573	-0.1447640
-0.0480481	-0.1260310
-0.0653906	-0.1134460
-0.0872145	-0.1046310
-0.1170000	-0.0888609
-0.1469590	-0.0564524
-0.1631230	-0.0075917
-0.1555050	0.0461875
-0.1256530	0.0890771
-0.0858860	0.1113570
-0.0507728	0.1153090
-0.0272542	0.1123070
-0.0108029	0.1133870
0.0095959	0.1204870
0.0415400	0.1249990
0.0819904	0.1146890
0.1182820	0.0836972
0.1366590	0.0379852
0.1319200	-0.0079538
0.1109200	-0.0406917
0.0873107	-0.0565927
0.0715243	-0.0631691
0.0635464	-0.0721522
0.0538864	-0.0896190
0.0319124	-0.1107080
-0.0048541	-0.1229410
-0.0476039	-0.1156320
-0.0817013	-0.0882321
-0.0966663	-0.0512879
-0.0931832	-0.0192503
-0.0818999	-0.0005415
-0.0749832	0.0076777
-0.0768536	0.0161770
-0.0810981	0.0343842
-0.0758502	0.0622744
-0.0534991	0.0896089
-0.0173149	0.1031250
0.0200739	0.0962433
0.0452458	0.0739595
0.0531638	0.0492249
0.0500878	0.0335593
0.0480944	0.0289706
0.0554128	0.0272360
0.0699243	0.0170063
0.0807389	-0.0067231
0.0766246	-0.0380057
0.0548720	-0.0637233
0.0238546	-0.0729147
-0.0026753	-0.0646173
-0.0152693	-0.0483183
-0.0151636	-0.0367033
-0.0125952	-0.0362034
-0.0184015	-0.0424721
-0.0353129	-0.0441669
-0.0555525	-0.0321081
-0.0665551	-0.0068303
-0.0604582	0.0212271
-0.0401693	0.0390535
-0.0174129	0.0403975
-0.0042297	0.0300643
-0.0043413	0.0199684
-0.0108706	0.0199648
-0.0120826	0.0304066
-0.0007422	0.0420429
0.0200300	0.0432901
0.0388443	0.0293302
0.0444858	0.0061196
0.0343167	-0.0137404
0.0162815	-0.0201569
0.0030069	-0.0128152
0.0024643	-0.0010999
0.0122391	0.0032328
0.0217031	-0.0049417
0.0203914	-0.0202522
0.0062055	-0.0310042
-0.0127845	-0.0281969
-0.0242982	-0.0125296
-0.0210450	0.0059149
-0.0062044	0.0150744
0.0089508	0.0098024
0.0134770	-0.0044547
0.0048569	-0.0159442
-0.0093281	-0.0155810
-0.0173734	-0.0038031
-0.0125072	0.0098636
0.0018484	0.0141722
0.0145965	0.0048440
0.0153460	-0.0120128
0.0023034	-0.0243452
-0.0162905	-0.0230990
-0.0282546	-0.0089084
-0.0264769	0.0085023
-0.0140359	0.0177155
-0.0015989	0.0141960
0.0008874	0.0035595
-0.0081095	-0.0029149
-0.0204667	0.0029074
-0.0245497	0.0195794
-0.0140830	0.0368928
0.0069685	0.0433390
0.0271909	0.0345753
0.0360664	0.0165171
0.0315649	0.0007540
0.0212721	-0.0042064
0.0162511	0.0007720
0.0223325	0.0063762
0.0354571	0.0022455
0.0446050	-0.0147849
0.0400938	-0.0378601
0.0209646	-0.0548537
-0.0041214	-0.0571083
-0.0231422	-0.0455830
-0.0293914	-0.0298009
-0.0260298	-0.0204429
-0.0231178	-0.0212267
-0.0294335	-0.0262263
-0.0453203	-0.0246392
-0.0620091	-0.0093642
-0.0679433	0.0171308
-0.0573327	0.0441113
-0.0344812	0.0600792
-0.0106406	0.0608297
0.0042104	0.0520133
0.0084448	0.0443287
0.0094012	0.0450431
0.0171255	0.0522959
0.0360401	0.0565064
0.0608938	0.0478056
0.0800945	0.0238529
0.0839295	-0.0078943
0.0714870	-0.0351864
0.0510831	-0.0494964
0.0339149	-0.0516460
0.0257691	-0.0503514
0.0230537	-0.0548686
0.0161214	-0.0673697
-0.0026878	-0.0808632
-0.0324262	-0.0842498
-0.0633956	-0.0706917
-0.0836314	-0.0429662
-0.0871495	-0.0117573
-0.0777734	0.0118248
-0.0657112	0.0238590
-0.0595320	0.0296567
-0.0596480	0.0387640
-0.0582332	0.0567891
-0.0456119	0.0803081
-0.0182398	0.0987531
0.0178022	0.1018860
0.0504841	0.0872285
0.0699334	0.0618579
0.0748967	0.0372343
0.0727450	0.0209840
0.0731019	0.0118321
0.0799886	0.0014624
0.0884690	-0.0181797
0.0883463	-0.0477477
0.0720977	-0.0789860
0.0410266	-0.1000470
0.0049536	-0.1036560
-0.0243443	-0.0920050
-0.0410258	-0.0747123
-0.0485060	-0.0614571
-0.0557825	-0.0548663
-0.0696391	-0.0490261
-0.0887023	-0.0346922
-0.1038950	-0.0071918
-0.1049650	0.0290290
-0.0881638	0.0627084
-0.0592617	0.0832346
-0.0296294	0.0876874
-0.0083327	0.0821970
0.0038173	0.0766699
0.0138290	0.0769284
0.0301288	0.0802410
0.0551274	0.0776155
0.0824491	0.0610836
0.1009720	0.0304214
0.1026540	-0.0058266
0.0882597	-0.0358364
0.0666782	-0.0524069
0.0483777	-0.0573660
0.0379408	-0.0592297
0.0312949	-0.0659696
0.0196671	-0.0784218
-0.0028116	-0.0893571
-0.0336801	-0.0889126
-0.0630669	-0.0722600
-0.0803069	-0.0436833
-0.0812925	-0.0139591
-0.0710468	0.0070093
-0.0596170	0.0167807
-0.0544295	0.0212737
-0.0548927	0.0293788
-0.0532988	0.0454407
-0.0412865	0.0653545
-0.0169096	0.0792573
0.0130932	0.0787831
0.0375897	0.0633907
0.0487044	0.0409729
0.0470861	0.0222793
0.0408650	0.0133505
0.0391395	0.0116406
0.0449520	0.0086932
0.0530687	-0.0027309
0.0542111	-0.0225318
0.0424919	-0.0428280
0.0203819	-0.0535465
-0.0025885	-0.0498242
-0.0164432	-0.0356258
-0.0177246	-0.0208499
-0.0115881	-0.0141089
-0.0074959	-0.0166236
-0.0118136	-0.0218034
-0.0229290	-0.0207627
-0.0325743	-0.0095379
-0.0323167	0.0075043
-0.0202655	0.0206693
-0.0028850	0.0220841
0.0094857	0.0115917
0.0100453	-0.0030649
0.0003050	-0.0119015
-0.0113382	-0.0099252
-0.0161048	-0.0005035
-0.0114628	0.0076222
-0.0028713	0.0073529
0.0006528	-0.0010833
-0.0062531	-0.0101126
-0.0208072	-0.0104885
-0.0337471	0.0016340
-0.0359200	0.0215743
-0.0248514	0.0393147
-0.0063683	0.0466000
0.0098989	0.0426083
0.0176961	0.0339611
0.0185630	0.0291393
0.0201697	0.0316011
0.0298782	0.0368633
0.0484554	0.0357822
0.0687484	0.0215647
0.0803726	-0.0047916
0.0769151	-0.0347452
0.0602665	-0.0579646
0.0388680	-0.0692694
0.0212634	-0.0715652
0.0098687	-0.0726403
-0.0003257	-0.0783436
-0.0171748	-0.0873937
-0.0444435	-0.0918100
-0.0778295	-0.0826851
-0.1070210	-0.0569575
-0.1223030	-0.0200812
-0.1208000	0.0174193
-0.1077210	0.0469166
-0.0917745	0.0669475
-0.0782881	0.0828830
-0.0652987	0.1013630
-0.0455667	0.1238270
-0.0129617	0.1441470
0.0316675	0.1522350
0.0796469	0.1409880
0.1193760	0.1113520
0.1433600	0.0717504
0.1521840	0.0323216
0.1525440	-0.0016788
0.1509720	-0.0323746
0.1481130	-0.0658789
0.1379380	-0.1057100
0.1125400	-0.1481330
0.0688549	-0.1830860
0.0122043	-0.2001040
-0.0460862	-0.1948930
-0.0952682	-0.1716670
-0.1310940	-0.1395960
-0.1567520	-0.1060970
-0.1782760	-0.0720679
-0.1980760	-0.0326122
-0.2116290	0.0173795
-0.2099300	0.0771450
-0.1859340	0.1382080
-0.1401360	0.1883180
-0.0810815	0.2183500
-0.0203928	0.2271040
0.0340018	0.2205320
0.0814323	0.2061270
0.1263200	0.1868180
0.1721120	0.1590330
0.2160960	0.1163850
0.2492020	0.0561271
0.2610790	-0.0166137
0.2467350	-0.0901502
0.2097990	-0.1522550
0.1600080	-0.1965100
0.1068260	-0.2243790
0.0539847	-0.2416450
-0.0010387	-0.2520870
-0.0623679	-0.2533390
-0.1296130	-0.2381440
-0.1951230	-0.2000880
-0.2468770	-0.1394730
-0.2750140	-0.0648092
-0.2772280	0.0112777
-0.2591050	0.0787754
-0.2292560	0.1347370
-0.1930030	0.1823070
-0.1493850	0.2252830
-0.0936770	0.2625580
-0.0233925	0.2868170
0.0569465	0.2886260
0.1360590	0.2628910
0.2011890	0.2128660
0.2446290	0.1486700
0.2667590	0.0813876
0.2735100	0.0171212
0.2703280	-0.0446785
0.2573290	-0.1075460
0.2293530	-0.1720060
0.1808520	-0.2320120
0.1118420	-0.2767200
0.0302949	-0.2964260
-0.0509955	-0.2883230
-0.1208700	-0.2578290
-0.1749210	-0.2145420
-0.2156260	-0.1659000
-0.2476180	-0.1132750
-0.2718880	-0.0533300
-0.2834410	0.0165655
-0.2742880	0.0931629
-0.2395360	0.1665350
-0.1819490	0.2244590
-0.1114870	0.2588610
-0.0400536	0.2696360
0.0247127	0.2630970
0.0820997	0.2463640
0.1356490	0.2219760
0.1873990	0.1868060
0.2336170	0.1360120
0.2654120	0.0689054
0.2739050	-0.0078525
0.2561240	-0.0823380
0.2172020	-0.1433320
0.1672320	-0.1858600
0.1150940	-0.2123070
0.0638317	-0.2284590
0.0109076	-0.2376020
-0.0470442	-0.2372510
-0.1087750	-0.2210040
-0.1666020	-0.1840900
-0.2097640	-0.1283530
-0.2305530	-0.0627755
-0.2287170	0.0009592
-0.2108690	0.0546915
-0.1854260	0.0972509
-0.1568770	0.1327450
-0.1236770	0.1651490
-0.0812213	0.1934530
-0.0275164	0.2111360
0.0329204	0.2104350
0.0900442	0.1881850
0.1335580	0.1487970
0.1586380	0.1020560
0.1679050	0.0573424
0.1682700	0.0185006
0.1651080	-0.0168909
0.1581980	-0.0534829
0.1424680	-0.0925660
0.1129010	-0.1292980
0.0697915	-0.1549550
0.0202491	-0.1625650
-0.0253062	-0.1517080
-0.0591352	-0.1288620
-0.0802525	-0.1030180
-0.0936282	-0.0798328
-0.1052330	-0.0586543
-0.1167520	-0.0345494
-0.1240010	-0.0036622
-0.1202240	0.0322816
-0.1017370	0.0658439
-0.0715692	0.0883001
-0.0382813	0.0953384
-0.0107566	0.0897656
0.0071842	0.0792013
0.0183817	0.0705068
0.0290463	0.0651292
0.0431601	0.0588138
0.0588653	0.0458078
0.0695941	0.0242688
0.0690697	-0.0013064
0.0563615	-0.0225493
0.0371218	-0.0327757
0.0200165	-0.0314768
0.0109829	-0.0243843
0.0095835	-0.0190847
0.0101244	-0.0194946
0.0066094	-0.0233414
-0.0022822	-0.0244872
-0.0119919	-0.0182550
-0.0155623	-0.0056467
-0.0091416	0.0068072
0.0046870	0.0115048
0.0183156	0.0052039
0.0242430	-0.0086476
0.0201086	-0.0224235
0.0098938	-0.0297692
0.0004602	-0.0298913
-0.0038909	-0.0274993
-0.0046833	-0.0285202
-0.0078793	-0.0349143
-0.0189141	-0.0425881
-0.0379492	-0.0440429
-0.0589844	-0.0337989
-0.0735552	-0.0125240
-0.0762848	0.0132294
-0.0681667	0.0354756
-0.0551833	0.0500820
-0.0433843	0.0589458
-0.0342102	0.0674942
-0.0236233	0.0794970
-0.0056953	0.0932134
0.0220980	0.1018720
0.0559324	0.0981885
0.0873306	0.0795586
0.1082890	0.0500423
0.1160510	0.0176668
0.1140140	-0.0109074
0.1082030	-0.0343558
0.1020730	-0.0563631
0.0936328	-0.0813485
0.0771084	-0.1095930
0.0478755	-0.1355680
0.0068995	-0.1508330
-0.0387239	-0.1493970
-0.0796068	-0.1315820
-0.1094730	-0.1035190
-0.1281570	-0.0727225
-0.1400610	-0.0430894
-0.1493770	-0.0130808
-0.1558080	0.0216191
-0.1541080	0.0630841
-0.1378460	0.1076870
-0.1045610	0.1469410
-0.0584029	0.1721310
-0.0082223	0.1793500
0.0375013	0.1712450
0.0751594	0.1542650
0.1066680	0.1335550
0.1359340	0.1094080
0.1639630	0.0779186
0.1864560	0.0353076
0.1958100	-0.0174749
0.1861130	-0.0734441
0.1573840	-0.1226970
0.1159010	-0.1577280
0.0703511	-0.1770620
0.0266699	-0.1846180
-0.0146018	-0.1854080
-0.0565900	-0.1809410
-0.1014420	-0.1678600
-0.1464440	-0.1408620
-0.1839860	-0.0976545
-0.2055400	-0.0421346
-0.2067460	0.0167006
-0.1898660	0.0694037
-0.1618020	0.1109050
-0.1292240	0.1420270
-0.0944693	0.1667040
-0.0552535	0.1871730
-0.0082953	0.2009010
0.0460185	0.2016590
0.1016130	0.1839800
0.1490230	0.1476310
0.1804170	0.0986994
0.1936830	0.0464146
0.1926110	-0.0019793
0.1831480	-0.0445401
0.1686070	-0.0837832
0.1474950	-0.1224810
0.1155410	-0.1594490
0.0703432	-0.1886450
0.0149833	-0.2023690
-0.0422222	-0.1962310
-0.0917933	-0.1721590
-0.1280360	-0.1372160
-0.1512750	-0.0990844
-0.1658280	-0.0615956
-0.1753810	-0.0235788
-0.1793520	0.0182308
-0.1730450	0.0645754
-0.1514650	0.1109920
-0.1138930	0.1492290
-0.0656667	0.1718080
-0.0157700	0.1763830
0.0280824	0.1666740
0.0632498	0.1493340
0.0921378	0.1291330
0.1185020	0.1060880
0.1430100	0.0766311
0.1615260	0.0378387
0.1674700	-0.0085955
0.1565100	-0.0557788
0.1300230	-0.0949812
0.0947003	-0.1205150
0.0585408	-0.1325490
0.0261912	-0.1358300
-0.0029433	-0.1353550
-0.0325149	-0.1323140
-0.0647592	-0.1233750
-0.0972357	-0.1038120
-0.1233450	-0.0720508
-0.1363040	-0.0321047
-0.1336190	0.0080237
-0.1187060	0.0408618
-0.0984403	0.0635900
-0.0784834	0.0787525
-0.0598629	0.0911230
-0.0393290	0.1031770
-0.0131111	0.1126510
0.0188678	0.1140490
0.0516055	0.1029530
0.0775905	0.0798261
0.0914529	0.0504103
0.0932346	0.0223410
0.0878513	0.0004871
0.0811849	-0.0155471
0.0757673	-0.0299570
0.0692945	-0.0465104
0.0570418	-0.0648267
0.0362823	-0.0800281
0.0092936	-0.0860470
-0.0173903	-0.0800908
-0.0369753	-0.0648776
-0.0466861	-0.0469336
-0.0491451	-0.0322117
-0.0498596	-0.0222989
-0.0527519	-0.0140199
-0.0571260	-0.0026619
-0.0583488	0.0136862
-0.0516948	0.0320206
-0.0363983	0.0461662
-0.0168039	0.0510789
0.0002981	0.0464584
0.0101757	0.0369451
0.0131354	0.0287478
0.0137713	0.0252390
0.0170944	0.0248165
0.0244969	0.0226008
0.0326128	0.0146297
0.0359196	0.0013292
0.0310885	-0.0123990
0.0197614	-0.0205580
0.0076293	-0.0203589
0.0004848	-0.0142004
0.0002087	-0.0078335
0.0036917	-0.0061024
0.0054718	-0.0094702
0.0020602	-0.0139274
-0.0053293	-0.0143155
-0.0117094	-0.0085093
-0.0121844	0.0007330
-0.0058062	0.0076692
0.0035178	0.0077901
0.0097648	0.0011706
0.0091289	-0.0075758
0.0026903	-0.0126998
-0.0045704	-0.0115048
-0.0076391	-0.0061736
-0.0052745	-0.0018795
-0.0008730	-0.0026487
0.0002459	-0.0081322
-0.0049424	-0.0137466
-0.0146579	-0.0140827
-0.0234308	-0.0070045
-0.0260094	0.0046609
-0.0211229	0.0151175
-0.0122758	0.0197706
-0.0049991	0.0184331
-0.0026605	0.0151667
-0.0040081	0.0149162
-0.0042982	0.0195149
0.0008702	0.0261088
0.0119366	0.0292017
0.0247364	0.0247780
0.0333346	0.0133862
0.0342108	-0.0001459
0.0286515	-0.0101470
0.0215698	-0.0140959
0.0176734	-0.0141745
0.0178971	-0.0152374
0.0187999	-0.0207738
0.0153694	-0.0299479
0.0050888	-0.0379788
-0.0098304	-0.0395825
-0.0237569	-0.0328805
-0.0315161	-0.0208247
-0.0319252	-0.0090716
-0.0283420	-0.0019144
-0.0258473	0.0006588
-0.0272217	0.0025807
-0.0307759	0.0083232
-0.0316748	0.0191110
-0.0257422	0.0316252
-0.0128501	0.0401963
0.0026836	0.0408408
0.0150050	0.0341021
0.0207555	0.0245631
0.0212033	0.0174126
0.0208967	0.0146678
0.0238945	0.0138979
0.0304542	0.0103897
0.0366958	0.0010820
0.0374968	-0.0127360
0.0304203	-0.0260275
0.0176985	-0.0334724
0.0047651	-0.0331896
-0.0035608	-0.0279213
-0.0063691	-0.0228067
-0.0069672	-0.0214467
-0.0100055	-0.0232404
-0.0176272	-0.0239979
-0.0275797	-0.0193429
-0.0347267	-0.0083049
-0.0348187	0.0056349
-0.0276708	0.0168539
-0.0173448	0.0215172
-0.0092021	0.0201755
-0.0060509	0.0170890
-0.0062891	0.0168151
-0.0054191	0.0206574
0.0002423	0.0256667
0.0104919	0.0269385
0.0211468	0.0214532
0.0270078	0.0105375
0.0256411	-0.0009242
0.0191251	-0.0079409
0.0124494	-0.0089293
0.0097851	-0.0066524
0.0114458	-0.0058979
0.0138233	-0.0096751
0.0123243	-0.0168207
0.0050609	-0.0228253
-0.0055128	-0.0232465
-0.0142647	-0.0171158
-0.0170954	-0.0077583
-0.0138926	-0.0004012
-0.0085070	0.0016216
-0.0057796	-0.0007919
-0.0078780	-0.0033798
-0.0127104	-0.0019123
-0.0156032	0.0044702
-0.0129547	0.0125101
-0.0050860	0.0172365
0.0038752	0.0156966
0.0089912	0.0091871
0.0081263	0.0022995
0.0034485	-0.0004942
-0.0003017	0.0018654
0.0005470	0.0063359
0.0058039	0.0081908
0.0115809	0.0046990
0.0132767	-0.0027264
0.0091105	-0.0095368
0.0015254	-0.0114428
-0.0045987	-0.0076249
-0.0055684	-0.0013314
-0.0015956	0.0025823
0.0034357	0.0013049
0.0049663	-0.0038489
0.0012464	-0.0084905
-0.0053303	-0.0085342
-0.0100429	-0.0033343
-0.0094251	0.0037927
-0.0038979	0.0080496
0.0025393	0.0067590
0.0053172	0.0013583
0.0027254	-0.0037145
-0.0028315	-0.0043937
-0.0066909	-0.0000598
-0.0054886	0.0060057
0.0002808	0.0091211
0.0066318	0.0067570
0.0090967	0.0004539
0.0060910	-0.0053437
0.0000903	-0.0066428
-0.0042654	-0.0029035
-0.0036958	0.0025816
0.0012370	0.0052098
0.0065626	0.0025769
0.0079168	-0.0036864
0.0038504	-0.0091321
-0.0030690	-0.0098391
-0.0081879	-0.0053512
-0.0082609	0.0010103
-0.0038621	0.0046836
0.0011052	0.0033237
0.0024173	-0.0014387
-0.0012282	-0.0052642
-0.0071945	-0.0044281
-0.0108761	0.0013168
-0.0091658	0.0085054
-0.0027925	0.0125248
0.0042297	0.0110357
0.0076141	0.0056649
0.0059916	0.0007020
0.0018659	-0.0001997
-0.0003765	0.0031877
0.0021164	0.0075001
0.0084137	0.0083577
0.0144246	0.0037279
0.0159218	-0.0044698
0.0116779	-0.0117298
0.0043516	-0.0142602
-0.0015366	-0.0117217
-0.0029949	-0.0073478
-0.0007489	-0.0053700
0.0014198	-0.0077166
-0.0003292	-0.0124899
-0.0068423	-0.0153765
-0.0151828	-0.0129208
-0.0207063	-0.0051825
-0.0204334	0.0042290
-0.0151787	0.0107652
-0.0088395	0.0122198
-0.0054008	0.0102056
-0.0059325	0.0087313
-0.0078529	0.0109736
-0.0070056	0.0167086
-0.0009658	0.0223535
0.0089376	0.0235920
0.0184208	0.0185997
0.0232673	0.0094337
0.0222969	0.0005440
0.0180536	-0.0044628
0.0147146	-0.0053606
0.0148225	-0.0052386
0.0173266	-0.0079046
0.0184133	-0.0147463
0.0144923	-0.0234427
0.0050682	-0.0295128
-0.0066820	-0.0295390
-0.0160679	-0.0236354
-0.0201576	-0.0153074
-0.0197034	-0.0088235
-0.0182910	-0.0060921
-0.0193820	-0.0054026
-0.0235125	-0.0029656
-0.0277776	0.0039371
-0.0279966	0.0145963
-0.0219163	0.0251152
-0.0110274	0.0310759
0.0003822	0.0306299
0.0082257	0.0256936
0.0114090	0.0203650
0.0123275	0.0177767
0.0147205	0.0177752
0.0205375	0.0171750
0.0282101	0.0123798
0.0336498	0.0023687
0.0332246	-0.0102311
0.0264653	-0.0208107
0.0164600	-0.0259392
0.0076427	-0.0256478
0.0026469	-0.0231336
0.0005912	-0.0221352
-0.0019298	-0.0239845
-0.0079295	-0.0265743
-0.0174227	-0.0260168
-0.0271206	-0.0197281
-0.0326733	-0.0085902
-0.0317725	0.0034555
-0.0257797	0.0120893
-0.0186592	0.0155540
-0.0140331	0.0156575
-0.0125847	0.0161048
-0.0117614	0.0194514
-0.0079788	0.0250002
0.0003691	0.0292418
0.0113926	0.0285018
0.0208488	0.0217863
0.0250909	0.0116661
0.0236081	0.0025258
0.0192513	-0.0025068
0.0159894	-0.0036454
0.0159043	-0.0039906
0.0176971	-0.0069093
0.0178206	-0.0132562
0.0133627	-0.0205531
0.0044764	-0.0247532
-0.0054963	-0.0232549
-0.0123152	-0.0168823
-0.0138235	-0.0093345
-0.0113834	-0.0045183
-0.0086956	-0.0037742
-0.0089131	-0.0050765
-0.0122402	-0.0047892
-0.0158285	-0.0006237
-0.0160347	0.0064586
-0.0113145	0.0128459
-0.0035490	0.0149279
0.0032121	0.0117912
0.0056464	0.0059219
0.0035163	0.0013842
-0.0002803	0.0008504
-0.0019874	0.0037209
0.0001375	0.0067354
0.0045330	0.0065912
0.0075892	0.0025669
0.0064849	-0.0028442
0.0014434	-0.0057746
-0.0043100	-0.0039017
-0.0068660	0.0017632
-0.0044791	0.0075695
0.0011973	0.0098805
0.0064057	0.0076862
0.0081185	0.0032127
0.0062610	0.0000924
0.0036498	0.0004994
0.0037077	0.0034356
0.0077045	0.0054685
0.0136254	0.0033639
0.0175368	-0.0033828
0.0164258	-0.0120337
0.0103784	-0.0185039
0.0024640	-0.0202399
-0.0035690	-0.0179167
-0.0060357	-0.0146969
-0.0064213	-0.0136375
-0.0080302	-0.0152323
-0.0132198	-0.0169639
-0.0213349	-0.0152091
-0.0289241	-0.0080582
-0.0320915	0.0030887
-0.0292223	0.0143562
-0.0220419	0.0220357
-0.0142297	0.0250497
-0.0086548	0.0254004
-0.0053332	0.0262971
-0.0016440	0.0294116
0.0053752	0.0333691
0.0164156	0.0346311
0.0289672	0.0301164
0.0387989	0.0195808
0.0427536	0.0059604
0.0407713	-0.0065805
0.0356445	-0.0154309
0.0307197	-0.0210585
0.0273099	-0.0261610
0.0237836	-0.0331248
0.0170147	-0.0417543
0.0050800	-0.0490229
-0.0108580	-0.0510588
-0.0269311	-0.0458843
-0.0389476	-0.0348530
-0.0450069	-0.0217104
-0.0464088	-0.0099953
-0.0462129	-0.0007389
-0.0465800	0.0078215
-0.0469355	0.0183349
-0.0443611	0.0317220
-0.0359180	0.0458746
-0.0211374	0.0566908
-0.0027785	0.0606973
0.0147380	0.0573069
0.0280632	0.0490342
0.0367921	0.0395313
0.0431043	0.0309427
0.0495001	0.0225773
0.0563910	0.0118804
0.0614052	-0.0030647
0.0609575	-0.0214374
0.0529073	-0.0396142
0.0382986	-0.0532256
0.0208633	-0.0598231
0.0046514	-0.0601810
-0.0084436	-0.0572928
-0.0194318	-0.0538570
-0.0307327	-0.0501774
-0.0436258	-0.0440688
-0.0566260	-0.0328268
-0.0660543	-0.0157464
-0.0684059	0.0047498
-0.0627472	0.0242607
-0.0513490	0.0390055
-0.0380866	0.0479526
-0.0258153	0.0529194
-0.0146892	0.0566204
-0.0026574	0.0601851
0.0122836	0.0620521
0.0298393	0.0590895
0.0469187	0.0490914
0.0593099	0.0327497
0.0643011	0.0135897
0.0623001	-0.0041068
0.0562598	-0.0178571
0.0493665	-0.0281241
0.0427482	-0.0372415
0.0349256	-0.0469858
0.0233936	-0.0566790
0.0070985	-0.0632922
-0.0121062	-0.0634918
-0.0301697	-0.0560899
-0.0432221	-0.0430479
-0.0498673	-0.0282681
-0.0516964	-0.0150719
-0.0516764	-0.0042438
-0.0516613	0.0059218
-0.0509266	0.0176570
-0.0468301	0.0313771
-0.0370851	0.0447744
-0.0218972	0.0540695
-0.0043212	0.0565000
0.0114671	0.0521822
0.0227110	0.0439526
0.0295459	0.0353150
0.0343364	0.0280402
0.0394206	0.0212122
0.0450024	0.0124085
0.0488033	0.0000786
0.0477417	-0.0147204
0.0403620	-0.0285814
0.0281622	-0.0378348
0.0147994	-0.0409133
0.0037514	-0.0392312
-0.0038253	-0.0359345
-0.0094591	-0.0334796
-0.0157144	-0.0318729
-0.0238163	-0.0288871
-0.0323765	-0.0220654
-0.0381994	-0.0109645
-0.0385676	0.0020900
-0.0332760	0.0133346
-0.0248749	0.0200047
-0.0169287	0.0220594
-0.0115954	0.0219146
-0.0083336	0.0224119
-0.0046833	0.0245706
0.0015038	0.0268271
0.0101035	0.0263234
0.0185322	0.0212529
0.0234884	0.0124654
0.0233118	0.0030996
0.0191796	-0.0034990
0.0142373	-0.0060182
0.0113189	-0.0059058
0.0109717	-0.0060558
0.0112593	-0.0084682
0.0094657	-0.0126613
0.0043860	-0.0160362
-0.0025518	-0.0159071
-0.0081945	-0.0116461
-0.0099220	-0.0053068
-0.0075516	-0.0002416
-0.0034537	0.0012526
-0.0007922	-0.0005034
-0.0012192	-0.0029654
-0.0037559	-0.0033989
-0.0056873	-0.0010008
-0.0047712	0.0024973
-0.0010714	0.0041938
0.0029862	0.0023049
0.0043807	-0.0023689
0.0017546	-0.0069176
-0.0035435	-0.0083878
-0.0084189	-0.0058902
-0.0102676	-0.0011676
-0.0088051	0.0027885
-0.0061208	0.0040128
-0.0049371	0.0030068
-0.0064124	0.0022605
-0.0091647	0.0042282
-0.0102638	0.0093064
-0.0074435	0.0153561
-0.0008631	0.0191427
0.0069155	0.0186164
0.0127157	0.0143232
0.0149545	0.0088957
0.0146144	0.0050273
0.0142651	0.0034709
0.0159009	0.0025768
0.0192507	-0.0002898
0.0218542	-0.0065404
0.0208557	-0.0150502
0.0151614	-0.0227487
0.0063339	-0.0266826
-0.0024526	-0.0260064
-0.0086067	-0.0224175
-0.0118154	-0.0187276
-0.0139781	-0.0166703
-0.0174554	-0.0156127
-0.0229852	-0.0131440
-0.0288655	-0.0070853
-0.0320386	0.0026137
-0.0302687	0.0135421
-0.0237747	0.0223254
-0.0150930	0.0268395
-0.0072780	0.0274899
-0.0018010	0.0266142
0.0022781	0.0264888
0.0072604	0.0274677
0.0147038	0.0276717
0.0238826	0.0244645
0.0320021	0.0165909
0.0360228	0.0053513
0.0347328	-0.0060894
0.0295179	-0.0147486
0.0232607	-0.0197024
0.0182129	-0.0223983
0.0144483	-0.0252010
0.0100553	-0.0292997
0.0029008	-0.0335836
-0.0073936	-0.0353490
-0.0187847	-0.0323077
-0.0279748	-0.0243768
-0.0325541	-0.0138938
-0.0325177	-0.0040878
-0.0300346	0.0030489
-0.0276637	0.0079001
-0.0263799	0.0125416
-0.0249057	0.0187853
-0.0208437	0.0264595
-0.0127377	0.0332490
-0.0014824	0.0362314
0.0100045	0.0339569
0.0186185	0.0275054
0.0230464	0.0197260
0.0244156	0.0132339
0.0251512	0.0086712
0.0269276	0.0045278
0.0292813	-0.0013688
0.0299377	-0.0098505
0.0265998	-0.0194332
0.0188353	-0.0271286
0.0086233	-0.0304429
-0.0008670	-0.0290667
-0.0073562	-0.0249886
-0.0108420	-0.0209599
-0.0132701	-0.0184729
-0.0167644	-0.0167788
-0.0217799	-0.0136706
-0.0265885	-0.0074172
-0.0284936	0.0016361
-0.0258531	0.0110325
-0.0193781	0.0177765
-0.0117192	0.0203393
-0.0056478	0.0195980
-0.0021960	0.0180130
-0.0001429	0.0176799
