jMRUI Data Textfile

Filename: Ace.txt

PointsInDataset: 2048      
DatasetsInFile: 1         
SamplingInterval: 2.5E-1    
ZeroOrderPhase: 0E0       
BeginTime: 0E0       
TransmitterFrequency: 1.2322E8  
MagneticField: 2.9E0     
TypeOfNucleus: 0E0       
NameOfPatient: Ace
DateOfExperiment: 
Spectrometer: 
AdditionalInfo: Ace
SignalNames: Ace.txt;


Signal and FFT
sig(real)	sig(imag)	fft(real)	fft(imag)
Signal 1 out of 1 in file
3.1000000	-0.0000000
2.6438500	-1.5967800
1.4305400	-2.7108100
-0.1623870	-3.0274700
-1.6623000	-2.4882000
-2.6565100	-1.2859300
-2.9053400	0.2204300
-2.3828100	1.6245800
-1.2526000	2.5774100
0.1905880	2.8545200
1.5883800	2.3898000
2.5871100	1.2871400
2.9114700	-0.1886320
2.4412300	-1.6540600
1.2688900	-2.6946800
-0.2965040	-2.9874400
-1.8029900	-2.4179300
-2.7953400	-1.1385100
-2.9709900	0.4690450
-2.2860900	1.9199600
-0.9651590	2.7911400
0.5867030	2.8554300
1.9255600	2.1350800
2.7027200	0.8664030
2.7455600	-0.5926800
2.0743500	-1.8665100
0.8735950	-2.6446700
-0.5571510	-2.7369600
-1.8611100	-2.1082900
-2.6938100	-0.8969280
-2.8070200	0.5959190
-2.1323000	1.9635200
-0.8291500	2.8018700
0.7377470	2.8419100
2.1024700	2.0532300
2.8517900	0.6682220
2.7673800	-0.8923020
1.8957100	-2.1638600
0.5187030	-2.7920000
-0.9543690	-2.6332300
-2.1213500	-1.7729300
-2.6947200	-0.4714300
-2.5553300	0.9240770
-1.7566800	2.0656300
-0.4999850	2.6723500
0.9057310	2.5827200
2.0997800	1.7957800
2.7487900	0.4920010
2.6423400	-0.9877290
1.7757500	-2.2214500
0.3782990	-2.8330200
-1.1417600	-2.6235600
-2.3265400	-1.6501200
-2.8240800	-0.2115010
-2.5049400	1.2561900
-1.4929200	2.3289900
-0.1048580	2.7264800
1.2642600	2.3778500
2.2588600	1.4130400
2.6440500	0.1024290
2.3411900	-1.2198800
1.4296900	-2.2269200
0.1294710	-2.6605200
-1.2348800	-2.3884000
-2.2974400	-1.4513000
-2.7441300	-0.0789262
-2.4160200	1.3508300
-1.3812000	2.4152300
0.0660126	2.7849800
1.4921600	2.3427400
2.4698000	1.2280300
2.7213000	-0.2135210
2.2020600	-1.5535600
1.0949700	-2.4219900
-0.2689560	-2.6094900
-1.5204400	-2.1030000
-2.3480500	-1.0611000
-2.5586900	0.2428920
-2.1050000	1.4847200
-1.0913500	2.3514700
0.2380260	2.6057000
1.5388800	2.1505400
2.4446100	1.0777300
2.6736600	-0.3310340
2.1319500	-1.6703500
0.9632610	-2.5354500
-0.4852400	-2.6609100
-1.7768300	-2.0148700
-2.5336100	-0.8066570
-2.5573100	0.5935180
-1.8767900	1.7839300
-0.7142170	2.4535500
0.6012200	2.4549800
1.7297700	1.8176200
2.3970800	0.7180800
2.4422100	-0.5680400
1.8454300	-1.7204600
0.7402670	-2.4363100
-0.5987580	-2.5027300
-1.8082600	-1.8681600
-2.5316400	-0.6827860
-2.5352900	0.7231690
-1.7996900	1.9324300
-0.5397320	2.5780000
0.8627340	2.4701000
1.9896300	1.6581600
2.5254600	0.4032060
2.3482300	-0.9212390
1.5443100	-1.9522700
0.3572940	-2.4357100
-0.8947700	-2.2737000
-1.8993300	-1.5257600
-2.4106100	-0.3821790
-2.2942200	0.8752910
-1.5601300	1.9251300
-0.3777870	2.4755400
0.9447290	2.3472300
2.0315500	1.5445500
2.5511600	0.2788240
2.3324200	-1.0815100
1.4336500	-2.1267300
0.1290340	-2.5449900
-1.1861300	-2.2266300
-2.1308100	-1.2909200
-2.4571300	-0.0302735
-2.1096200	1.1954800
-1.2152000	2.0670000
-0.0257193	2.3793000
1.1545000	2.0720400
2.0341100	1.2275800
2.3893000	0.0511630
2.1119400	-1.1638700
1.2480900	-2.0930300
0.0093579	-2.4623100
-1.2645100	-2.1378300
-2.1975900	-1.1879700
-2.5002500	0.1186130
-2.0740700	1.3914000
-1.0511500	2.2482500
0.2524420	2.4444400
1.4488000	1.9470700
2.2062700	0.9289240
2.3422500	-0.3051740
1.8542400	-1.4198200
0.8949470	-2.1373500
-0.2825110	-2.2920500
-1.3849300	-1.8521500
-2.1356700	-0.9213520
-2.3304600	0.2753980
-1.8923600	1.4291900
-0.9115630	2.2160900
0.3553670	2.3911400
1.5450600	1.8777600
2.2979500	0.8112290
2.3815200	-0.4930200
1.7739200	-1.6418800
0.6699240	-2.2980500
-0.5925120	-2.2887700
-1.6501200	-1.6478500
-2.2256700	-0.5836110
-2.1937000	0.6015620
-1.5906000	1.6005800
-0.5846910	2.1711400
0.5707070	2.1776900
1.5882400	1.6130900
2.2019200	0.6056490
2.2297700	-0.5946110
1.6344900	-1.6632500
0.5571040	-2.2858500
-0.7035520	-2.2600600
-1.7740600	-1.5753300
-2.3288100	-0.4300990
-2.2031500	0.8294320
-1.4483200	1.8272400
-0.3056050	2.2827300
0.8844220	2.0925700
1.7945100	1.3429600
2.2001100	0.2612770
2.0216200	-0.8613880
1.3227200	-1.7444400
0.2828640	-2.1731000
-0.8412590	-2.0363200
-1.7632100	-1.3528400
-2.2279700	-0.2813780
-2.0833500	0.8997850
-1.3409800	1.8561100
-0.1954220	2.2957600
1.0210800	2.0718800
1.9421900	1.2432200
2.2918900	0.0610615
1.9776700	-1.1166100
1.1138000	-1.9475600
-0.0302318	-2.2129100
-1.1269000	-1.8701200
-1.8896100	-1.0422700
-2.1397000	0.0364944
-1.8322200	1.0891900
-1.0510300	1.8563500
0.0126818	2.1443300
1.0939400	1.8657100
1.9052500	1.0703600
2.2079300	-0.0469873
1.8898700	-1.1810800
1.0189500	-1.9979200
-0.1598130	-2.2430700
-1.2948700	-1.8345100
-2.0448400	-0.8968840
-2.1942500	0.2810820
-1.7200000	1.3484000
-0.7847830	2.0080600
0.3310610	2.1010000
1.3231300	1.6332500
1.9440100	0.7510780
2.0518600	-0.3114510
1.6278500	-1.2893500
0.7740210	-1.9382500
-0.3026480	-2.0828700
-1.3251300	-1.6632600
-2.0074700	-0.7674000
-2.1369600	0.3711990
-1.6520200	1.4270800
-0.6796030	2.0811300
0.4939260	2.1299600
1.5149900	1.5600400
2.0827900	0.5522520
2.0470200	-0.5852050
1.4451000	-1.5241000
0.4718460	-2.0174700
-0.5952790	-1.9589000
-1.4788800	-1.3900200
-1.9651400	-0.4706240
-1.9404400	0.5666990
-1.4079200	1.4642700
-0.4903010	1.9887400
0.5848600	1.9850800
1.5281000	1.4279500
2.0625000	0.4494950
2.0131600	-0.6800800
1.3769700	-1.6268500
0.3368840	-2.1022000
-0.7934830	-1.9635800
-1.6761800	-1.2631200
-2.0618800	-0.2235110
-1.8633900	0.8450300
-1.1658100	1.6476000
-0.1809360	1.9859700
0.8250740	1.7961200
1.6004400	1.1444100
1.9577200	0.1995660
1.8059300	-0.8046890
1.1707000	-1.6133500
0.2004020	-2.0038400
-0.8537570	-1.8475600
-1.6942500	-1.1619500
-2.0645100	-0.1259080
-1.8389100	0.9611750
-1.0759100	1.7720100
-0.0055279	2.0625400
1.0482700	1.7551000
1.7783700	0.9586870
1.9916400	-0.0787152
1.6564200	-1.0592500
0.8913430	-1.7258400
-0.0863252	-1.9230000
-1.0246400	-1.6186800
-1.6926800	-0.8970260
-1.9232400	0.0641464
-1.6465800	1.0256300
-0.9151400	1.7329200
0.0920360	1.9784900
1.1008900	1.6690400
1.8149200	0.8713360
2.0109400	-0.1913580
1.6210600	-1.2028000
0.7625580	-1.8583000
-0.3011140	-1.9683300
-1.2526200	-1.5179500
-1.8261500	-0.6598960
-1.8833700	0.3483290
-1.4370800	1.2306600
-0.6267620	1.7667900
0.3314490	1.8356400
1.1981900	1.4290400
1.7578000	0.6466040
1.8603100	-0.3214210
1.4601400	-1.2267300
0.6425800	-1.8171700
-0.3799910	-1.9084100
-1.3162900	-1.4517000
-1.8833600	-0.5658880
-1.9036000	0.4892740
-1.3703500	1.3960100
-0.4512470	1.8862800
0.5728960	1.8295300
1.4057300	1.2656900
1.8274200	0.3765060
1.7480400	-0.5837140
1.2129700	-1.3645500
0.3734000	-1.7774700
-0.5573390	-1.7278000
-1.3482900	-1.2269300
-1.7950000	-0.3917770
-1.7658900	0.5706840
-1.2455900	1.4023700
-0.3576560	1.8596900
0.6537490	1.7918500
1.4902600	1.2017700
1.8963000	0.2579400
1.7487400	-0.7557910
1.0998400	-1.5359300
0.1548270	-1.8611000
-0.8039920	-1.6580700
-1.5110300	-1.0101200
-1.7914800	-0.1141230
-1.5945400	0.7867840
-0.9879930	1.4668100
-0.1301110	1.7625700
0.7664600	1.6002600
1.4748300	1.0108600
1.8010600	0.1327750
1.6370300	-0.8073490
1.0046900	-1.5451200
0.0683665	-1.8552800
-0.9023390	-1.6307300
-1.6152700	-0.9290650
-1.8548500	0.0393608
-1.5562800	0.9816520
-0.8230340	1.6223700
0.1169680	1.7913100
0.9930780	1.4658800
1.5748500	0.7598120
1.7271400	-0.1256140
1.4286800	-0.9614030
0.7629140	-1.5421600
-0.1050480	-1.7238300
-0.9593760	-1.4517200
-1.5749500	-0.7798020
-1.7716800	0.1274670
-1.4725100	1.0241900
-0.7426080	1.6473900
0.2147650	1.8015800
1.1153500	1.4310300
1.6874000	0.6457920
1.7644600	-0.3139820
1.3382900	-1.1616100
0.5519100	-1.6593800
-0.3584500	-1.6871800
-1.1426100	-1.2630900
-1.6045000	-0.5195870
-1.6411300	0.3440050
-1.2529800	1.1116000
-0.5366580	1.5930100
0.3331370	1.6603600
1.1339900	1.2802000
1.6437500	0.5347430
1.7030700	-0.3829980
1.2741000	-1.2125100
0.4678760	-1.7031400
-0.4801870	-1.7000600
-1.2847100	-1.2022400
-1.7070400	-0.3647950
-1.6340100	0.5566860
-1.1070800	1.2948300
-0.2954630	1.6540800
0.5680100	1.5587900
1.2574100	1.0568500
1.6066400	0.2908370
1.5373300	-0.5437520
1.0674300	-1.2400200
0.3079150	-1.6190600
-0.5530830	-1.5696800
-1.2856200	-1.0847400
-1.6756700	-0.2795550
-1.5936000	0.6253970
-1.0471800	1.3637300
-0.1913760	1.7093700
0.7171060	1.5561900
1.4059300	0.9560320
1.6787000	0.0977124
1.4742600	-0.7620740
0.8734550	-1.3843200
0.0589592	-1.6149800
-0.7473130	-1.4144700
-1.3429800	-0.8509670
-1.5858500	-0.0725943
-1.4168000	0.7273010
-0.8707630	1.3469800
-0.0766710	1.6177500
0.7611360	1.4491900
1.4079000	0.8667170
1.6661100	0.0211221
1.4448300	-0.8450120
0.8003600	-1.4711000
-0.0751685	-1.6669400
-0.9171400	-1.3787900
-1.4787200	-0.7045640
-1.6100500	0.1465480
-1.2961000	0.9288210
-0.6453730	1.4358000
0.1559620	1.5502400
0.8999080	1.2597400
1.4038900	0.6463220
1.5440800	-0.1369690
1.2785700	-0.8954880
0.6619920	-1.4302900
-0.1547420	-1.5854000
-0.9511400	-1.2977500
-1.4941800	-0.6305370
-1.6128800	0.2313450
-1.2619800	1.0325800
-0.5444740	1.5310100
0.3209310	1.5806200
1.0754500	1.1786700
1.5066500	0.4587410
1.5104200	-0.3626930
1.1088900	-1.0590800
0.4274170	-1.4560400
-0.3504130	-1.4662500
-1.0296300	-1.0972000
-1.4426700	-0.4420190
-1.4808600	0.3390210
-1.1209500	1.0468000
-0.4417990	1.4858400
0.3812990	1.5187100
1.1155200	1.1167900
1.5390600	0.3836110
1.5171700	-0.4676190
1.0534000	-1.1808200
0.2910320	-1.5437000
-0.5375060	-1.4583400
-1.1911600	-0.9669890
-1.4961200	-0.2268430
-1.3890600	0.5491350
-0.9193260	1.1572300
-0.2210100	1.4512600
0.5268950	1.3668400
1.1391600	0.9270240
1.4594100	0.2368100
1.3941600	-0.5329030
0.9430170	-1.1773900
0.2134010	-1.5088400
-0.5957200	-1.4161300
-1.2467000	-0.9109190
-1.5397800	-0.1355340
-1.3837600	0.6780450
-0.8295080	1.2856300
-0.0505586	1.5131300
0.7199040	1.3098100
1.2669300	0.7536300
1.4549100	0.0138003
1.2537100	-0.7073150
0.7310850	-1.2284100
0.0253464	-1.4259400
-0.6878100	-1.2532600
-1.2291400	-0.7481460
-1.4521300	-0.0304867
-1.2817200	0.7155790
-0.7458330	1.2817900
0.0172912	1.4952000
0.7895280	1.2789700
1.3386500	0.6877000
1.4970200	-0.1032560
1.2204500	-0.8550380
0.6012530	-1.3466200
-0.1688060	-1.4461800
-0.8668100	-1.1449400
-1.3079100	-0.5459780
-1.3905600	0.1787600
-1.1096600	0.8404850
-0.5451480	1.2770000
0.1612870	1.3821800
0.8342040	1.1248400
1.2979400	0.5596230
1.4177200	-0.1751280
1.1424700	-0.8818260
0.5331390	-1.3541900
-0.2422330	-1.4429200
-0.9544910	-1.1117100
-1.3880400	-0.4567320
-1.4149500	0.3230260
-1.0369600	0.9941500
-0.3785470	1.3669200
0.3621460	1.3512700
0.9801000	0.9723450
1.3203400	0.3483640
1.3091200	-0.3517830
0.9594940	-0.9522680
0.3607750	-1.3056100
-0.3401270	-1.3198200
-0.9650500	-0.9801380
-1.3421800	-0.3618970
-1.3532800	0.3758160
-0.9775610	1.0250700
-0.3113660	1.3897900
0.4523810	1.3529500
1.0840600	0.9217320
1.3949900	0.2283160
1.3006200	-0.5161400
0.8433650	-1.0944800
0.1689960	-1.3523100
-0.5279050	-1.2369100
-1.0637700	-0.7983050
-1.3100500	-0.1622290
-1.2143300	0.5075780
-0.8035620	1.0453600
-0.1767850	1.3146500
0.5108540	1.2372500
1.0772000	0.8182790
1.3577000	0.1576180
1.2573900	-0.5652940
0.7909420	-1.1386300
0.0889560	-1.3860600
-0.6391080	-1.2294400
-1.1744600	-0.7183150
-1.3629600	-0.0119571
-1.1627800	0.6779920
-0.6487040	1.1583500
0.0227906	1.3098500
0.6673250	1.1103000
1.1225700	0.6263480
1.2813500	-0.0130927
1.1075900	-0.6484780
0.6409760	-1.1206400
-0.0071799	-1.3026100
-0.6710440	-1.1325300
-1.1660200	-0.6400640
-1.3409000	0.0481533
-1.1310800	0.7361370
-0.5892220	1.2171000
0.1248070	1.3435000
0.7955610	1.0793100
1.2252700	0.5113050
1.2981100	-0.1849130
1.0104400	-0.8072890
0.4598070	-1.1904300
-0.1952140	-1.2465300
-0.7833780	-0.9764300
-1.1606900	-0.4575240
-1.2364300	0.1791960
-0.9884650	0.7756840
-0.4708400	1.1769800
0.1897260	1.2669000
0.8162860	1.0046300
1.2264000	0.4486530
1.2899500	-0.2484050
0.9782430	-0.8810360
0.3809050	-1.2574600
-0.3211830	-1.2657600
-0.9176520	-0.9112490
-1.2392100	-0.3096980
-1.2080800	0.3577390
-0.8515390	0.9056630
-0.2807620	1.1964200
0.3490680	1.1680300
0.8794760	0.8378780
1.1807700	0.2912330
1.1754400	-0.3373580
0.8557540	-0.8885750
0.2934000	-1.2115800
-0.3673320	-1.2049600
-0.9408840	-0.8544650
-1.2541100	-0.2496140
-1.2055800	0.4351530
-0.8053660	0.9941030
-0.1751980	1.2596900
0.4932440	1.1591100
1.0044700	0.7343830
1.2214600	0.1204740
1.1006300	-0.5050050
0.6919250	-0.9767390
0.1130070	-1.1818000
-0.4864790	-1.0780000
-0.9582800	-0.6951280
-1.1834800	-0.1263640
-1.0970900	0.4875320
-0.7086210	0.9846150
-0.1108210	1.2208800
0.5345960	1.1154900
1.0389600	0.6854230
1.2468200	0.0503654
1.0914200	-0.6006970
0.6207110	-1.0718900
-0.0193220	-1.2268500
-0.6367460	-1.0314100
-1.0580600	-0.5569460
-1.1784800	0.0520667
-0.9824420	0.6277740
-0.5349800	1.0249200
0.0439982	1.1506800
0.6096950	0.9779230
1.0208800	0.5474500
1.1677200	-0.0375540
0.9997120	-0.6278170
0.5476570	-1.0598500
-0.0725798	-1.2017000
-0.6850180	-0.9993210
-1.1056900	-0.5032700
-1.2048900	0.1408470
-0.9535810	0.7388530
-0.4331220	1.1139200
0.1958820	1.1644300
0.7504260	0.8908690
1.0826100	0.3852500
1.1166900	-0.2063660
0.8582510	-0.7287580
0.3817970	-1.0541800
-0.1917310	-1.1053200
-0.7200290	-0.8675920
-1.0665300	-0.3939990
-1.1313200	0.1994880
-0.8823570	0.7545040
-0.3755160	1.1098700
0.2507030	1.1523600
0.8121230	0.8597970
1.1383000	0.3155240
1.1314900	-0.3161840
0.7998300	-0.8458720
0.2507560	-1.1225900
-0.3502660	-1.0793200
-0.8356990	-0.7447530
-1.0833700	-0.2231400
-1.0414300	0.3430830
-0.7305760	0.8111570
-0.2318990	1.0671500
0.3314850	1.0460800
0.8171890	0.7459890
1.0929500	0.2348620
1.0720600	-0.3565170
0.7457360	-0.8626750
0.1970090	-1.1308800
-0.4165070	-1.0734400
-0.9106280	-0.7026220
-1.1367200	-0.1304080
-1.0322200	0.4693660
-0.6384060	0.9208490
-0.0800088	1.1025200
0.4810050	0.9786300
0.8958470	0.5985240
1.0654100	0.0720386
0.9562150	-0.4641680
0.6000090	-0.8775750
0.0842502	-1.0647100
-0.4634320	-0.9719740
-0.8991610	-0.6123360
-1.0971100	-0.0717927
-0.9887500	0.5040090
-0.5927300	0.9471710
-0.0186443	1.1207900
0.5631320	0.9680760
0.9773820	0.5351400
1.1035800	-0.0443508
0.9141190	-0.5964890
0.4768160	-0.9655590
-0.0751194	-1.0596000
-0.5890070	-0.8685410
-0.9349370	-0.4553990
-1.0326800	0.0684822
-0.8625970	0.5717750
-0.4659600	0.9292480
0.0617050	1.0461100
0.5861120	0.8815730
0.9626080	0.4670470
1.0762000	-0.0915417
0.8820250	-0.6362910
0.4283680	-1.0036800
-0.1522640	-1.0798200
-0.6850020	-0.8416690
-1.0118700	-0.3652890
-1.0438000	0.2025850
-0.7846380	0.6963300
-0.3208790	0.9837840
0.2131150	0.9997270
0.6767380	0.7535120
0.9567280	0.3165000
0.9874470	-0.1997880
0.7605510	-0.6672870
0.3276390	-0.9657620
-0.2052340	-1.0095300
-0.6964270	-0.7740000
-1.0036900	-0.3123410
-1.0287000	0.2498450
-0.7547720	0.7476310
-0.2592900	1.0296800
0.3086920	1.0107500
0.7786840	0.7011590
1.0161900	0.2004530
0.9636120	-0.3403990
0.6504460	-0.7701080
0.1742020	-0.9803100
-0.3345200	-0.9279010
-0.7471910	-0.6360000
-0.9638230	-0.1814560
-0.9302540	0.3231660
-0.6492260	0.7506860
-0.1850060	0.9852840
0.3439330	0.9530710
0.7901430	0.6497950
1.0190600	0.1523640
0.9550340	-0.3969200
0.6119960	-0.8332960
0.0928269	-1.0250200
-0.4449570	-0.9185140
-0.8432870	-0.5539740
-0.9944870	-0.0464854
-0.8694890	0.4563800
-0.5166150	0.8207910
-0.0381817	0.9598600
0.4411180	0.8474940
0.8028900	0.5166780
0.9572500	0.0493059
0.8603690	-0.4389620
0.5279000	-0.8203970
0.0394647	-0.9852240
-0.4738450	-0.8756230
-0.8627370	-0.5114050
-1.0068000	0.0071845
-0.8579220	0.5266600
-0.4602170	0.8904080
0.0640628	0.9920230
0.5574720	0.8094650
0.8803530	0.4069460
0.9520830	-0.0928977
0.7671420	-0.5512950
0.3862010	-0.8521270
-0.0875128	-0.9261880
-0.5349600	-0.7601030
-0.8451760	-0.3950790
-0.9365330	0.0805645
-0.7765720	0.5460870
-0.3968450	0.8736180
0.1058830	0.9631380
0.5900250	0.7776850
0.9103660	0.3632060
0.9670590	-0.1598240
0.7421320	-0.6340460
0.3065480	-0.9184390
-0.2057720	-0.9350430
-0.6450570	-0.6903370
-0.8932810	-0.2654310
-0.8944230	0.2162360
-0.6607610	0.6273820
-0.2603360	0.8676580
0.2041380	0.8815470
0.6174690	0.6658440
0.8739070	0.2704680
0.9002060	-0.2076720
0.6780580	-0.6419730
0.2579010	-0.9070250
-0.2464480	-0.9176240
-0.6874120	-0.6617300
-0.9307380	-0.2110520
-0.9022310	0.2992720
-0.6138550	0.7159370
-0.1576700	0.9192080
0.3287080	0.8597050
0.7087610	0.5672390
0.8864410	0.1328070
0.8261550	-0.3239670
0.5527260	-0.6874310
0.1387430	-0.8699300
-0.3129580	-0.8266200
-0.6888460	-0.5640170
-0.8876320	-0.1427070
-0.8466030	0.3300560
-0.5652260	0.7229850
-0.1146340	0.9176620
0.3767880	0.8490040
0.7617670	0.5321430
0.9236560	0.0614749
0.8166990	-0.4203870
0.4797790	-0.7714640
0.0189302	-0.8964280
-0.4315170	-0.7719170
-0.7512610	-0.4448760
-0.8642120	-0.0104354
-0.7505050	0.4177200
-0.4437710	0.7338740
-0.0205341	0.8600820
0.4144560	0.7608900
0.7478900	0.4539550
0.8841590	0.0129023
0.7747260	-0.4443490
0.4401460	-0.7851650
-0.0279740	-0.9037860
-0.4914700	-0.7596190
-0.8104700	-0.3947060
-0.8911310	0.0792694
-0.7161540	0.5198810
-0.3461170	0.8019640
0.1062250	0.8549200
0.5148420	0.6769390
0.7760050	0.3261390
0.8301460	-0.1019310
0.6690850	-0.4994350
0.3335360	-0.7681190
-0.0949425	-0.8378780
-0.5078530	-0.6833250
-0.7922640	-0.3358130
-0.8613480	0.1163340
-0.6849450	0.5462520
-0.3066180	0.8250970
0.1641900	0.8654620
0.5859840	0.6536710
0.8329820	0.2557870
0.8370420	-0.2060890
0.6066910	-0.5966220
0.2177900	-0.8104850
-0.2163930	-0.7996790
-0.5807110	-0.5786970
-0.7863180	-0.2121570
-0.7864640	0.2054440
-0.5821270	0.5705510
-0.2213420	0.7902470
0.2074090	0.8021310
0.5910350	0.5931890
0.8190980	0.2111100
0.8179290	-0.2410380
0.5793770	-0.6313010
0.1697960	-0.8406990
-0.2883980	-0.8047710
-0.6574610	-0.5366780
-0.8308840	-0.1214220
-0.7664550	0.3156750
-0.4938980	0.6515070
-0.0979523	0.8010120
0.3119220	0.7350300
0.6317150	0.4794850
0.7846720	0.1027380
0.7339560	-0.3013340
0.4890660	-0.6314410
0.1069740	-0.7991320
-0.3152830	-0.7514090
-0.6608960	-0.4907630
-0.8257860	-0.0829000
-0.7541260	0.3564340
-0.4618570	0.6957060
-0.0354926	0.8317360
0.3959570	0.7255910
0.7050600	0.4146560
0.8074930	-0.0035081
0.6847460	-0.4067340
0.3821260	-0.6869480
-0.0120751	-0.7775950
-0.3942940	-0.6640430
-0.6701850	-0.3800770
-0.7722830	0.0029380
-0.6722840	0.3901850
-0.3892880	0.6812230
0.0087129	0.7929290
0.4157120	0.6848040
0.7139800	0.3777920
0.8107480	-0.0444680
0.6719560	-0.4576990
0.3375070	-0.7370840
-0.0906744	-0.7999520
-0.4838530	-0.6330170
-0.7299320	-0.2932480
-0.7671690	0.1158150
-0.5967560	0.4798030
-0.2741050	0.7061100
0.1124680	0.7435840
0.4653350	0.5883230
0.6975640	0.2802060
0.7491090	-0.1055420
0.6005850	-0.4714770
0.2828530	-0.7179600
-0.1235290	-0.7697720
-0.5049670	-0.6025840
-0.7472540	-0.2575700
-0.7739870	0.1659290
-0.5751160	0.5407840
-0.2120210	0.7548970
0.2040860	0.7487950
0.5510070	0.5325590
0.7348110	0.1769680
0.7144900	-0.2141560
0.5061550	-0.5367150
0.1709520	-0.7121040
-0.2042760	-0.7011480
-0.5264810	-0.5081970
-0.7141140	-0.1792480
-0.7142100	0.2049640
-0.5181860	0.5434900
-0.1710050	0.7391840
0.2340610	0.7285090
0.5791170	0.5065540
0.7588290	0.1346270
0.7173020	-0.2764710
0.4685170	-0.6030730
0.0908446	-0.7505130
-0.3017000	-0.6828220
-0.5981820	-0.4293180
-0.7233250	-0.0687567
-0.6534710	0.2988020
-0.4151400	0.5798690
-0.0725419	0.7073120
0.2886890	0.6511570
0.5782410	0.4232160
0.7189850	0.0769339
0.6663560	-0.2999460
0.4252730	-0.6035770
0.0563542	-0.7426010
-0.3361230	-0.6692880
-0.6347790	-0.4000640
-0.7484450	-0.0141279
-0.6441200	0.3719070
-0.3575660	0.6437530
0.0215726	0.7268910
0.3822860	0.6069180
0.6275460	0.3273160
0.6992100	-0.0301129
0.5870190	-0.3710960
0.3245140	-0.6114860
-0.0218731	-0.6930020
-0.3663640	-0.5934250
-0.6199970	-0.3328180
-0.7106350	0.0260954
-0.6047260	0.3880800
-0.3233110	0.6487270
0.0573134	0.7267830
0.4254440	0.5938410
0.6697890	0.2876420
0.7176100	-0.0988874
0.5589980	-0.4494810
0.2473800	-0.6638180
-0.1222840	-0.6879720
-0.4462870	-0.5255330
-0.6420010	-0.2291200
-0.6656150	0.1197540
-0.5167190	0.4327540
-0.2340890	0.6330240
0.1129740	0.6692910
0.4369960	0.5272310
0.6501570	0.2369900
0.6874390	-0.1280150
0.5295010	-0.4661420
0.2151460	-0.6762540
-0.1655290	-0.6916820
-0.4983890	-0.5054150
-0.6836150	-0.1743770
-0.6693850	0.2002340
-0.4669130	0.5081660
-0.1420960	0.6657120
0.2100110	0.6379420
0.4953550	0.4420880
0.6444470	0.1358250
0.6246460	-0.2011220
0.4429730	-0.4851890
0.1432950	-0.6448850
-0.2007830	-0.6354450
-0.4992000	-0.4519690
-0.6666100	-0.1367390
-0.6483610	0.2258920
-0.4422200	0.5306740
-0.1047560	0.6844480
0.2638250	0.6388520
0.5525780	0.4083780
0.6774390	0.0651758
0.6078640	-0.2871180
0.3725150	-0.5486090
0.0444472	-0.6527330
-0.2849560	-0.5805210
-0.5317090	-0.3586780
-0.6371690	-0.0473671
-0.5772250	0.2753550
-0.3654320	0.5290120
-0.0518201	0.6464550
0.2843190	0.5904180
0.5507320	0.3677440
0.6673410	0.0342881
0.5934820	-0.3160690
0.3458000	-0.5786640
-0.0032768	-0.6730290
-0.3484280	-0.5713170
-0.5872310	-0.3075830
-0.6538940	0.0359104
-0.5374810	0.3583750
-0.2795130	0.5727560
0.0443432	0.6283230
0.3483350	0.5184530
0.5574530	0.2761210
0.6214600	-0.0369365
0.5232920	-0.3431640
0.2835840	-0.5638270
-0.0398688	-0.6364510
-0.3615590	-0.5334680
-0.5889760	-0.2757810
-0.6510590	0.0670727
-0.5242860	0.3947640
-0.2442420	0.6081480
0.1044350	0.6433000
0.4168220	0.4931470
0.6032010	0.2076620
0.6165420	-0.1261640
0.4623190	-0.4143640
0.1903150	-0.5832600
-0.1243350	-0.5954330
-0.4017520	-0.4532900
-0.5740410	-0.1942990
-0.5975660	0.1177630
-0.4622560	0.4044190
-0.1973580	0.5883420
0.1302630	0.6134690
0.4297240	0.4647090
0.6115560	0.1785330
0.6176800	-0.1634070
0.4436230	-0.4587220
0.1420850	-0.6186040
-0.1949320	-0.5979740
-0.4680320	-0.4088320
-0.6026720	-0.1124050
-0.5692020	0.2043700
-0.3855600	0.4565730
-0.1059890	0.5828200
0.1963950	0.5560910
0.4465860	0.3854910
0.5819830	0.1126910
0.5649320	-0.1952420
0.3935680	-0.4580200
0.1075630	-0.6007550
-0.2168500	-0.5765740
-0.4857810	-0.3854420
-0.6169250	-0.0794871
-0.5685400	0.2507360
-0.3553710	0.5057770
-0.0437489	0.6110510
0.2722060	0.5407240
0.5026050	0.3226060
0.5886370	0.0243463
0.5153140	-0.2706740
0.3091950	-0.4870480
0.0265213	-0.5736150
-0.2616080	-0.5112560
-0.4835230	-0.3147910
-0.5808620	-0.0309597
-0.5226690	0.2686240
-0.3172720	0.5020760
-0.0160808	0.5993000
0.2964410	0.5257950
0.5270460	0.2982070
0.6047940	-0.0172950
0.5063050	-0.3256670
0.2638790	-0.5351890
-0.0470846	-0.5878330
-0.3351580	-0.4755720
-0.5222830	-0.2378850
-0.5642590	0.0553443
-0.4574610	0.3261720
-0.2340460	0.5077740
0.0487081	0.5569450
0.3207160	0.4609700
0.5123510	0.2407310
0.5696250	-0.0505759
0.4701110	-0.3362230
0.2343830	-0.5343190
-0.0742331	-0.5828160
-0.3656910	-0.4624020
-0.5517430	-0.2065340
-0.5762840	0.1077710
-0.4346070	0.3859020
-0.1733420	0.5476830
0.1279120	0.5521590
0.3840750	0.4062580
0.5294900	0.1569220
0.5322990	-0.1266810
0.3971510	-0.3723600
0.1600520	-0.5201840
-0.1203640	-0.5331580
-0.3737300	-0.4047540
-0.5320340	-0.1631930
-0.5470580	0.1306770
-0.4073170	0.3956480
-0.1470130	0.5526500
0.1599180	0.5511890
0.4216900	0.3888900
0.5593650	0.1144660
0.5337990	-0.1885180
0.3574910	-0.4305220
0.0872193	-0.5452110
-0.1975830	-0.5075120
-0.4202940	-0.3357330
-0.5267300	-0.0807500
-0.4946990	0.1904500
-0.3348840	0.4105720
-0.0867428	0.5248730
0.1886620	0.5018480
0.4197970	0.3421150
0.5410410	0.0828151
0.5123200	-0.2072010
0.3353850	-0.4442420
0.0582107	-0.5556760
-0.2374350	-0.5055650
-0.4624720	-0.3086980
-0.5507870	-0.0259788
-0.4806290	0.2571920
-0.2788060	0.4599830
-0.0078615	0.5304810
0.2561940	0.4570670
0.4456950	0.2658850
0.5160710	0.0093987
0.4524340	-0.2476750
0.2704710	-0.4415470
0.0137630	-0.5215860
-0.2530450	-0.4622690
-0.4573300	-0.2730480
-0.5378300	-0.0011889
-0.4654040	0.2773700
-0.2565210	0.4796220
0.0284268	0.5431010
0.3037340	0.4482920
0.4873310	0.2257220
0.5280910	-0.0555842
0.4204160	-0.3127550
0.2016950	-0.4758460
-0.0636185	-0.5064020
-0.3047330	-0.4032470
-0.4621490	-0.1975290
-0.4988050	0.0576921
-0.4056340	0.2991160
-0.2034980	0.4652240
0.0586885	0.5094680
0.3121180	0.4138250
0.4843690	0.1983880
0.5213570	-0.0792167
0.4073870	-0.3382340
0.1738320	-0.5001810
-0.1092870	-0.5158890
-0.3567240	-0.3826070
-0.4968880	-0.1437510
-0.4941670	0.1279210
-0.3565800	0.3554340
-0.1282600	0.4803180
0.1271980	0.4755420
0.3445870	0.3475080
0.4710520	0.1306540
0.4753570	-0.1211690
0.3539140	-0.3449000
0.1338140	-0.4807840
-0.1296050	-0.4874730
-0.3638320	-0.3565280
-0.4990640	-0.1199480
-0.4914870	0.1553630
-0.3404530	0.3871910
-0.0909196	0.5054320
0.1812790	0.4761650
0.3955390	0.3121490
0.4928780	0.0659446
0.4521860	-0.1899460
0.2918580	-0.3864280
0.0594966	-0.4757200
-0.1835830	-0.4397550
-0.3770390	-0.2903790
-0.4730590	-0.0648371
-0.4454510	0.1813120
-0.2968350	0.3843780
-0.0619147	0.4869360
0.1971650	0.4548510
0.4058650	0.2913020
0.5001610	0.0403895
0.4492010	-0.2241060
0.2676480	-0.4224600
0.0113538	-0.4961230
-0.2422590	-0.4268740
-0.4205570	-0.2404150
-0.4777550	0.0055249
-0.4050730	0.2417130
-0.2280290	0.4074640
0.0045306	0.4640040
0.2337410	0.4000230
0.4028640	0.2317370
0.4680550	-0.0002865
0.4084630	-0.2377270
0.2343520	-0.4162290
-0.0108628	-0.4823360
-0.2589560	-0.4115610
-0.4361020	-0.2200580
-0.4873630	0.0371073
-0.3965630	0.2827100
-0.1924570	0.4433740
0.0618328	0.4741010
0.2912540	0.3713100
0.4331730	0.1702890
0.4541830	-0.0696012
0.3550950	-0.2841090
0.1658970	-0.4202920
-0.0643259	-0.4464420
-0.2784340	-0.3565400
-0.4221200	-0.1712090
-0.4553500	0.0646161
-0.3638610	0.2892690
-0.1671500	0.4387640
0.0823879	0.4660470
0.3123790	0.3585180
0.4530930	0.1455290
0.4614980	-0.1093170
0.3364540	-0.3292710
0.1183000	-0.4504580
-0.1265260	-0.4419650
-0.3284360	-0.3125970
-0.4353940	-0.1037300
-0.4245500	0.1262290
-0.3036500	0.3184210
-0.1054930	0.4262670
0.1205130	0.4235190
0.3178810	0.3090080
0.4341770	0.1086220
0.4340500	-0.1273430
0.3116230	-0.3341870
0.0967758	-0.4503580
-0.1499970	-0.4379190
-0.3551130	-0.2976280
-0.4563720	-0.0709176
-0.4244400	0.1734520
-0.2721440	0.3629780
-0.0480580	0.4452560
0.1817050	0.4025980
0.3548800	0.2532650
0.4293640	0.0416929
0.3906170	-0.1760460
0.2512870	-0.3458730
0.0464355	-0.4260860
-0.1734180	-0.3950670
-0.3516070	-0.2570340
-0.4379510	-0.0443499
-0.4034870	0.1869260
-0.2525220	0.3704590
-0.0255525	0.4498810
0.2109020	0.3987900
0.3855440	0.2315850
0.4465760	-0.0005736
0.3788230	-0.2275550
0.2068070	-0.3841400
-0.0162648	-0.4299860
-0.2273870	-0.3586910
-0.3721660	-0.1949890
-0.4169250	0.0157292
-0.3533580	0.2199560
-0.1979360	0.3672580
0.0116402	0.4197440
0.2227850	0.3605680
0.3785180	0.2005440
0.4322720	-0.0204887
0.3635930	-0.2412740
0.1882090	-0.3962090
-0.0437142	-0.4370420
-0.2626500	-0.3504700
-0.4030460	-0.1635040
-0.4253430	0.0661969
-0.3276230	0.2707150
-0.1430860	0.3940010
0.0736687	0.4070830
0.2643680	0.3123600
0.3819310	0.1385550
0.3993140	-0.0689887
0.3130220	-0.2587180
0.1432660	-0.3827330
-0.0687133	-0.4066970
-0.2676810	-0.3195490
-0.3971660	-0.1400930
-0.4163040	0.0840604
-0.3151440	0.2881020
-0.1210860	0.4101310
0.1081470	0.4125480
0.3035120	0.2955220
0.4080580	0.0964688
0.3950060	-0.1240140
0.2736890	-0.3030590
0.0828024	-0.3943860
-0.1240730	-0.3787660
-0.2938360	-0.2649400
-0.3854780	-0.0840264
-0.3770620	0.1186820
-0.2693820	0.2926190
-0.0870857	0.3918260
0.1241440	0.3861860
0.3066190	0.2719610
0.4061230	0.0770009
0.3898880	-0.1440350
0.2598000	-0.3253410
0.0539947	-0.4117810
-0.1652370	-0.3780490
-0.3327280	-0.2368820
-0.4019550	-0.0331007
-0.3581830	0.1730660
-0.2193560	0.3255460
-0.0268683	0.3872710
0.1680490	0.3466990
0.3169550	0.2169910
0.3835310	0.0310647
0.3500870	-0.1651710
0.2220900	-0.3213300
0.0296711	-0.3936310
-0.1766330	-0.3576120
-0.3378370	-0.2184490
-0.4043770	-0.0132870
-0.3537340	0.1979430
-0.1999410	0.3515320
0.0101938	0.4017010
0.2131980	0.3359010
0.3505490	0.1774260
0.3867370	-0.0247517
0.3173460	-0.2133420
0.1661960	-0.3396210
-0.0246005	-0.3743840
-0.2064410	-0.3118390
-0.3345230	-0.1684870
-0.3761730	0.0206920
-0.3179670	0.2083080
-0.1710510	0.3439550
0.0280500	0.3871380
0.2243750	0.3208930
0.3596800	0.1604350
0.3916440	-0.0485752
0.3094310	-0.2435880
0.1383470	-0.3660870
-0.0689930	-0.3813390
-0.2511780	-0.2887860
-0.3580830	-0.1195720
-0.3646300	0.0761458
-0.2744630	0.2455530
-0.1149730	0.3468100
0.0720083	0.3569250
0.2399940	0.2744790
0.3467740	0.1191370
0.3629880	-0.0712865
0.2802820	-0.2473470
0.1167090	-0.3592550
-0.0845042	-0.3716000
-0.2653620	-0.2766810
-0.3709690	-0.1000260
-0.3685240	0.1060230
-0.2592530	0.2794010
-0.0777959	0.3693760
0.1206280	0.3527900
0.2792650	0.2393010
0.3569860	0.0650109
0.3376850	-0.1209810
0.2308070	-0.2707940
0.0657779	-0.3483590
-0.1159220	-0.3354520
-0.2690480	-0.2344510
-0.3533700	-0.0687379
-0.3433300	0.1202210
-0.2369650	0.2810270
-0.0601850	0.3659810
0.1376560	0.3468510
0.2977550	0.2264200
0.3712860	0.0397417
0.3364710	-0.1567990
0.2058340	-0.3046730
0.0206705	-0.3626150
-0.1642020	-0.3184270
-0.2983180	-0.1895970
-0.3490750	-0.0146102
-0.3074730	0.1597660
-0.1869400	0.2901660
-0.0183095	0.3450050
0.1567250	0.3099590
0.2933940	0.1914500
0.3535620	0.0174837
0.3166710	-0.1664080
0.1885470	-0.3078200
0.0032318	-0.3632260
-0.1853230	-0.3134940
-0.3202350	-0.1722100
-0.3610880	0.0178471
-0.2975860	0.1992770
-0.1517770	0.3196050
0.0313277	0.3476090
0.1996780	0.2805150
0.3096520	0.1411460
0.3359700	-0.0314959
0.2749280	-0.1932900
0.1428740	-0.3044610
-0.0277854	-0.3369050
-0.1943630	-0.2801050
-0.3123080	-0.1453650
-0.3464780	0.0338610
-0.2829120	0.2082920
-0.1362530	0.3262650
0.0519738	0.3507150
0.2255400	0.2729190
0.3322530	0.1165290
0.3416550	-0.0704935
0.2542870	-0.2326620
0.0992915	-0.3251830
-0.0773121	-0.3263880
-0.2276910	-0.2408850
-0.3146850	-0.0946847
-0.3188220	0.0736673
-0.2403720	0.2222740
-0.0983508	0.3139750
0.0725997	0.3237460
0.2282450	0.2455190
0.3247340	0.0965465
0.3314520	-0.0839505
0.2426030	-0.2441120
0.0819268	-0.3353030
-0.1031520	-0.3289570
-0.2568850	-0.2271430
-0.3341150	-0.0618760
-0.3148640	0.1165740
-0.2089360	0.2570110
-0.0499445	0.3229050
0.1171660	0.3008470
0.2492480	0.2007410
0.3146060	0.0503266
0.2982100	-0.1124400
0.2036920	-0.2470980
0.0531653	-0.3184790
-0.1157560	-0.3049870
-0.2573090	-0.2061190
-0.3295810	-0.0459422
-0.3083160	0.1310110
-0.1969950	0.2722350
-0.0277996	0.3345380
0.1482730	0.2992310
0.2786980	0.1785260
0.3269010	0.0104152
0.2828650	-0.1552510
0.1635120	-0.2730860
0.0045577	-0.3144420
-0.1513430	-0.2724620
-0.2653860	-0.1606430
-0.3101510	-0.0078060
-0.2741870	0.1482100
-0.1646200	0.2676540
-0.0074419	0.3173620
0.1563500	0.2801590
0.2802330	0.1623410
0.3260370	-0.0049290
0.2775820	-0.1731150
0.1479400	-0.2914710
-0.0238296	-0.3243570
-0.1858600	-0.2634090
-0.2911370	-0.1294190
-0.3122340	0.0362899
-0.2477300	0.1864690
-0.1193890	0.2820870
0.0367203	0.3013040
0.1805740	0.2421380
0.2768840	0.1206350
0.3015360	-0.0332190
0.2464820	-0.1809980
0.1230330	-0.2833620
-0.0381945	-0.3098720
-0.1930430	-0.2491560
-0.2957290	-0.1152360
-0.3138410	0.0541545
-0.2404610	0.2085070
-0.0976437	0.3013090
0.0709321	0.3058890
0.2151730	0.2236660
0.2950780	0.0818420
0.2919630	-0.0774077
0.2111570	-0.2107920
0.0772758	-0.2853290
-0.0742089	-0.2845940
-0.2055560	-0.2102190
-0.2840820	-0.0804912
-0.2885390	0.0728800
-0.2147700	0.2103450
-0.0792051	0.2933270
0.0825968	0.2954200
0.2242960	0.2124360
0.3028480	0.0664156
0.2934210	-0.0997091
0.1987410	-0.2359010
0.0483515	-0.3020020
-0.1120260	-0.2808130
-0.2362400	-0.1821500
-0.2918750	-0.0372417
-0.2678350	0.1128090
-0.1742860	0.2291430
-0.0373025	0.2839360
0.1084120	0.2648990
0.2266950	0.1766380
0.2868460	0.0400041
0.2707050	-0.1109010
0.1789600	-0.2353620
0.0339328	-0.2965990
-0.1242230	-0.2738380
-0.2486610	-0.1710840
-0.3012180	-0.0178530
-0.2659000	0.1397710
-0.1545330	0.2546840
-0.0020269	0.2945030
0.1463290	0.2510740
0.2497400	0.1406770
0.2830610	-0.0036047
0.2412340	-0.1428960
0.1376650	-0.2424970
-0.0007643	-0.2786410
-0.1397310	-0.2423210
-0.2439650	-0.1411580
-0.2846790	0.0007571
-0.2476220	0.1465330
-0.1394040	0.2549080
0.0114709	0.2924550
0.1613720	0.2455550
0.2650680	0.1267290
0.2911630	-0.0283985
0.2329440	-0.1729980
0.1099620	-0.2649770
-0.0398957	-0.2802730
-0.1737710	-0.2185680
-0.2567640	-0.1005290
-0.2700410	0.0405384
-0.2130320	0.1683470
-0.1013660	0.2516120
0.0372522	0.2697020
0.1682460	0.2166490
0.2569090	0.1036540
0.2769400	-0.0412869
0.2191790	-0.1786330
0.0970037	-0.2678510
-0.0553283	-0.2806440
-0.1924810	-0.2116290
-0.2730380	-0.0813316
-0.2736770	0.0705094
-0.1965090	0.1987040
-0.0668675	0.2675570
0.0766379	0.2609920
0.1948530	0.1848630
0.2585260	0.0623814
0.2538670	-0.0738415
0.1835870	-0.1898280
0.0651899	-0.2568610
-0.0723222	-0.2569720
-0.1936100	-0.1876000
-0.2647760	-0.0643316
-0.2631040	0.0806114
-0.1857580	0.2058550
-0.0531632	0.2733400
0.0958426	0.2615270
0.2163850	0.1736420
0.2727800	0.0369079
0.2502620	-0.1071280
0.1585430	-0.2168950
0.0265851	-0.2636460
-0.1080610	-0.2382710
-0.2104200	-0.1510330
-0.2560900	-0.0263802
-0.2351240	0.1039860
-0.1528690	0.2077620
-0.0289344	0.2581870
0.1057820	0.2400750
0.2150830	0.1550750
0.2667370	0.0238583
0.2430100	-0.1173920
0.1482940	-0.2269180
0.0096258	-0.2710280
-0.1313800	-0.2360880
-0.2325160	-0.1334800
-0.2651360	0.0047633
-0.2226760	0.1375280
-0.1207140	0.2281720
0.0101524	0.2546460
0.1345230	0.2134000
0.2213830	0.1176160
0.2501730	-0.0076796
0.2139550	-0.1313720
0.1206740	-0.2221890
-0.0073779	-0.2551930
-0.1370190	-0.2186490
-0.2316860	-0.1193580
-0.2621500	0.0166340
-0.2170150	0.1501340
-0.1082190	0.2408580
0.0317766	0.2611850
0.1607250	0.2058080
0.2409670	0.0930582
0.2514160	-0.0423676
0.1926470	-0.1616250
0.0842105	-0.2335250
-0.0431793	-0.2418650
-0.1566470	-0.1872170
-0.2284750	-0.0847024
-0.2410670	0.0401099
-0.1902010	0.1561260
-0.0868715	0.2327590
0.0433426	0.2473320
0.1650570	0.1925820
0.2424220	0.0812189
0.2507770	-0.0556763
0.1860400	-0.1774420
0.0672745	-0.2472330
-0.0693965	-0.2446850
-0.1832390	-0.1724430
-0.2424210	-0.0540536
-0.2331490	0.0751781
-0.1616250	0.1798640
-0.0496793	0.2340760
0.0727438	0.2263000
0.1750690	0.1600880
0.2320930	0.0521215
0.2286880	-0.0710927
0.1636140	-0.1779960
0.0516136	-0.2388410
-0.0781371	-0.2341430
-0.1887250	-0.1621870
-0.2465330	-0.0418791
-0.2329220	0.0916764
-0.1514830	0.1982660
-0.0272684	0.2462100
0.1020020	0.2228690
0.1989100	0.1377610
0.2379840	0.0176963
0.2118110	-0.1030500
0.1306190	-0.1930160
0.0172742	-0.2308250
-0.0992854	-0.2085290
-0.1902210	-0.1320120
-0.2322400	-0.0196747
-0.2127280	0.1005060
-0.1340940	0.1963730
-0.0154566	0.2397190
0.1106030	0.2154660
0.2068880	0.1282720
0.2436950	0.0028764
0.2094420	-0.1231720
0.1150270	-0.2120810
-0.0101899	-0.2385350
-0.1289200	-0.1973240
-0.2082720	-0.1032850
-0.2289360	0.0153253
-0.1886100	0.1262990
-0.1001500	0.2019300
0.0131827	0.2244700
0.1232000	0.1887250
0.2021940	0.1028160
0.2286080	-0.0126513
0.1928710	-0.1278520
0.1018660	-0.2104140
-0.0206273	-0.2348220
-0.1394250	-0.1916010
-0.2186830	-0.0920909
-0.2341310	0.0341570
-0.1816550	0.1490600
-0.0783993	0.2189520
0.0438976	0.2253800
0.1500560	0.1696240
0.2122220	0.0701228
0.2164880	-0.0448407
0.1643410	-0.1454990
0.0703256	-0.2073140
-0.0419864	-0.2153260
-0.1446480	-0.1667740
-0.2107300	-0.0723683
-0.2207320	0.0445383
-0.1690040	0.1523020
-0.0675829	0.2192490
0.0553537	0.2239260
0.1633640	0.1633480
0.2237000	0.0551912
0.2186090	-0.0677388
0.1511360	-0.1687520
0.0431232	-0.2194850
-0.0731772	-0.2081320
-0.1658030	-0.1411080
-0.2117910	-0.0388853
-0.2015830	0.0710677
-0.1393730	0.1612540
-0.0409988	0.2095740
0.0693334	0.2033630
0.1634590	0.1424620
0.2153020	0.0407753
0.2082050	-0.0752944
0.1413820	-0.1728390
0.0323075	-0.2222010
-0.0873140	-0.2072830
-0.1814730	-0.1319390
-0.2220730	-0.0191902
-0.1983250	0.0967488
-0.1194840	0.1822210
-0.0103309	0.2146740
0.0978805	0.1881460
0.1768650	0.1127180
0.2079180	0.0097339
0.1847890	-0.0944143
0.1137340	-0.1739940
0.0119781	-0.2087670
-0.0951588	-0.1883310
-0.1791310	-0.1156870
-0.2152930	-0.0084975
-0.1908750	0.1039200
-0.1107030	0.1884610
0.0026063	0.2189670
0.1152000	0.1856430
0.1932680	0.0988758
0.2144570	-0.0144568
0.1747080	-0.1205620
0.0880935	-0.1899370
-0.0193319	-0.2056880
-0.1182850	-0.1665450
-0.1840310	-0.0849602
-0.2012780	0.0174852
-0.1663010	0.1152670
-0.0872739	0.1838550
0.0167785	0.2046560
0.1190640	0.1699530
0.1909490	0.0866259
0.2101960	-0.0236322
0.1689900	-0.1292610
0.0780627	-0.1983930
-0.0357061	-0.2097330
-0.1380150	-0.1601740
-0.1987900	-0.0657121
-0.2019040	0.0446508
-0.1491930	0.1390790
-0.0579889	0.1927130
0.0456931	0.1936470
0.1349180	0.1440840
0.1879770	0.0579517
0.1922030	-0.0430496
0.1460420	-0.1338130
0.0598644	-0.1906530
-0.0450257	-0.1968500
-0.1403490	-0.1481200
-0.1981500	-0.0558307
-0.1998020	0.0544932
-0.1432430	0.1502170
-0.0448329	0.2022590
0.0656599	0.1951710
0.1552140	0.1322870
0.1985750	0.0338320
0.1856690	-0.0707617
0.1230100	-0.1526460
0.0297495	-0.1914960
-0.0689424	-0.1794380
-0.1483480	-0.1211320
-0.1891160	-0.0315688
-0.1807030	0.0671645
-0.1238290	0.1499470
-0.0315736	0.1939540
0.0721849	0.1849910
0.1581310	0.1230390
0.2001310	0.0242230
0.1843190	-0.0828408
0.1147190	-0.1659350
0.0124602	-0.2001620
-0.0914497	-0.1763470
-0.1667590	-0.1034280
-0.1935170	-0.0042755
-0.1669950	0.0926393
-0.0970422	0.1619020
-0.0035402	0.1871650
0.0894576	0.1636140
0.1590040	0.0977370
0.1875450	0.0056281
0.1665800	-0.0898121
0.0995601	-0.1632640
0.0027797	-0.1932260
-0.0973953	-0.1689360
-0.1715280	-0.0953063
-0.1966130	0.0070067
-0.1644020	0.1075070
-0.0847580	0.1759690
0.0177415	0.1926790
0.1124980	0.1545460
0.1730640	0.0748720
0.1846810	-0.0223536
0.1469210	-0.1105280
0.0717728	-0.1675800
-0.0207710	-0.1803670
-0.1076120	-0.1463870
-0.1670520	-0.0737718
-0.1830890	0.0199346
-0.1495950	0.1106780
-0.0733714	0.1731540
0.0258059	0.1880210
0.1196480	0.1488870
0.1798470	0.0658825
0.1877460	-0.0365676
0.1410840	-0.1275900
0.0547546	-0.1803430
-0.0447691	-0.1807510
-0.1286990	-0.1310750
-0.1748640	-0.0475643
-0.1731000	0.0458829
-0.1261640	0.1249090
-0.0473299	0.1703230
0.0434437	0.1714440
0.1236140	0.1277120
0.1723710	0.0491116
0.1754220	-0.0449354
0.1296400	-0.1291730
0.0457282	-0.1789550
-0.0532075	-0.1781440
-0.1379640	-0.1254450
-0.1827400	-0.0359800
-0.1741190	0.0632638
-0.1156280	0.1425890
-0.0259651	0.1795290
0.0680377	0.1655130
0.1403600	0.1070620
0.1730280	0.0220518
0.1596080	-0.0664773
0.1050880	-0.1363180
0.0236087	-0.1705440
-0.0646879	-0.1604410
-0.1374100	-0.1074330
-0.1746060	-0.0237941
-0.1642300	0.0688933
-0.1068830	0.1445350
-0.0174276	0.1801290
0.0783272	0.1637670
0.1515790	0.0995643
0.1802870	0.0068916
0.1566800	-0.0861719
0.0893412	-0.1524560
-0.0006567	-0.1743290
-0.0873974	-0.1481020
-0.1480600	-0.0833320
-0.1683750	0.0014987
-0.1447390	0.0844851
-0.0837565	0.1451750
-0.0004352	0.1683720
0.0845232	0.1472040
0.1486780	0.0854500
0.1733030	-0.0018730
0.1493780	-0.0910699
0.0818323	-0.1559880
-0.0104853	-0.1764180
-0.1001230	-0.1454580
-0.1600810	-0.0724357
-0.1729940	0.0201977
-0.1365860	0.1047580
-0.0633850	0.1575560
0.0245472	0.1657120
0.1030620	0.1294800
0.1524770	0.0603459
0.1615240	-0.0231996
0.1287160	-0.1002650
0.0620641	-0.1516710
-0.0222716	-0.1636850
-0.1027070	-0.1315260
-0.1569030	-0.0618650
-0.1680650	0.0272844
-0.1310300	0.1105830
-0.0553273	0.1629110
0.0368646	0.1679440
0.1177810	0.1241320
0.1634820	0.0453127
0.1617030	-0.0443738
0.1150220	-0.1189150
0.0386328	-0.1585500
-0.0455356	-0.1546300
-0.1154710	-0.1103250
-0.1542200	-0.0382386
-0.1528200	0.0432929
-0.1115210	0.1140390
-0.0398904	0.1557360
0.0443789	0.1562110
0.1187460	0.1133030
0.1615070	0.0370681
0.1587130	-0.0515925
0.1097040	-0.1265660
0.0284391	-0.1649870
-0.0606382	-0.1552220
-0.1308400	-0.1009190
-0.1621940	-0.0193333
-0.1474380	0.0650947
-0.0930238	0.1289120
-0.0155988	0.1562360
0.0637642	0.1418640
0.1251250	0.0909910
0.1536960	0.0169225
0.1423370	-0.0619891
0.0930221	-0.1257960
0.0172483	-0.1570850
-0.0654902	-0.1456770
-0.1319850	-0.0926688
-0.1620140	-0.0117472
-0.1453840	0.0738301
-0.0862410	0.1383340
-0.0023212	0.1622730
0.0809692	0.1390930
0.1392450	0.0769962
0.1569380	-0.0046287
0.1312380	-0.0822120
0.0713582	-0.1352730
-0.0055503	-0.1513750
-0.0795535	-0.1279260
-0.1324340	-0.0715564
-0.1510610	0.0037664
-0.1299560	0.0793380
-0.0731226	0.1352860
0.0056146	0.1553290
0.0849739	0.1319550
0.1417400	0.0700575
0.1581870	-0.0131817
0.1285750	-0.0930689
0.0616971	-0.1455070
-0.0219587	-0.1552150
-0.0973658	-0.1205980
-0.1433170	-0.0534231
-0.1485930	0.0260486
-0.1139930	0.0959116
-0.0504648	0.1386260
0.0249094	0.1445560
0.0932462	0.1130490
0.1376050	0.0519332
0.1462360	-0.0239210
0.1155010	-0.0951573
0.0518958	-0.1420740
-0.0281853	-0.1501200
-0.1020610	-0.1151800
-0.1474610	-0.0461993
-0.1501240	0.0367028
-0.1090910	0.1085750
-0.0371970	0.1480850
0.0435686	0.1445620
0.1097190	0.1008100
0.1436530	0.0310038
0.1380370	-0.0447583
0.0963386	-0.1065950
0.0304820	-0.1395430
-0.0427030	-0.1361220
-0.1050710	-0.0972340
-0.1406120	-0.0320067
-0.1389970	0.0434515
-0.0988746	0.1090380
-0.0296674	0.1456600
0.0497292	0.1412910
0.1159850	0.0957968
0.1488520	0.0220394
0.1382710	-0.0578562
0.0879431	-0.1199260
0.0137707	-0.1464300
-0.0620071	-0.1312400
-0.1182650	-0.0806792
-0.1409800	-0.0102209
-0.1259960	0.0608802
-0.0786203	0.1147290
-0.0113379	0.1384240
0.0591397	0.1261700
0.1150540	0.0803714
0.1412290	0.0117705
0.1291070	-0.0620336
0.0801787	-0.1204150
0.0070293	-0.1456220
-0.0693955	-0.1289550
-0.1261310	-0.0745421
-0.1459590	0.0013936
-0.1233780	0.0758841
-0.0661920	0.1270600
0.0077825	0.1411870
0.0771285	0.1161950
0.1234780	0.0609165
0.1360040	-0.0087605
0.1129620	-0.0747081
0.0609269	-0.1207090
-0.0071212	-0.1354430
-0.0742924	-0.1146150
-0.1230030	-0.0623691
-0.1391250	0.0085793
-0.1164480	0.0791292
-0.0597833	0.1286920
0.0152171	0.1417420
0.0863586	0.1135400
0.1321520	0.0523541
0.1391680	-0.0231394
0.1063770	-0.0903340
0.0448006	-0.1302600
-0.0269749	-0.1331560
-0.0890944	-0.1002500
-0.1259360	-0.0419391
-0.1292850	0.0260199
-0.0991693	0.0865675
-0.0431860	0.1247540
0.0249969	0.1305570
0.0880297	0.1013030
0.1285550	0.0432769
0.1339940	-0.0286097
0.1011240	-0.0940692
0.0383231	-0.1333770
-0.0361725	-0.1340970
-0.0999576	-0.0957576
-0.1340380	-0.0302402
-0.1291480	0.0424414
-0.0882398	0.1010980
-0.0245093	0.1300610
0.0436424	0.1231390
0.0982696	0.0839996
0.1261770	0.0238878
0.1211610	-0.0417647
0.0846394	-0.0966902
0.0252894	-0.1268740
-0.0422342	-0.1235850
-0.1000140	-0.0861445
-0.1312780	-0.0233646
-0.1256830	0.0476854
-0.0835209	0.1061770
-0.0166309	0.1342010
0.0549784	0.1230770
0.1098050	0.0765087
0.1321060	0.0091316
0.1167340	-0.0588366
0.0698363	-0.1083800
0.0057695	-0.1271290
-0.0578894	-0.1118150
-0.1050890	-0.0677778
-0.1245900	-0.0067040
-0.1117450	0.0561992
-0.0692800	0.1051320
-0.0072151	0.1268900
0.0585712	0.1143210
0.1097630	0.0692168
0.1307980	0.0031401
0.1142820	-0.0650598
0.0642821	-0.1149020
-0.0043775	-0.1311940
-0.0709496	-0.1093450
-0.1158360	-0.0567491
-0.1269330	0.0102416
-0.1027870	0.0721829
-0.0518251	0.1126110
0.0112564	0.1221160
0.0699847	0.0996525
0.1099320	0.0516812
0.1213610	-0.0097554
0.1009790	-0.0694140
0.0530042	-0.1117490
-0.0108840	-0.1245260
-0.0735511	-0.1026550
-0.1167550	-0.0508329
-0.1269170	0.0166966
-0.1001610	0.0799990
-0.0442395	0.1199280
0.0238391	0.1246940
0.0836704	0.0937365
0.1182980	0.0373532
0.1192430	-0.0274269
0.0880649	-0.0826202
0.0346006	-0.1143210
-0.0266342	-0.1155510
-0.0802360	-0.0868849
-0.1130240	-0.0356516
-0.1164780	0.0255974
-0.0887346	0.0813202
-0.0358426	0.1162410
0.0286443	0.1195130
0.0865932	0.0886708
0.1205510	0.0315436
0.1196930	-0.0353506
0.0839472	-0.0919090
0.0242947	-0.1212350
